Time	T∞ Optical Density:600	A1	A2	A3	A4	A5	A6	A7	A8	A9	A10	A11	A12	B1	B2	B3	B4	B5	B6	B7	B8	B9	B10	B11	B12	C1	C2	C3	C4	C5	C6	C7	C8	C9	C10	C11	C12	D1	D2	D3	D4	D5	D6	D7	D8	D9	D10	D11	D12	E1	E2	E3	E4	E5	E6	E7	E8	E9	E10	E11	E12	F1	F2	F3	F4	F5	F6	F7	F8	F9	F10	F11	F12	G1	G2	G3	G4	G5	G6	G7	G8	G9	G10	G11	G12	H1	H2	H3	H4	H5	H6	H7	H8	H9	H10	H11	H12
0:08:04	36,2	0,094	0,094	0,094	0,094	0,092	0,089	0,093	0,094	0,093	0,094	0,093	0,096	0,095	0,096	0,093	0,099	0,096	0,091	0,096	0,099	0,093	0,100	0,099	0,097	0,096	0,098	0,096	0,097	0,096	0,095	0,096	0,095	0,099	0,097	0,098	0,095	0,096	0,094	0,096	0,107	0,107	0,097	0,098	0,109	0,090	0,101	0,094	0,098	0,098	0,095	0,097	0,096	0,101	0,111	0,099	0,100	0,101	0,093	0,097	0,102	0,094	0,093	0,097	0,094	0,096	0,091	0,094	0,096	0,102	0,096	0,100	0,098	0,094	0,092	0,093	0,092	0,094	0,098	0,093	0,092	0,096	0,093	0,099	0,096	0,094	0,093	0,093	0,092	0,095	0,092	0,095	0,097	0,096	0,093	0,093	0,096
0:18:04	37,0	0,094	0,094	0,094	0,094	0,093	0,089	0,093	0,094	0,092	0,094	0,093	0,096	0,095	0,096	0,093	0,099	0,095	0,091	0,096	0,099	0,093	0,101	0,099	0,097	0,096	0,098	0,096	0,097	0,096	0,095	0,096	0,095	0,098	0,095	0,097	0,094	0,096	0,094	0,096	0,107	0,107	0,097	0,099	0,108	0,089	0,101	0,093	0,097	0,098	0,095	0,098	0,096	0,101	0,112	0,098	0,098	0,100	0,093	0,097	0,102	0,094	0,093	0,097	0,093	0,096	0,092	0,093	0,095	0,101	0,096	0,099	0,098	0,093	0,091	0,092	0,091	0,093	0,097	0,093	0,092	0,095	0,093	0,099	0,096	0,093	0,092	0,093	0,092	0,094	0,091	0,095	0,096	0,095	0,092	0,093	0,097
0:28:04	37,0	0,094	0,094	0,094	0,094	0,093	0,090	0,093	0,094	0,093	0,095	0,093	0,096	0,095	0,096	0,093	0,099	0,096	0,091	0,097	0,099	0,093	0,101	0,100	0,097	0,096	0,098	0,096	0,098	0,096	0,095	0,096	0,095	0,098	0,097	0,098	0,095	0,096	0,094	0,096	0,107	0,107	0,097	0,099	0,108	0,089	0,101	0,094	0,097	0,098	0,095	0,098	0,096	0,102	0,112	0,099	0,099	0,101	0,094	0,097	0,102	0,094	0,094	0,097	0,093	0,096	0,092	0,094	0,095	0,101	0,096	0,099	0,098	0,094	0,092	0,092	0,092	0,093	0,098	0,093	0,092	0,095	0,093	0,099	0,096	0,093	0,093	0,093	0,092	0,094	0,091	0,095	0,096	0,096	0,093	0,094	0,098
0:38:04	37,0	0,094	0,094	0,094	0,094	0,093	0,090	0,093	0,094	0,093	0,096	0,093	0,096	0,095	0,096	0,092	0,099	0,096	0,091	0,097	0,099	0,093	0,101	0,100	0,097	0,096	0,098	0,096	0,098	0,096	0,095	0,096	0,095	0,098	0,097	0,098	0,095	0,096	0,094	0,096	0,107	0,107	0,097	0,099	0,108	0,089	0,101	0,094	0,097	0,098	0,096	0,098	0,096	0,104	0,112	0,099	0,098	0,103	0,094	0,097	0,102	0,094	0,093	0,097	0,093	0,096	0,092	0,094	0,095	0,101	0,096	0,099	0,098	0,093	0,092	0,093	0,092	0,093	0,098	0,093	0,092	0,095	0,093	0,098	0,096	0,094	0,093	0,093	0,092	0,094	0,092	0,095	0,096	0,096	0,093	0,094	0,098
0:48:04	37,0	0,094	0,095	0,095	0,095	0,092	0,091	0,093	0,094	0,093	0,099	0,093	0,096	0,095	0,097	0,093	0,099	0,096	0,091	0,097	0,099	0,093	0,101	0,101	0,097	0,097	0,098	0,096	0,099	0,096	0,095	0,096	0,095	0,099	0,096	0,097	0,095	0,096	0,094	0,096	0,107	0,108	0,097	0,099	0,108	0,090	0,101	0,094	0,097	0,098	0,095	0,098	0,096	0,106	0,112	0,098	0,099	0,105	0,094	0,096	0,102	0,094	0,094	0,098	0,093	0,096	0,092	0,093	0,095	0,101	0,096	0,099	0,098	0,094	0,092	0,092	0,092	0,093	0,097	0,094	0,092	0,095	0,093	0,098	0,096	0,094	0,093	0,093	0,093	0,094	0,092	0,095	0,096	0,096	0,093	0,094	0,098
0:58:04	37,0	0,094	0,095	0,095	0,095	0,092	0,091	0,093	0,094	0,092	0,102	0,093	0,096	0,095	0,097	0,093	0,099	0,098	0,091	0,098	0,099	0,093	0,101	0,103	0,097	0,096	0,098	0,095	0,101	0,096	0,095	0,096	0,095	0,098	0,096	0,097	0,096	0,097	0,094	0,096	0,107	0,108	0,097	0,099	0,108	0,089	0,101	0,094	0,097	0,098	0,095	0,098	0,096	0,108	0,112	0,098	0,098	0,107	0,094	0,096	0,102	0,094	0,093	0,097	0,093	0,096	0,092	0,093	0,095	0,100	0,096	0,099	0,098	0,093	0,092	0,092	0,092	0,093	0,097	0,094	0,092	0,095	0,093	0,097	0,096	0,094	0,093	0,092	0,093	0,094	0,092	0,095	0,096	0,096	0,093	0,094	0,098
1:08:04	37,0	0,094	0,095	0,096	0,096	0,093	0,092	0,093	0,095	0,092	0,106	0,094	0,096	0,096	0,097	0,093	0,099	0,099	0,092	0,099	0,100	0,094	0,101	0,105	0,098	0,096	0,099	0,096	0,103	0,096	0,096	0,096	0,095	0,099	0,099	0,098	0,096	0,097	0,094	0,096	0,107	0,108	0,097	0,099	0,108	0,090	0,101	0,094	0,097	0,098	0,095	0,098	0,096	0,112	0,112	0,098	0,098	0,111	0,094	0,097	0,102	0,094	0,093	0,098	0,093	0,096	0,093	0,094	0,095	0,100	0,096	0,099	0,099	0,094	0,092	0,092	0,093	0,093	0,097	0,094	0,092	0,095	0,093	0,097	0,097	0,094	0,094	0,093	0,093	0,094	0,093	0,095	0,097	0,096	0,094	0,094	0,099
1:18:04	37,0	0,094	0,096	0,097	0,097	0,093	0,094	0,093	0,096	0,093	0,112	0,095	0,097	0,096	0,098	0,094	0,100	0,100	0,092	0,100	0,100	0,095	0,102	0,108	0,098	0,096	0,100	0,096	0,107	0,096	0,096	0,096	0,096	0,099	0,099	0,098	0,097	0,098	0,094	0,097	0,107	0,110	0,097	0,099	0,108	0,091	0,101	0,095	0,098	0,098	0,096	0,098	0,096	0,118	0,112	0,099	0,098	0,116	0,095	0,097	0,102	0,094	0,094	0,098	0,093	0,096	0,093	0,094	0,095	0,100	0,096	0,099	0,099	0,094	0,092	0,092	0,093	0,093	0,097	0,094	0,092	0,095	0,093	0,098	0,097	0,095	0,095	0,093	0,095	0,094	0,093	0,095	0,097	0,096	0,095	0,094	0,101
1:28:04	37,0	0,095	0,097	0,098	0,098	0,093	0,095	0,093	0,096	0,093	0,123	0,095	0,097	0,097	0,099	0,094	0,100	0,102	0,093	0,102	0,101	0,095	0,102	0,113	0,099	0,096	0,102	0,096	0,112	0,096	0,097	0,096	0,096	0,099	0,099	0,097	0,099	0,098	0,094	0,098	0,107	0,111	0,097	0,099	0,108	0,091	0,101	0,095	0,098	0,098	0,095	0,099	0,096	0,125	0,112	0,098	0,098	0,123	0,095	0,097	0,102	0,094	0,094	0,099	0,093	0,096	0,093	0,093	0,095	0,100	0,097	0,099	0,100	0,094	0,092	0,092	0,094	0,093	0,098	0,094	0,092	0,095	0,093	0,098	0,097	0,095	0,095	0,093	0,096	0,094	0,094	0,095	0,098	0,096	0,096	0,094	0,102
1:38:04	37,0	0,095	0,099	0,100	0,100	0,093	0,099	0,093	0,098	0,092	0,137	0,097	0,098	0,097	0,101	0,095	0,100	0,106	0,094	0,104	0,101	0,097	0,103	0,120	0,100	0,097	0,104	0,096	0,120	0,096	0,098	0,096	0,096	0,099	0,102	0,097	0,101	0,099	0,093	0,099	0,107	0,113	0,097	0,099	0,108	0,093	0,101	0,096	0,098	0,098	0,096	0,099	0,096	0,135	0,112	0,099	0,098	0,134	0,096	0,097	0,102	0,094	0,094	0,099	0,093	0,096	0,093	0,093	0,096	0,101	0,097	0,099	0,101	0,095	0,092	0,092	0,095	0,093	0,097	0,094	0,091	0,095	0,093	0,098	0,097	0,096	0,097	0,093	0,098	0,094	0,095	0,096	0,099	0,097	0,098	0,094	0,105
1:48:04	37,0	0,096	0,101	0,102	0,103	0,093	0,103	0,094	0,100	0,093	0,155	0,098	0,098	0,099	0,104	0,096	0,101	0,111	0,095	0,108	0,102	0,099	0,104	0,130	0,102	0,096	0,108	0,096	0,129	0,096	0,099	0,097	0,096	0,099	0,106	0,097	0,106	0,100	0,094	0,101	0,107	0,116	0,097	0,100	0,108	0,095	0,101	0,097	0,099	0,098	0,096	0,099	0,096	0,148	0,112	0,099	0,098	0,147	0,097	0,097	0,102	0,095	0,094	0,100	0,094	0,096	0,093	0,094	0,096	0,101	0,098	0,100	0,103	0,095	0,093	0,092	0,097	0,094	0,097	0,095	0,091	0,095	0,094	0,099	0,097	0,098	0,099	0,093	0,101	0,094	0,096	0,096	0,100	0,097	0,100	0,094	0,108
1:58:04	37,0	0,097	0,104	0,106	0,107	0,094	0,108	0,094	0,103	0,093	0,170	0,101	0,100	0,100	0,109	0,098	0,102	0,118	0,097	0,114	0,104	0,102	0,105	0,143	0,104	0,097	0,113	0,097	0,143	0,096	0,101	0,097	0,097	0,100	0,109	0,098	0,108	0,102	0,094	0,104	0,107	0,119	0,097	0,100	0,108	0,098	0,101	0,098	0,100	0,098	0,096	0,100	0,095	0,165	0,112	0,100	0,098	0,164	0,098	0,097	0,102	0,095	0,095	0,101	0,094	0,096	0,094	0,094	0,097	0,101	0,099	0,100	0,106	0,096	0,094	0,092	0,098	0,094	0,097	0,095	0,091	0,095	0,094	0,100	0,097	0,100	0,102	0,093	0,105	0,094	0,097	0,097	0,102	0,098	0,104	0,095	0,114
2:08:04	37,0	0,098	0,109	0,112	0,113	0,094	0,118	0,095	0,108	0,093	0,189	0,104	0,101	0,103	0,114	0,100	0,103	0,128	0,101	0,122	0,106	0,107	0,108	0,159	0,107	0,098	0,120	0,097	0,160	0,097	0,104	0,098	0,098	0,101	0,114	0,098	0,115	0,106	0,094	0,109	0,107	0,124	0,097	0,101	0,108	0,102	0,100	0,101	0,101	0,098	0,096	0,100	0,095	0,183	0,113	0,100	0,098	0,185	0,100	0,098	0,103	0,094	0,095	0,103	0,095	0,096	0,094	0,094	0,098	0,101	0,101	0,100	0,110	0,097	0,094	0,092	0,102	0,095	0,097	0,096	0,091	0,095	0,094	0,102	0,097	0,102	0,107	0,094	0,111	0,095	0,101	0,098	0,106	0,099	0,109	0,095	0,120
2:18:04	37,0	0,099	0,117	0,120	0,121	0,095	0,129	0,096	0,115	0,093	0,212	0,110	0,104	0,106	0,122	0,104	0,106	0,143	0,105	0,133	0,109	0,114	0,112	0,180	0,112	0,098	0,131	0,098	0,187	0,097	0,110	0,099	0,099	0,103	0,121	0,098	0,129	0,111	0,094	0,115	0,107	0,134	0,097	0,102	0,108	0,110	0,101	0,104	0,104	0,099	0,097	0,101	0,096	0,204	0,112	0,102	0,098	0,210	0,104	0,098	0,103	0,095	0,096	0,105	0,096	0,096	0,095	0,095	0,100	0,102	0,104	0,100	0,115	0,098	0,095	0,092	0,106	0,096	0,097	0,097	0,092	0,096	0,095	0,104	0,098	0,106	0,115	0,094	0,121	0,095	0,106	0,099	0,110	0,100	0,117	0,096	0,135
2:28:04	37,0	0,102	0,127	0,132	0,133	0,097	0,144	0,097	0,124	0,093	0,236	0,118	0,108	0,112	0,135	0,110	0,109	0,163	0,112	0,149	0,113	0,124	0,116	0,204	0,118	0,099	0,145	0,099	0,221	0,098	0,117	0,100	0,101	0,105	0,130	0,098	0,138	0,118	0,094	0,124	0,107	0,147	0,097	0,103	0,108	0,118	0,101	0,109	0,107	0,099	0,098	0,102	0,096	0,230	0,113	0,103	0,098	0,233	0,108	0,099	0,103	0,095	0,098	0,109	0,097	0,096	0,096	0,096	0,102	0,102	0,107	0,101	0,124	0,100	0,097	0,093	0,112	0,097	0,098	0,099	0,092	0,096	0,096	0,107	0,099	0,111	0,126	0,095	0,129	0,096	0,111	0,100	0,117	0,102	0,128	0,096	0,149
2:38:04	37,0	0,105	0,141	0,148	0,151	0,099	0,161	0,099	0,137	0,093	0,263	0,129	0,114	0,119	0,149	0,118	0,114	0,181	0,122	0,166	0,120	0,137	0,124	0,230	0,128	0,101	0,163	0,101	0,269	0,099	0,128	0,103	0,104	0,108	0,148	0,098	0,158	0,128	0,094	0,135	0,107	0,163	0,097	0,105	0,108	0,128	0,101	0,118	0,112	0,099	0,099	0,104	0,096	0,258	0,113	0,105	0,099	0,260	0,114	0,100	0,104	0,096	0,100	0,113	0,099	0,096	0,098	0,097	0,106	0,103	0,113	0,101	0,136	0,103	0,099	0,093	0,121	0,099	0,098	0,100	0,092	0,096	0,098	0,111	0,100	0,118	0,140	0,096	0,153	0,096	0,121	0,102	0,127	0,105	0,143	0,097	0,173
2:48:04	37,0	0,110	0,160	0,166	0,169	0,103	0,185	0,103	0,153	0,094	0,294	0,144	0,121	0,130	0,170	0,129	0,119	0,211	0,135	0,186	0,128	0,157	0,134	0,274	0,141	0,103	0,188	0,103	0,321	0,100	0,143	0,107	0,109	0,113	0,168	0,098	0,182	0,139	0,093	0,141	0,107	0,169	0,097	0,107	0,108	0,151	0,101	0,126	0,119	0,100	0,100	0,106	0,096	0,289	0,113	0,107	0,098	0,289	0,122	0,102	0,105	0,096	0,103	0,119	0,102	0,097	0,101	0,098	0,112	0,104	0,121	0,102	0,154	0,107	0,102	0,093	0,134	0,101	0,098	0,103	0,092	0,097	0,100	0,117	0,101	0,129	0,168	0,097	0,176	0,097	0,131	0,105	0,139	0,110	0,164	0,098	0,193
2:58:04	37,0	0,116	0,178	0,184	0,189	0,107	0,213	0,106	0,174	0,094	0,325	0,164	0,132	0,143	0,194	0,144	0,129	0,238	0,152	0,210	0,141	0,179	0,148	0,305	0,158	0,106	0,213	0,107	0,378	0,102	0,162	0,112	0,115	0,120	0,195	0,098	0,210	0,160	0,094	0,167	0,107	0,199	0,097	0,110	0,108	0,163	0,101	0,142	0,129	0,100	0,102	0,110	0,096	0,330	0,114	0,112	0,099	0,317	0,133	0,103	0,106	0,097	0,108	0,127	0,106	0,097	0,105	0,099	0,119	0,106	0,133	0,103	0,177	0,113	0,106	0,093	0,151	0,105	0,098	0,107	0,093	0,098	0,103	0,125	0,102	0,142	0,183	0,099	0,190	0,098	0,153	0,109	0,159	0,116	0,180	0,099	0,240
3:08:04	37,0	0,126	0,199	0,204	0,217	0,114	0,248	0,113	0,197	0,096	0,349	0,182	0,148	0,162	0,218	0,164	0,141	0,281	0,174	0,236	0,159	0,201	0,166	0,337	0,180	0,111	0,248	0,113	0,435	0,105	0,185	0,119	0,124	0,130	0,243	0,098	0,248	0,166	0,094	0,183	0,107	0,221	0,097	0,115	0,108	0,179	0,101	0,170	0,142	0,101	0,105	0,114	0,096	0,369	0,115	0,117	0,099	0,348	0,147	0,106	0,108	0,098	0,115	0,138	0,112	0,097	0,110	0,102	0,130	0,109	0,147	0,104	0,207	0,119	0,113	0,093	0,174	0,110	0,098	0,112	0,093	0,099	0,108	0,136	0,105	0,158	0,189	0,101	0,219	0,100	0,162	0,116	0,185	0,124	0,220	0,101	0,267
3:18:04	37,0	0,137	0,223	0,231	0,243	0,123	0,289	0,122	0,224	0,097	0,374	0,207	0,167	0,183	0,248	0,184	0,156	0,311	0,198	0,264	0,179	0,231	0,188	0,386	0,204	0,118	0,290	0,121	0,479	0,110	0,207	0,130	0,137	0,142	0,298	0,098	0,287	0,192	0,094	0,208	0,107	0,248	0,097	0,122	0,108	0,200	0,101	0,191	0,167	0,102	0,109	0,120	0,097	0,411	0,116	0,124	0,099	0,384	0,164	0,110	0,111	0,099	0,125	0,151	0,121	0,098	0,119	0,105	0,146	0,113	0,166	0,106	0,239	0,130	0,122	0,094	0,204	0,116	0,099	0,119	0,094	0,101	0,114	0,150	0,108	0,179	0,235	0,105	0,256	0,103	0,184	0,124	0,203	0,136	0,250	0,104	0,297
3:28:04	37,0	0,153	0,253	0,264	0,272	0,136	0,325	0,134	0,257	0,099	0,394	0,235	0,188	0,211	0,280	0,209	0,175	0,359	0,225	0,296	0,201	0,255	0,215	0,450	0,232	0,128	0,337	0,133	0,531	0,117	0,245	0,142	0,153	0,159	0,356	0,098	0,326	0,209	0,094	0,236	0,107	0,278	0,097	0,132	0,108	0,248	0,101	0,205	0,181	0,104	0,115	0,128	0,097	0,456	0,118	0,134	0,099	0,415	0,185	0,115	0,115	0,101	0,139	0,167	0,135	0,099	0,132	0,108	0,166	0,118	0,198	0,109	0,273	0,143	0,134	0,095	0,238	0,125	0,100	0,128	0,095	0,103	0,124	0,172	0,113	0,205	0,282	0,110	0,312	0,106	0,205	0,136	0,234	0,151	0,303	0,108	0,359
3:38:04	37,0	0,171	0,285	0,295	0,306	0,152	0,391	0,149	0,293	0,102	0,426	0,264	0,216	0,246	0,312	0,244	0,196	0,419	0,254	0,331	0,227	0,288	0,244	0,503	0,265	0,140	0,395	0,148	0,586	0,127	0,291	0,160	0,177	0,181	0,406	0,098	0,374	0,256	0,094	0,272	0,107	0,327	0,097	0,137	0,108	0,282	0,101	0,221	0,206	0,105	0,123	0,140	0,098	0,484	0,121	0,146	0,100	0,437	0,207	0,123	0,120	0,104	0,159	0,187	0,153	0,100	0,149	0,113	0,191	0,125	0,226	0,113	0,326	0,159	0,151	0,096	0,273	0,137	0,101	0,140	0,097	0,106	0,135	0,189	0,121	0,235	0,316	0,117	0,342	0,111	0,228	0,153	0,269	0,172	0,337	0,113	0,401
3:48:04	37,0	0,193	0,314	0,326	0,331	0,173	0,407	0,169	0,325	0,107	0,459	0,295	0,250	0,276	0,349	0,281	0,220	0,477	0,288	0,371	0,256	0,317	0,274	0,526	0,296	0,156	0,459	0,168	0,616	0,138	0,340	0,181	0,210	0,205	0,447	0,098	0,425	0,278	0,094	0,311	0,107	0,370	0,097	0,175	0,108	0,328	0,101	0,259	0,227	0,108	0,133	0,153	0,098	0,506	0,125	0,161	0,100	0,452	0,233	0,132	0,127	0,107	0,183	0,208	0,179	0,100	0,171	0,120	0,218	0,135	0,258	0,117	0,366	0,180	0,172	0,097	0,314	0,151	0,102	0,156	0,099	0,110	0,151	0,207	0,131	0,269	0,370	0,127	0,379	0,118	0,277	0,172	0,326	0,197	0,384	0,121	0,438
3:58:04	37,0	0,217	0,349	0,358	0,367	0,196	0,460	0,189	0,360	0,114	0,475	0,329	0,286	0,308	0,387	0,313	0,252	0,513	0,322	0,403	0,291	0,351	0,291	0,533	0,328	0,176	0,527	0,193	0,652	0,153	0,384	0,206	0,247	0,229	0,507	0,098	0,468	0,334	0,094	0,353	0,107	0,404	0,097	0,198	0,108	0,344	0,101	0,287	0,255	0,112	0,148	0,171	0,100	0,519	0,132	0,179	0,101	0,468	0,261	0,144	0,138	0,112	0,210	0,232	0,210	0,103	0,202	0,130	0,247	0,147	0,285	0,124	0,403	0,201	0,201	0,100	0,356	0,170	0,104	0,178	0,103	0,117	0,174	0,237	0,146	0,300	0,374	0,140	0,423	0,128	0,312	0,199	0,366	0,232	0,417	0,132	0,509
4:08:04	37,0	0,243	0,379	0,389	0,396	0,222	0,491	0,217	0,396	0,123	0,482	0,362	0,326	0,341	0,424	0,346	0,281	0,545	0,360	0,443	0,326	0,392	0,337	0,541	0,368	0,199	0,589	0,219	0,680	0,172	0,435	0,232	0,286	0,257	0,552	0,098	0,510	0,358	0,094	0,386	0,108	0,443	0,098	0,212	0,108	0,389	0,101	0,324	0,291	0,118	0,165	0,191	0,102	0,529	0,139	0,201	0,102	0,477	0,289	0,159	0,151	0,117	0,246	0,255	0,244	0,105	0,234	0,140	0,276	0,163	0,315	0,133	0,458	0,220	0,232	0,103	0,392	0,189	0,107	0,195	0,107	0,125	0,203	0,264	0,166	0,333	0,422	0,157	0,488	0,141	0,357	0,234	0,400	0,267	0,471	0,146	0,552
4:18:04	37,0	0,269	0,409	0,413	0,418	0,252	0,523	0,249	0,436	0,135	0,490	0,392	0,368	0,378	0,455	0,382	0,317	0,564	0,398	0,473	0,364	0,426	0,375	0,550	0,406	0,228	0,621	0,248	0,700	0,193	0,486	0,260	0,333	0,285	0,586	0,098	0,560	0,398	0,094	0,422	0,108	0,467	0,098	0,232	0,108	0,425	0,101	0,364	0,330	0,125	0,185	0,213	0,104	0,535	0,149	0,222	0,103	0,488	0,320	0,177	0,167	0,126	0,279	0,276	0,272	0,108	0,264	0,153	0,306	0,182	0,351	0,144	0,513	0,244	0,268	0,107	0,427	0,209	0,111	0,215	0,114	0,135	0,236	0,292	0,190	0,367	0,479	0,178	0,548	0,158	0,402	0,272	0,435	0,305	0,553	0,164	0,537
4:28:04	37,0	0,293	0,431	0,440	0,437	0,289	0,546	0,282	0,467	0,151	0,500	0,415	0,412	0,412	0,492	0,420	0,355	0,572	0,426	0,499	0,407	0,454	0,412	0,561	0,436	0,252	0,639	0,279	0,719	0,222	0,529	0,288	0,382	0,309	0,618	0,098	0,578	0,450	0,094	0,455	0,109	0,492	0,097	0,279	0,108	0,459	0,101	0,414	0,357	0,135	0,207	0,239	0,107	0,543	0,160	0,246	0,105	0,495	0,352	0,198	0,188	0,138	0,316	0,312	0,317	0,112	0,290	0,171	0,339	0,206	0,387	0,158	0,538	0,271	0,310	0,112	0,460	0,233	0,117	0,241	0,123	0,148	0,269	0,331	0,221	0,406	0,482	0,205	0,552	0,181	0,418	0,314	0,488	0,339	0,548	0,187	0,572
4:38:04	37,0	0,320	0,457	0,463	0,459	0,325	0,569	0,321	0,505	0,172	0,518	0,443	0,457	0,451	0,509	0,452	0,391	0,576	0,454	0,518	0,441	0,475	0,455	0,572	0,468	0,278	0,659	0,316	0,735	0,247	0,573	0,317	0,433	0,332	0,644	0,098	0,604	0,468	0,094	0,481	0,111	0,541	0,098	0,304	0,108	0,469	0,101	0,448	0,410	0,148	0,234	0,273	0,112	0,547	0,171	0,272	0,108	0,505	0,384	0,229	0,213	0,152	0,354	0,356	0,382	0,119	0,337	0,192	0,383	0,236	0,439	0,175	0,559	0,301	0,354	0,120	0,478	0,260	0,126	0,266	0,137	0,165	0,299	0,351	0,251	0,437	0,508	0,237	0,588	0,211	0,438	0,353	0,515	0,366	0,590	0,217	0,595
4:48:04	37,0	0,336	0,483	0,490	0,485	0,363	0,583	0,349	0,537	0,192	0,535	0,461	0,494	0,484	0,522	0,481	0,430	0,585	0,472	0,526	0,467	0,489	0,480	0,582	0,495	0,296	0,678	0,353	0,751	0,276	0,600	0,353	0,484	0,355	0,674	0,098	0,619	0,504	0,094	0,526	0,112	0,558	0,098	0,352	0,108	0,531	0,101	0,478	0,447	0,166	0,266	0,302	0,119	0,557	0,181	0,296	0,113	0,513	0,418	0,263	0,239	0,171	0,406	0,390	0,422	0,126	0,382	0,215	0,424	0,265	0,455	0,198	0,579	0,354	0,389	0,130	0,500	0,285	0,137	0,289	0,154	0,187	0,336	0,380	0,283	0,469	0,559	0,279	0,616	0,246	0,426	0,394	0,522	0,390	0,624	0,248	0,632
4:58:04	37,0	0,360	0,508	0,508	0,506	0,411	0,601	0,387	0,557	0,220	0,559	0,483	0,524	0,512	0,535	0,503	0,462	0,596	0,485	0,534	0,493	0,503	0,511	0,590	0,509	0,321	0,685	0,408	0,769	0,310	0,625	0,385	0,528	0,381	0,714	0,098	0,647	0,524	0,094	0,548	0,115	0,578	0,098	0,397	0,108	0,544	0,101	0,511	0,475	0,186	0,297	0,337	0,128	0,565	0,195	0,319	0,118	0,525	0,441	0,312	0,270	0,194	0,456	0,428	0,454	0,136	0,442	0,239	0,449	0,299	0,468	0,222	0,578	0,382	0,430	0,142	0,517	0,314	0,152	0,319	0,176	0,207	0,370	0,416	0,321	0,491	0,592	0,326	0,618	0,285	0,490	0,433	0,560	0,420	0,638	0,279	0,641
5:08:04	37,0	0,383	0,526	0,525	0,526	0,446	0,619	0,423	0,571	0,250	0,579	0,515	0,553	0,540	0,552	0,517	0,487	0,597	0,494	0,547	0,506	0,512	0,520	0,609	0,525	0,344	0,690	0,446	0,790	0,339	0,647	0,423	0,568	0,408	0,727	0,098	0,667	0,548	0,094	0,560	0,120	0,595	0,099	0,419	0,108	0,558	0,101	0,546	0,500	0,210	0,327	0,392	0,139	0,576	0,209	0,349	0,126	0,537	0,469	0,355	0,302	0,219	0,497	0,475	0,493	0,148	0,491	0,266	0,474	0,340	0,488	0,247	0,583	0,388	0,456	0,159	0,525	0,351	0,173	0,349	0,206	0,229	0,410	0,433	0,357	0,512	0,614	0,359	0,625	0,324	0,553	0,473	0,598	0,452	0,651	0,310	0,684
5:18:04	37,0	0,402	0,546	0,551	0,546	0,490	0,632	0,465	0,584	0,280	0,598	0,540	0,571	0,575	0,569	0,529	0,502	0,605	0,505	0,556	0,514	0,522	0,539	0,619	0,543	0,374	0,691	0,491	0,799	0,368	0,665	0,457	0,584	0,431	0,739	0,098	0,699	0,568	0,094	0,569	0,126	0,601	0,100	0,463	0,108	0,566	0,101	0,565	0,533	0,235	0,359	0,451	0,153	0,583	0,223	0,381	0,136	0,548	0,491	0,404	0,326	0,244	0,510	0,495	0,528	0,165	0,513	0,287	0,506	0,380	0,497	0,280	0,595	0,431	0,470	0,179	0,531	0,376	0,197	0,379	0,236	0,257	0,453	0,471	0,398	0,536	0,635	0,418	0,633	0,365	0,578	0,507	0,625	0,484	0,654	0,333	0,694
5:28:04	37,0	0,422	0,555	0,566	0,564	0,523	0,654	0,488	0,600	0,310	0,616	0,560	0,587	0,603	0,590	0,537	0,517	0,609	0,513	0,562	0,529	0,533	0,558	0,630	0,555	0,404	0,695	0,526	0,824	0,461	0,675	0,503	0,596	0,453	0,760	0,098	0,727	0,591	0,094	0,589	0,135	0,617	0,101	0,494	0,108	0,584	0,101	0,576	0,555	0,265	0,399	0,486	0,171	0,591	0,247	0,408	0,148	0,561	0,495	0,442	0,360	0,271	0,518	0,502	0,564	0,183	0,533	0,313	0,532	0,419	0,500	0,312	0,598	0,446	0,491	0,200	0,536	0,399	0,225	0,406	0,265	0,279	0,479	0,484	0,439	0,562	0,635	0,453	0,649	0,409	0,608	0,539	0,650	0,506	0,680	0,360	0,733
5:38:04	37,0	0,435	0,569	0,578	0,585	0,550	0,662	0,510	0,611	0,337	0,633	0,578	0,603	0,622	0,608	0,547	0,535	0,616	0,522	0,578	0,542	0,546	0,562	0,646	0,570	0,457	0,699	0,536	0,835	0,521	0,681	0,516	0,614	0,469	0,777	0,099	0,746	0,606	0,094	0,600	0,146	0,638	0,102	0,525	0,108	0,608	0,101	0,596	0,577	0,296	0,443	0,517	0,192	0,597	0,272	0,426	0,167	0,573	0,501	0,501	0,408	0,299	0,521	0,498	0,580	0,207	0,528	0,343	0,541	0,458	0,507	0,349	0,618	0,474	0,532	0,224	0,544	0,432	0,252	0,423	0,296	0,302	0,504	0,504	0,468	0,577	0,665	0,485	0,678	0,448	0,621	0,563	0,666	0,530	0,695	0,388	0,753
5:48:04	37,0	0,450	0,583	0,583	0,601	0,572	0,676	0,536	0,630	0,368	0,650	0,596	0,624	0,643	0,622	0,555	0,546	0,618	0,531	0,595	0,556	0,560	0,572	0,654	0,589	0,508	0,704	0,557	0,844	0,571	0,690	0,527	0,632	0,488	0,791	0,099	0,759	0,620	0,094	0,610	0,163	0,652	0,104	0,542	0,108	0,628	0,101	0,611	0,599	0,325	0,478	0,545	0,217	0,605	0,308	0,448	0,188	0,586	0,520	0,528	0,450	0,330	0,526	0,501	0,576	0,232	0,524	0,372	0,537	0,480	0,517	0,384	0,625	0,489	0,557	0,249	0,552	0,460	0,284	0,448	0,333	0,334	0,522	0,521	0,492	0,595	0,687	0,527	0,698	0,475	0,638	0,571	0,678	0,549	0,713	0,423	0,779
5:58:04	37,0	0,464	0,591	0,584	0,618	0,584	0,684	0,558	0,643	0,393	0,665	0,610	0,647	0,664	0,638	0,567	0,557	0,624	0,540	0,615	0,570	0,576	0,582	0,658	0,602	0,536	0,708	0,555	0,862	0,580	0,697	0,544	0,642	0,496	0,815	0,099	0,769	0,636	0,094	0,626	0,191	0,669	0,106	0,558	0,108	0,648	0,101	0,628	0,621	0,358	0,508	0,554	0,238	0,611	0,355	0,482	0,212	0,605	0,527	0,543	0,482	0,363	0,533	0,507	0,581	0,259	0,518	0,402	0,532	0,488	0,536	0,413	0,634	0,510	0,579	0,280	0,560	0,472	0,322	0,476	0,373	0,364	0,536	0,531	0,508	0,612	0,703	0,567	0,709	0,506	0,655	0,582	0,696	0,553	0,722	0,461	0,797
6:08:04	37,0	0,480	0,604	0,583	0,630	0,593	0,691	0,577	0,657	0,412	0,677	0,619	0,664	0,667	0,651	0,574	0,567	0,626	0,549	0,616	0,581	0,594	0,590	0,665	0,624	0,553	0,711	0,562	0,863	0,595	0,700	0,551	0,643	0,497	0,834	0,099	0,784	0,646	0,094	0,639	0,233	0,684	0,109	0,569	0,108	0,663	0,101	0,642	0,642	0,399	0,533	0,550	0,262	0,618	0,422	0,498	0,237	0,619	0,533	0,563	0,495	0,398	0,538	0,509	0,610	0,291	0,535	0,429	0,532	0,490	0,556	0,448	0,643	0,530	0,594	0,310	0,571	0,496	0,357	0,496	0,414	0,401	0,549	0,538	0,519	0,635	0,714	0,599	0,706	0,531	0,668	0,600	0,709	0,558	0,739	0,490	0,816
6:18:04	37,0	0,486	0,614	0,589	0,643	0,598	0,701	0,599	0,667	0,440	0,688	0,627	0,690	0,688	0,660	0,583	0,576	0,629	0,558	0,616	0,595	0,603	0,599	0,674	0,638	0,563	0,718	0,571	0,879	0,594	0,713	0,550	0,656	0,503	0,850	0,099	0,794	0,652	0,094	0,656	0,281	0,700	0,113	0,580	0,108	0,675	0,101	0,657	0,665	0,438	0,563	0,555	0,287	0,628	0,509	0,518	0,271	0,636	0,541	0,564	0,502	0,428	0,549	0,519	0,617	0,330	0,548	0,444	0,539	0,504	0,562	0,472	0,645	0,530	0,608	0,341	0,580	0,518	0,397	0,507	0,441	0,427	0,563	0,542	0,531	0,638	0,736	0,612	0,719	0,561	0,687	0,609	0,737	0,569	0,754	0,500	0,838
6:28:04	37,0	0,498	0,626	0,594	0,653	0,605	0,710	0,611	0,681	0,458	0,701	0,641	0,708	0,690	0,672	0,590	0,583	0,633	0,566	0,618	0,607	0,614	0,606	0,685	0,650	0,570	0,723	0,568	0,895	0,592	0,729	0,558	0,679	0,516	0,864	0,099	0,806	0,660	0,093	0,672	0,323	0,716	0,119	0,592	0,108	0,683	0,101	0,670	0,682	0,471	0,593	0,562	0,321	0,634	0,568	0,516	0,284	0,657	0,548	0,579	0,513	0,445	0,559	0,520	0,609	0,366	0,542	0,456	0,552	0,500	0,575	0,511	0,647	0,535	0,619	0,381	0,593	0,524	0,433	0,512	0,465	0,459	0,574	0,551	0,542	0,650	0,752	0,614	0,734	0,585	0,704	0,621	0,746	0,583	0,771	0,520	0,860
6:38:04	37,0	0,508	0,638	0,601	0,665	0,620	0,715	0,625	0,697	0,479	0,712	0,652	0,735	0,687	0,673	0,597	0,593	0,635	0,579	0,621	0,616	0,626	0,610	0,693	0,665	0,575	0,731	0,572	0,910	0,586	0,742	0,570	0,696	0,524	0,873	0,099	0,819	0,673	0,094	0,685	0,367	0,727	0,128	0,609	0,108	0,689	0,101	0,676	0,695	0,490	0,610	0,568	0,351	0,643	0,610	0,532	0,304	0,674	0,561	0,588	0,523	0,453	0,571	0,523	0,629	0,397	0,545	0,470	0,585	0,498	0,596	0,534	0,650	0,546	0,628	0,416	0,601	0,527	0,463	0,516	0,478	0,474	0,584	0,558	0,555	0,675	0,768	0,627	0,750	0,603	0,714	0,639	0,763	0,591	0,790	0,537	0,882
6:48:04	37,0	0,518	0,651	0,609	0,682	0,637	0,720	0,640	0,707	0,509	0,723	0,660	0,756	0,692	0,668	0,606	0,600	0,642	0,592	0,630	0,629	0,639	0,614	0,700	0,682	0,581	0,739	0,574	0,915	0,582	0,750	0,566	0,708	0,531	0,885	0,099	0,831	0,689	0,094	0,696	0,404	0,738	0,149	0,622	0,108	0,697	0,101	0,685	0,706	0,509	0,622	0,574	0,398	0,653	0,620	0,562	0,327	0,688	0,573	0,594	0,530	0,468	0,573	0,529	0,643	0,440	0,545	0,480	0,593	0,501	0,612	0,566	0,653	0,556	0,637	0,455	0,612	0,534	0,487	0,518	0,491	0,502	0,593	0,564	0,567	0,686	0,780	0,644	0,761	0,611	0,728	0,648	0,774	0,598	0,802	0,553	0,899
6:58:04	37,0	0,527	0,663	0,620	0,692	0,647	0,726	0,652	0,717	0,529	0,733	0,668	0,778	0,695	0,668	0,612	0,607	0,648	0,602	0,638	0,638	0,648	0,614	0,711	0,701	0,579	0,745	0,568	0,924	0,572	0,755	0,565	0,716	0,544	0,892	0,099	0,841	0,702	0,094	0,709	0,443	0,750	0,156	0,638	0,108	0,704	0,101	0,692	0,717	0,537	0,629	0,581	0,441	0,664	0,631	0,581	0,352	0,700	0,585	0,601	0,533	0,480	0,590	0,535	0,649	0,479	0,548	0,485	0,597	0,508	0,619	0,581	0,665	0,563	0,643	0,468	0,620	0,538	0,514	0,523	0,504	0,527	0,604	0,570	0,580	0,713	0,790	0,660	0,774	0,610	0,746	0,660	0,787	0,614	0,813	0,561	0,916
7:08:04	37,0	0,538	0,677	0,633	0,704	0,659	0,735	0,664	0,731	0,553	0,748	0,679	0,795	0,701	0,669	0,615	0,613	0,652	0,611	0,645	0,643	0,660	0,617	0,719	0,713	0,585	0,753	0,564	0,936	0,564	0,766	0,563	0,724	0,556	0,907	0,099	0,848	0,714	0,094	0,723	0,484	0,765	0,180	0,653	0,108	0,710	0,101	0,697	0,728	0,558	0,640	0,584	0,478	0,673	0,625	0,595	0,381	0,712	0,595	0,604	0,539	0,492	0,603	0,533	0,653	0,501	0,550	0,494	0,620	0,517	0,627	0,590	0,677	0,571	0,652	0,499	0,632	0,540	0,533	0,529	0,516	0,525	0,615	0,575	0,595	0,720	0,802	0,657	0,785	0,608	0,756	0,680	0,806	0,632	0,827	0,572	0,933
7:18:04	37,0	0,549	0,691	0,645	0,716	0,671	0,745	0,679	0,744	0,574	0,760	0,690	0,814	0,707	0,673	0,621	0,617	0,657	0,617	0,651	0,651	0,667	0,621	0,729	0,727	0,587	0,763	0,561	0,952	0,559	0,778	0,563	0,735	0,568	0,926	0,099	0,864	0,725	0,093	0,737	0,498	0,783	0,212	0,665	0,108	0,715	0,101	0,703	0,740	0,595	0,646	0,588	0,506	0,681	0,638	0,597	0,409	0,723	0,605	0,608	0,550	0,499	0,619	0,539	0,660	0,514	0,555	0,497	0,628	0,524	0,637	0,600	0,686	0,580	0,663	0,513	0,641	0,546	0,549	0,533	0,529	0,533	0,624	0,580	0,612	0,723	0,813	0,667	0,802	0,608	0,764	0,685	0,824	0,647	0,841	0,581	0,952
7:28:04	37,0	0,563	0,698	0,656	0,726	0,681	0,747	0,689	0,756	0,594	0,766	0,702	0,827	0,711	0,677	0,629	0,622	0,664	0,623	0,658	0,657	0,678	0,626	0,739	0,738	0,589	0,772	0,560	0,957	0,554	0,787	0,568	0,745	0,578	0,940	0,099	0,873	0,733	0,094	0,749	0,538	0,795	0,232	0,672	0,108	0,721	0,101	0,709	0,748	0,608	0,654	0,591	0,534	0,690	0,636	0,591	0,427	0,734	0,617	0,613	0,564	0,512	0,632	0,541	0,672	0,527	0,561	0,505	0,631	0,534	0,642	0,607	0,699	0,586	0,668	0,529	0,653	0,550	0,564	0,538	0,538	0,537	0,632	0,587	0,628	0,723	0,823	0,679	0,814	0,616	0,777	0,693	0,840	0,662	0,856	0,586	0,966
7:38:04	37,0	0,574	0,713	0,670	0,738	0,694	0,756	0,706	0,769	0,617	0,781	0,715	0,841	0,719	0,681	0,636	0,628	0,670	0,627	0,666	0,664	0,687	0,629	0,747	0,751	0,590	0,783	0,562	0,973	0,551	0,800	0,572	0,755	0,585	0,952	0,099	0,883	0,742	0,094	0,762	0,565	0,812	0,255	0,681	0,108	0,726	0,101	0,715	0,758	0,623	0,662	0,598	0,532	0,700	0,644	0,593	0,441	0,747	0,626	0,619	0,577	0,519	0,634	0,550	0,671	0,534	0,566	0,514	0,642	0,537	0,646	0,615	0,712	0,592	0,676	0,539	0,661	0,555	0,583	0,542	0,549	0,543	0,642	0,592	0,645	0,728	0,835	0,685	0,826	0,619	0,786	0,702	0,862	0,681	0,870	0,592	0,981
7:48:04	37,0	0,587	0,724	0,682	0,751	0,708	0,759	0,720	0,782	0,636	0,795	0,728	0,859	0,725	0,686	0,644	0,633	0,677	0,629	0,673	0,672	0,699	0,636	0,762	0,763	0,597	0,791	0,564	0,981	0,549	0,813	0,577	0,765	0,591	0,965	0,099	0,894	0,751	0,094	0,776	0,582	0,831	0,302	0,687	0,108	0,730	0,101	0,722	0,767	0,646	0,672	0,607	0,542	0,709	0,640	0,598	0,457	0,759	0,636	0,625	0,595	0,531	0,643	0,557	0,687	0,545	0,572	0,522	0,664	0,546	0,653	0,617	0,722	0,599	0,683	0,553	0,674	0,560	0,598	0,544	0,561	0,548	0,651	0,596	0,660	0,738	0,847	0,687	0,839	0,631	0,798	0,716	0,882	0,698	0,883	0,600	1,000
7:58:04	37,0	0,598	0,739	0,692	0,764	0,721	0,762	0,734	0,795	0,651	0,809	0,746	0,882	0,734	0,694	0,651	0,639	0,685	0,633	0,681	0,683	0,711	0,640	0,768	0,771	0,603	0,802	0,567	0,994	0,547	0,827	0,581	0,775	0,598	0,977	0,099	0,907	0,758	0,093	0,791	0,595	0,852	0,324	0,691	0,108	0,736	0,101	0,726	0,775	0,661	0,681	0,612	0,555	0,719	0,646	0,609	0,470	0,771	0,644	0,630	0,614	0,539	0,653	0,558	0,695	0,552	0,581	0,536	0,678	0,554	0,658	0,617	0,734	0,607	0,691	0,560	0,685	0,564	0,611	0,549	0,571	0,554	0,660	0,600	0,677	0,745	0,860	0,694	0,851	0,640	0,808	0,725	0,905	0,716	0,897	0,617	1,015
8:08:04	37,0	0,609	0,752	0,705	0,778	0,731	0,767	0,747	0,801	0,665	0,822	0,761	0,895	0,740	0,699	0,656	0,643	0,694	0,638	0,689	0,694	0,723	0,650	0,775	0,784	0,607	0,813	0,569	1,003	0,549	0,840	0,585	0,788	0,605	0,985	0,099	0,916	0,767	0,093	0,808	0,596	0,872	0,354	0,699	0,108	0,742	0,100	0,730	0,781	0,677	0,691	0,618	0,557	0,730	0,646	0,619	0,478	0,784	0,653	0,636	0,624	0,547	0,659	0,571	0,700	0,551	0,590	0,533	0,683	0,555	0,666	0,618	0,745	0,618	0,698	0,561	0,692	0,567	0,619	0,555	0,582	0,561	0,670	0,607	0,691	0,753	0,875	0,695	0,864	0,653	0,820	0,742	0,928	0,734	0,911	0,643	1,031
8:18:04	37,0	0,624	0,769	0,716	0,786	0,738	0,770	0,759	0,814	0,673	0,830	0,771	0,906	0,745	0,704	0,663	0,649	0,702	0,642	0,698	0,702	0,732	0,657	0,788	0,796	0,608	0,822	0,572	1,005	0,550	0,848	0,590	0,800	0,611	0,991	0,099	0,923	0,776	0,094	0,820	0,595	0,886	0,407	0,705	0,108	0,748	0,101	0,736	0,787	0,693	0,691	0,627	0,568	0,737	0,652	0,630	0,489	0,796	0,662	0,644	0,647	0,560	0,665	0,593	0,706	0,560	0,602	0,545	0,692	0,558	0,678	0,611	0,756	0,627	0,707	0,567	0,701	0,570	0,631	0,561	0,594	0,567	0,678	0,612	0,704	0,760	0,886	0,705	0,871	0,667	0,831	0,747	0,946	0,743	0,924	0,667	1,043
8:28:04	37,0	0,636	0,782	0,730	0,797	0,751	0,777	0,772	0,824	0,686	0,836	0,785	0,921	0,754	0,714	0,669	0,657	0,709	0,647	0,706	0,711	0,742	0,664	0,797	0,809	0,612	0,835	0,575	1,013	0,553	0,860	0,595	0,816	0,618	1,002	0,099	0,930	0,785	0,094	0,838	0,593	0,905	0,441	0,711	0,108	0,753	0,101	0,739	0,795	0,730	0,695	0,635	0,578	0,745	0,652	0,638	0,505	0,810	0,668	0,651	0,660	0,571	0,670	0,603	0,714	0,569	0,614	0,546	0,700	0,563	0,683	0,618	0,763	0,633	0,713	0,572	0,711	0,576	0,642	0,567	0,603	0,573	0,687	0,619	0,719	0,767	0,898	0,712	0,884	0,677	0,842	0,754	0,968	0,755	0,936	0,695	1,052
8:38:04	37,0	0,646	0,792	0,737	0,808	0,757	0,784	0,785	0,836	0,699	0,851	0,800	0,936	0,762	0,719	0,674	0,662	0,716	0,653	0,713	0,720	0,755	0,671	0,803	0,818	0,614	0,847	0,577	1,025	0,555	0,874	0,602	0,833	0,626	1,009	0,099	0,939	0,793	0,094	0,855	0,600	0,929	0,479	0,716	0,108	0,758	0,101	0,746	0,802	0,740	0,701	0,637	0,586	0,756	0,656	0,647	0,526	0,821	0,676	0,657	0,676	0,579	0,680	0,614	0,714	0,564	0,624	0,548	0,704	0,593	0,685	0,625	0,773	0,642	0,719	0,574	0,721	0,581	0,650	0,573	0,614	0,578	0,694	0,624	0,731	0,771	0,907	0,717	0,897	0,692	0,848	0,761	0,989	0,766	0,948	0,716	1,060
8:48:04	37,0	0,658	0,803	0,747	0,816	0,767	0,785	0,795	0,846	0,708	0,862	0,808	0,950	0,771	0,726	0,680	0,669	0,725	0,659	0,720	0,726	0,761	0,678	0,815	0,830	0,618	0,859	0,581	1,020	0,558	0,879	0,607	0,851	0,631	1,017	0,099	0,951	0,801	0,094	0,868	0,602	0,929	0,506	0,720	0,108	0,765	0,101	0,750	0,808	0,767	0,706	0,645	0,590	0,762	0,661	0,654	0,547	0,830	0,685	0,663	0,683	0,593	0,688	0,622	0,719	0,579	0,634	0,551	0,706	0,610	0,690	0,627	0,781	0,653	0,728	0,577	0,733	0,588	0,656	0,578	0,625	0,581	0,701	0,627	0,742	0,774	0,915	0,722	0,910	0,692	0,856	0,767	1,002	0,772	0,959	0,731	1,069
8:58:04	37,0	0,670	0,814	0,758	0,826	0,774	0,792	0,808	0,857	0,722	0,869	0,821	0,963	0,777	0,732	0,687	0,675	0,731	0,664	0,726	0,732	0,773	0,686	0,826	0,844	0,618	0,868	0,585	1,025	0,561	0,887	0,614	0,872	0,636	1,025	0,099	0,959	0,811	0,094	0,882	0,602	0,944	0,505	0,725	0,108	0,772	0,101	0,758	0,815	0,780	0,711	0,656	0,595	0,771	0,660	0,663	0,560	0,840	0,691	0,669	0,692	0,604	0,694	0,626	0,723	0,598	0,644	0,560	0,713	0,613	0,697	0,631	0,790	0,658	0,733	0,583	0,739	0,593	0,662	0,583	0,634	0,585	0,710	0,633	0,753	0,776	0,929	0,730	0,926	0,709	0,858	0,769	1,015	0,781	0,971	0,741	1,079
9:08:04	37,0	0,682	0,828	0,769	0,836	0,784	0,800	0,822	0,869	0,729	0,885	0,833	0,976	0,785	0,738	0,694	0,682	0,739	0,667	0,735	0,739	0,780	0,694	0,834	0,856	0,622	0,879	0,590	1,032	0,565	0,894	0,619	0,888	0,645	1,036	0,099	0,967	0,823	0,094	0,898	0,610	0,959	0,509	0,729	0,108	0,778	0,101	0,763	0,822	0,801	0,715	0,664	0,600	0,779	0,666	0,671	0,570	0,849	0,701	0,676	0,706	0,618	0,698	0,634	0,729	0,614	0,653	0,569	0,717	0,621	0,702	0,636	0,799	0,667	0,742	0,586	0,749	0,600	0,667	0,590	0,646	0,590	0,720	0,638	0,766	0,780	0,933	0,735	0,943	0,722	0,870	0,775	1,030	0,790	0,984	0,753	1,083
9:18:04	37,0	0,692	0,837	0,782	0,851	0,794	0,813	0,836	0,879	0,739	0,896	0,845	0,988	0,794	0,745	0,699	0,691	0,746	0,669	0,742	0,747	0,791	0,699	0,843	0,868	0,626	0,893	0,597	1,046	0,571	0,907	0,628	0,908	0,654	1,045	0,099	0,978	0,832	0,094	0,912	0,623	0,976	0,513	0,734	0,108	0,784	0,101	0,769	0,831	0,804	0,722	0,674	0,606	0,788	0,665	0,679	0,577	0,857	0,709	0,683	0,723	0,634	0,705	0,637	0,733	0,615	0,661	0,579	0,724	0,627	0,709	0,637	0,806	0,673	0,750	0,591	0,759	0,604	0,673	0,594	0,657	0,596	0,728	0,644	0,779	0,787	0,957	0,741	0,956	0,733	0,883	0,785	1,048	0,802	0,999	0,763	1,094
9:28:04	37,0	0,703	0,849	0,789	0,864	0,802	0,827	0,848	0,890	0,748	0,909	0,857	1,002	0,804	0,751	0,705	0,697	0,755	0,673	0,749	0,757	0,801	0,707	0,850	0,879	0,631	0,904	0,604	1,054	0,577	0,917	0,639	0,928	0,663	1,053	0,099	0,984	0,841	0,094	0,928	0,625	0,992	0,535	0,738	0,108	0,791	0,101	0,774	0,837	0,818	0,733	0,681	0,613	0,798	0,668	0,685	0,579	0,869	0,717	0,690	0,740	0,644	0,711	0,641	0,736	0,613	0,670	0,586	0,730	0,631	0,719	0,633	0,816	0,680	0,757	0,594	0,767	0,610	0,678	0,601	0,665	0,601	0,738	0,650	0,792	0,794	0,963	0,748	0,969	0,742	0,893	0,794	1,063	0,812	1,010	0,771	1,101
9:38:04	37,0	0,713	0,865	0,803	0,872	0,812	0,837	0,859	0,898	0,757	0,918	0,871	1,011	0,812	0,760	0,709	0,705	0,761	0,676	0,756	0,765	0,810	0,716	0,863	0,889	0,634	0,913	0,612	1,056	0,581	0,926	0,648	0,941	0,671	1,061	0,099	0,990	0,850	0,093	0,939	0,628	1,001	0,552	0,744	0,108	0,801	0,101	0,784	0,845	0,825	0,741	0,689	0,626	0,808	0,675	0,691	0,586	0,877	0,727	0,698	0,753	0,657	0,717	0,648	0,741	0,616	0,679	0,592	0,736	0,635	0,722	0,633	0,824	0,687	0,766	0,598	0,778	0,616	0,686	0,604	0,675	0,606	0,744	0,653	0,803	0,802	0,977	0,755	0,980	0,750	0,900	0,803	1,073	0,820	1,020	0,780	1,108
9:48:04	37,0	0,723	0,874	0,816	0,876	0,820	0,845	0,868	0,907	0,766	0,927	0,877	1,014	0,823	0,768	0,719	0,711	0,768	0,679	0,761	0,772	0,815	0,721	0,872	0,898	0,635	0,922	0,622	1,058	0,586	0,932	0,659	0,954	0,679	1,063	0,099	0,997	0,859	0,094	0,948	0,629	1,012	0,560	0,750	0,108	0,809	0,101	0,793	0,851	0,827	0,748	0,699	0,642	0,814	0,676	0,699	0,597	0,883	0,736	0,704	0,769	0,671	0,725	0,650	0,747	0,631	0,689	0,596	0,741	0,639	0,730	0,632	0,834	0,693	0,774	0,604	0,788	0,619	0,696	0,609	0,684	0,609	0,753	0,656	0,815	0,808	0,992	0,761	0,991	0,755	0,912	0,806	1,083	0,827	1,027	0,788	1,114
9:58:04	37,0	0,731	0,890	0,821	0,887	0,829	0,857	0,879	0,916	0,779	0,934	0,887	1,030	0,831	0,774	0,726	0,718	0,777	0,683	0,768	0,778	0,821	0,731	0,877	0,908	0,637	0,932	0,633	1,060	0,589	0,940	0,667	0,969	0,689	1,072	0,099	1,004	0,869	0,094	0,962	0,633	1,019	0,578	0,754	0,108	0,816	0,101	0,799	0,857	0,840	0,756	0,710	0,650	0,820	0,683	0,705	0,612	0,891	0,743	0,712	0,782	0,681	0,732	0,658	0,752	0,635	0,699	0,599	0,745	0,643	0,737	0,632	0,842	0,698	0,781	0,609	0,798	0,626	0,701	0,615	0,693	0,616	0,761	0,662	0,826	0,813	0,995	0,766	0,999	0,762	0,925	0,809	1,094	0,835	1,035	0,798	1,121
10:08:04	37,0	0,742	0,898	0,833	0,893	0,839	0,871	0,889	0,925	0,789	0,944	0,897	1,056	0,840	0,782	0,733	0,726	0,784	0,687	0,775	0,784	0,830	0,737	0,887	0,917	0,642	0,945	0,643	1,067	0,596	0,946	0,677	0,984	0,699	1,076	0,099	1,011	0,878	0,094	0,976	0,635	1,036	0,597	0,761	0,108	0,824	0,101	0,810	0,865	0,856	0,764	0,718	0,661	0,828	0,688	0,711	0,622	0,898	0,752	0,721	0,789	0,685	0,735	0,663	0,758	0,641	0,707	0,604	0,752	0,649	0,742	0,636	0,851	0,704	0,790	0,614	0,807	0,628	0,708	0,620	0,702	0,621	0,770	0,666	0,840	0,818	1,012	0,773	1,009	0,769	0,935	0,815	1,105	0,843	1,044	0,807	1,131
10:18:04	37,0	0,752	0,908	0,845	0,905	0,848	0,893	0,905	0,933	0,798	0,960	0,914	1,054	0,851	0,791	0,739	0,733	0,794	0,691	0,784	0,797	0,841	0,748	0,890	0,931	0,651	0,956	0,655	1,085	0,602	0,958	0,692	1,002	0,710	1,085	0,099	1,022	0,888	0,094	0,997	0,638	1,047	0,618	0,767	0,108	0,833	0,101	0,816	0,875	0,856	0,774	0,727	0,664	0,838	0,698	0,721	0,635	0,907	0,762	0,732	0,804	0,690	0,742	0,669	0,763	0,639	0,715	0,608	0,758	0,653	0,752	0,640	0,862	0,709	0,798	0,618	0,815	0,634	0,716	0,627	0,709	0,628	0,781	0,673	0,853	0,826	1,033	0,783	1,020	0,777	0,948	0,824	1,118	0,855	1,053	0,811	1,137
10:28:04	37,0	0,760	0,920	0,850	0,914	0,859	0,899	0,916	0,944	0,803	0,978	0,921	1,067	0,860	0,799	0,746	0,740	0,802	0,694	0,793	0,806	0,852	0,756	0,898	0,937	0,656	0,964	0,664	1,087	0,609	0,963	0,701	1,014	0,720	1,088	0,099	1,025	0,899	0,094	1,004	0,642	1,057	0,633	0,774	0,108	0,844	0,101	0,827	0,880	0,870	0,784	0,734	0,668	0,844	0,703	0,729	0,640	0,913	0,770	0,741	0,816	0,697	0,749	0,673	0,769	0,643	0,721	0,610	0,767	0,658	0,758	0,645	0,871	0,714	0,806	0,624	0,824	0,639	0,724	0,628	0,718	0,633	0,789	0,675	0,868	0,835	1,041	0,790	1,027	0,782	0,957	0,833	1,126	0,860	1,062	0,815	1,145
10:38:04	37,0	0,769	0,931	0,859	0,922	0,867	0,914	0,925	0,951	0,813	0,985	0,929	1,087	0,871	0,806	0,753	0,749	0,809	0,700	0,801	0,817	0,856	0,762	0,905	0,949	0,662	0,972	0,673	1,089	0,618	0,970	0,716	1,027	0,731	1,093	0,099	1,030	0,910	0,094	1,016	0,645	1,071	0,644	0,780	0,108	0,852	0,101	0,834	0,888	0,879	0,794	0,745	0,674	0,851	0,708	0,737	0,646	0,918	0,780	0,748	0,827	0,698	0,755	0,679	0,775	0,647	0,724	0,614	0,772	0,662	0,764	0,650	0,883	0,721	0,814	0,629	0,832	0,643	0,731	0,635	0,728	0,637	0,797	0,682	0,879	0,841	1,050	0,796	1,036	0,787	0,969	0,839	1,135	0,869	1,069	0,824	1,153
10:48:04	37,0	0,777	0,939	0,869	0,933	0,879	0,920	0,931	0,960	0,821	1,001	0,937	1,094	0,881	0,813	0,760	0,755	0,815	0,704	0,807	0,824	0,866	0,766	0,911	0,954	0,668	0,978	0,687	1,089	0,624	0,974	0,729	1,035	0,743	1,097	0,099	1,033	0,919	0,094	1,027	0,649	1,076	0,654	0,787	0,108	0,862	0,101	0,843	0,894	0,885	0,802	0,754	0,680	0,855	0,713	0,743	0,651	0,924	0,790	0,758	0,835	0,702	0,762	0,682	0,782	0,650	0,733	0,617	0,779	0,667	0,769	0,657	0,895	0,727	0,822	0,634	0,839	0,647	0,738	0,639	0,738	0,641	0,805	0,687	0,890	0,852	1,057	0,804	1,045	0,796	0,979	0,848	1,144	0,876	1,076	0,829	1,161
10:58:04	37,0	0,784	0,948	0,881	0,938	0,888	0,926	0,940	0,968	0,834	1,010	0,944	1,097	0,891	0,822	0,768	0,760	0,820	0,709	0,813	0,828	0,873	0,776	0,923	0,962	0,673	0,987	0,699	1,090	0,630	0,974	0,739	1,045	0,751	1,099	0,099	1,036	0,929	0,094	1,034	0,653	1,086	0,659	0,796	0,108	0,872	0,101	0,854	0,902	0,891	0,813	0,763	0,684	0,861	0,718	0,750	0,657	0,930	0,800	0,766	0,843	0,705	0,767	0,686	0,788	0,655	0,743	0,622	0,785	0,672	0,774	0,661	0,904	0,733	0,832	0,639	0,850	0,652	0,748	0,644	0,745	0,647	0,814	0,689	0,901	0,859	1,060	0,809	1,055	0,801	0,988	0,855	1,151	0,883	1,083	0,837	1,166
11:08:04	37,0	0,793	0,959	0,893	0,944	0,899	0,935	0,948	0,977	0,847	1,016	0,954	1,101	0,899	0,829	0,775	0,770	0,827	0,715	0,819	0,835	0,878	0,781	0,933	0,972	0,680	0,992	0,713	1,091	0,638	0,978	0,753	1,055	0,763	1,103	0,099	1,045	0,939	0,094	1,043	0,657	1,091	0,665	0,802	0,108	0,883	0,101	0,865	0,909	0,898	0,820	0,770	0,690	0,867	0,724	0,755	0,664	0,935	0,807	0,774	0,849	0,708	0,774	0,693	0,795	0,659	0,748	0,625	0,791	0,676	0,780	0,664	0,911	0,738	0,840	0,645	0,856	0,657	0,755	0,650	0,754	0,649	0,823	0,694	0,909	0,863	1,065	0,815	1,062	0,807	0,997	0,862	1,157	0,888	1,089	0,843	1,171
11:18:04	37,0	0,802	0,973	0,906	0,955	0,904	0,941	0,957	0,983	0,858	1,024	0,963	1,105	0,908	0,835	0,785	0,774	0,833	0,721	0,827	0,841	0,886	0,787	0,941	0,978	0,685	1,000	0,724	1,092	0,642	0,979	0,764	1,064	0,774	1,107	0,100	1,046	0,947	0,094	1,051	0,660	1,098	0,670	0,809	0,108	0,894	0,101	0,877	0,918	0,908	0,830	0,780	0,696	0,874	0,730	0,763	0,671	0,939	0,818	0,784	0,861	0,711	0,779	0,696	0,801	0,663	0,751	0,629	0,797	0,683	0,785	0,669	0,917	0,745	0,849	0,650	0,864	0,660	0,764	0,653	0,762	0,654	0,833	0,698	0,919	0,869	1,073	0,822	1,067	0,812	1,011	0,867	1,163	0,893	1,095	0,853	1,177
11:28:04	37,0	0,809	0,977	0,911	0,964	0,912	0,954	0,965	0,992	0,870	1,036	0,971	1,109	0,918	0,841	0,791	0,783	0,840	0,723	0,832	0,849	0,891	0,795	0,947	0,986	0,692	1,007	0,734	1,095	0,650	0,983	0,773	1,075	0,784	1,111	0,099	1,051	0,958	0,094	1,060	0,665	1,106	0,677	0,816	0,108	0,905	0,101	0,889	0,926	0,916	0,840	0,787	0,702	0,880	0,738	0,769	0,679	0,943	0,823	0,792	0,872	0,716	0,786	0,701	0,806	0,667	0,757	0,632	0,804	0,688	0,789	0,673	0,924	0,749	0,856	0,654	0,871	0,668	0,771	0,657	0,771	0,657	0,839	0,700	0,927	0,873	1,075	0,829	1,073	0,817	1,012	0,871	1,171	0,900	1,101	0,862	1,181
11:38:04	37,0	0,816	0,985	0,920	0,973	0,919	0,958	0,973	1,000	0,880	1,040	0,977	1,112	0,925	0,849	0,796	0,788	0,847	0,726	0,837	0,854	0,897	0,802	0,951	0,990	0,699	1,011	0,743	1,100	0,657	0,982	0,782	1,083	0,791	1,115	0,099	1,056	0,968	0,094	1,067	0,669	1,111	0,679	0,824	0,108	0,912	0,101	0,898	0,934	0,922	0,846	0,794	0,708	0,885	0,744	0,774	0,686	0,946	0,831	0,802	0,879	0,720	0,788	0,704	0,811	0,669	0,763	0,637	0,807	0,693	0,794	0,678	0,932	0,755	0,862	0,658	0,877	0,669	0,778	0,660	0,779	0,663	0,847	0,705	0,935	0,877	1,082	0,836	1,075	0,820	1,020	0,876	1,176	0,905	1,104	0,866	1,186
11:48:04	37,0	0,824	0,990	0,923	0,983	0,924	0,967	0,979	1,008	0,891	1,047	0,987	1,114	0,933	0,854	0,801	0,797	0,856	0,733	0,844	0,861	0,907	0,808	0,954	0,997	0,708	1,017	0,750	1,101	0,662	0,980	0,790	1,092	0,802	1,119	0,100	1,059	0,977	0,094	1,074	0,674	1,114	0,684	0,833	0,108	0,921	0,101	0,905	0,942	0,929	0,851	0,800	0,711	0,890	0,750	0,782	0,694	0,952	0,839	0,810	0,886	0,725	0,795	0,710	0,816	0,672	0,768	0,642	0,814	0,697	0,802	0,681	0,936	0,760	0,870	0,661	0,882	0,673	0,785	0,664	0,786	0,669	0,855	0,712	0,942	0,881	1,089	0,841	1,081	0,829	1,026	0,880	1,182	0,909	1,110	0,873	1,191
11:58:04	37,0	0,830	1,003	0,937	0,994	0,932	0,981	0,988	1,014	0,901	1,058	0,997	1,119	0,942	0,862	0,807	0,804	0,863	0,740	0,851	0,869	0,916	0,816	0,961	1,005	0,718	1,024	0,758	1,111	0,671	0,982	0,801	1,102	0,811	1,125	0,099	1,066	0,986	0,094	1,083	0,677	1,126	0,690	0,841	0,108	0,926	0,101	0,913	0,951	0,939	0,858	0,807	0,717	0,895	0,756	0,789	0,702	0,958	0,847	0,816	0,895	0,730	0,798	0,712	0,823	0,676	0,775	0,646	0,825	0,703	0,809	0,688	0,943	0,766	0,877	0,666	0,889	0,677	0,794	0,668	0,795	0,671	0,861	0,716	0,950	0,888	1,096	0,848	1,086	0,839	1,033	0,887	1,189	0,917	1,116	0,877	1,192
12:08:04	37,0	0,838	1,011	0,946	1,004	0,940	0,990	0,996	1,022	0,911	1,072	1,006	1,122	0,951	0,868	0,813	0,809	0,870	0,745	0,859	0,876	0,919	0,824	0,968	1,014	0,728	1,030	0,767	1,112	0,680	0,989	0,812	1,112	0,822	1,134	0,100	1,068	0,995	0,094	1,091	0,682	1,133	0,692	0,852	0,108	0,936	0,101	0,921	0,959	0,949	0,866	0,813	0,727	0,899	0,765	0,797	0,712	0,965	0,854	0,824	0,902	0,737	0,805	0,720	0,828	0,682	0,780	0,651	0,827	0,709	0,814	0,692	0,950	0,770	0,885	0,669	0,898	0,682	0,805	0,673	0,804	0,675	0,867	0,719	0,957	0,893	1,103	0,854	1,093	0,847	1,044	0,892	1,195	0,923	1,121	0,883	1,198
12:18:04	37,0	0,843	1,020	0,951	1,012	0,946	0,991	1,003	1,028	0,917	1,076	1,008	1,125	0,958	0,875	0,820	0,818	0,877	0,750	0,864	0,882	0,926	0,834	0,979	1,017	0,736	1,033	0,774	1,109	0,686	0,988	0,824	1,119	0,833	1,135	0,100	1,075	1,004	0,094	1,097	0,686	1,137	0,697	0,862	0,108	0,945	0,101	0,925	0,967	0,958	0,872	0,822	0,732	0,905	0,770	0,801	0,720	0,968	0,860	0,830	0,908	0,741	0,811	0,724	0,835	0,687	0,784	0,655	0,835	0,713	0,818	0,696	0,956	0,776	0,891	0,674	0,902	0,685	0,813	0,676	0,813	0,681	0,873	0,723	0,965	0,900	1,110	0,859	1,099	0,853	1,049	0,898	1,200	0,927	1,125	0,887	1,202
12:28:04	37,0	0,850	1,038	0,958	1,016	0,954	0,995	1,011	1,034	0,925	1,077	1,014	1,127	0,966	0,881	0,827	0,823	0,882	0,755	0,870	0,888	0,929	0,838	0,984	1,025	0,743	1,039	0,786	1,110	0,692	0,994	0,830	1,126	0,843	1,140	0,099	1,075	1,011	0,094	1,102	0,690	1,142	0,702	0,871	0,108	0,953	0,101	0,938	0,975	0,967	0,879	0,828	0,739	0,909	0,777	0,807	0,729	0,971	0,863	0,838	0,917	0,747	0,819	0,728	0,840	0,690	0,788	0,658	0,841	0,717	0,823	0,701	0,962	0,780	0,899	0,678	0,910	0,690	0,822	0,680	0,821	0,682	0,876	0,724	0,971	0,905	1,116	0,864	1,104	0,857	1,056	0,903	1,204	0,931	1,129	0,894	1,206
12:38:04	37,0	0,856	1,048	0,966	1,023	0,962	1,002	1,017	1,039	0,935	1,082	1,020	1,131	0,973	0,886	0,833	0,830	0,889	0,758	0,875	0,894	0,938	0,841	0,988	1,031	0,750	1,044	0,796	1,111	0,702	0,996	0,843	1,133	0,853	1,145	0,099	1,082	1,020	0,094	1,113	0,696	1,148	0,706	0,878	0,108	0,957	0,101	0,946	0,982	0,973	0,886	0,835	0,746	0,915	0,785	0,813	0,738	0,978	0,871	0,848	0,925	0,753	0,821	0,731	0,848	0,691	0,791	0,663	0,846	0,723	0,829	0,704	0,967	0,784	0,905	0,682	0,916	0,693	0,827	0,684	0,828	0,687	0,884	0,729	0,979	0,911	1,122	0,868	1,107	0,864	1,064	0,909	1,209	0,936	1,133	0,897	1,210
12:48:04	37,0	0,862	1,065	0,973	1,034	0,973	1,010	1,025	1,047	0,943	1,089	1,029	1,134	0,981	0,894	0,841	0,833	0,895	0,763	0,881	0,901	0,944	0,851	0,994	1,040	0,758	1,050	0,808	1,117	0,711	0,999	0,858	1,140	0,864	1,148	0,100	1,086	1,028	0,094	1,118	0,699	1,153	0,711	0,888	0,108	0,968	0,101	0,953	0,991	0,981	0,894	0,841	0,752	0,920	0,793	0,817	0,745	0,982	0,877	0,853	0,933	0,760	0,828	0,735	0,854	0,694	0,798	0,668	0,852	0,727	0,834	0,710	0,974	0,789	0,910	0,686	0,922	0,695	0,837	0,687	0,836	0,690	0,889	0,733	0,987	0,917	1,126	0,874	1,115	0,869	1,069	0,914	1,216	0,943	1,138	0,903	1,215
12:58:04	37,0	0,866	1,054	0,978	1,043	0,982	1,018	1,032	1,049	0,952	1,095	1,035	1,137	0,989	0,899	0,846	0,839	0,903	0,769	0,886	0,907	0,947	0,859	1,003	1,046	0,765	1,054	0,817	1,120	0,718	1,001	0,866	1,147	0,873	1,151	0,099	1,087	1,034	0,094	1,125	0,704	1,157	0,712	0,893	0,108	0,976	0,101	0,961	0,998	0,987	0,902	0,847	0,759	0,926	0,799	0,821	0,753	0,987	0,884	0,861	0,940	0,766	0,834	0,739	0,858	0,699	0,803	0,671	0,857	0,732	0,837	0,715	0,979	0,793	0,916	0,689	0,928	0,699	0,843	0,690	0,843	0,695	0,897	0,737	0,993	0,924	1,132	0,879	1,117	0,875	1,076	0,920	1,221	0,947	1,143	0,907	1,216
13:08:04	37,0	0,873	1,059	0,984	1,043	0,991	1,024	1,037	1,056	0,960	1,099	1,040	1,141	0,997	0,905	0,853	0,847	0,908	0,772	0,891	0,913	0,955	0,863	1,008	1,051	0,773	1,060	0,827	1,126	0,725	1,003	0,872	1,153	0,883	1,158	0,100	1,094	1,041	0,094	1,131	0,707	1,165	0,717	0,906	0,108	0,985	0,101	0,973	1,005	0,993	0,909	0,853	0,767	0,931	0,808	0,826	0,762	0,992	0,890	0,866	0,947	0,773	0,839	0,744	0,864	0,703	0,807	0,674	0,860	0,735	0,841	0,720	0,985	0,798	0,923	0,694	0,934	0,703	0,849	0,695	0,849	0,699	0,902	0,737	0,999	0,930	1,137	0,885	1,122	0,881	1,078	0,926	1,226	0,954	1,147	0,911	1,220
13:18:04	37,0	0,880	1,064	0,990	1,050	0,997	1,029	1,042	1,061	0,969	1,104	1,045	1,144	1,004	0,910	0,858	0,853	0,914	0,780	0,896	0,921	0,963	0,868	1,011	1,058	0,779	1,065	0,837	1,127	0,732	1,005	0,878	1,159	0,891	1,161	0,100	1,099	1,046	0,094	1,137	0,711	1,169	0,721	0,912	0,108	0,991	0,101	0,979	1,012	0,996	0,918	0,861	0,776	0,935	0,814	0,831	0,770	0,996	0,896	0,874	0,952	0,781	0,843	0,748	0,868	0,709	0,812	0,678	0,866	0,738	0,846	0,725	0,989	0,803	0,928	0,697	0,939	0,706	0,854	0,698	0,855	0,702	0,909	0,743	1,008	0,937	1,142	0,890	1,125	0,886	1,085	0,932	1,231	0,958	1,151	0,915	1,222
13:28:04	37,0	0,885	1,079	1,002	1,054	1,004	1,035	1,050	1,065	0,977	1,109	1,050	1,148	1,011	0,917	0,866	0,858	0,921	0,785	0,903	0,926	0,969	0,874	1,017	1,065	0,786	1,070	0,844	1,134	0,742	1,009	0,884	1,166	0,899	1,164	0,099	1,101	1,053	0,094	1,143	0,715	1,174	0,726	0,920	0,108	0,998	0,101	0,986	1,019	1,003	0,925	0,867	0,784	0,941	0,822	0,837	0,779	1,002	0,903	0,880	0,959	0,790	0,848	0,750	0,873	0,712	0,815	0,681	0,871	0,742	0,852	0,730	0,995	0,807	0,935	0,701	0,946	0,708	0,861	0,700	0,860	0,706	0,915	0,743	1,012	0,943	1,148	0,895	1,131	0,892	1,092	0,938	1,236	0,965	1,155	0,918	1,226
13:38:04	37,0	0,892	1,075	1,008	1,062	1,012	1,048	1,054	1,073	0,988	1,116	1,056	1,151	1,019	0,922	0,872	0,864	0,930	0,789	0,910	0,935	0,980	0,882	1,026	1,075	0,794	1,075	0,850	1,135	0,749	1,018	0,891	1,175	0,907	1,170	0,100	1,107	1,059	0,094	1,150	0,722	1,181	0,732	0,926	0,108	1,010	0,101	0,993	1,031	1,012	0,934	0,875	0,794	0,948	0,829	0,844	0,789	1,008	0,909	0,889	0,968	0,801	0,852	0,753	0,879	0,714	0,818	0,686	0,877	0,746	0,859	0,734	1,001	0,812	0,941	0,705	0,952	0,712	0,868	0,705	0,869	0,712	0,921	0,751	1,022	0,950	1,155	0,901	1,136	0,900	1,095	0,945	1,241	0,971	1,161	0,924	1,230
13:48:04	37,0	0,897	1,081	1,016	1,068	1,018	1,055	1,061	1,077	0,998	1,121	1,060	1,153	1,025	0,929	0,879	0,871	0,935	0,792	0,916	0,942	0,985	0,888	1,036	1,078	0,802	1,079	0,857	1,143	0,759	1,020	0,898	1,181	0,914	1,171	0,099	1,110	1,066	0,094	1,156	0,723	1,188	0,738	0,933	0,108	1,018	0,101	1,002	1,039	1,019	0,941	0,882	0,802	0,954	0,835	0,849	0,799	1,014	0,916	0,897	0,973	0,809	0,856	0,755	0,883	0,718	0,821	0,689	0,882	0,752	0,863	0,739	1,005	0,815	0,947	0,708	0,957	0,716	0,874	0,708	0,876	0,713	0,926	0,752	1,027	0,957	1,160	0,908	1,142	0,905	1,101	0,954	1,245	0,975	1,164	0,928	1,232
13:58:04	37,0	0,902	1,084	1,021	1,077	1,023	1,061	1,065	1,079	1,006	1,127	1,066	1,156	1,034	0,935	0,882	0,877	0,944	0,797	0,921	0,951	0,993	0,896	1,036	1,087	0,810	1,086	0,864	1,150	0,769	1,028	0,905	1,187	0,919	1,175	0,100	1,117	1,072	0,094	1,165	0,727	1,192	0,738	0,938	0,108	1,021	0,101	1,005	1,045	1,026	0,950	0,888	0,808	0,960	0,845	0,856	0,807	1,017	0,921	0,905	0,981	0,817	0,860	0,761	0,886	0,721	0,826	0,693	0,887	0,757	0,865	0,744	1,011	0,823	0,953	0,711	0,963	0,719	0,879	0,712	0,880	0,719	0,930	0,757	1,034	0,964	1,165	0,916	1,146	0,911	1,107	0,961	1,249	0,981	1,169	0,933	1,234
14:08:04	37,0	0,904	1,084	1,022	1,081	1,025	1,047	1,071	1,081	1,008	1,128	1,065	1,156	1,039	0,939	0,889	0,881	0,948	0,802	0,925	0,953	0,992	0,900	1,046	1,089	0,817	1,087	0,867	1,139	0,777	1,022	0,908	1,187	0,923	1,172	0,100	1,117	1,075	0,094	1,168	0,733	1,196	0,744	0,944	0,108	1,031	0,101	1,015	1,044	1,029	0,952	0,892	0,811	0,960	0,846	0,861	0,813	1,019	0,928	0,910	0,984	0,821	0,865	0,764	0,892	0,724	0,832	0,698	0,890	0,761	0,871	0,748	1,011	0,826	0,957	0,714	0,967	0,722	0,885	0,714	0,885	0,722	0,935	0,760	1,040	0,966	1,165	0,920	1,146	0,914	1,105	0,962	1,251	0,984	1,171	0,940	1,236
14:18:04	37,0	0,910	1,086	1,024	1,083	1,028	1,052	1,073	1,084	1,013	1,128	1,067	1,157	1,046	0,945	0,895	0,888	0,953	0,809	0,930	0,955	0,996	0,901	1,050	1,093	0,823	1,091	0,874	1,137	0,784	1,021	0,912	1,193	0,928	1,177	0,099	1,119	1,079	0,094	1,172	0,736	1,197	0,750	0,950	0,108	1,036	0,101	1,022	1,049	1,034	0,958	0,897	0,819	0,965	0,850	0,864	0,817	1,020	0,931	0,915	0,988	0,826	0,870	0,767	0,895	0,728	0,836	0,699	0,893	0,764	0,874	0,749	1,015	0,828	0,964	0,717	0,973	0,725	0,891	0,717	0,889	0,725	0,940	0,760	1,045	0,969	1,169	0,925	1,152	0,917	1,111	0,964	1,254	0,988	1,175	0,946	1,240
14:28:04	37,0	0,914	1,094	1,029	1,089	1,033	1,055	1,077	1,089	1,018	1,131	1,070	1,160	1,053	0,949	0,902	0,895	0,958	0,815	0,935	0,961	1,005	0,911	1,054	1,099	0,833	1,095	0,877	1,141	0,789	1,022	0,916	1,197	0,936	1,180	0,100	1,122	1,085	0,094	1,177	0,745	1,203	0,753	0,956	0,108	1,041	0,101	1,024	1,054	1,041	0,965	0,904	0,824	0,970	0,854	0,868	0,825	1,026	0,936	0,916	0,997	0,833	0,872	0,773	0,899	0,733	0,838	0,703	0,898	0,769	0,875	0,753	1,019	0,836	0,969	0,721	0,977	0,727	0,897	0,719	0,895	0,727	0,945	0,764	1,051	0,974	1,172	0,929	1,154	0,925	1,114	0,971	1,258	0,994	1,178	0,949	1,242
14:38:04	37,0	0,920	1,101	1,033	1,094	1,037	1,058	1,082	1,091	1,021	1,133	1,072	1,161	1,060	0,958	0,908	0,898	0,962	0,818	0,940	0,966	1,009	0,913	1,058	1,105	0,840	1,099	0,881	1,141	0,795	1,024	0,919	1,202	0,939	1,183	0,100	1,125	1,089	0,094	1,180	0,749	1,208	0,761	0,962	0,109	1,047	0,101	1,031	1,059	1,046	0,969	0,910	0,833	0,974	0,860	0,873	0,830	1,028	0,942	0,923	1,002	0,838	0,876	0,775	0,903	0,736	0,842	0,704	0,902	0,772	0,878	0,756	1,023	0,839	0,975	0,725	0,984	0,731	0,900	0,723	0,901	0,729	0,950	0,766	1,057	0,980	1,177	0,934	1,159	0,931	1,116	0,975	1,260	0,999	1,182	0,955	1,244
14:48:04	37,0	0,923	1,107	1,036	1,095	1,041	1,062	1,087	1,094	1,026	1,135	1,075	1,162	1,065	0,963	0,915	0,903	0,965	0,823	0,945	0,972	1,012	0,916	1,065	1,111	0,845	1,102	0,886	1,140	0,803	1,023	0,921	1,206	0,943	1,183	0,100	1,127	1,093	0,094	1,185	0,751	1,208	0,769	0,970	0,108	1,048	0,101	1,036	1,064	1,050	0,975	0,914	0,837	0,977	0,865	0,877	0,836	1,030	0,946	0,929	1,008	0,842	0,880	0,779	0,907	0,737	0,843	0,706	0,905	0,774	0,882	0,760	1,025	0,845	0,981	0,728	0,987	0,733	0,907	0,724	0,906	0,734	0,956	0,769	1,061	0,986	1,179	0,938	1,161	0,935	1,119	0,980	1,263	1,003	1,184	0,958	1,247
14:58:04	37,0	0,927	1,110	1,040	1,099	1,045	1,065	1,091	1,098	1,032	1,139	1,079	1,163	1,072	0,967	0,919	0,907	0,971	0,827	0,949	0,976	1,019	0,927	1,067	1,117	0,852	1,107	0,891	1,145	0,809	1,025	0,926	1,211	0,950	1,186	0,100	1,133	1,097	0,094	1,189	0,756	1,212	0,771	0,974	0,108	1,052	0,101	1,038	1,067	1,058	0,980	0,918	0,839	0,981	0,870	0,881	0,842	1,034	0,951	0,931	1,010	0,846	0,884	0,782	0,910	0,739	0,845	0,712	0,908	0,780	0,886	0,765	1,029	0,849	0,985	0,730	0,992	0,735	0,912	0,726	0,912	0,738	0,961	0,775	1,067	0,991	1,184	0,943	1,165	0,941	1,120	0,985	1,268	1,010	1,188	0,962	1,248
15:08:04	37,0	0,932	1,117	1,043	1,102	1,049	1,075	1,093	1,100	1,037	1,142	1,082	1,165	1,078	0,975	0,925	0,911	0,975	0,833	0,953	0,982	1,026	0,932	1,075	1,123	0,857	1,110	0,893	1,147	0,815	1,028	0,930	1,215	0,955	1,189	0,099	1,137	1,101	0,094	1,195	0,759	1,214	0,780	0,979	0,108	1,060	0,101	1,046	1,072	1,065	0,986	0,923	0,846	0,986	0,875	0,886	0,848	1,037	0,955	0,937	1,015	0,851	0,885	0,784	0,914	0,742	0,849	0,715	0,912	0,782	0,890	0,770	1,034	0,852	0,991	0,734	0,996	0,740	0,917	0,729	0,919	0,740	0,966	0,777	1,071	0,998	1,186	0,949	1,168	0,946	1,125	0,992	1,271	1,014	1,190	0,968	1,250
15:18:04	37,0	0,936	1,123	1,048	1,104	1,055	1,081	1,098	1,103	1,044	1,148	1,088	1,168	1,086	0,976	0,927	0,915	0,984	0,837	0,962	0,989	1,034	0,940	1,076	1,128	0,863	1,115	0,897	1,159	0,823	1,040	0,933	1,222	0,958	1,194	0,100	1,142	1,106	0,094	1,199	0,763	1,223	0,785	0,983	0,108	1,064	0,101	1,049	1,079	1,071	0,992	0,927	0,851	0,991	0,882	0,892	0,858	1,041	0,961	0,948	1,023	0,855	0,889	0,787	0,917	0,745	0,853	0,719	0,917	0,788	0,892	0,777	1,038	0,860	0,995	0,737	1,002	0,742	0,922	0,731	0,923	0,744	0,970	0,782	1,076	1,005	1,192	0,956	1,173	0,953	1,131	0,998	1,275	1,020	1,193	0,970	1,252
15:28:04	37,0	0,940	1,127	1,051	1,109	1,059	1,089	1,104	1,106	1,049	1,151	1,092	1,169	1,090	0,984	0,932	0,921	0,986	0,841	0,964	0,994	1,040	0,941	1,082	1,131	0,868	1,120	0,901	1,160	0,829	1,042	0,937	1,226	0,962	1,196	0,100	1,143	1,112	0,094	1,201	0,768	1,225	0,796	0,988	0,108	1,071	0,101	1,056	1,082	1,075	0,997	0,932	0,858	0,995	0,887	0,897	0,862	1,045	0,967	0,953	1,027	0,861	0,892	0,790	0,920	0,747	0,855	0,721	0,919	0,790	0,895	0,779	1,042	0,862	1,000	0,738	1,007	0,745	0,926	0,735	0,926	0,745	0,974	0,781	1,081	1,009	1,196	0,961	1,176	0,959	1,132	1,005	1,277	1,025	1,197	0,976	1,252
15:38:04	37,0	0,943	1,131	1,054	1,112	1,061	1,083	1,106	1,109	1,051	1,151	1,092	1,169	1,094	0,986	0,936	0,925	0,994	0,845	0,970	0,999	1,041	0,944	1,087	1,134	0,872	1,123	0,905	1,156	0,833	1,038	0,939	1,228	0,964	1,195	0,100	1,150	1,114	0,094	1,205	0,773	1,230	0,798	0,993	0,108	1,075	0,101	1,063	1,085	1,081	1,001	0,935	0,860	0,998	0,890	0,900	0,868	1,048	0,970	0,956	1,032	0,866	0,895	0,793	0,923	0,749	0,856	0,726	0,922	0,794	0,895	0,783	1,043	0,869	1,005	0,743	1,011	0,746	0,930	0,737	0,931	0,747	0,977	0,783	1,089	1,014	1,199	0,967	1,180	0,965	1,137	1,008	1,280	1,029	1,200	0,982	1,256
15:48:04	37,0	0,947	1,129	1,056	1,114	1,064	1,077	1,106	1,112	1,054	1,150	1,092	1,168	1,099	0,990	0,940	0,929	0,997	0,849	0,974	1,000	1,039	0,949	1,089	1,138	0,874	1,125	0,910	1,150	0,836	1,037	0,941	1,230	0,969	1,195	0,100	1,151	1,117	0,094	1,211	0,778	1,234	0,807	1,000	0,108	1,079	0,101	1,069	1,087	1,081	1,004	0,939	0,866	0,999	0,892	0,904	0,875	1,051	0,975	0,962	1,038	0,869	0,898	0,797	0,926	0,752	0,858	0,727	0,924	0,795	0,898	0,786	1,045	0,874	1,011	0,745	1,015	0,748	0,936	0,740	0,936	0,750	0,983	0,784	1,092	1,017	1,201	0,971	1,180	0,969	1,138	1,010	1,280	1,031	1,201	0,985	1,257
15:58:04	37,0	0,951	1,138	1,059	1,120	1,071	1,096	1,112	1,114	1,059	1,155	1,100	1,173	1,105	0,992	0,948	0,935	1,008	0,854	0,981	1,010	1,046	0,956	1,092	1,146	0,880	1,129	0,912	1,167	0,844	1,045	0,944	1,237	0,974	1,202	0,100	1,157	1,122	0,094	1,216	0,781	1,241	0,811	1,003	0,108	1,081	0,101	1,068	1,093	1,088	1,010	0,944	0,874	1,007	0,901	0,909	0,881	1,056	0,984	0,967	1,043	0,874	0,899	0,799	0,931	0,757	0,860	0,733	0,933	0,802	0,903	0,791	1,052	0,880	1,014	0,745	1,019	0,751	0,939	0,743	0,942	0,751	0,990	0,792	1,098	1,023	1,206	0,977	1,185	0,976	1,143	1,019	1,285	1,039	1,204	0,991	1,257
16:08:04	37,0	0,953	1,137	1,063	1,121	1,072	1,089	1,114	1,116	1,062	1,154	1,099	1,170	1,109	1,002	0,952	0,939	1,006	0,859	0,982	1,012	1,050	0,958	1,101	1,147	0,882	1,132	0,912	1,158	0,846	1,040	0,945	1,238	0,977	1,197	0,100	1,160	1,125	0,094	1,220	0,785	1,240	0,812	1,005	0,109	1,089	0,101	1,077	1,095	1,092	1,015	0,948	0,877	1,008	0,901	0,912	0,885	1,057	0,986	0,970	1,050	0,878	0,903	0,802	0,932	0,758	0,864	0,735	0,931	0,803	0,904	0,794	1,054	0,883	1,019	0,748	1,023	0,752	0,946	0,745	0,944	0,756	0,991	0,792	1,101	1,028	1,206	0,982	1,187	0,981	1,146	1,022	1,286	1,041	1,206	0,995	1,257
16:18:04	37,0	0,956	1,138	1,066	1,120	1,076	1,085	1,119	1,119	1,063	1,153	1,098	1,170	1,112	1,005	0,959	0,941	1,009	0,864	0,987	1,013	1,052	0,963	1,101	1,150	0,884	1,134	0,917	1,157	0,847	1,039	0,948	1,241	0,980	1,201	0,100	1,159	1,129	0,094	1,220	0,791	1,244	0,825	1,010	0,108	1,090	0,101	1,081	1,099	1,095	1,018	0,949	0,881	1,008	0,906	0,915	0,892	1,059	0,988	0,975	1,051	0,882	0,904	0,802	0,935	0,760	0,867	0,737	0,932	0,806	0,907	0,796	1,054	0,886	1,024	0,752	1,029	0,753	0,951	0,746	0,950	0,757	0,996	0,796	1,107	1,032	1,210	0,986	1,189	0,985	1,148	1,026	1,287	1,045	1,209	1,000	1,258
16:28:04	37,0	0,960	1,141	1,068	1,125	1,079	1,095	1,121	1,121	1,068	1,157	1,102	1,172	1,117	1,007	0,961	0,947	1,014	0,868	0,993	1,021	1,057	0,967	1,103	1,156	0,887	1,139	0,918	1,170	0,852	1,044	0,951	1,246	0,983	1,207	0,100	1,156	1,132	0,094	1,225	0,796	1,245	0,828	1,013	0,108	1,093	0,101	1,080	1,103	1,098	1,024	0,954	0,888	1,015	0,908	0,919	0,897	1,062	0,994	0,978	1,057	0,887	0,908	0,805	0,937	0,763	0,869	0,740	0,935	0,808	0,910	0,802	1,060	0,889	1,027	0,753	1,032	0,756	0,954	0,749	0,955	0,761	1,001	0,802	1,110	1,036	1,214	0,991	1,192	0,993	1,150	1,032	1,290	1,050	1,211	1,007	1,260
16:38:04	37,0	0,962	1,142	1,072	1,127	1,082	1,096	1,124	1,121	1,070	1,158	1,104	1,173	1,120	1,013	0,967	0,951	1,021	0,871	0,996	1,025	1,061	0,973	1,104	1,159	0,888	1,141	0,918	1,172	0,857	1,046	0,954	1,250	0,985	1,206	0,100	1,158	1,136	0,094	1,228	0,801	1,246	0,831	1,017	0,108	1,098	0,101	1,084	1,105	1,103	1,028	0,957	0,892	1,017	0,912	0,922	0,902	1,064	0,998	0,980	1,062	0,891	0,909	0,808	0,940	0,766	0,871	0,742	0,939	0,811	0,911	0,802	1,063	0,891	1,030	0,755	1,035	0,760	0,957	0,750	0,959	0,764	1,003	0,805	1,113	1,040	1,215	0,997	1,194	0,998	1,154	1,036	1,291	1,056	1,215	1,010	1,260
16:48:04	37,0	0,966	1,143	1,073	1,128	1,085	1,098	1,126	1,124	1,073	1,158	1,103	1,171	1,124	1,017	0,970	0,955	1,023	0,873	0,999	1,028	1,064	0,976	1,109	1,160	0,889	1,143	0,921	1,169	0,857	1,043	0,956	1,251	0,988	1,208	0,100	1,163	1,138	0,094	1,231	0,803	1,249	0,837	1,022	0,108	1,102	0,101	1,089	1,109	1,106	1,031	0,961	0,895	1,019	0,913	0,924	0,908	1,068	0,999	0,985	1,063	0,895	0,913	0,810	0,942	0,768	0,875	0,745	0,940	0,812	0,913	0,806	1,066	0,890	1,035	0,755	1,039	0,763	0,962	0,753	0,962	0,764	1,006	0,805	1,117	1,043	1,216	1,001	1,196	1,003	1,157	1,040	1,293	1,058	1,216	1,016	1,261
16:58:04	37,0	0,968	1,143	1,076	1,131	1,087	1,100	1,129	1,124	1,075	1,159	1,107	1,173	1,127	1,021	0,973	0,959	1,028	0,877	1,003	1,032	1,067	0,981	1,110	1,163	0,894	1,146	0,925	1,172	0,859	1,048	0,958	1,255	0,990	1,212	0,100	1,173	1,143	0,094	1,235	0,808	1,251	0,845	1,027	0,108	1,104	0,101	1,090	1,111	1,106	1,036	0,963	0,901	1,022	0,919	0,926	0,913	1,069	1,005	0,986	1,068	0,898	0,912	0,815	0,944	0,773	0,877	0,748	0,944	0,815	0,916	0,807	1,069	0,892	1,038	0,758	1,042	0,765	0,964	0,756	0,966	0,769	1,009	0,810	1,121	1,048	1,220	1,004	1,198	1,009	1,159	1,045	1,294	1,062	1,219	1,018	1,261
17:08:04	37,0	0,970	1,144	1,077	1,131	1,090	1,097	1,131	1,126	1,075	1,158	1,108	1,170	1,131	1,026	0,978	0,962	1,032	0,880	1,005	1,034	1,070	0,981	1,109	1,164	0,894	1,148	0,926	1,168	0,859	1,042	0,959	1,257	0,992	1,209	0,100	1,176	1,144	0,094	1,236	0,811	1,255	0,852	1,030	0,108	1,108	0,101	1,094	1,116	1,110	1,038	0,965	0,904	1,021	0,920	0,928	0,916	1,071	1,007	0,990	1,069	0,902	0,915	0,815	0,947	0,776	0,879	0,750	0,947	0,817	0,917	0,810	1,070	0,893	1,043	0,760	1,046	0,768	0,971	0,759	0,970	0,768	1,012	0,809	1,123	1,051	1,222	1,008	1,199	1,012	1,159	1,048	1,295	1,064	1,219	1,024	1,258
17:18:04	37,0	0,973	1,146	1,079	1,132	1,091	1,094	1,131	1,126	1,077	1,158	1,106	1,168	1,134	1,030	0,982	0,965	1,034	0,883	1,008	1,037	1,070	0,986	1,120	1,167	0,895	1,150	0,929	1,161	0,861	1,045	0,961	1,258	0,995	1,211	0,100	1,180	1,146	0,094	1,238	0,818	1,255	0,857	1,033	0,109	1,113	0,101	1,098	1,118	1,113	1,042	0,967	0,908	1,024	0,922	0,932	0,919	1,073	1,008	0,995	1,073	0,906	0,917	0,818	0,952	0,779	0,881	0,753	0,949	0,820	0,920	0,813	1,074	0,893	1,046	0,762	1,049	0,769	0,973	0,760	0,975	0,772	1,017	0,814	1,128	1,056	1,225	1,012	1,202	1,016	1,162	1,052	1,297	1,069	1,221	1,027	1,259
17:28:04	37,0	0,976	1,147	1,079	1,134	1,094	1,099	1,133	1,128	1,079	1,159	1,109	1,170	1,138	1,032	0,986	0,968	1,038	0,887	1,014	1,043	1,072	0,991	1,118	1,170	0,899	1,155	0,931	1,168	0,863	1,048	0,962	1,260	0,997	1,214	0,100	1,178	1,148	0,094	1,240	0,821	1,256	0,862	1,034	0,108	1,113	0,101	1,098	1,122	1,116	1,046	0,971	0,912	1,028	0,926	0,933	0,925	1,075	1,014	0,997	1,074	0,910	0,919	0,820	0,951	0,781	0,882	0,756	0,950	0,822	0,923	0,816	1,078	0,892	1,048	0,764	1,053	0,772	0,978	0,763	0,978	0,774	1,019	0,818	1,131	1,057	1,227	1,016	1,204	1,022	1,165	1,057	1,299	1,073	1,223	1,029	1,261
17:38:04	37,0	0,978	1,147	1,080	1,135	1,096	1,096	1,134	1,129	1,082	1,160	1,109	1,170	1,140	1,036	0,988	0,971	1,040	0,890	1,014	1,044	1,073	0,993	1,122	1,171	0,900	1,155	0,933	1,163	0,864	1,046	0,965	1,261	0,998	1,214	0,100	1,186	1,151	0,094	1,242	0,827	1,260	0,868	1,035	0,108	1,118	0,101	1,102	1,124	1,118	1,047	0,973	0,915	1,028	0,927	0,936	0,929	1,078	1,015	1,000	1,079	0,912	0,922	0,821	0,954	0,783	0,886	0,758	0,953	0,824	0,925	0,817	1,079	0,892	1,052	0,766	1,055	0,775	0,979	0,766	0,981	0,776	1,022	0,820	1,133	1,062	1,227	1,021	1,206	1,026	1,165	1,061	1,299	1,076	1,224	1,034	1,261
17:48:04	37,0	0,980	1,148	1,083	1,137	1,098	1,099	1,136	1,129	1,084	1,162	1,111	1,170	1,144	1,037	0,992	0,975	1,046	0,893	1,017	1,048	1,079	0,998	1,123	1,176	0,903	1,160	0,936	1,168	0,868	1,049	0,967	1,263	1,000	1,213	0,100	1,186	1,152	0,094	1,244	0,831	1,263	0,876	1,037	0,108	1,118	0,101	1,104	1,124	1,123	1,050	0,976	0,918	1,032	0,933	0,939	0,933	1,081	1,017	1,002	1,082	0,915	0,923	0,824	0,955	0,785	0,886	0,761	0,956	0,827	0,928	0,820	1,083	0,894	1,054	0,768	1,058	0,777	0,983	0,769	0,986	0,778	1,026	0,824	1,137	1,065	1,230	1,026	1,208	1,031	1,167	1,064	1,300	1,079	1,225	1,037	1,260
17:58:04	37,0	0,983	1,148	1,082	1,137	1,099	1,095	1,136	1,129	1,084	1,160	1,110	1,168	1,145	1,042	0,996	0,978	1,049	0,897	1,019	1,050	1,079	1,000	1,127	1,178	0,902	1,162	0,938	1,163	0,868	1,048	0,969	1,264	1,001	1,210	0,100	1,185	1,156	0,094	1,248	0,833	1,265	0,878	1,042	0,108	1,122	0,101	1,109	1,129	1,125	1,053	0,978	0,922	1,032	0,935	0,941	0,939	1,082	1,019	1,006	1,081	0,919	0,925	0,825	0,956	0,787	0,888	0,762	0,957	0,828	0,926	0,821	1,086	0,893	1,058	0,769	1,061	0,779	0,988	0,770	0,988	0,780	1,028	0,821	1,140	1,067	1,232	1,030	1,210	1,034	1,169	1,068	1,302	1,082	1,227	1,042	1,260
18:08:04	37,0	0,984	1,149	1,084	1,139	1,103	1,097	1,139	1,130	1,085	1,161	1,111	1,167	1,149	1,045	1,000	0,983	1,050	0,901	1,022	1,052	1,085	1,000	1,125	1,182	0,903	1,164	0,940	1,165	0,869	1,047	0,971	1,266	1,003	1,210	0,100	1,186	1,156	0,094	1,249	0,838	1,266	0,886	1,043	0,108	1,124	0,101	1,108	1,129	1,127	1,056	0,981	0,925	1,034	0,937	0,944	0,941	1,085	1,024	1,008	1,083	0,923	0,926	0,828	0,960	0,789	0,891	0,765	0,960	0,830	0,930	0,823	1,088	0,895	1,061	0,772	1,064	0,779	0,990	0,770	0,991	0,783	1,032	0,823	1,142	1,070	1,234	1,033	1,212	1,040	1,170	1,073	1,302	1,087	1,229	1,046	1,260
18:18:04	37,0	0,987	1,148	1,083	1,138	1,102	1,093	1,138	1,129	1,084	1,160	1,111	1,166	1,151	1,048	1,002	0,984	1,053	0,905	1,023	1,054	1,081	1,001	1,131	1,179	0,904	1,166	0,943	1,162	0,869	1,047	0,973	1,266	1,000	1,209	0,100	1,186	1,159	0,094	1,251	0,841	1,267	0,890	1,045	0,108	1,127	0,101	1,113	1,132	1,131	1,058	0,982	0,928	1,036	0,938	0,945	0,945	1,087	1,024	1,010	1,085	0,926	0,928	0,828	0,962	0,791	0,893	0,766	0,960	0,831	0,929	0,825	1,089	0,896	1,064	0,774	1,067	0,782	0,993	0,773	0,994	0,784	1,033	0,820	1,146	1,072	1,235	1,037	1,212	1,043	1,171	1,075	1,303	1,090	1,230	1,050	1,261
18:28:04	37,0	0,988	1,150	1,085	1,140	1,105	1,094	1,138	1,129	1,086	1,160	1,111	1,165	1,153	1,051	1,006	0,986	1,056	0,907	1,025	1,058	1,084	1,003	1,131	1,181	0,908	1,168	0,945	1,165	0,869	1,048	0,975	1,268	1,003	1,208	0,100	1,188	1,160	0,094	1,252	0,845	1,268	0,895	1,047	0,108	1,129	0,101	1,115	1,133	1,132	1,061	0,985	0,931	1,037	0,940	0,947	0,949	1,088	1,027	1,011	1,086	0,929	0,929	0,830	0,963	0,793	0,894	0,768	0,962	0,834	0,930	0,826	1,092	0,895	1,066	0,775	1,069	0,781	0,996	0,774	0,998	0,788	1,036	0,820	1,148	1,075	1,237	1,042	1,214	1,046	1,173	1,079	1,304	1,093	1,230	1,054	1,261
18:38:04	37,0	0,991	1,149	1,084	1,140	1,106	1,099	1,140	1,130	1,088	1,162	1,113	1,167	1,156	1,052	1,007	0,989	1,060	0,911	1,029	1,062	1,087	1,005	1,134	1,182	0,909	1,172	0,946	1,170	0,874	1,049	0,976	1,269	1,003	1,212	0,100	1,189	1,164	0,094	1,255	0,851	1,272	0,899	1,049	0,108	1,130	0,101	1,117	1,135	1,135	1,063	0,988	0,935	1,040	0,944	0,950	0,952	1,092	1,031	1,013	1,088	0,932	0,931	0,833	0,965	0,794	0,897	0,769	0,964	0,836	0,933	0,828	1,095	0,895	1,070	0,776	1,073	0,784	0,999	0,773	1,000	0,791	1,038	0,822	1,150	1,078	1,239	1,045	1,216	1,050	1,174	1,082	1,304	1,096	1,232	1,055	1,261
18:48:04	37,0	0,991	1,149	1,086	1,143	1,110	1,103	1,143	1,133	1,091	1,163	1,115	1,168	1,159	1,057	1,010	0,991	1,062	0,914	1,029	1,064	1,092	1,007	1,136	1,188	0,910	1,174	0,948	1,173	0,876	1,053	0,978	1,272	1,006	1,210	0,100	1,192	1,165	0,094	1,257	0,853	1,271	0,905	1,050	0,108	1,135	0,101	1,119	1,138	1,138	1,066	0,991	0,939	1,042	0,947	0,953	0,956	1,093	1,033	1,017	1,093	0,937	0,934	0,835	0,966	0,797	0,898	0,771	0,965	0,837	0,933	0,831	1,100	0,895	1,072	0,781	1,075	0,785	1,001	0,773	1,004	0,793	1,043	0,822	1,155	1,081	1,241	1,051	1,218	1,054	1,177	1,088	1,306	1,100	1,232	1,060	1,262
18:58:04	37,0	0,994	1,148	1,087	1,142	1,110	1,105	1,142	1,132	1,094	1,164	1,115	1,167	1,161	1,058	1,014	0,995	1,066	0,918	1,035	1,065	1,096	1,012	1,136	1,189	0,912	1,178	0,949	1,177	0,878	1,058	0,979	1,273	1,005	1,209	0,100	1,195	1,165	0,094	1,258	0,856	1,272	0,908	1,053	0,108	1,135	0,101	1,119	1,139	1,140	1,067	0,992	0,943	1,044	0,950	0,954	0,961	1,097	1,037	1,019	1,094	0,940	0,934	0,835	0,967	0,798	0,899	0,773	0,967	0,839	0,935	0,834	1,104	0,898	1,075	0,782	1,079	0,784	1,005	0,772	1,007	0,795	1,043	0,824	1,157	1,082	1,243	1,054	1,218	1,060	1,180	1,093	1,307	1,104	1,233	1,061	1,261
19:08:04	37,0	0,996	1,151	1,088	1,144	1,112	1,102	1,142	1,132	1,094	1,165	1,115	1,168	1,165	1,061	1,015	0,997	1,067	0,922	1,036	1,066	1,096	1,012	1,141	1,191	0,912	1,179	0,952	1,179	0,880	1,061	0,981	1,272	1,006	1,213	0,100	1,197	1,169	0,094	1,261	0,861	1,273	0,911	1,054	0,108	1,135	0,101	1,121	1,141	1,143	1,071	0,991	0,947	1,046	0,953	0,957	0,964	1,099	1,040	1,020	1,097	0,943	0,936	0,838	0,970	0,802	0,900	0,774	0,970	0,843	0,937	0,835	1,106	0,898	1,076	0,784	1,082	0,784	1,008	0,772	1,009	0,798	1,046	0,827	1,160	1,084	1,244	1,056	1,221	1,064	1,181	1,095	1,306	1,106	1,235	1,064	1,262
19:18:04	37,0	0,997	1,150	1,089	1,143	1,112	1,101	1,141	1,133	1,093	1,162	1,113	1,165	1,165	1,065	1,018	0,999	1,069	0,925	1,039	1,066	1,093	1,013	1,144	1,191	0,913	1,182	0,954	1,178	0,879	1,054	0,984	1,273	1,006	1,216	0,100	1,200	1,167	0,094	1,261	0,863	1,275	0,915	1,056	0,108	1,140	0,101	1,128	1,141	1,143	1,071	0,994	0,946	1,046	0,957	0,959	0,968	1,101	1,040	1,024	1,098	0,945	0,938	0,840	0,973	0,804	0,902	0,778	0,972	0,843	0,938	0,838	1,106	0,899	1,079	0,785	1,084	0,784	1,011	0,771	1,010	0,799	1,048	0,821	1,163	1,087	1,244	1,061	1,221	1,069	1,182	1,097	1,308	1,109	1,235	1,069	1,260
19:28:04	37,0	0,998	1,149	1,089	1,142	1,112	1,100	1,142	1,132	1,093	1,163	1,113	1,163	1,166	1,066	1,020	1,004	1,069	0,927	1,040	1,070	1,100	1,015	1,143	1,191	0,914	1,183	0,955	1,173	0,880	1,052	0,983	1,273	1,008	1,214	0,100	1,202	1,171	0,094	1,264	0,866	1,274	0,918	1,056	0,108	1,139	0,101	1,125	1,142	1,147	1,072	0,997	0,949	1,048	0,955	0,959	0,969	1,102	1,044	1,024	1,101	0,950	0,939	0,841	0,974	0,805	0,904	0,779	0,973	0,846	0,944	0,839	1,109	0,899	1,082	0,786	1,085	0,783	1,013	0,771	1,013	0,798	1,051	0,822	1,166	1,086	1,244	1,062	1,221	1,071	1,182	1,101	1,308	1,112	1,235	1,070	1,261
19:38:04	37,0	0,999	1,150	1,089	1,142	1,113	1,100	1,142	1,130	1,092	1,161	1,112	1,160	1,169	1,068	1,022	1,004	1,073	0,928	1,042	1,071	1,098	1,016	1,145	1,192	0,914	1,185	0,955	1,175	0,881	1,053	0,984	1,274	1,008	1,212	0,100	1,203	1,171	0,094	1,263	0,871	1,275	0,921	1,058	0,108	1,142	0,101	1,127	1,143	1,149	1,073	0,997	0,950	1,050	0,957	0,961	0,974	1,104	1,046	1,026	1,101	0,951	0,941	0,841	0,975	0,806	0,905	0,780	0,974	0,847	0,944	0,841	1,109	0,899	1,084	0,787	1,088	0,784	1,016	0,769	1,016	0,797	1,052	0,820	1,169	1,089	1,246	1,067	1,221	1,075	1,182	1,102	1,308	1,113	1,235	1,073	1,259
19:48:04	37,0	1,001	1,149	1,087	1,141	1,112	1,099	1,142	1,131	1,093	1,161	1,113	1,160	1,172	1,071	1,024	1,006	1,075	0,929	1,042	1,072	1,099	1,018	1,148	1,192	0,915	1,186	0,956	1,171	0,882	1,054	0,984	1,274	1,008	1,207	0,100	1,205	1,174	0,094	1,265	0,875	1,276	0,923	1,060	0,108	1,143	0,101	1,128	1,144	1,151	1,075	0,998	0,954	1,051	0,956	0,961	0,975	1,106	1,047	1,027	1,101	0,954	0,943	0,843	0,977	0,808	0,907	0,782	0,976	0,849	0,944	0,842	1,112	0,901	1,086	0,789	1,090	0,782	1,019	0,770	1,018	0,795	1,054	0,819	1,169	1,089	1,247	1,069	1,221	1,078	1,182	1,104	1,309	1,116	1,236	1,075	1,259
19:58:04	37,0	1,001	1,150	1,087	1,140	1,112	1,095	1,140	1,130	1,092	1,158	1,110	1,158	1,173	1,071	1,026	1,006	1,074	0,932	1,043	1,075	1,100	1,016	1,149	1,193	0,913	1,187	0,956	1,166	0,881	1,051	0,985	1,274	1,008	1,209	0,100	1,204	1,172	0,094	1,265	0,877	1,276	0,927	1,060	0,108	1,145	0,101	1,132	1,145	1,153	1,076	0,998	0,954	1,051	0,958	0,962	0,978	1,105	1,047	1,028	1,101	0,955	0,943	0,843	0,978	0,808	0,908	0,782	0,977	0,849	0,942	0,843	1,113	0,899	1,088	0,790	1,092	0,782	1,020	0,768	1,021	0,794	1,056	0,815	1,172	1,089	1,246	1,071	1,222	1,081	1,182	1,107	1,307	1,118	1,237	1,079	1,259
20:08:04	37,0	1,003	1,147	1,086	1,139	1,111	1,092	1,140	1,129	1,091	1,158	1,109	1,156	1,175	1,072	1,028	1,009	1,075	0,936	1,044	1,073	1,102	1,017	1,147	1,193	0,912	1,190	0,957	1,161	0,882	1,049	0,987	1,274	1,007	1,209	0,100	1,206	1,175	0,094	1,265	0,879	1,276	0,932	1,062	0,109	1,145	0,101	1,134	1,146	1,154	1,077	0,999	0,955	1,052	0,959	0,963	0,981	1,109	1,047	1,032	1,103	0,958	0,943	0,843	0,979	0,810	0,910	0,783	0,977	0,851	0,944	0,845	1,113	0,901	1,091	0,789	1,094	0,779	1,023	0,765	1,025	0,794	1,061	0,816	1,173	1,089	1,248	1,074	1,222	1,082	1,183	1,108	1,308	1,120	1,237	1,081	1,258
20:18:04	37,0	1,004	1,151	1,089	1,141	1,113	1,097	1,141	1,129	1,093	1,160	1,110	1,157	1,178	1,073	1,031	1,010	1,078	0,938	1,044	1,076	1,102	1,019	1,149	1,196	0,916	1,192	0,956	1,170	0,883	1,051	0,985	1,275	1,008	1,215	0,100	1,211	1,174	0,094	1,265	0,883	1,277	0,930	1,061	0,108	1,145	0,101	1,131	1,147	1,157	1,079	1,000	0,959	1,056	0,960	0,964	0,983	1,110	1,053	1,030	1,104	0,960	0,945	0,846	0,981	0,812	0,909	0,785	0,979	0,854	0,947	0,846	1,116	0,901	1,091	0,788	1,096	0,779	1,026	0,764	1,026	0,793	1,062	0,814	1,174	1,090	1,249	1,078	1,222	1,085	1,183	1,109	1,308	1,121	1,236	1,081	1,258
20:28:04	37,0	1,005	1,149	1,086	1,140	1,113	1,094	1,139	1,128	1,092	1,159	1,109	1,153	1,178	1,075	1,032	1,011	1,077	0,941	1,046	1,073	1,105	1,019	1,151	1,194	0,914	1,193	0,955	1,163	0,881	1,050	0,986	1,275	1,007	1,213	0,100	1,211	1,173	0,094	1,266	0,885	1,277	0,931	1,062	0,108	1,145	0,101	1,132	1,146	1,157	1,079	1,000	0,958	1,055	0,959	0,965	0,983	1,111	1,053	1,032	1,105	0,963	0,946	0,847	0,983	0,814	0,911	0,786	0,981	0,854	0,950	0,849	1,117	0,901	1,093	0,788	1,097	0,778	1,027	0,762	1,028	0,790	1,063	0,811	1,177	1,089	1,249	1,079	1,223	1,089	1,184	1,111	1,307	1,123	1,237	1,084	1,256
20:38:04	37,0	1,006	1,151	1,089	1,141	1,113	1,099	1,141	1,128	1,095	1,160	1,109	1,156	1,181	1,077	1,034	1,014	1,081	0,941	1,048	1,079	1,109	1,022	1,151	1,199	0,916	1,195	0,958	1,169	0,883	1,053	0,984	1,276	1,008	1,214	0,100	1,212	1,175	0,094	1,266	0,889	1,276	0,934	1,063	0,108	1,146	0,101	1,131	1,148	1,160	1,082	1,002	0,963	1,057	0,967	0,967	0,990	1,114	1,056	1,035	1,106	0,967	0,946	0,847	0,983	0,815	0,911	0,786	0,982	0,855	0,947	0,850	1,121	0,900	1,095	0,786	1,101	0,777	1,030	0,759	1,031	0,790	1,066	0,813	1,178	1,091	1,250	1,084	1,223	1,091	1,188	1,114	1,308	1,125	1,237	1,085	1,256
20:48:04	37,0	1,008	1,148	1,087	1,139	1,113	1,093	1,139	1,127	1,093	1,158	1,105	1,153	1,181	1,078	1,035	1,013	1,082	0,945	1,049	1,078	1,107	1,023	1,155	1,197	0,916	1,195	0,959	1,163	0,882	1,053	0,988	1,274	1,007	1,211	0,100	1,215	1,174	0,094	1,266	0,891	1,278	0,934	1,062	0,108	1,146	0,101	1,134	1,148	1,161	1,081	1,003	0,963	1,057	0,964	0,968	0,990	1,116	1,056	1,038	1,109	0,968	0,948	0,847	0,985	0,816	0,911	0,788	0,983	0,857	0,951	0,851	1,121	0,901	1,097	0,785	1,102	0,776	1,032	0,757	1,032	0,788	1,067	0,808	1,180	1,089	1,249	1,086	1,223	1,093	1,185	1,114	1,305	1,124	1,236	1,087	1,256
20:58:04	37,0	1,008	1,150	1,089	1,142	1,115	1,101	1,139	1,127	1,095	1,162	1,109	1,156	1,184	1,081	1,036	1,016	1,081	0,945	1,051	1,079	1,109	1,023	1,156	1,199	0,919	1,197	0,958	1,171	0,885	1,057	0,984	1,275	1,009	1,213	0,100	1,216	1,176	0,094	1,267	0,892	1,277	0,939	1,063	0,108	1,146	0,101	1,133	1,149	1,162	1,085	1,007	0,968	1,061	0,972	0,972	0,994	1,117	1,060	1,035	1,111	0,972	0,948	0,847	0,986	0,818	0,912	0,790	0,986	0,861	0,953	0,853	1,124	0,900	1,097	0,782	1,104	0,773	1,032	0,755	1,036	0,788	1,070	0,811	1,183	1,091	1,251	1,087	1,223	1,098	1,189	1,117	1,307	1,127	1,236	1,088	1,254
21:08:04	37,0	1,010	1,152	1,088	1,140	1,114	1,099	1,140	1,125	1,094	1,160	1,106	1,154	1,185	1,082	1,038	1,015	1,085	0,947	1,053	1,081	1,108	1,024	1,159	1,200	0,919	1,198	0,958	1,174	0,885	1,055	0,986	1,275	1,008	1,212	0,100	1,218	1,175	0,094	1,267	0,897	1,280	0,940	1,066	0,108	1,149	0,101	1,137	1,149	1,165	1,085	1,006	0,968	1,062	0,972	0,973	0,994	1,117	1,062	1,036	1,112	0,973	0,949	0,847	0,986	0,818	0,912	0,791	0,987	0,860	0,951	0,854	1,124	0,902	1,100	0,780	1,106	0,774	1,037	0,753	1,037	0,785	1,070	0,809	1,185	1,090	1,250	1,088	1,224	1,100	1,190	1,118	1,307	1,129	1,237	1,091	1,256
21:18:04	37,0	1,009	1,148	1,086	1,137	1,113	1,098	1,137	1,125	1,093	1,159	1,106	1,153	1,186	1,084	1,039	1,017	1,082	0,947	1,052	1,081	1,111	1,024	1,158	1,200	0,918	1,198	0,956	1,168	0,883	1,053	0,985	1,275	1,008	1,208	0,100	1,218	1,177	0,094	1,268	0,900	1,278	0,942	1,066	0,108	1,150	0,101	1,139	1,151	1,166	1,085	1,008	0,968	1,062	0,969	0,972	0,994	1,119	1,063	1,038	1,114	0,975	0,950	0,847	0,987	0,818	0,912	0,791	0,986	0,860	0,949	0,854	1,125	0,902	1,102	0,781	1,107	0,772	1,038	0,750	1,038	0,780	1,071	0,802	1,184	1,090	1,251	1,090	1,224	1,100	1,187	1,118	1,307	1,128	1,235	1,091	1,254
21:28:04	37,0	1,010	1,151	1,085	1,138	1,115	1,096	1,137	1,123	1,091	1,158	1,105	1,151	1,186	1,085	1,039	1,016	1,083	0,947	1,053	1,080	1,110	1,023	1,159	1,200	0,917	1,199	0,956	1,170	0,883	1,051	0,984	1,274	1,007	1,204	0,100	1,219	1,174	0,094	1,268	0,902	1,280	0,945	1,067	0,108	1,154	0,101	1,138	1,149	1,167	1,087	1,008	0,969	1,062	0,971	0,973	0,998	1,120	1,063	1,038	1,113	0,975	0,950	0,847	0,987	0,819	0,912	0,790	0,986	0,859	0,951	0,853	1,126	0,902	1,103	0,779	1,108	0,770	1,039	0,749	1,039	0,778	1,072	0,799	1,187	1,091	1,251	1,092	1,221	1,102	1,188	1,120	1,307	1,130	1,236	1,091	1,254
21:38:04	37,0	1,011	1,148	1,086	1,138	1,112	1,100	1,138	1,123	1,092	1,158	1,105	1,152	1,188	1,087	1,040	1,019	1,083	0,950	1,056	1,082	1,113	1,025	1,162	1,201	0,915	1,200	0,956	1,169	0,885	1,054	0,983	1,275	1,008	1,201	0,100	1,220	1,174	0,094	1,270	0,903	1,278	0,942	1,066	0,108	1,150	0,101	1,137	1,150	1,167	1,088	1,011	0,971	1,064	0,976	0,976	1,001	1,122	1,065	1,040	1,115	0,978	0,949	0,848	0,988	0,820	0,914	0,791	0,987	0,860	0,953	0,855	1,127	0,902	1,105	0,777	1,111	0,769	1,040	0,744	1,043	0,776	1,075	0,801	1,190	1,090	1,251	1,092	1,223	1,103	1,190	1,122	1,307	1,132	1,235	1,093	1,253
21:48:04	37,0	1,012	1,149	1,085	1,137	1,113	1,095	1,136	1,121	1,091	1,156	1,104	1,149	1,188	1,087	1,040	1,019	1,085	0,949	1,057	1,081	1,113	1,024	1,161	1,202	0,917	1,200	0,956	1,165	0,882	1,050	0,986	1,276	1,006	1,198	0,100	1,220	1,175	0,094	1,270	0,907	1,280	0,945	1,069	0,108	1,151	0,101	1,139	1,151	1,169	1,089	1,009	0,970	1,064	0,972	0,975	1,000	1,123	1,066	1,043	1,115	0,979	0,951	0,847	0,989	0,821	0,915	0,792	0,989	0,862	0,955	0,855	1,127	0,901	1,106	0,774	1,112	0,766	1,043	0,743	1,043	0,773	1,076	0,798	1,190	1,091	1,250	1,094	1,222	1,104	1,189	1,120	1,305	1,130	1,237	1,092	1,252
21:58:04	37,0	1,012	1,148	1,082	1,135	1,111	1,096	1,134	1,120	1,090	1,155	1,101	1,148	1,188	1,088	1,040	1,020	1,085	0,952	1,057	1,083	1,115	1,024	1,161	1,199	0,916	1,200	0,954	1,165	0,882	1,049	0,984	1,275	1,007	1,198	0,100	1,220	1,173	0,094	1,270	0,909	1,279	0,946	1,067	0,108	1,151	0,101	1,139	1,150	1,169	1,089	1,012	0,970	1,065	0,971	0,975	1,000	1,123	1,067	1,042	1,115	0,980	0,952	0,846	0,989	0,820	0,916	0,792	0,989	0,862	0,951	0,857	1,128	0,901	1,108	0,773	1,112	0,763	1,044	0,741	1,045	0,769	1,077	0,794	1,190	1,089	1,250	1,095	1,221	1,104	1,190	1,123	1,305	1,133	1,236	1,095	1,251
0:00:00																																																																																																	
0:00:00																																																																																																	
0:00:00																																																																																																	
0:00:00																																																																																																	
0:00:00																																																																																																	
0:00:00																																																																																																	
0:00:00																																																																																																	
0:00:00																																																																																																	
0:00:00																																																																																																	
0:00:00																																																																																																	
0:00:00																																																																																																	
0:00:00																																																																																																	
0:00:00																																																																																																	
0:00:00																																																																																																	
0:00:00																																																																																																	
0:00:00																																																																																																	
0:00:00																																																																																																	
0:00:00																																																																																																	
0:00:00																																																																																																	
0:00:00																																																																																																	
0:00:00																																																																																																	
0:00:00																																																																																																	
0:00:00																																																																																																	
0:00:00																																																																																																	
0:00:00																																																																																																	
0:00:00																																																																																																	
0:00:00																																																																																																	
0:00:00																																																																																																	
0:00:00																																																																																																	
0:00:00																																																																																																	
0:00:00																																																																																																	
0:00:00																																																																																																	
0:00:00																																																																																																	
0:00:00																																																																																																	
0:00:00																																																																																																	
0:00:00																																																																																																	
0:00:00																																																																																																	
0:00:00																																																																																																	
0:00:00																																																																																																	
0:00:00																																																																																																	
0:00:00																																																																																																	
0:00:00																																																																																																	
0:00:00																																																																																																	
0:00:00																																																																																																	
0:00:00																																																																																																	
0:00:00																																																																																																	
0:00:00																																																																																																	
0:00:00																																																																																																	
0:00:00																																																																																																	
0:00:00																																																																																																	
0:00:00																																																																																																	
0:00:00																																																																																																	
0:00:00																																																																																																	
0:00:00																																																																																																	
0:00:00																																																																																																	
0:00:00																																																																																																	
0:00:00																																																																																																	
0:00:00																																																																																																	
0:00:00																																																																																																	
0:00:00																																																																																																	
0:00:00																																																																																																	
0:00:00																																																																																																	
0:00:00																																																																																																	
0:00:00																																																																																																	
0:00:00																																																																																																	
0:00:00																																																																																																	
0:00:00																																																																																																	
0:00:00																																																																																																	
0:00:00																																																																																																	
0:00:00																																																																																																	
0:00:00																																																																																																	
0:00:00																																																																																																	
0:00:00																																																																																																	
0:00:00																																																																																																	
0:00:00																																																																																																	
0:00:00																																																																																																	
0:00:00																																																																																																	
0:00:00																																																																																																	
0:00:00																																																																																																	
0:00:00																																																																																																	
0:00:00																																																																																																	
0:00:00																																																																																																	
0:00:00																																																																																																	
0:00:00																																																																																																	
0:00:00																																																																																																	
0:00:00																																																																																																	
0:00:00																																																																																																	
0:00:00																																																																																																	
0:00:00																																																																																																	
0:00:00																																																																																																	
0:00:00																																																																																																	
0:00:00																																																																																																	
0:00:00																																																																																																	
0:00:00																																																																																																	
0:00:00																																																																																																	
0:00:00																																																																																																	
0:00:00																																																																																																	
0:00:00																																																																																																	
0:00:00																																																																																																	
0:00:00																																																																																																	
0:00:00																																																																																																	
0:00:00																																																																																																	
0:00:00																																																																																																	
0:00:00																																																																																																	
0:00:00																																																																																																	
0:00:00																																																																																																	
0:00:00																																																																																																	
0:00:00																																																																																																	
0:00:00																																																																																																	
0:00:00																																																																																																	
0:00:00																																																																																																	
0:00:00																																																																																																	
0:00:00																																																																																																	
0:00:00																																																																																																	
0:00:00																																																																																																	
0:00:00																																																																																																	
0:00:00																																																																																																	
0:00:00																																																																																																	
0:00:00																																																																																																	
0:00:00																																																																																																	
0:00:00																																																																																																	
0:00:00																																																																																																	
0:00:00																																																																																																	
0:00:00																																																																																																	
0:00:00																																																																																																	
0:00:00																																																																																																	
0:00:00																																																																																																	
0:00:00																																																																																																	
0:00:00																																																																																																	
0:00:00																																																																																																	
0:00:00																																																																																																	
0:00:00																																																																																																	
0:00:00																																																																																																	
0:00:00																																																																																																	
0:00:00																																																																																																	
0:00:00																																																																																																	
0:00:00																																																																																																	
0:00:00																																																																																																	
0:00:00																																																																																																	
0:00:00																																																																																																	
0:00:00																																																																																																	
0:00:00																																																																																																	
0:00:00																																																																																																	
0:00:00																																																																																																	
0:00:00																																																																																																	
0:00:00																																																																																																	
0:00:00																																																																																																	
0:00:00																																																																																																	
0:00:00																																																																																																	
0:00:00																																																																																																	
0:00:00																																																																																																	
0:00:00																																																																																																	
0:00:00																																																																																																	
0:00:00																																																																																																	
0:00:00																																																																																																	
0:00:00																																																																																																	
0:00:00																																																																																																	

