Time	T∞ Optical Density:600	A1	A2	A3	A4	A5	A6	A7	A8	A9	A10	A11	A12	B1	B2	B3	B4	B5	B6	B7	B8	B9	B10	B11	B12	C1	C2	C3	C4	C5	C6	C7	C8	C9	C10	C11	C12	D1	D2	D3	D4	D5	D6	D7	D8	D9	D10	D11	D12	E1	E2	E3	E4	E5	E6	E7	E8	E9	E10	E11	E12	F1	F2	F3	F4	F5	F6	F7	F8	F9	F10	F11	F12	G1	G2	G3	G4	G5	G6	G7	G8	G9	G10	G11	G12	H1	H2	H3	H4	H5	H6	H7	H8	H9	H10	H11	H12
0:08:04	37,0	0,130	0,142	0,126	0,133	0,143	0,120	0,127	0,113	0,146	0,108	0,125	0,102	0,125	0,117	0,136	0,128	0,167	0,150	0,122	0,124	0,124	0,114	0,164	0,128	0,107	0,129	0,127	0,118	0,125	0,136	0,119	0,190	0,124	0,117	0,103	0,105	0,115	0,109	0,122	0,108	0,119	0,122	0,122	0,122	0,114	0,122	0,123	0,114	0,110	0,118	0,117	0,113	0,117	0,139	0,169	0,125	0,126	0,126	0,135	0,124	0,125	0,127	0,170	0,142	0,119	0,113	0,137	0,131	0,137	0,128	0,136	0,150	0,106	0,145	0,153	0,141	0,120	0,164	0,105	0,207	0,107	0,145	0,131	0,139	0,110	0,155	0,118	0,113	0,140	0,167	0,103	0,093	0,118	0,102	0,130	0,144
0:18:04	37,0	0,135	0,150	0,134	0,140	0,146	0,126	0,132	0,114	0,153	0,108	0,127	0,102	0,130	0,125	0,144	0,139	0,161	0,159	0,131	0,127	0,126	0,113	0,154	0,128	0,108	0,135	0,124	0,118	0,124	0,133	0,117	0,178	0,121	0,118	0,105	0,106	0,117	0,115	0,121	0,121	0,123	0,124	0,125	0,121	0,114	0,126	0,127	0,111	0,115	0,114	0,118	0,115	0,119	0,149	0,179	0,124	0,130	0,126	0,143	0,124	0,123	0,130	0,175	0,139	0,119	0,116	0,132	0,129	0,136	0,120	0,141	0,144	0,108	0,145	0,161	0,147	0,120	0,171	0,107	0,201	0,106	0,148	0,126	0,140	0,112	0,157	0,119	0,116	0,141	0,136	0,108	0,093	0,125	0,106	0,145	0,143
0:28:04	37,0	0,140	0,157	0,137	0,145	0,153	0,129	0,136	0,116	0,157	0,110	0,133	0,104	0,133	0,132	0,148	0,147	0,176	0,164	0,135	0,131	0,133	0,115	0,151	0,130	0,112	0,140	0,126	0,120	0,132	0,140	0,122	0,182	0,124	0,120	0,107	0,107	0,119	0,116	0,126	0,121	0,126	0,129	0,129	0,123	0,116	0,129	0,129	0,113	0,119	0,115	0,121	0,118	0,121	0,152	0,180	0,126	0,132	0,130	0,160	0,126	0,123	0,134	0,181	0,143	0,121	0,120	0,136	0,137	0,141	0,122	0,147	0,144	0,110	0,147	0,166	0,150	0,122	0,179	0,108	0,205	0,107	0,148	0,128	0,142	0,114	0,161	0,122	0,117	0,143	0,157	0,110	0,093	0,129	0,109	0,153	0,110
0:38:04	37,0	0,146	0,165	0,145	0,150	0,162	0,134	0,142	0,119	0,165	0,112	0,138	0,106	0,140	0,140	0,158	0,156	0,190	0,173	0,142	0,136	0,141	0,119	0,157	0,135	0,113	0,146	0,129	0,123	0,135	0,145	0,125	0,186	0,127	0,124	0,109	0,110	0,122	0,120	0,130	0,125	0,130	0,132	0,132	0,125	0,118	0,134	0,133	0,113	0,121	0,118	0,125	0,120	0,124	0,153	0,187	0,130	0,140	0,138	0,168	0,131	0,126	0,136	0,190	0,148	0,126	0,123	0,141	0,140	0,146	0,126	0,154	0,146	0,113	0,149	0,171	0,153	0,126	0,186	0,111	0,211	0,109	0,152	0,133	0,145	0,117	0,167	0,125	0,121	0,146	0,153	0,112	0,093	0,132	0,111	0,158	0,113
0:48:04	37,0	0,157	0,175	0,155	0,159	0,174	0,141	0,151	0,124	0,177	0,115	0,146	0,110	0,150	0,150	0,172	0,168	0,209	0,187	0,151	0,144	0,152	0,124	0,166	0,144	0,116	0,156	0,133	0,127	0,141	0,152	0,130	0,196	0,131	0,131	0,111	0,113	0,128	0,126	0,136	0,130	0,137	0,139	0,136	0,130	0,127	0,141	0,141	0,118	0,127	0,122	0,131	0,125	0,130	0,160	0,193	0,135	0,150	0,146	0,198	0,139	0,130	0,140	0,206	0,152	0,132	0,133	0,148	0,144	0,152	0,131	0,162	0,151	0,118	0,153	0,174	0,159	0,129	0,191	0,113	0,222	0,112	0,157	0,142	0,151	0,121	0,174	0,129	0,126	0,151	0,154	0,114	0,093	0,136	0,116	0,164	0,122
0:58:04	37,0	0,170	0,189	0,171	0,171	0,193	0,150	0,164	0,132	0,195	0,121	0,159	0,116	0,162	0,163	0,189	0,184	0,231	0,206	0,164	0,156	0,166	0,133	0,182	0,156	0,120	0,168	0,138	0,132	0,148	0,160	0,138	0,210	0,138	0,140	0,115	0,119	0,137	0,136	0,143	0,137	0,146	0,149	0,144	0,136	0,135	0,151	0,151	0,123	0,134	0,130	0,140	0,132	0,137	0,173	0,202	0,143	0,162	0,154	0,213	0,149	0,136	0,146	0,224	0,158	0,138	0,137	0,160	0,150	0,160	0,137	0,170	0,159	0,125	0,158	0,181	0,162	0,138	0,200	0,118	0,233	0,118	0,161	0,153	0,159	0,127	0,182	0,134	0,133	0,158	0,166	0,118	0,094	0,140	0,122	0,171	0,134
1:08:04	37,0	0,190	0,207	0,192	0,189	0,214	0,163	0,182	0,143	0,215	0,128	0,175	0,125	0,182	0,179	0,211	0,204	0,258	0,230	0,181	0,171	0,181	0,144	0,199	0,172	0,126	0,183	0,145	0,140	0,157	0,172	0,148	0,227	0,147	0,154	0,121	0,127	0,149	0,147	0,154	0,147	0,158	0,163	0,155	0,145	0,146	0,165	0,164	0,134	0,145	0,139	0,149	0,141	0,143	0,188	0,212	0,154	0,175	0,166	0,227	0,164	0,146	0,154	0,253	0,166	0,146	0,144	0,178	0,161	0,171	0,147	0,178	0,170	0,134	0,165	0,188	0,168	0,148	0,214	0,126	0,249	0,126	0,169	0,166	0,168	0,134	0,192	0,144	0,145	0,167	0,183	0,125	0,094	0,150	0,132	0,180	0,135
1:18:04	37,0	0,209	0,227	0,212	0,206	0,240	0,182	0,203	0,158	0,243	0,137	0,193	0,138	0,203	0,198	0,237	0,228	0,286	0,258	0,203	0,189	0,203	0,159	0,221	0,195	0,136	0,201	0,155	0,152	0,169	0,187	0,162	0,251	0,158	0,170	0,132	0,139	0,166	0,162	0,168	0,161	0,173	0,182	0,170	0,158	0,159	0,183	0,180	0,144	0,161	0,153	0,162	0,153	0,151	0,203	0,229	0,170	0,189	0,180	0,244	0,183	0,159	0,164	0,282	0,177	0,157	0,158	0,200	0,172	0,185	0,159	0,190	0,184	0,149	0,174	0,197	0,180	0,163	0,226	0,137	0,271	0,138	0,181	0,184	0,180	0,147	0,206	0,158	0,163	0,181	0,203	0,135	0,095	0,163	0,147	0,202	0,151
1:28:04	37,0	0,239	0,249	0,235	0,226	0,265	0,206	0,225	0,176	0,270	0,155	0,213	0,156	0,226	0,220	0,264	0,254	0,316	0,287	0,228	0,214	0,226	0,181	0,245	0,219	0,152	0,221	0,170	0,167	0,187	0,207	0,181	0,276	0,176	0,189	0,145	0,156	0,185	0,181	0,185	0,179	0,189	0,203	0,191	0,174	0,175	0,205	0,199	0,160	0,181	0,171	0,178	0,169	0,163	0,226	0,249	0,184	0,209	0,196	0,265	0,207	0,175	0,178	0,318	0,195	0,172	0,172	0,225	0,192	0,203	0,177	0,206	0,205	0,168	0,186	0,210	0,196	0,184	0,249	0,152	0,297	0,153	0,198	0,207	0,210	0,164	0,223	0,178	0,185	0,202	0,228	0,150	0,097	0,180	0,168	0,221	0,174
1:38:04	37,0	0,258	0,271	0,260	0,250	0,291	0,225	0,248	0,196	0,298	0,175	0,232	0,180	0,246	0,242	0,292	0,282	0,362	0,317	0,253	0,240	0,252	0,200	0,274	0,246	0,169	0,244	0,188	0,188	0,216	0,230	0,202	0,303	0,199	0,204	0,160	0,176	0,202	0,199	0,204	0,200	0,211	0,226	0,211	0,194	0,194	0,226	0,217	0,179	0,203	0,192	0,197	0,188	0,177	0,251	0,271	0,203	0,232	0,214	0,291	0,233	0,198	0,196	0,357	0,216	0,192	0,198	0,262	0,214	0,226	0,198	0,226	0,231	0,191	0,202	0,231	0,216	0,205	0,273	0,172	0,324	0,174	0,221	0,229	0,230	0,187	0,244	0,203	0,215	0,229	0,260	0,169	0,099	0,205	0,197	0,240	0,203
1:48:04	37,0	0,285	0,296	0,287	0,275	0,322	0,248	0,273	0,215	0,326	0,198	0,256	0,200	0,273	0,265	0,319	0,312	0,399	0,343	0,279	0,268	0,276	0,224	0,305	0,273	0,190	0,264	0,208	0,211	0,243	0,259	0,225	0,326	0,220	0,226	0,177	0,195	0,223	0,218	0,222	0,218	0,233	0,245	0,230	0,213	0,211	0,251	0,238	0,195	0,227	0,214	0,218	0,207	0,191	0,275	0,301	0,226	0,260	0,241	0,324	0,263	0,225	0,217	0,397	0,239	0,214	0,220	0,306	0,242	0,256	0,224	0,245	0,259	0,212	0,226	0,256	0,239	0,226	0,300	0,193	0,358	0,194	0,244	0,254	0,260	0,215	0,266	0,234	0,246	0,259	0,290	0,194	0,101	0,232	0,225	0,268	0,237
1:58:04	37,0	0,308	0,323	0,313	0,299	0,357	0,275	0,297	0,240	0,357	0,217	0,279	0,226	0,299	0,288	0,352	0,344	0,443	0,371	0,304	0,293	0,302	0,250	0,337	0,302	0,208	0,287	0,230	0,233	0,270	0,287	0,246	0,354	0,250	0,248	0,194	0,214	0,244	0,240	0,241	0,242	0,264	0,271	0,257	0,236	0,236	0,279	0,265	0,216	0,253	0,236	0,241	0,235	0,209	0,304	0,332	0,252	0,291	0,266	0,355	0,290	0,251	0,243	0,435	0,267	0,239	0,249	0,348	0,266	0,292	0,253	0,270	0,292	0,235	0,256	0,288	0,287	0,252	0,330	0,212	0,411	0,218	0,273	0,277	0,297	0,247	0,288	0,265	0,288	0,293	0,332	0,223	0,106	0,265	0,259	0,292	0,271
2:08:04	37,0	0,337	0,351	0,345	0,325	0,388	0,303	0,322	0,268	0,385	0,237	0,305	0,254	0,328	0,314	0,383	0,379	0,512	0,402	0,332	0,321	0,332	0,274	0,376	0,337	0,228	0,311	0,255	0,257	0,291	0,316	0,266	0,384	0,273	0,275	0,213	0,237	0,274	0,263	0,266	0,269	0,288	0,301	0,279	0,263	0,260	0,300	0,288	0,238	0,280	0,266	0,264	0,263	0,228	0,332	0,361	0,281	0,327	0,291	0,394	0,322	0,280	0,270	0,473	0,297	0,268	0,273	0,396	0,293	0,332	0,286	0,295	0,341	0,261	0,284	0,323	0,312	0,279	0,360	0,234	0,443	0,244	0,307	0,302	0,334	0,284	0,315	0,301	0,322	0,333	0,381	0,254	0,112	0,295	0,296	0,318	0,307
2:18:04	37,0	0,361	0,377	0,374	0,350	0,418	0,334	0,348	0,299	0,419	0,269	0,330	0,285	0,356	0,335	0,413	0,413	0,561	0,430	0,366	0,357	0,360	0,308	0,428	0,371	0,247	0,332	0,285	0,282	0,339	0,345	0,296	0,413	0,308	0,300	0,239	0,259	0,308	0,298	0,288	0,305	0,321	0,332	0,302	0,293	0,286	0,325	0,313	0,262	0,310	0,292	0,292	0,292	0,252	0,365	0,387	0,310	0,372	0,319	0,454	0,361	0,315	0,298	0,514	0,328	0,296	0,305	0,456	0,327	0,374	0,318	0,326	0,388	0,291	0,317	0,356	0,344	0,305	0,391	0,259	0,469	0,273	0,349	0,325	0,371	0,317	0,352	0,337	0,361	0,371	0,424	0,288	0,122	0,322	0,331	0,346	0,346
2:28:04	37,0	0,384	0,403	0,403	0,374	0,451	0,364	0,370	0,329	0,446	0,299	0,352	0,317	0,393	0,355	0,443	0,446	0,605	0,457	0,392	0,386	0,384	0,347	0,490	0,406	0,264	0,361	0,316	0,309	0,372	0,371	0,334	0,436	0,338	0,328	0,259	0,282	0,351	0,330	0,314	0,361	0,351	0,367	0,331	0,331	0,316	0,366	0,342	0,289	0,340	0,324	0,318	0,334	0,269	0,395	0,419	0,340	0,419	0,349	0,506	0,399	0,363	0,333	0,554	0,363	0,332	0,338	0,520	0,369	0,416	0,361	0,358	0,435	0,313	0,356	0,391	0,382	0,325	0,422	0,280	0,508	0,302	0,393	0,348	0,416	0,364	0,397	0,379	0,403	0,416	0,455	0,319	0,136	0,361	0,371	0,385	0,395
2:38:04	37,0	0,407	0,427	0,436	0,395	0,482	0,393	0,389	0,361	0,472	0,335	0,374	0,352	0,422	0,378	0,473	0,480	0,627	0,486	0,419	0,415	0,415	0,380	0,525	0,439	0,282	0,389	0,342	0,337	0,410	0,396	0,366	0,476	0,369	0,364	0,285	0,311	0,410	0,359	0,349	0,412	0,390	0,415	0,366	0,355	0,345	0,401	0,375	0,325	0,374	0,359	0,354	0,374	0,292	0,436	0,441	0,373	0,463	0,384	0,575	0,440	0,406	0,374	0,581	0,403	0,365	0,378	0,571	0,408	0,455	0,401	0,391	0,479	0,338	0,405	0,435	0,423	0,351	0,449	0,301	0,545	0,326	0,438	0,373	0,455	0,408	0,432	0,430	0,444	0,467	0,484	0,358	0,155	0,401	0,418	0,422	0,450
2:48:04	37,0	0,424	0,453	0,458	0,416	0,499	0,420	0,407	0,390	0,504	0,375	0,395	0,388	0,450	0,414	0,502	0,516	0,652	0,520	0,447	0,445	0,436	0,413	0,541	0,465	0,303	0,417	0,361	0,371	0,446	0,424	0,401	0,498	0,400	0,402	0,318	0,339	0,427	0,385	0,369	0,450	0,421	0,454	0,404	0,390	0,386	0,427	0,411	0,371	0,408	0,394	0,378	0,409	0,321	0,470	0,457	0,407	0,508	0,407	0,612	0,468	0,458	0,409	0,617	0,438	0,396	0,409	0,611	0,436	0,489	0,442	0,417	0,521	0,362	0,434	0,475	0,458	0,374	0,476	0,322	0,587	0,360	0,475	0,401	0,487	0,455	0,467	0,470	0,473	0,521	0,520	0,405	0,182	0,449	0,450	0,451	0,491
2:58:04	37,0	0,444	0,480	0,481	0,435	0,518	0,444	0,426	0,417	0,524	0,408	0,410	0,418	0,482	0,465	0,522	0,542	0,675	0,547	0,470	0,471	0,465	0,442	0,560	0,489	0,327	0,449	0,386	0,397	0,476	0,448	0,449	0,519	0,453	0,443	0,347	0,367	0,452	0,422	0,398	0,487	0,450	0,497	0,443	0,427	0,432	0,458	0,452	0,432	0,429	0,426	0,401	0,436	0,353	0,484	0,477	0,436	0,553	0,434	0,654	0,506	0,489	0,432	0,644	0,461	0,425	0,434	0,616	0,459	0,517	0,466	0,437	0,543	0,388	0,461	0,501	0,484	0,398	0,496	0,345	0,609	0,385	0,494	0,425	0,511	0,494	0,516	0,497	0,494	0,561	0,544	0,441	0,216	0,480	0,486	0,462	0,521
3:08:04	37,0	0,466	0,507	0,504	0,453	0,538	0,468	0,448	0,442	0,551	0,440	0,427	0,446	0,503	0,503	0,548	0,564	0,681	0,576	0,491	0,490	0,492	0,472	0,596	0,513	0,345	0,468	0,402	0,421	0,513	0,480	0,493	0,546	0,503	0,469	0,373	0,392	0,489	0,460	0,419	0,506	0,467	0,529	0,468	0,458	0,463	0,475	0,475	0,469	0,450	0,450	0,419	0,454	0,378	0,500	0,509	0,470	0,586	0,454	0,677	0,536	0,495	0,449	0,664	0,485	0,444	0,451	0,631	0,483	0,543	0,489	0,454	0,568	0,416	0,482	0,531	0,506	0,421	0,512	0,364	0,623	0,412	0,521	0,447	0,533	0,521	0,534	0,514	0,509	0,596	0,573	0,466	0,257	0,505	0,499	0,480	0,556
3:18:04	37,0	0,484	0,540	0,524	0,472	0,558	0,492	0,467	0,464	0,580	0,458	0,443	0,475	0,539	0,538	0,576	0,587	0,687	0,607	0,511	0,504	0,519	0,502	0,611	0,530	0,364	0,478	0,426	0,447	0,529	0,511	0,499	0,574	0,513	0,500	0,395	0,422	0,525	0,484	0,444	0,531	0,483	0,539	0,476	0,470	0,497	0,514	0,495	0,521	0,472	0,465	0,439	0,471	0,413	0,519	0,549	0,497	0,609	0,475	0,698	0,559	0,514	0,468	0,681	0,504	0,463	0,475	0,639	0,502	0,566	0,507	0,474	0,591	0,439	0,503	0,551	0,525	0,442	0,524	0,384	0,641	0,435	0,547	0,466	0,560	0,538	0,669	0,532	0,528	0,615	0,596	0,490	0,293	0,530	0,517	0,496	0,588
3:28:04	37,0	0,502	0,554	0,548	0,486	0,589	0,515	0,485	0,489	0,597	0,488	0,453	0,502	0,579	0,576	0,596	0,613	0,692	0,636	0,538	0,519	0,563	0,530	0,624	0,549	0,387	0,496	0,449	0,468	0,531	0,530	0,534	0,597	0,543	0,522	0,419	0,452	0,547	0,492	0,467	0,554	0,504	0,565	0,503	0,506	0,517	0,537	0,515	0,552	0,488	0,475	0,450	0,486	0,437	0,529	0,562	0,519	0,636	0,494	0,718	0,591	0,526	0,480	0,696	0,521	0,492	0,488	0,681	0,523	0,587	0,522	0,496	0,601	0,469	0,525	0,569	0,548	0,464	0,539	0,402	0,661	0,460	0,572	0,482	0,590	0,550	0,718	0,548	0,545	0,632	0,630	0,512	0,333	0,548	0,537	0,511	0,625
3:38:04	37,0	0,516	0,572	0,561	0,503	0,608	0,532	0,505	0,509	0,622	0,512	0,463	0,529	0,604	0,598	0,614	0,634	0,696	0,658	0,563	0,554	0,596	0,564	0,632	0,572	0,408	0,513	0,470	0,501	0,538	0,548	0,532	0,620	0,538	0,554	0,438	0,486	0,566	0,497	0,495	0,565	0,518	0,578	0,526	0,509	0,538	0,566	0,530	0,587	0,506	0,487	0,470	0,495	0,493	0,548	0,584	0,539	0,658	0,519	0,736	0,609	0,535	0,494	0,720	0,535	0,510	0,505	0,690	0,539	0,606	0,535	0,527	0,616	0,480	0,545	0,584	0,571	0,481	0,552	0,418	0,669	0,484	0,598	0,502	0,619	0,561	0,742	0,565	0,556	0,642	0,669	0,535	0,380	0,565	0,565	0,527	0,658
3:48:04	37,0	0,531	0,589	0,570	0,522	0,624	0,552	0,529	0,530	0,642	0,530	0,481	0,555	0,631	0,610	0,631	0,653	0,703	0,675	0,591	0,592	0,620	0,595	0,641	0,600	0,432	0,534	0,484	0,525	0,560	0,566	0,577	0,631	0,571	0,583	0,452	0,524	0,585	0,516	0,513	0,602	0,547	0,600	0,555	0,540	0,547	0,589	0,539	0,605	0,525	0,498	0,487	0,507	0,539	0,571	0,599	0,561	0,687	0,555	0,757	0,633	0,556	0,512	0,721	0,542	0,531	0,519	0,708	0,561	0,606	0,550	0,549	0,633	0,493	0,567	0,600	0,589	0,493	0,565	0,434	0,683	0,500	0,619	0,523	0,644	0,577	0,766	0,589	0,574	0,661	0,712	0,565	0,434	0,585	0,581	0,546	0,683
3:58:04	37,0	0,547	0,608	0,583	0,539	0,641	0,572	0,559	0,547	0,659	0,550	0,492	0,580	0,656	0,620	0,649	0,668	0,713	0,689	0,613	0,616	0,641	0,612	0,652	0,625	0,450	0,558	0,492	0,550	0,581	0,588	0,577	0,646	0,583	0,626	0,463	0,557	0,608	0,550	0,535	0,629	0,575	0,627	0,589	0,562	0,570	0,612	0,554	0,636	0,536	0,512	0,507	0,526	0,552	0,587	0,613	0,580	0,713	0,608	0,780	0,652	0,597	0,529	0,727	0,564	0,544	0,537	0,723	0,583	0,615	0,559	0,578	0,647	0,509	0,592	0,616	0,611	0,509	0,578	0,447	0,693	0,514	0,633	0,545	0,671	0,589	0,789	0,608	0,594	0,674	0,752	0,582	0,483	0,609	0,604	0,560	0,712
4:08:04	37,0	0,561	0,617	0,598	0,558	0,665	0,592	0,587	0,567	0,681	0,575	0,506	0,605	0,683	0,631	0,668	0,691	0,726	0,703	0,633	0,645	0,662	0,636	0,662	0,649	0,474	0,583	0,501	0,574	0,596	0,613	0,611	0,661	0,605	0,665	0,474	0,598	0,637	0,576	0,557	0,659	0,611	0,654	0,620	0,603	0,588	0,645	0,561	0,661	0,560	0,524	0,567	0,548	0,569	0,606	0,625	0,603	0,743	0,621	0,807	0,673	0,617	0,547	0,743	0,576	0,551	0,549	0,709	0,600	0,623	0,572	0,586	0,666	0,523	0,613	0,634	0,633	0,520	0,599	0,462	0,709	0,528	0,660	0,568	0,701	0,599	0,819	0,639	0,616	0,691	0,785	0,597	0,524	0,623	0,621	0,580	0,740
4:18:04	37,0	0,575	0,627	0,609	0,573	0,680	0,605	0,613	0,584	0,696	0,591	0,521	0,621	0,705	0,642	0,686	0,708	0,737	0,718	0,651	0,670	0,680	0,651	0,673	0,666	0,495	0,604	0,511	0,594	0,606	0,637	0,645	0,683	0,627	0,704	0,487	0,632	0,664	0,601	0,588	0,677	0,632	0,678	0,650	0,629	0,624	0,674	0,577	0,693	0,586	0,534	0,591	0,558	0,593	0,620	0,658	0,620	0,773	0,640	0,825	0,694	0,633	0,570	0,753	0,596	0,568	0,569	0,722	0,627	0,632	0,583	0,590	0,680	0,528	0,636	0,652	0,650	0,527	0,614	0,471	0,722	0,538	0,654	0,592	0,727	0,622	0,842	0,652	0,638	0,701	0,821	0,612	0,559	0,638	0,654	0,603	0,768
4:28:04	37,0	0,586	0,635	0,622	0,593	0,694	0,624	0,639	0,602	0,712	0,601	0,540	0,638	0,722	0,651	0,704	0,725	0,747	0,731	0,668	0,698	0,692	0,660	0,688	0,686	0,519	0,623	0,525	0,616	0,616	0,652	0,675	0,713	0,653	0,738	0,495	0,662	0,697	0,629	0,614	0,702	0,662	0,705	0,681	0,654	0,662	0,702	0,600	0,726	0,609	0,547	0,603	0,569	0,608	0,628	0,679	0,652	0,808	0,658	0,845	0,715	0,641	0,602	0,765	0,605	0,572	0,602	0,749	0,654	0,643	0,593	0,598	0,701	0,535	0,660	0,672	0,667	0,532	0,637	0,482	0,735	0,548	0,680	0,613	0,755	0,639	0,868	0,680	0,658	0,713	0,849	0,639	0,595	0,660	0,692	0,624	0,790
4:38:04	37,0	0,601	0,641	0,638	0,621	0,718	0,646	0,659	0,622	0,727	0,620	0,561	0,654	0,738	0,661	0,722	0,740	0,759	0,741	0,683	0,723	0,706	0,677	0,698	0,712	0,543	0,641	0,543	0,635	0,627	0,671	0,696	0,736	0,667	0,772	0,507	0,689	0,729	0,652	0,644	0,728	0,683	0,724	0,712	0,677	0,708	0,734	0,624	0,757	0,632	0,559	0,622	0,579	0,626	0,640	0,700	0,681	0,833	0,678	0,861	0,736	0,663	0,639	0,777	0,628	0,565	0,624	0,768	0,680	0,663	0,604	0,613	0,716	0,541	0,679	0,692	0,686	0,540	0,651	0,488	0,746	0,558	0,707	0,635	0,785	0,669	0,887	0,696	0,681	0,722	0,875	0,657	0,613	0,671	0,724	0,652	0,824
4:48:04	37,0	0,612	0,649	0,651	0,646	0,730	0,673	0,675	0,643	0,741	0,637	0,584	0,667	0,755	0,672	0,739	0,758	0,769	0,753	0,703	0,746	0,721	0,690	0,710	0,721	0,567	0,659	0,562	0,655	0,637	0,688	0,733	0,752	0,697	0,802	0,522	0,713	0,761	0,679	0,672	0,753	0,717	0,755	0,737	0,708	0,741	0,763	0,643	0,790	0,654	0,573	0,635	0,587	0,641	0,651	0,714	0,706	0,860	0,699	0,881	0,757	0,680	0,683	0,774	0,640	0,580	0,642	0,788	0,713	0,671	0,620	0,617	0,740	0,547	0,702	0,715	0,709	0,545	0,671	0,496	0,762	0,566	0,738	0,657	0,816	0,695	0,904	0,713	0,708	0,737	0,901	0,670	0,637	0,694	0,762	0,680	0,847
4:58:04	37,0	0,622	0,658	0,666	0,659	0,745	0,700	0,694	0,660	0,755	0,651	0,600	0,682	0,774	0,683	0,759	0,773	0,779	0,765	0,716	0,766	0,738	0,704	0,726	0,743	0,592	0,674	0,578	0,675	0,646	0,712	0,744	0,782	0,721	0,841	0,535	0,737	0,795	0,708	0,700	0,782	0,741	0,780	0,766	0,741	0,746	0,792	0,669	0,826	0,683	0,579	0,653	0,597	0,657	0,667	0,728	0,726	0,884	0,722	0,895	0,778	0,701	0,708	0,787	0,671	0,581	0,666	0,796	0,746	0,688	0,636	0,629	0,761	0,554	0,722	0,741	0,729	0,553	0,689	0,503	0,778	0,574	0,757	0,680	0,844	0,707	0,926	0,725	0,736	0,745	0,925	0,684	0,662	0,712	0,790	0,702	0,874
5:08:04	37,0	0,630	0,667	0,681	0,685	0,762	0,727	0,716	0,684	0,776	0,671	0,619	0,701	0,796	0,695	0,778	0,791	0,795	0,782	0,739	0,787	0,756	0,717	0,742	0,757	0,620	0,687	0,592	0,698	0,655	0,737	0,784	0,782	0,752	0,870	0,551	0,765	0,832	0,733	0,728	0,809	0,778	0,814	0,805	0,783	0,797	0,830	0,685	0,849	0,708	0,591	0,670	0,608	0,671	0,685	0,747	0,738	0,913	0,746	0,913	0,799	0,720	0,736	0,798	0,709	0,585	0,683	0,818	0,773	0,704	0,657	0,640	0,789	0,563	0,750	0,765	0,750	0,558	0,713	0,514	0,796	0,580	0,777	0,704	0,874	0,719	0,947	0,743	0,766	0,756	0,952	0,705	0,686	0,727	0,818	0,720	0,894
5:18:04	37,0	0,642	0,677	0,697	0,701	0,776	0,746	0,732	0,698	0,788	0,690	0,633	0,712	0,812	0,707	0,796	0,807	0,802	0,795	0,754	0,806	0,770	0,737	0,751	0,775	0,647	0,708	0,607	0,719	0,667	0,756	0,814	0,808	0,788	0,890	0,564	0,792	0,866	0,761	0,758	0,838	0,804	0,838	0,825	0,805	0,829	0,853	0,716	0,883	0,732	0,605	0,683	0,620	0,685	0,700	0,766	0,768	0,934	0,769	0,930	0,821	0,736	0,764	0,815	0,764	0,601	0,711	0,830	0,800	0,727	0,702	0,644	0,815	0,570	0,771	0,787	0,770	0,567	0,731	0,523	0,812	0,591	0,803	0,725	0,900	0,732	0,965	0,756	0,796	0,771	0,974	0,721	0,710	0,751	0,846	0,742	0,918
5:28:04	37,0	0,652	0,686	0,712	0,725	0,791	0,770	0,749	0,716	0,804	0,702	0,647	0,730	0,832	0,718	0,813	0,825	0,814	0,811	0,773	0,827	0,785	0,747	0,772	0,795	0,674	0,719	0,622	0,742	0,682	0,775	0,844	0,836	0,798	0,918	0,579	0,818	0,895	0,782	0,786	0,864	0,835	0,865	0,856	0,834	0,860	0,881	0,755	0,918	0,750	0,620	0,703	0,634	0,696	0,717	0,785	0,783	0,957	0,788	0,948	0,842	0,752	0,785	0,824	0,807	0,615	0,742	0,845	0,832	0,751	0,737	0,654	0,840	0,578	0,793	0,809	0,795	0,573	0,753	0,533	0,829	0,601	0,826	0,744	0,928	0,744	0,985	0,770	0,827	0,779	0,994	0,735	0,737	0,768	0,867	0,759	0,936
5:38:04	37,0	0,663	0,698	0,731	0,752	0,809	0,793	0,770	0,738	0,822	0,724	0,662	0,750	0,854	0,731	0,831	0,843	0,828	0,826	0,789	0,840	0,805	0,765	0,785	0,806	0,707	0,736	0,635	0,764	0,695	0,798	0,866	0,844	0,811	0,945	0,597	0,849	0,921	0,807	0,811	0,888	0,864	0,888	0,882	0,865	0,875	0,911	0,774	0,946	0,777	0,637	0,730	0,648	0,710	0,743	0,812	0,803	0,981	0,813	0,966	0,863	0,770	0,807	0,840	0,854	0,633	0,771	0,869	0,862	0,781	0,761	0,664	0,868	0,587	0,816	0,834	0,818	0,583	0,771	0,546	0,846	0,609	0,848	0,766	0,951	0,757	1,008	0,781	0,858	0,789	1,010	0,748	0,762	0,781	0,893	0,778	0,960
5:48:04	37,0	0,675	0,707	0,746	0,766	0,822	0,810	0,784	0,751	0,838	0,743	0,679	0,762	0,870	0,743	0,846	0,858	0,841	0,841	0,807	0,858	0,822	0,780	0,793	0,830	0,734	0,752	0,658	0,788	0,714	0,818	0,898	0,862	0,835	0,969	0,617	0,871	0,947	0,831	0,838	0,910	0,886	0,912	0,914	0,897	0,914	0,934	0,787	0,978	0,792	0,655	0,749	0,664	0,721	0,754	0,830	0,829	0,993	0,834	0,978	0,883	0,787	0,835	0,851	0,891	0,642	0,791	0,883	0,899	0,806	0,793	0,670	0,893	0,596	0,836	0,853	0,837	0,591	0,786	0,556	0,864	0,622	0,872	0,784	0,973	0,768	1,020	0,794	0,888	0,798	1,028	0,762	0,794	0,799	0,914	0,795	0,979
5:58:04	37,0	0,689	0,717	0,763	0,806	0,834	0,828	0,798	0,769	0,853	0,761	0,692	0,782	0,889	0,755	0,863	0,875	0,852	0,853	0,819	0,876	0,839	0,790	0,813	0,841	0,757	0,772	0,669	0,803	0,728	0,840	0,921	0,877	0,864	0,978	0,630	0,896	0,974	0,853	0,857	0,938	0,913	0,935	0,940	0,916	0,932	0,960	0,813	1,006	0,812	0,673	0,767	0,677	0,732	0,771	0,855	0,846	1,008	0,855	0,992	0,899	0,804	0,860	0,870	0,925	0,649	0,815	0,899	0,926	0,830	0,821	0,678	0,915	0,606	0,855	0,876	0,855	0,600	0,805	0,571	0,881	0,636	0,894	0,803	0,990	0,780	1,036	0,801	0,915	0,808	1,044	0,776	0,819	0,815	0,936	0,810	1,000
6:08:04	37,0	0,701	0,728	0,780	0,809	0,850	0,844	0,818	0,783	0,867	0,779	0,710	0,798	0,905	0,767	0,877	0,892	0,861	0,868	0,835	0,890	0,855	0,807	0,827	0,858	0,785	0,787	0,683	0,822	0,743	0,858	0,938	0,887	0,879	0,996	0,649	0,917	0,995	0,872	0,886	0,956	0,938	0,954	0,957	0,939	0,950	0,983	0,844	1,031	0,831	0,689	0,780	0,695	0,745	0,795	0,875	0,867	1,023	0,876	1,004	0,922	0,823	0,880	0,882	0,960	0,660	0,840	0,922	0,960	0,853	0,842	0,686	0,939	0,615	0,878	0,897	0,869	0,609	0,823	0,584	0,894	0,650	0,913	0,820	1,012	0,792	1,048	0,813	0,937	0,817	1,060	0,787	0,844	0,830	0,964	0,826	1,015
6:18:04	37,0	0,713	0,740	0,793	0,841	0,862	0,862	0,833	0,800	0,882	0,796	0,724	0,811	0,920	0,778	0,893	0,906	0,872	0,880	0,851	0,903	0,871	0,818	0,845	0,874	0,810	0,801	0,700	0,841	0,761	0,876	0,957	0,907	0,897	1,015	0,670	0,933	1,015	0,894	0,904	0,980	0,960	0,978	0,985	0,961	0,975	1,006	0,872	1,049	0,846	0,707	0,797	0,709	0,757	0,810	0,893	0,887	1,038	0,894	1,014	0,938	0,841	0,902	0,896	0,988	0,673	0,860	0,943	0,986	0,871	0,860	0,693	0,963	0,623	0,894	0,914	0,885	0,618	0,837	0,597	0,911	0,666	0,932	0,836	1,030	0,800	1,060	0,823	0,959	0,823	1,073	0,793	0,872	0,840	0,983	0,841	1,028
6:28:04	37,0	0,726	0,753	0,807	0,844	0,876	0,879	0,846	0,818	0,895	0,822	0,747	0,828	0,938	0,788	0,910	0,921	0,884	0,897	0,869	0,911	0,883	0,835	0,856	0,884	0,839	0,814	0,722	0,862	0,790	0,889	0,991	0,923	0,905	1,039	0,681	0,952	1,038	0,911	0,930	1,004	0,988	0,995	1,006	0,982	1,008	1,036	0,879	1,075	0,864	0,723	0,812	0,729	0,759	0,830	0,914	0,901	1,053	0,886	1,028	0,956	0,858	0,921	0,905	1,017	0,681	0,881	0,962	1,013	0,888	0,883	0,698	0,984	0,634	0,917	0,929	0,899	0,626	0,861	0,615	0,934	0,675	0,951	0,858	1,048	0,807	1,071	0,834	0,980	0,833	1,091	0,802	0,902	0,854	1,001	0,851	1,040
6:38:04	37,0	0,738	0,763	0,822	0,864	0,890	0,896	0,863	0,828	0,904	0,834	0,772	0,844	0,950	0,801	0,924	0,935	0,897	0,910	0,882	0,927	0,898	0,844	0,870	0,903	0,858	0,833	0,732	0,875	0,799	0,909	1,003	0,952	0,928	1,051	0,701	0,965	1,059	0,928	0,947	1,027	1,008	1,017	1,020	1,003	1,028	1,051	0,908	1,095	0,878	0,740	0,827	0,746	0,771	0,847	0,926	0,922	1,058	0,900	1,037	0,969	0,879	0,940	0,921	1,050	0,693	0,903	0,974	1,038	0,905	0,898	0,705	1,002	0,642	0,933	0,941	0,914	0,633	0,869	0,624	0,947	0,689	0,972	0,873	1,065	0,816	1,078	0,845	0,998	0,838	1,101	0,811	0,928	0,865	1,012	0,860	1,049
6:48:04	37,0	0,750	0,773	0,839	0,890	0,900	0,907	0,879	0,845	0,915	0,850	0,786	0,857	0,962	0,812	0,937	0,947	0,904	0,924	0,899	0,934	0,911	0,856	0,880	0,913	0,877	0,846	0,744	0,887	0,808	0,929	1,025	0,950	0,938	1,065	0,720	0,982	1,074	0,948	0,967	1,040	1,026	1,032	1,041	1,024	1,031	1,071	0,925	1,114	0,894	0,753	0,843	0,762	0,785	0,864	0,944	0,933	1,072	0,903	1,048	0,980	0,900	0,966	0,930	1,071	0,707	0,926	1,002	1,059	0,922	0,917	0,718	1,029	0,651	0,949	0,957	0,927	0,645	0,884	0,644	0,964	0,701	0,984	0,892	1,082	0,823	1,088	0,852	1,012	0,845	1,111	0,820	0,955	0,871	1,030	0,867	1,063
6:58:04	37,0	0,760	0,785	0,852	0,892	0,914	0,927	0,888	0,859	0,931	0,873	0,800	0,867	0,977	0,824	0,951	0,961	0,914	0,935	0,919	0,948	0,927	0,873	0,897	0,927	0,896	0,859	0,768	0,905	0,833	0,941	1,050	0,975	0,956	1,083	0,734	0,996	1,091	0,964	0,988	1,066	1,046	1,057	1,067	1,037	1,059	1,089	0,944	1,131	0,908	0,769	0,857	0,779	0,797	0,879	0,959	0,948	1,080	0,925	1,059	0,992	0,919	0,987	0,949	1,097	0,718	0,947	1,018	1,082	0,937	0,935	0,723	1,047	0,661	0,965	0,969	0,940	0,652	0,898	0,652	0,979	0,716	0,999	0,905	1,097	0,832	1,096	0,860	1,027	0,855	1,122	0,827	0,976	0,879	1,041	0,875	1,068
7:08:04	37,0	0,770	0,798	0,868	0,915	0,928	0,939	0,907	0,871	0,944	0,886	0,818	0,881	0,989	0,836	0,964	0,973	0,925	0,951	0,931	0,956	0,943	0,888	0,907	0,944	0,915	0,872	0,781	0,921	0,846	0,963	1,063	0,976	0,963	1,095	0,750	1,010	1,108	0,983	1,002	1,079	1,066	1,072	1,084	1,054	1,074	1,107	0,965	1,145	0,925	0,785	0,872	0,797	0,807	0,894	0,972	0,964	1,091	0,973	1,072	1,004	0,937	1,005	0,961	1,122	0,732	0,964	1,035	1,099	0,951	0,949	0,733	1,071	0,671	0,981	0,982	0,954	0,662	0,918	0,670	0,994	0,733	1,014	0,919	1,110	0,840	1,103	0,865	1,037	0,859	1,134	0,832	0,994	0,885	1,056	0,882	1,081
7:18:04	37,0	0,782	0,813	0,883	0,939	0,945	0,958	0,920	0,887	0,958	0,906	0,840	0,896	1,005	0,848	0,977	0,985	0,938	0,966	0,945	0,966	0,954	0,898	0,920	0,960	0,936	0,885	0,800	0,938	0,868	0,974	1,086	0,990	0,971	1,116	0,759	1,026	1,126	1,001	1,024	1,095	1,086	1,084	1,102	1,071	1,099	1,126	0,969	1,171	0,942	0,798	0,887	0,814	0,818	0,907	0,988	0,972	1,099	0,988	1,084	1,015	0,955	1,025	0,975	1,142	0,742	0,987	1,059	1,120	0,962	0,966	0,737	1,095	0,680	0,997	0,992	0,965	0,671	0,936	0,686	1,010	0,745	1,034	0,932	1,124	0,844	1,114	0,871	1,045	0,863	1,144	0,840	1,015	0,897	1,071	0,891	1,094
7:28:04	37,0	0,794	0,826	0,899	0,935	0,955	0,973	0,930	0,904	0,969	0,921	0,856	0,906	1,015	0,857	0,989	0,997	0,952	0,979	0,961	0,977	0,968	0,908	0,931	0,973	0,955	0,901	0,815	0,949	0,879	0,987	1,111	1,003	0,986	1,130	0,775	1,041	1,142	1,020	1,037	1,115	1,107	1,104	1,121	1,088	1,110	1,144	0,981	1,181	0,954	0,811	0,899	0,829	0,831	0,920	1,003	0,985	1,109	1,006	1,094	1,028	0,973	1,043	0,988	1,160	0,754	1,003	1,067	1,137	0,974	0,983	0,745	1,118	0,689	1,009	1,003	0,978	0,681	0,949	0,699	1,022	0,759	1,050	0,940	1,139	0,847	1,121	0,878	1,050	0,869	1,152	0,843	1,029	0,901	1,085	0,896	1,104
7:38:04	37,0	0,806	0,841	0,905	0,959	0,968	0,989	0,951	0,916	0,983	0,941	0,856	0,919	1,025	0,870	1,003	1,009	0,961	0,991	0,976	0,988	0,981	0,923	0,941	0,985	0,970	0,918	0,826	0,961	0,892	1,000	1,134	1,016	1,001	1,145	0,784	1,054	1,157	1,034	1,053	1,134	1,121	1,121	1,139	1,105	1,133	1,160	1,010	1,196	0,966	0,825	0,911	0,844	0,843	0,932	1,015	0,998	1,117	0,983	1,105	1,037	0,992	1,062	1,001	1,180	0,765	1,023	1,089	1,152	0,986	0,999	0,754	1,135	0,700	1,021	1,015	0,989	0,690	0,966	0,716	1,037	0,774	1,065	0,948	1,153	0,853	1,127	0,883	1,056	0,872	1,161	0,848	1,044	0,904	1,096	0,903	1,114
7:48:04	37,0	0,818	0,851	0,921	0,967	0,977	1,000	0,957	0,926	0,993	0,958	0,864	0,932	1,039	0,882	1,011	1,020	0,972	1,001	0,990	0,996	0,991	0,933	0,953	0,989	0,980	0,930	0,844	0,976	0,904	1,018	1,138	1,030	1,009	1,155	0,792	1,068	1,171	1,049	1,068	1,148	1,135	1,134	1,146	1,117	1,141	1,173	1,028	1,207	0,977	0,839	0,922	0,857	0,854	0,941	1,024	1,012	1,126	0,997	1,113	1,046	1,008	1,081	1,012	1,200	0,777	1,043	1,107	1,165	0,999	1,014	0,765	1,154	0,711	1,032	1,025	1,000	0,699	0,980	0,731	1,050	0,790	1,080	0,956	1,164	0,854	1,132	0,886	1,059	0,874	1,167	0,850	1,057	0,907	1,107	0,905	1,121
7:58:04	37,0	0,829	0,868	0,932	0,981	0,988	1,010	0,979	0,942	1,000	0,992	0,891	0,941	1,047	0,891	1,023	1,028	0,978	1,012	1,007	1,003	1,002	0,949	0,964	0,998	0,994	0,942	0,855	0,988	0,916	1,030	1,145	1,045	1,020	1,164	0,804	1,079	1,184	1,060	1,084	1,159	1,150	1,147	1,157	1,132	1,158	1,186	1,036	1,218	0,986	0,851	0,932	0,868	0,863	0,948	1,035	1,028	1,134	1,035	1,121	1,053	1,025	1,096	1,022	1,216	0,790	1,056	1,126	1,179	1,009	1,026	0,775	1,175	0,720	1,042	1,036	1,010	0,707	0,992	0,743	1,061	0,805	1,095	0,962	1,177	0,854	1,134	0,888	1,063	0,878	1,174	0,852	1,069	0,911	1,119	0,908	1,127
8:08:04	37,0	0,839	0,874	0,945	0,990	1,000	1,024	0,990	0,948	1,011	1,084	0,890	0,952	1,056	0,901	1,033	1,040	0,989	1,022	1,019	1,012	1,016	0,952	0,973	1,010	1,009	0,952	0,869	1,002	0,927	1,040	1,159	1,052	1,025	1,174	0,819	1,092	1,196	1,073	1,100	1,176	1,165	1,161	1,170	1,145	1,167	1,199	1,045	1,228	0,995	0,862	0,943	0,882	0,874	0,959	1,046	1,030	1,139	1,044	1,130	1,065	1,042	1,108	1,029	1,229	0,802	1,074	1,138	1,196	1,020	1,041	0,784	1,191	0,729	1,052	1,046	1,019	0,716	1,006	0,761	1,071	0,818	1,111	0,966	1,185	0,856	1,139	0,888	1,067	0,876	1,180	0,854	1,081	0,913	1,126	0,909	1,136
8:18:04	37,0	0,849	0,893	0,959	1,006	1,012	1,042	0,994	0,969	1,024	1,002	0,903	0,964	1,070	0,912	1,046	1,050	0,997	1,037	1,031	1,020	1,029	0,965	0,987	1,022	1,019	0,961	0,876	1,015	0,939	1,048	1,179	1,063	1,035	1,187	0,822	1,103	1,205	1,088	1,108	1,189	1,182	1,171	1,186	1,154	1,178	1,211	1,066	1,240	1,004	0,872	0,951	0,896	0,886	0,971	1,054	1,037	1,149	1,052	1,141	1,075	1,056	1,122	1,040	1,241	0,809	1,089	1,154	1,202	1,033	1,055	0,792	1,211	0,741	1,061	1,054	1,031	0,725	1,021	0,780	1,079	0,831	1,120	0,974	1,197	0,858	1,144	0,892	1,070	0,879	1,187	0,856	1,094	0,915	1,139	0,911	1,146
8:28:04	37,0	0,860	0,897	0,983	1,014	1,019	1,051	1,008	0,974	1,034	1,024	0,915	0,975	1,078	0,924	1,055	1,058	1,009	1,045	1,043	1,028	1,033	0,973	0,998	1,026	1,028	0,974	0,891	1,021	0,944	1,057	1,187	1,068	1,046	1,196	0,838	1,110	1,215	1,099	1,125	1,197	1,188	1,183	1,195	1,167	1,194	1,223	1,075	1,247	1,012	0,882	0,960	0,903	0,895	0,975	1,064	1,053	1,156	1,060	1,145	1,080	1,071	1,140	1,057	1,251	0,823	1,107	1,166	1,212	1,042	1,073	0,805	1,224	0,749	1,070	1,062	1,041	0,733	1,034	0,789	1,064	0,850	1,134	0,980	1,207	0,859	1,147	0,891	1,073	0,880	1,195	0,857	1,102	0,919	1,146	0,911	1,152
8:38:04	37,0	0,870	0,912	0,997	1,032	1,032	1,069	1,024	0,988	1,044	1,050	0,934	0,990	1,091	0,931	1,067	1,071	1,020	1,058	1,058	1,036	1,045	0,984	1,007	1,041	1,039	0,984	0,897	1,036	0,962	1,068	1,204	1,079	1,049	1,206	0,846	1,121	1,226	1,110	1,133	1,215	1,206	1,195	1,212	1,175	1,205	1,237	1,082	1,261	1,023	0,891	0,971	0,916	0,905	0,985	1,071	1,056	1,164	1,069	1,156	1,092	1,085	1,145	1,065	1,267	0,830	1,121	1,181	1,220	1,051	1,085	0,811	1,238	0,759	1,079	1,072	1,055	0,743	1,047	0,808	1,065	0,863	1,145	0,985	1,218	0,861	1,153	0,896	1,076	0,881	1,200	0,858	1,114	0,921	1,156	0,912	1,163
8:48:04	37,0	0,878	0,926	0,996	1,044	1,043	1,081	1,034	1,002	1,056	1,136	0,946	1,003	1,101	0,942	1,077	1,081	1,028	1,068	1,071	1,045	1,057	0,993	1,019	1,050	1,052	0,992	0,912	1,045	0,972	1,074	1,215	1,087	1,056	1,220	0,855	1,128	1,237	1,122	1,144	1,224	1,218	1,207	1,222	1,187	1,217	1,248	1,095	1,267	1,031	0,900	0,980	0,926	0,912	0,995	1,083	1,065	1,168	1,076	1,164	1,100	1,099	1,162	1,079	1,277	0,840	1,134	1,195	1,227	1,058	1,099	0,822	1,252	0,770	1,089	1,083	1,062	0,751	1,059	0,822	1,073	0,877	1,158	0,993	1,228	0,864	1,157	0,899	1,079	0,881	1,211	0,858	1,125	0,922	1,165	0,912	1,182
8:58:04	37,0	0,887	0,938	1,016	1,054	1,053	1,090	1,040	1,017	1,065	1,147	0,959	1,018	1,110	0,951	1,085	1,088	1,038	1,077	1,082	1,050	1,066	1,002	1,029	1,058	1,058	0,997	0,924	1,051	0,983	1,083	1,222	1,098	1,064	1,225	0,863	1,134	1,244	1,134	1,153	1,238	1,225	1,220	1,228	1,194	1,228	1,256	1,103	1,276	1,038	0,908	0,987	0,934	0,921	1,004	1,094	1,078	1,174	1,083	1,169	1,108	1,112	1,174	1,086	1,286	0,852	1,149	1,205	1,236	1,067	1,111	0,831	1,259	0,780	1,097	1,089	1,070	0,759	1,071	0,833	1,083	0,887	1,169	0,995	1,236	0,865	1,160	0,899	1,082	0,882	1,213	0,858	1,132	0,925	1,172	0,910	1,187
9:08:04	37,0	0,896	0,950	1,028	1,066	1,062	1,103	1,055	1,031	1,079	1,152	0,976	1,028	1,120	0,960	1,096	1,098	1,050	1,087	1,094	1,058	1,074	1,013	1,038	1,063	1,068	1,004	0,939	1,062	0,989	1,089	1,233	1,103	1,070	1,233	0,878	1,142	1,254	1,143	1,164	1,248	1,238	1,227	1,239	1,207	1,234	1,268	1,116	1,282	1,047	0,917	0,998	0,946	0,931	1,014	1,100	1,082	1,178	1,090	1,178	1,117	1,127	1,188	1,096	1,287	0,864	1,162	1,218	1,243	1,077	1,125	0,843	1,271	0,791	1,103	1,099	1,081	0,770	1,085	0,848	1,096	0,898	1,180	1,005	1,245	0,865	1,164	0,901	1,085	0,880	1,216	0,860	1,143	0,926	1,181	0,910	1,192
9:18:04	37,0	0,906	0,963	1,040	1,084	1,074	1,110	1,068	1,043	1,091	1,167	0,990	1,039	1,128	0,968	1,106	1,108	1,058	1,097	1,106	1,065	1,087	1,018	1,043	1,076	1,078	1,012	0,942	1,069	0,992	1,094	1,243	1,108	1,072	1,242	0,887	1,148	1,265	1,154	1,173	1,254	1,248	1,238	1,247	1,218	1,245	1,276	1,123	1,292	1,056	0,924	1,007	0,955	0,935	1,020	1,109	1,089	1,190	1,096	1,185	1,125	1,140	1,200	1,106	1,291	0,874	1,173	1,230	1,249	1,086	1,137	0,850	1,276	0,800	1,111	1,107	1,092	0,779	1,098	0,860	1,105	0,902	1,193	1,008	1,252	0,866	1,167	0,905	1,089	0,882	1,196	0,861	1,148	0,928	1,189	0,910	1,200
9:28:04	37,0	0,915	0,973	1,053	1,088	1,084	1,120	1,084	1,054	1,098	1,211	1,008	1,049	1,131	0,979	1,116	1,117	1,067	1,109	1,119	1,072	1,095	1,026	1,053	1,083	1,084	1,022	0,952	1,077	1,004	1,102	1,254	1,115	1,079	1,255	0,897	1,157	1,271	1,162	1,185	1,263	1,260	1,248	1,259	1,228	1,256	1,286	1,130	1,296	1,062	0,932	1,014	0,964	0,945	1,030	1,117	1,094	1,195	1,103	1,191	1,132	1,151	1,212	1,116	1,303	0,885	1,183	1,243	1,256	1,098	1,149	0,859	1,282	0,812	1,118	1,113	1,098	0,788	1,109	0,870	1,114	0,913	1,204	1,013	1,261	0,867	1,168	0,904	1,090	0,882	1,196	0,859	1,157	0,929	1,194	0,911	1,213
9:38:04	37,0	0,923	0,984	1,064	1,102	1,090	1,131	1,097	1,063	1,107	1,244	1,013	1,063	1,139	0,986	1,123	1,124	1,075	1,115	1,126	1,079	1,105	1,040	1,063	1,092	1,091	1,028	0,958	1,082	1,010	1,110	1,266	1,121	1,087	1,263	0,902	1,161	1,279	1,172	1,191	1,274	1,271	1,258	1,268	1,234	1,263	1,294	1,139	1,303	1,068	0,938	1,021	0,970	0,952	1,036	1,122	1,101	1,198	1,108	1,197	1,138	1,163	1,226	1,123	1,321	0,896	1,185	1,257	1,260	1,101	1,160	0,869	1,279	0,821	1,124	1,119	1,106	0,796	1,121	0,877	1,123	0,918	1,212	1,014	1,267	0,867	1,169	0,906	1,094	0,882	1,199	0,859	1,164	0,930	1,200	0,910	1,214
9:48:04	36,9	0,931	0,995	1,072	1,110	1,096	1,133	1,102	1,067	1,114	1,156	1,024	1,070	1,142	0,992	1,131	1,131	1,081	1,122	1,136	1,083	1,110	1,050	1,071	1,095	1,097	1,033	0,963	1,087	1,010	1,113	1,272	1,124	1,091	1,267	0,905	1,165	1,286	1,180	1,199	1,280	1,277	1,264	1,274	1,241	1,270	1,300	1,147	1,308	1,073	0,943	1,027	0,975	0,958	1,040	1,130	1,106	1,202	1,113	1,201	1,145	1,175	1,235	1,131	1,329	0,907	1,194	1,273	1,266	1,109	1,171	0,876	1,284	0,832	1,130	1,124	1,114	0,804	1,132	0,885	1,133	0,923	1,222	1,016	1,273	0,865	1,169	0,906	1,095	0,880	1,193	0,857	1,169	0,928	1,208	0,909	1,213
9:58:04	37,0	0,938	1,007	1,082	1,116	1,103	1,142	1,105	1,074	1,122	1,212	1,033	1,079	1,148	0,999	1,136	1,137	1,088	1,130	1,147	1,088	1,117	1,053	1,079	1,102	1,099	1,037	0,970	1,092	1,014	1,118	1,275	1,128	1,096	1,270	0,910	1,169	1,290	1,187	1,204	1,286	1,285	1,271	1,277	1,246	1,276	1,305	1,153	1,313	1,079	0,949	1,032	0,979	0,964	1,042	1,133	1,112	1,207	1,116	1,205	1,150	1,185	1,242	1,137	1,342	0,914	1,202	1,270	1,271	1,111	1,180	0,885	1,281	0,844	1,135	1,128	1,121	0,814	1,141	0,893	1,140	0,928	1,218	1,020	1,278	0,862	1,168	0,906	1,096	0,878	1,196	0,856	1,175	0,927	1,208	0,907	1,214
10:08:04	37,0	0,945	1,016	1,091	1,123	1,109	1,147	1,113	1,085	1,129	1,208	1,042	1,101	1,153	1,006	1,143	1,142	1,092	1,137	1,153	1,092	1,126	1,063	1,088	1,109	1,103	1,043	0,972	1,101	1,017	1,123	1,277	1,133	1,100	1,275	0,918	1,172	1,296	1,191	1,210	1,292	1,291	1,275	1,284	1,252	1,278	1,309	1,161	1,319	1,085	0,955	1,038	0,985	0,969	1,047	1,139	1,116	1,212	1,120	1,211	1,156	1,197	1,250	1,146	1,348	0,926	1,208	1,278	1,277	1,116	1,190	0,893	1,287	0,855	1,139	1,132	1,130	0,824	1,151	0,899	1,166	0,930	1,224	1,023	1,284	0,862	1,168	0,905	1,098	0,878	1,197	0,857	1,185	0,926	1,211	0,905	1,214
10:18:04	37,0	0,952	1,027	1,098	1,128	1,115	1,155	1,118	1,094	1,134	1,223	1,055	1,099	1,159	1,014	1,149	1,148	1,104	1,145	1,161	1,096	1,131	1,071	1,091	1,117	1,109	1,048	0,979	1,109	1,024	1,128	1,293	1,135	1,103	1,282	0,921	1,176	1,303	1,198	1,216	1,300	1,297	1,280	1,292	1,256	1,286	1,314	1,163	1,325	1,091	0,961	1,045	0,992	0,973	1,052	1,147	1,122	1,214	1,125	1,216	1,161	1,205	1,258	1,152	1,350	0,938	1,220	1,285	1,282	1,119	1,196	0,899	1,294	0,864	1,145	1,136	1,139	0,834	1,161	0,905	1,172	0,934	1,234	1,025	1,289	0,860	1,167	0,905	1,100	0,876	1,200	0,854	1,192	0,927	1,213	0,904	1,215
10:28:04	37,0	0,958	1,043	1,104	1,138	1,122	1,161	1,126	1,112	1,142	1,173	1,064	1,120	1,161	1,022	1,154	1,155	1,112	1,152	1,168	1,101	1,139	1,073	1,098	1,125	1,114	1,051	0,986	1,114	1,032	1,130	1,304	1,141	1,105	1,292	0,927	1,180	1,308	1,203	1,222	1,305	1,304	1,287	1,295	1,263	1,293	1,320	1,167	1,331	1,096	0,964	1,051	0,997	0,979	1,059	1,154	1,126	1,221	1,129	1,220	1,166	1,214	1,259	1,160	1,353	0,944	1,225	1,291	1,286	1,122	1,201	0,905	1,295	0,873	1,150	1,142	1,155	0,842	1,169	0,912	1,180	0,939	1,243	1,028	1,295	0,859	1,165	0,904	1,102	0,875	1,200	0,853	1,197	0,925	1,215	0,902	1,213
10:38:04	37,0	0,966	1,052	1,111	1,146	1,127	1,173	1,132	1,114	1,147	1,242	1,067	1,109	1,167	1,029	1,161	1,160	1,119	1,159	1,175	1,107	1,145	1,081	1,106	1,127	1,118	1,055	0,991	1,118	1,035	1,133	1,306	1,145	1,111	1,298	0,932	1,186	1,314	1,210	1,230	1,310	1,308	1,292	1,300	1,268	1,299	1,323	1,171	1,335	1,103	0,969	1,058	1,004	0,985	1,065	1,160	1,130	1,224	1,132	1,224	1,170	1,221	1,266	1,166	1,354	0,956	1,228	1,290	1,291	1,124	1,207	0,913	1,295	0,881	1,156	1,145	1,164	0,850	1,176	0,916	1,187	0,941	1,247	1,033	1,298	0,857	1,165	0,902	1,105	0,873	1,197	0,851	1,198	0,924	1,215	0,901	1,216
10:48:04	37,0	0,973	1,060	1,116	1,153	1,133	1,178	1,138	1,118	1,153	1,204	1,068	1,133	1,172	1,035	1,167	1,166	1,123	1,165	1,182	1,112	1,151	1,088	1,111	1,134	1,123	1,061	0,995	1,121	1,038	1,138	1,312	1,150	1,114	1,305	0,934	1,190	1,320	1,216	1,236	1,317	1,314	1,296	1,303	1,274	1,307	1,328	1,176	1,338	1,108	0,974	1,062	1,008	0,989	1,066	1,166	1,133	1,229	1,136	1,229	1,176	1,228	1,268	1,174	1,355	0,964	1,234	1,315	1,294	1,125	1,215	0,916	1,297	0,889	1,159	1,150	1,171	0,857	1,185	0,922	1,191	0,944	1,240	1,033	1,302	0,854	1,163	0,902	1,107	0,871	1,199	0,850	1,201	0,923	1,216	0,900	1,215
10:58:04	37,0	0,978	1,066	1,122	1,159	1,137	1,179	1,144	1,131	1,161	1,205	1,076	1,134	1,176	1,040	1,172	1,171	1,130	1,170	1,186	1,115	1,155	1,096	1,116	1,136	1,123	1,066	0,996	1,123	1,037	1,142	1,306	1,153	1,117	1,303	0,937	1,189	1,324	1,221	1,241	1,321	1,319	1,300	1,307	1,276	1,307	1,331	1,180	1,341	1,113	0,978	1,067	1,012	0,993	1,071	1,172	1,137	1,230	1,139	1,231	1,179	1,234	1,275	1,179	1,356	0,971	1,237	1,325	1,298	1,129	1,222	0,924	1,301	0,894	1,161	1,151	1,178	0,864	1,191	0,927	1,197	0,948	1,242	1,035	1,307	0,850	1,161	0,899	1,109	0,870	1,197	0,848	1,205	0,921	1,214	0,899	1,214
11:08:04	37,0	0,986	1,072	1,127	1,164	1,142	1,188	1,149	1,139	1,163	1,304	1,080	1,144	1,180	1,046	1,177	1,175	1,134	1,174	1,190	1,118	1,162	1,101	1,120	1,139	1,124	1,069	1,001	1,127	1,041	1,143	1,311	1,157	1,119	1,312	0,938	1,194	1,325	1,224	1,246	1,323	1,322	1,304	1,309	1,279	1,314	1,333	1,183	1,344	1,116	0,982	1,070	1,016	0,996	1,075	1,176	1,142	1,234	1,141	1,233	1,183	1,239	1,276	1,183	1,359	0,978	1,240	1,330	1,301	1,131	1,226	0,928	1,304	0,899	1,162	1,153	1,185	0,869	1,196	0,931	1,202	0,952	1,247	1,033	1,310	0,847	1,159	0,898	1,109	0,867	1,197	0,845	1,205	0,920	1,213	0,898	1,213
11:18:04	37,0	0,992	1,078	1,131	1,171	1,146	1,191	1,153	1,141	1,168	1,269	1,084	1,153	1,183	1,054	1,180	1,181	1,141	1,180	1,196	1,122	1,167	1,107	1,122	1,143	1,127	1,072	1,004	1,130	1,046	1,145	1,320	1,155	1,119	1,313	0,939	1,196	1,330	1,229	1,250	1,325	1,325	1,308	1,312	1,282	1,316	1,334	1,187	1,350	1,120	0,985	1,075	1,019	1,000	1,077	1,181	1,143	1,239	1,145	1,237	1,187	1,244	1,278	1,188	1,362	0,985	1,239	1,334	1,302	1,134	1,233	0,933	1,304	0,903	1,164	1,155	1,194	0,868	1,200	0,934	1,208	0,952	1,248	1,037	1,313	0,845	1,156	0,896	1,108	0,865	1,197	0,845	1,206	0,919	1,213	0,894	1,210
11:28:04	37,0	0,998	1,075	1,139	1,176	1,151	1,204	1,157	1,142	1,175	1,282	1,091	1,160	1,187	1,059	1,184	1,184	1,145	1,182	1,199	1,125	1,168	1,113	1,129	1,147	1,130	1,074	1,005	1,133	1,046	1,147	1,323	1,157	1,118	1,315	0,943	1,198	1,333	1,232	1,254	1,325	1,328	1,310	1,314	1,285	1,316	1,337	1,190	1,352	1,125	0,989	1,078	1,021	1,003	1,079	1,183	1,144	1,239	1,147	1,240	1,188	1,249	1,282	1,194	1,361	0,996	1,240	1,337	1,306	1,136	1,237	0,940	1,306	0,905	1,166	1,156	1,209	0,872	1,206	0,938	1,211	0,953	1,250	1,037	1,316	0,842	1,153	0,894	1,108	0,862	1,194	0,842	1,205	0,913	1,212	0,891	1,206
11:38:04	37,0	1,004	1,078	1,143	1,182	1,155	1,208	1,164	1,141	1,177	1,289	1,091	1,163	1,190	1,064	1,186	1,186	1,151	1,185	1,207	1,126	1,170	1,117	1,133	1,151	1,131	1,078	1,009	1,136	1,045	1,148	1,326	1,157	1,125	1,316	0,942	1,199	1,335	1,234	1,257	1,326	1,327	1,310	1,318	1,288	1,310	1,335	1,193	1,355	1,127	0,992	1,081	1,022	1,006	1,082	1,186	1,148	1,240	1,147	1,240	1,186	1,252	1,285	1,199	1,364	1,000	1,247	1,338	1,306	1,138	1,241	0,946	1,309	0,907	1,167	1,157	1,210	0,875	1,209	0,938	1,220	0,953	1,253	1,038	1,317	0,838	1,151	0,891	1,107	0,858	1,191	0,841	1,205	0,912	1,209	0,889	1,206
11:48:04	37,0	1,011	1,087	1,148	1,185	1,159	1,216	1,167	1,150	1,181	1,293	1,102	1,170	1,196	1,069	1,192	1,191	1,154	1,192	1,209	1,131	1,178	1,121	1,141	1,155	1,137	1,080	1,014	1,142	1,049	1,152	1,325	1,164	1,127	1,319	0,948	1,201	1,338	1,236	1,261	1,332	1,332	1,312	1,321	1,289	1,321	1,338	1,197	1,355	1,132	0,997	1,086	1,026	1,010	1,085	1,190	1,151	1,244	1,152	1,246	1,194	1,258	1,287	1,205	1,369	1,006	1,250	1,339	1,310	1,139	1,243	0,953	1,310	0,910	1,168	1,159	1,208	0,876	1,215	0,942	1,220	0,955	1,257	1,041	1,321	0,836	1,147	0,889	1,107	0,855	1,194	0,839	1,206	0,911	1,208	0,889	1,207
11:58:04	37,0	1,017	1,094	1,153	1,190	1,164	1,217	1,173	1,156	1,185	1,298	1,103	1,173	1,199	1,074	1,196	1,194	1,159	1,196	1,212	1,132	1,181	1,126	1,145	1,161	1,139	1,082	1,012	1,144	1,052	1,155	1,332	1,164	1,128	1,321	0,955	1,204	1,342	1,238	1,264	1,333	1,335	1,314	1,323	1,292	1,319	1,341	1,201	1,355	1,135	0,999	1,090	1,030	1,013	1,090	1,194	1,152	1,247	1,154	1,249	1,197	1,261	1,286	1,209	1,372	1,010	1,254	1,338	1,311	1,140	1,244	0,956	1,311	0,911	1,169	1,158	1,216	0,878	1,219	0,945	1,219	0,957	1,260	1,041	1,323	0,834	1,143	0,887	1,106	0,853	1,194	0,838	1,207	0,910	1,206	0,888	1,205
12:08:04	37,0	1,022	1,097	1,157	1,193	1,169	1,222	1,176	1,162	1,190	1,303	1,107	1,179	1,203	1,079	1,200	1,197	1,164	1,201	1,219	1,134	1,184	1,129	1,149	1,164	1,138	1,085	1,015	1,146	1,055	1,155	1,337	1,164	1,129	1,325	0,951	1,204	1,343	1,240	1,267	1,334	1,334	1,317	1,325	1,294	1,319	1,342	1,203	1,358	1,139	1,002	1,093	1,034	1,015	1,092	1,199	1,155	1,248	1,156	1,248	1,196	1,264	1,283	1,213	1,372	1,013	1,256	1,334	1,313	1,140	1,246	0,959	1,311	0,913	1,169	1,160	1,222	0,878	1,221	0,946	1,221	0,958	1,264	1,040	1,325	0,833	1,141	0,885	1,105	0,851	1,190	0,836	1,205	0,910	1,207	0,887	1,203
12:18:04	37,0	1,028	1,104	1,162	1,198	1,171	1,226	1,181	1,167	1,191	1,306	1,111	1,181	1,206	1,083	1,204	1,203	1,167	1,205	1,219	1,137	1,187	1,134	1,151	1,166	1,139	1,087	1,019	1,150	1,057	1,157	1,333	1,176	1,130	1,327	0,954	1,207	1,345	1,243	1,272	1,338	1,338	1,317	1,325	1,296	1,327	1,343	1,206	1,357	1,143	1,005	1,097	1,036	1,020	1,096	1,202	1,155	1,253	1,158	1,252	1,202	1,267	1,280	1,217	1,371	1,016	1,258	1,333	1,314	1,140	1,247	0,964	1,313	0,914	1,169	1,159	1,222	0,880	1,226	0,947	1,225	0,958	1,270	1,042	1,326	0,830	1,138	0,882	1,105	0,850	1,192	0,835	1,205	0,907	1,204	0,886	1,203
12:28:04	37,0	1,033	1,111	1,167	1,202	1,174	1,228	1,185	1,172	1,195	1,308	1,118	1,185	1,210	1,088	1,208	1,208	1,172	1,210	1,227	1,142	1,194	1,136	1,153	1,167	1,141	1,089	1,020	1,153	1,059	1,160	1,343	1,167	1,129	1,336	0,956	1,208	1,349	1,245	1,274	1,339	1,340	1,322	1,330	1,299	1,331	1,345	1,208	1,359	1,144	1,007	1,100	1,040	1,021	1,097	1,202	1,157	1,252	1,160	1,256	1,205	1,269	1,276	1,218	1,373	1,020	1,258	1,334	1,313	1,144	1,247	0,966	1,309	0,916	1,168	1,159	1,224	0,881	1,228	0,950	1,226	0,958	1,280	1,041	1,327	0,829	1,133	0,881	1,104	0,847	1,193	0,832	1,202	0,905	1,204	0,885	1,200
12:38:04	37,0	1,038	1,114	1,170	1,206	1,176	1,228	1,188	1,178	1,198	1,310	1,120	1,188	1,214	1,092	1,210	1,210	1,174	1,210	1,227	1,141	1,196	1,142	1,157	1,173	1,140	1,092	1,023	1,152	1,060	1,163	1,338	1,171	1,131	1,335	0,957	1,211	1,351	1,245	1,277	1,341	1,341	1,322	1,331	1,298	1,339	1,347	1,207	1,360	1,149	1,010	1,103	1,042	1,023	1,100	1,200	1,157	1,254	1,161	1,257	1,206	1,271	1,273	1,220	1,374	1,021	1,258	1,326	1,315	1,143	1,247	0,972	1,308	0,917	1,166	1,160	1,225	0,881	1,230	0,949	1,226	0,961	1,286	1,041	1,329	0,824	1,129	0,877	1,102	0,846	1,190	0,831	1,198	0,903	1,204	0,884	1,199
12:48:04	37,0	1,041	1,117	1,173	1,209	1,179	1,229	1,192	1,179	1,202	1,313	1,122	1,192	1,215	1,095	1,213	1,214	1,176	1,213	1,230	1,144	1,197	1,146	1,157	1,172	1,142	1,094	1,024	1,152	1,060	1,162	1,336	1,173	1,132	1,339	0,957	1,212	1,353	1,244	1,277	1,339	1,342	1,323	1,332	1,300	1,334	1,346	1,209	1,363	1,151	1,011	1,105	1,045	1,025	1,098	1,201	1,158	1,254	1,161	1,257	1,205	1,272	1,269	1,223	1,375	1,024	1,258	1,323	1,312	1,143	1,245	0,974	1,306	0,919	1,164	1,160	1,228	0,881	1,231	0,950	1,227	0,961	1,295	1,039	1,329	0,822	1,126	0,875	1,101	0,843	1,189	0,829	1,196	0,902	1,201	0,882	1,197
12:58:04	37,0	1,046	1,119	1,176	1,211	1,181	1,232	1,192	1,186	1,203	1,316	1,122	1,195	1,219	1,097	1,217	1,216	1,180	1,216	1,230	1,145	1,202	1,148	1,162	1,175	1,142	1,095	1,025	1,154	1,061	1,163	1,342	1,173	1,130	1,336	0,957	1,213	1,350	1,245	1,280	1,341	1,342	1,323	1,330	1,300	1,333	1,346	1,209	1,361	1,151	1,012	1,107	1,045	1,027	1,101	1,188	1,159	1,255	1,161	1,256	1,206	1,272	1,266	1,226	1,375	1,026	1,258	1,321	1,313	1,142	1,246	0,977	1,305	0,921	1,163	1,159	1,230	0,881	1,233	0,947	1,227	0,961	1,376	1,036	1,330	0,818	1,123	0,869	1,099	0,841	1,188	0,823	1,196	0,898	1,196	0,878	1,193
13:08:04	37,0	1,049	1,122	1,178	1,215	1,182	1,232	1,195	1,189	1,206	1,319	1,120	1,196	1,220	1,099	1,218	1,218	1,183	1,219	1,232	1,145	1,202	1,150	1,164	1,172	1,142	1,098	1,025	1,154	1,065	1,165	1,344	1,176	1,133	1,340	0,954	1,216	1,350	1,247	1,281	1,339	1,344	1,323	1,331	1,299	1,329	1,347	1,210	1,364	1,154	1,013	1,109	1,049	1,029	1,102	1,188	1,159	1,257	1,161	1,256	1,204	1,273	1,263	1,227	1,373	1,028	1,258	1,321	1,312	1,141	1,244	0,977	1,303	0,920	1,162	1,158	1,230	0,881	1,234	0,945	1,227	0,959	1,368	1,038	1,331	0,818	1,120	0,867	1,098	0,838	1,186	0,822	1,193	0,897	1,196	0,875	1,190
13:18:04	37,0	1,054	1,125	1,181	1,216	1,185	1,235	1,195	1,189	1,206	1,322	1,128	1,198	1,225	1,103	1,219	1,222	1,183	1,221	1,239	1,146	1,206	1,153	1,167	1,175	1,144	1,099	1,026	1,155	1,068	1,168	1,339	1,183	1,134	1,342	0,955	1,216	1,353	1,247	1,280	1,339	1,342	1,325	1,331	1,300	1,334	1,347	1,210	1,363	1,154	1,015	1,109	1,049	1,028	1,103	1,188	1,160	1,262	1,163	1,258	1,207	1,273	1,259	1,228	1,370	1,029	1,257	1,320	1,310	1,137	1,242	0,978	1,300	0,923	1,161	1,157	1,230	0,880	1,236	0,945	1,229	0,958	1,367	1,034	1,331	0,816	1,113	0,865	1,095	0,837	1,185	0,820	1,192	0,895	1,192	0,875	1,188
13:28:04	37,0	1,057	1,129	1,184	1,219	1,188	1,236	1,200	1,191	1,207	1,325	1,131	1,201	1,227	1,106	1,222	1,224	1,187	1,223	1,236	1,148	1,210	1,157	1,171	1,180	1,145	1,099	1,029	1,159	1,067	1,172	1,343	1,181	1,134	1,342	0,958	1,218	1,353	1,249	1,283	1,341	1,343	1,324	1,331	1,303	1,333	1,347	1,211	1,363	1,155	1,017	1,111	1,051	1,030	1,105	1,189	1,161	1,260	1,164	1,260	1,208	1,273	1,257	1,229	1,369	1,031	1,256	1,321	1,309	1,136	1,241	0,982	1,299	0,922	1,160	1,157	1,230	0,878	1,237	0,944	1,230	0,957	1,368	1,035	1,331	0,814	1,110	0,862	1,094	0,834	1,182	0,821	1,190	0,893	1,190	0,873	1,187
13:38:04	37,0	1,060	1,133	1,188	1,221	1,190	1,237	1,201	1,192	1,209	1,328	1,136	1,199	1,230	1,111	1,225	1,229	1,189	1,226	1,245	1,149	1,212	1,160	1,172	1,185	1,142	1,101	1,029	1,161	1,068	1,174	1,346	1,175	1,134	1,344	0,960	1,218	1,355	1,249	1,284	1,343	1,344	1,323	1,335	1,302	1,334	1,347	1,213	1,366	1,157	1,018	1,114	1,053	1,032	1,107	1,190	1,161	1,259	1,165	1,262	1,211	1,273	1,253	1,230	1,366	1,030	1,254	1,319	1,306	1,134	1,237	0,979	1,296	0,923	1,157	1,156	1,230	0,878	1,237	0,943	1,228	0,956	1,367	1,032	1,332	0,813	1,106	0,861	1,095	0,833	1,180	0,819	1,189	0,893	1,187	0,872	1,185
13:48:04	37,0	1,063	1,134	1,189	1,222	1,191	1,239	1,200	1,194	1,210	1,330	1,137	1,202	1,232	1,113	1,228	1,230	1,192	1,228	1,248	1,151	1,214	1,160	1,172	1,184	1,143	1,102	1,028	1,161	1,067	1,172	1,349	1,176	1,132	1,349	0,960	1,220	1,356	1,250	1,286	1,340	1,347	1,325	1,335	1,304	1,333	1,348	1,213	1,363	1,158	1,019	1,115	1,054	1,033	1,107	1,191	1,160	1,259	1,165	1,261	1,211	1,271	1,250	1,230	1,363	1,030	1,250	1,317	1,303	1,132	1,234	0,978	1,293	0,924	1,157	1,154	1,230	0,877	1,238	0,942	1,228	0,956	1,368	1,028	1,332	0,810	1,102	0,859	1,093	0,832	1,177	0,817	1,186	0,891	1,185	0,868	1,182
13:58:04	37,0	1,065	1,135	1,190	1,224	1,192	1,239	1,204	1,199	1,212	1,332	1,132	1,203	1,234	1,114	1,231	1,232	1,194	1,228	1,243	1,149	1,213	1,165	1,176	1,184	1,143	1,104	1,029	1,160	1,070	1,173	1,348	1,182	1,135	1,346	0,960	1,221	1,356	1,249	1,287	1,340	1,346	1,323	1,333	1,303	1,334	1,347	1,213	1,364	1,159	1,020	1,115	1,054	1,033	1,108	1,191	1,159	1,258	1,165	1,259	1,209	1,270	1,247	1,230	1,361	1,030	1,249	1,314	1,302	1,130	1,232	0,979	1,291	0,925	1,155	1,153	1,228	0,873	1,237	0,939	1,228	0,953	1,367	1,029	1,331	0,807	1,101	0,857	1,092	0,828	1,173	0,814	1,183	0,888	1,181	0,865	1,179
14:08:04	37,0	1,068	1,137	1,192	1,223	1,193	1,241	1,203	1,196	1,211	1,334	1,135	1,203	1,234	1,116	1,234	1,234	1,198	1,232	1,246	1,151	1,220	1,164	1,177	1,185	1,143	1,105	1,028	1,162	1,069	1,173	1,346	1,178	1,136	1,345	0,958	1,220	1,357	1,249	1,287	1,342	1,345	1,326	1,333	1,302	1,337	1,348	1,211	1,364	1,160	1,020	1,116	1,054	1,034	1,109	1,191	1,158	1,258	1,165	1,260	1,211	1,269	1,245	1,231	1,358	1,030	1,248	1,312	1,298	1,129	1,230	0,977	1,286	0,926	1,153	1,151	1,227	0,874	1,237	0,939	1,228	0,951	1,365	1,024	1,330	0,805	1,095	0,855	1,092	0,827	1,173	0,812	1,180	0,885	1,179	0,862	1,176
14:18:04	37,0	1,070	1,138	1,193	1,224	1,195	1,242	1,202	1,196	1,212	1,337	1,136	1,205	1,237	1,118	1,235	1,236	1,195	1,232	1,247	1,151	1,219	1,167	1,179	1,186	1,143	1,106	1,029	1,162	1,070	1,173	1,349	1,178	1,138	1,347	0,960	1,222	1,358	1,249	1,288	1,341	1,345	1,326	1,335	1,304	1,340	1,349	1,212	1,365	1,161	1,021	1,116	1,054	1,035	1,109	1,191	1,157	1,258	1,165	1,260	1,208	1,268	1,241	1,232	1,354	1,029	1,246	1,310	1,295	1,126	1,228	0,977	1,284	0,927	1,152	1,149	1,225	0,872	1,237	0,938	1,226	0,949	1,363	1,022	1,330	0,804	1,092	0,853	1,090	0,825	1,170	0,810	1,177	0,883	1,176	0,862	1,175
14:28:04	37,0	1,072	1,139	1,194	1,225	1,196	1,242	1,204	1,200	1,214	1,340	1,132	1,206	1,238	1,119	1,238	1,238	1,199	1,234	1,249	1,152	1,220	1,171	1,179	1,187	1,142	1,105	1,031	1,161	1,068	1,173	1,344	1,180	1,135	1,346	0,961	1,222	1,357	1,249	1,287	1,339	1,345	1,325	1,335	1,304	1,333	1,348	1,211	1,366	1,162	1,020	1,117	1,056	1,035	1,110	1,192	1,156	1,260	1,164	1,258	1,212	1,266	1,238	1,234	1,352	1,029	1,245	1,307	1,294	1,123	1,225	0,974	1,282	0,927	1,149	1,147	1,224	0,868	1,237	0,936	1,225	0,946	1,362	1,020	1,328	0,801	1,090	0,850	1,089	0,823	1,167	0,808	1,174	0,880	1,173	0,857	1,171
14:38:04	37,0	1,074	1,139	1,194	1,223	1,197	1,243	1,205	1,201	1,214	1,342	1,133	1,204	1,239	1,120	1,238	1,238	1,200	1,235	1,248	1,153	1,220	1,171	1,182	1,189	1,142	1,105	1,032	1,162	1,070	1,173	1,345	1,180	1,135	1,344	0,959	1,221	1,355	1,248	1,287	1,338	1,342	1,323	1,333	1,300	1,336	1,346	1,211	1,362	1,162	1,019	1,117	1,054	1,034	1,109	1,189	1,154	1,258	1,163	1,257	1,209	1,264	1,235	1,233	1,349	1,030	1,242	1,304	1,290	1,119	1,223	0,976	1,279	0,928	1,146	1,145	1,222	0,867	1,236	0,933	1,223	0,945	1,360	1,020	1,327	0,798	1,085	0,847	1,089	0,820	1,165	0,803	1,171	0,877	1,170	0,855	1,168
14:48:04	37,0	1,076	1,140	1,195	1,226	1,198	1,243	1,206	1,200	1,213	1,343	1,132	1,204	1,240	1,122	1,241	1,240	1,203	1,236	1,253	1,150	1,218	1,173	1,184	1,187	1,143	1,105	1,033	1,160	1,070	1,173	1,347	1,177	1,136	1,342	0,960	1,221	1,354	1,247	1,286	1,337	1,344	1,321	1,336	1,304	1,329	1,345	1,210	1,361	1,162	1,018	1,117	1,056	1,033	1,108	1,188	1,154	1,258	1,162	1,255	1,211	1,263	1,232	1,234	1,346	1,028	1,241	1,302	1,288	1,117	1,221	0,976	1,276	0,928	1,143	1,144	1,219	0,866	1,236	0,932	1,222	0,940	1,358	1,018	1,327	0,795	1,084	0,844	1,088	0,818	1,161	0,802	1,171	0,876	1,167	0,852	1,167
14:58:04	37,0	1,076	1,142	1,196	1,225	1,198	1,244	1,205	1,198	1,213	1,344	1,141	1,202	1,243	1,126	1,242	1,243	1,207	1,238	1,255	1,154	1,223	1,174	1,191	1,196	1,145	1,107	1,033	1,164	1,071	1,173	1,342	1,177	1,134	1,339	0,963	1,221	1,357	1,249	1,289	1,339	1,345	1,320	1,337	1,305	1,339	1,346	1,213	1,359	1,163	1,020	1,119	1,055	1,034	1,110	1,187	1,153	1,256	1,163	1,258	1,214	1,262	1,231	1,235	1,344	1,029	1,241	1,300	1,287	1,117	1,218	0,982	1,274	0,927	1,142	1,142	1,218	0,864	1,236	0,930	1,221	0,942	1,356	1,023	1,326	0,795	1,082	0,846	1,089	0,818	1,160	0,803	1,169	0,877	1,165	0,851	1,167
15:08:04	37,0	1,077	1,143	1,198	1,226	1,197	1,244	1,204	1,198	1,213	1,346	1,135	1,201	1,244	1,127	1,244	1,243	1,205	1,240	1,251	1,154	1,223	1,176	1,190	1,194	1,144	1,105	1,033	1,164	1,071	1,173	1,343	1,175	1,134	1,340	0,963	1,222	1,360	1,248	1,288	1,338	1,346	1,323	1,336	1,303	1,333	1,345	1,215	1,361	1,163	1,020	1,118	1,055	1,034	1,109	1,185	1,152	1,257	1,161	1,256	1,210	1,260	1,228	1,233	1,342	1,029	1,237	1,296	1,283	1,115	1,215	0,980	1,270	0,928	1,139	1,139	1,215	0,860	1,235	0,929	1,220	0,938	1,353	1,020	1,325	0,794	1,078	0,845	1,087	0,815	1,158	0,800	1,166	0,874	1,163	0,849	1,165
15:18:04	37,0	1,078	1,142	1,198	1,224	1,196	1,244	1,206	1,202	1,213	1,347	1,138	1,204	1,246	1,129	1,247	1,245	1,208	1,241	1,254	1,154	1,224	1,177	1,191	1,193	1,143	1,104	1,034	1,163	1,071	1,172	1,348	1,182	1,134	1,340	0,964	1,222	1,357	1,247	1,288	1,338	1,346	1,323	1,333	1,303	1,332	1,346	1,217	1,360	1,162	1,018	1,117	1,055	1,034	1,109	1,183	1,150	1,256	1,161	1,254	1,209	1,260	1,225	1,232	1,338	1,029	1,236	1,292	1,278	1,112	1,212	0,977	1,265	0,927	1,136	1,138	1,213	0,858	1,234	0,928	1,218	0,936	1,353	1,018	1,324	0,792	1,076	0,845	1,088	0,814	1,158	0,798	1,165	0,873	1,163	0,848	1,164
15:28:04	37,0	1,079	1,142	1,199	1,225	1,196	1,246	1,205	1,200	1,215	1,348	1,134	1,201	1,246	1,131	1,247	1,245	1,209	1,243	1,255	1,153	1,225	1,177	1,192	1,193	1,142	1,105	1,034	1,162	1,071	1,171	1,344	1,179	1,136	1,343	0,963	1,222	1,358	1,248	1,288	1,339	1,345	1,321	1,333	1,302	1,339	1,344	1,217	1,360	1,162	1,017	1,117	1,056	1,034	1,108	1,182	1,149	1,257	1,160	1,254	1,210	1,259	1,222	1,232	1,335	1,028	1,233	1,289	1,275	1,112	1,210	0,977	1,263	0,927	1,133	1,136	1,211	0,856	1,234	0,928	1,216	0,934	1,351	1,016	1,323	0,791	1,075	0,842	1,088	0,812	1,156	0,796	1,160	0,870	1,160	0,846	1,163
15:38:04	37,0	1,079	1,140	1,199	1,223	1,196	1,245	1,205	1,200	1,212	1,348	1,137	1,202	1,246	1,130	1,248	1,246	1,209	1,243	1,257	1,154	1,225	1,177	1,190	1,190	1,142	1,103	1,034	1,160	1,071	1,169	1,347	1,175	1,134	1,342	0,961	1,221	1,355	1,247	1,288	1,337	1,345	1,320	1,332	1,301	1,333	1,345	1,214	1,359	1,161	1,017	1,117	1,054	1,032	1,108	1,181	1,145	1,254	1,157	1,250	1,211	1,257	1,219	1,230	1,331	1,028	1,231	1,287	1,271	1,110	1,207	0,973	1,259	0,926	1,129	1,133	1,208	0,855	1,228	0,925	1,214	0,935	1,346	1,010	1,322	0,787	1,072	0,840	1,087	0,810	1,151	0,793	1,157	0,868	1,158	0,843	1,159
15:48:04	37,0	1,079	1,142	1,198	1,224	1,196	1,246	1,204	1,201	1,212	1,348	1,136	1,200	1,246	1,132	1,249	1,247	1,210	1,243	1,254	1,153	1,226	1,179	1,191	1,194	1,142	1,102	1,034	1,160	1,073	1,168	1,341	1,173	1,131	1,342	0,960	1,221	1,356	1,247	1,289	1,337	1,345	1,319	1,335	1,300	1,332	1,346	1,214	1,361	1,160	1,016	1,117	1,053	1,033	1,108	1,179	1,144	1,253	1,157	1,252	1,209	1,256	1,217	1,231	1,329	1,027	1,228	1,285	1,269	1,110	1,207	0,975	1,256	0,926	1,127	1,131	1,206	0,851	1,228	0,926	1,339	0,931	1,347	1,009	1,320	0,785	1,070	0,838	1,087	0,809	1,149	0,791	1,157	0,867	1,157	0,841	1,159
15:58:04	37,0	1,078	1,139	1,199	1,222	1,195	1,244	1,203	1,197	1,210	1,347	1,134	1,198	1,247	1,133	1,250	1,247	1,210	1,243	1,257	1,154	1,228	1,178	1,190	1,194	1,140	1,100	1,035	1,158	1,070	1,165	1,346	1,169	1,129	1,338	0,959	1,221	1,353	1,246	1,287	1,335	1,340	1,316	1,333	1,300	1,332	1,343	1,212	1,354	1,161	1,015	1,118	1,052	1,031	1,105	1,176	1,141	1,248	1,155	1,245	1,209	1,255	1,217	1,231	1,328	1,029	1,225	1,285	1,266	1,111	1,204	0,976	1,254	0,922	1,123	1,129	1,203	0,851	1,225	0,921	1,333	0,929	1,342	1,004	1,319	0,781	1,069	0,834	1,087	0,805	1,147	0,787	1,153	0,863	1,154	0,837	1,154
16:08:04	37,0	1,078	1,139	1,199	1,221	1,196	1,246	1,202	1,200	1,210	1,347	1,135	1,199	1,246	1,133	1,250	1,248	1,211	1,243	1,257	1,154	1,225	1,178	1,189	1,193	1,140	1,100	1,034	1,159	1,073	1,164	1,346	1,165	1,129	1,337	0,961	1,219	1,354	1,246	1,286	1,335	1,342	1,318	1,331	1,297	1,329	1,344	1,212	1,358	1,159	1,013	1,118	1,052	1,030	1,105	1,174	1,140	1,248	1,154	1,245	1,207	1,254	1,214	1,229	1,325	1,029	1,223	1,283	1,263	1,110	1,202	0,974	1,251	0,922	1,120	1,127	1,200	0,848	1,224	0,921	1,330	0,928	1,339	1,005	1,317	0,780	1,065	0,833	1,088	0,805	1,146	0,789	1,150	0,861	1,155	0,836	1,154
16:18:04	37,0	1,078	1,140	1,199	1,221	1,197	1,244	1,202	1,200	1,210	1,347	1,140	1,196	1,248	1,135	1,251	1,250	1,212	1,245	1,262	1,156	1,230	1,178	1,198	1,200	1,141	1,100	1,032	1,159	1,072	1,165	1,347	1,165	1,129	1,341	0,961	1,220	1,354	1,248	1,286	1,333	1,341	1,319	1,336	1,297	1,336	1,345	1,212	1,358	1,159	1,013	1,118	1,051	1,030	1,104	1,173	1,138	1,245	1,155	1,246	1,208	1,253	1,214	1,230	1,324	1,030	1,223	1,281	1,260	1,112	1,201	0,975	1,250	0,921	1,119	1,125	1,199	0,847	1,223	0,920	1,329	0,928	1,337	1,005	1,317	0,779	1,064	0,833	1,090	0,804	1,143	0,786	1,153	0,862	1,155	0,835	1,153
16:28:04	37,0	1,077	1,140	1,197	1,220	1,195	1,245	1,202	1,201	1,210	1,348	1,138	1,193	1,248	1,135	1,252	1,250	1,211	1,246	1,260	1,157	1,228	1,180	1,200	1,201	1,139	1,099	1,034	1,155	1,072	1,162	1,345	1,165	1,129	1,338	0,960	1,220	1,353	1,247	1,287	1,333	1,343	1,319	1,336	1,296	1,338	1,346	1,212	1,356	1,157	1,011	1,116	1,051	1,030	1,105	1,171	1,135	1,242	1,152	1,245	1,207	1,251	1,212	1,229	1,322	1,031	1,221	1,280	1,259	1,113	1,198	0,979	1,246	0,919	1,116	1,123	1,196	0,845	1,221	0,919	1,327	0,926	1,336	1,006	1,315	0,778	1,064	0,832	1,090	0,804	1,146	0,786	1,150	0,862	1,154	0,834	1,152
16:38:04	37,0	1,076	1,139	1,196	1,220	1,194	1,245	1,202	1,197	1,211	1,348	1,139	1,193	1,249	1,138	1,252	1,252	1,211	1,246	1,263	1,158	1,230	1,178	1,199	1,199	1,138	1,097	1,030	1,154	1,070	1,163	1,349	1,160	1,128	1,342	0,959	1,216	1,354	1,246	1,286	1,333	1,342	1,318	1,336	1,298	1,338	1,344	1,213	1,354	1,156	1,010	1,116	1,051	1,028	1,103	1,169	1,133	1,242	1,151	1,243	1,207	1,250	1,210	1,229	1,318	1,030	1,221	1,277	1,254	1,111	1,196	0,975	1,244	0,917	1,114	1,122	1,195	0,843	1,220	0,918	1,323	0,923	1,333	1,002	1,314	0,777	1,061	0,832	1,090	0,802	1,146	0,785	1,149	0,860	1,151	0,834	1,151
16:48:04	37,0	1,077	1,139	1,197	1,219	1,193	1,246	1,203	1,199	1,210	1,349	1,140	1,192	1,250	1,138	1,253	1,253	1,211	1,246	1,263	1,157	1,229	1,180	1,196	1,199	1,138	1,097	1,030	1,153	1,069	1,160	1,348	1,161	1,126	1,343	0,962	1,218	1,352	1,246	1,285	1,335	1,342	1,322	1,336	1,302	1,337	1,345	1,214	1,359	1,153	1,008	1,117	1,051	1,029	1,104	1,167	1,131	1,239	1,150	1,242	1,205	1,249	1,207	1,228	1,316	1,030	1,219	1,275	1,253	1,110	1,194	0,969	1,243	0,917	1,112	1,119	1,192	0,842	1,218	0,918	1,319	0,922	1,331	0,998	1,313	0,777	1,060	0,831	1,090	0,802	1,145	0,784	1,148	0,860	1,152	0,834	1,149
16:58:04	37,0	1,076	1,138	1,197	1,218	1,193	1,246	1,201	1,199	1,209	1,349	1,133	1,191	1,248	1,138	1,253	1,252	1,213	1,246	1,263	1,156	1,230	1,180	1,196	1,196	1,135	1,096	1,030	1,154	1,068	1,158	1,346	1,157	1,124	1,341	0,956	1,215	1,353	1,245	1,287	1,336	1,344	1,319	1,334	1,301	1,338	1,343	1,214	1,357	1,153	1,007	1,116	1,050	1,027	1,102	1,166	1,128	1,238	1,147	1,240	1,203	1,248	1,208	1,228	1,315	1,030	1,219	1,274	1,250	1,111	1,194	0,965	1,243	0,915	1,109	1,118	1,189	0,840	1,217	0,917	1,316	0,920	1,329	1,000	1,311	0,774	1,059	0,828	1,091	0,800	1,144	0,782	1,146	0,857	1,151	0,832	1,146
17:08:04	37,0	1,074	1,137	1,196	1,217	1,192	1,244	1,200	1,200	1,208	1,349	1,135	1,189	1,248	1,139	1,253	1,252	1,213	1,246	1,257	1,155	1,231	1,180	1,197	1,196	1,133	1,093	1,030	1,149	1,067	1,156	1,347	1,154	1,122	1,339	0,957	1,214	1,350	1,244	1,285	1,333	1,341	1,321	1,333	1,300	1,341	1,344	1,212	1,359	1,151	1,006	1,115	1,048	1,027	1,100	1,161	1,125	1,236	1,145	1,237	1,203	1,246	1,206	1,228	1,313	1,032	1,217	1,273	1,250	1,111	1,192	0,962	1,242	0,913	1,107	1,116	1,187	0,839	1,215	0,916	1,311	0,919	1,326	0,996	1,309	0,772	1,057	0,826	1,090	0,799	1,142	0,782	1,143	0,855	1,148	0,831	1,145
17:18:04	37,0	1,073	1,135	1,195	1,215	1,191	1,240	1,197	1,195	1,204	1,350	1,131	1,188	1,246	1,138	1,253	1,251	1,211	1,246	1,260	1,152	1,227	1,181	1,192	1,189	1,132	1,090	1,030	1,147	1,065	1,153	1,346	1,152	1,118	1,332	0,957	1,212	1,346	1,244	1,283	1,329	1,341	1,319	1,331	1,299	1,328	1,343	1,208	1,352	1,149	1,004	1,112	1,047	1,022	1,096	1,159	1,122	1,234	1,144	1,231	1,202	1,245	1,205	1,228	1,312	1,034	1,216	1,272	1,250	1,112	1,193	0,965	1,242	0,911	1,103	1,114	1,184	0,837	1,213	0,913	1,307	0,917	1,319	0,992	1,306	0,769	1,056	0,819	1,089	0,795	1,140	0,775	1,141	0,852	1,148	0,828	1,142
17:28:04	37,0	1,073	1,133	1,194	1,213	1,190	1,242	1,196	1,194	1,202	1,350	1,131	1,187	1,244	1,139	1,255	1,251	1,212	1,245	1,260	1,151	1,225	1,180	1,190	1,189	1,129	1,088	1,030	1,143	1,065	1,152	1,345	1,148	1,119	1,331	0,955	1,211	1,346	1,242	1,282	1,329	1,338	1,316	1,329	1,299	1,327	1,342	1,206	1,353	1,147	1,003	1,111	1,045	1,023	1,097	1,156	1,120	1,233	1,142	1,230	1,200	1,244	1,204	1,228	1,312	1,034	1,216	1,271	1,250	1,114	1,193	0,967	1,242	0,910	1,100	1,112	1,182	0,836	1,212	0,913	1,302	0,914	1,320	0,990	1,305	0,767	1,053	0,817	1,088	0,792	1,136	0,775	1,138	0,850	1,146	0,826	1,141
17:38:04	37,0	1,072	1,133	1,193	1,211	1,188	1,239	1,196	1,196	1,204	1,350	1,130	1,187	1,243	1,139	1,255	1,251	1,212	1,245	1,260	1,151	1,227	1,181	1,190	1,194	1,131	1,086	1,028	1,143	1,064	1,150	1,342	1,147	1,117	1,333	0,955	1,212	1,345	1,243	1,282	1,330	1,341	1,315	1,329	1,297	1,323	1,341	1,208	1,350	1,145	1,002	1,113	1,042	1,022	1,096	1,154	1,119	1,232	1,140	1,228	1,198	1,243	1,205	1,227	1,311	1,037	1,217	1,272	1,251	1,116	1,194	0,967	1,242	0,908	1,099	1,110	1,180	0,835	1,210	0,909	1,300	0,913	1,316	0,987	1,304	0,765	1,052	0,815	1,089	0,792	1,136	0,772	1,137	0,848	1,145	0,825	1,138
17:48:04	37,0	1,071	1,132	1,193	1,212	1,188	1,239	1,196	1,195	1,202	1,350	1,131	1,186	1,245	1,138	1,255	1,252	1,210	1,246	1,256	1,153	1,227	1,181	1,189	1,195	1,129	1,086	1,026	1,140	1,062	1,149	1,341	1,145	1,115	1,331	0,954	1,210	1,343	1,241	1,281	1,327	1,340	1,313	1,327	1,295	1,332	1,341	1,206	1,350	1,145	1,000	1,112	1,040	1,020	1,095	1,152	1,115	1,229	1,137	1,227	1,196	1,242	1,205	1,226	1,311	1,038	1,216	1,272	1,249	1,117	1,193	0,968	1,242	0,907	1,097	1,107	1,178	0,833	1,208	0,909	1,295	0,913	1,316	0,984	1,303	0,764	1,050	0,816	1,089	0,791	1,134	0,772	1,137	0,846	1,144	0,825	1,137
17:58:04	37,0	1,069	1,134	1,193	1,210	1,186	1,239	1,196	1,197	1,204	1,350	1,132	1,184	1,247	1,139	1,256	1,253	1,211	1,246	1,253	1,153	1,227	1,182	1,199	1,200	1,128	1,084	1,028	1,139	1,063	1,148	1,338	1,148	1,114	1,330	0,956	1,207	1,345	1,242	1,281	1,330	1,340	1,314	1,331	1,295	1,328	1,341	1,206	1,350	1,144	1,000	1,111	1,040	1,020	1,094	1,150	1,113	1,229	1,136	1,227	1,197	1,241	1,207	1,225	1,313	1,042	1,217	1,273	1,250	1,121	1,194	0,971	1,244	0,907	1,095	1,106	1,177	0,831	1,208	0,910	1,292	0,912	1,313	0,989	1,302	0,764	1,050	0,816	1,091	0,791	1,133	0,773	1,138	0,847	1,143	0,824	1,137
18:08:04	37,0	1,068	1,133	1,191	1,210	1,185	1,238	1,194	1,195	1,202	1,351	1,132	1,184	1,246	1,140	1,256	1,253	1,213	1,246	1,259	1,157	1,228	1,180	1,199	1,200	1,128	1,083	1,020	1,138	1,062	1,147	1,343	1,143	1,113	1,332	0,954	1,205	1,346	1,242	1,282	1,329	1,339	1,315	1,332	1,293	1,333	1,341	1,206	1,354	1,141	0,999	1,109	1,040	1,018	1,094	1,147	1,110	1,224	1,135	1,226	1,197	1,240	1,205	1,225	1,311	1,043	1,217	1,272	1,250	1,123	1,194	0,969	1,243	0,907	1,094	1,104	1,176	0,830	1,206	0,910	1,289	0,911	1,311	0,989	1,302	0,762	1,048	0,817	1,089	0,792	1,134	0,773	1,137	0,847	1,143	0,825	1,137
18:18:04	37,0	1,068	1,133	1,191	1,208	1,183	1,239	1,195	1,197	1,201	1,351	1,132	1,182	1,245	1,141	1,255	1,254	1,213	1,247	1,257	1,156	1,228	1,182	1,195	1,200	1,127	1,081	1,021	1,137	1,056	1,143	1,343	1,142	1,110	1,334	0,958	1,203	1,345	1,240	1,281	1,329	1,337	1,316	1,331	1,295	1,333	1,341	1,208	1,355	1,141	0,997	1,107	1,039	1,017	1,093	1,147	1,107	1,224	1,135	1,224	1,192	1,240	1,204	1,223	1,312	1,042	1,218	1,272	1,251	1,124	1,194	0,966	1,244	0,906	1,092	1,103	1,175	0,830	1,205	0,909	1,285	0,909	1,309	0,988	1,300	0,761	1,046	0,816	1,090	0,792	1,136	0,772	1,136	0,846	1,143	0,826	1,136
18:28:04	37,0	1,066	1,131	1,189	1,207	1,184	1,238	1,194	1,198	1,200	1,349	1,132	1,181	1,245	1,141	1,256	1,254	1,213	1,248	1,251	1,158	1,229	1,180	1,196	1,195	1,123	1,079	1,020	1,136	1,060	1,143	1,340	1,138	1,111	1,332	0,955	1,203	1,343	1,239	1,278	1,325	1,338	1,311	1,329	1,295	1,328	1,338	1,211	1,351	1,139	0,996	1,105	1,038	1,016	1,091	1,143	1,104	1,224	1,133	1,224	1,189	1,239	1,207	1,225	1,310	1,046	1,218	1,270	1,252	1,126	1,196	0,966	1,243	0,904	1,090	1,101	1,173	0,829	1,203	0,909	1,282	0,909	1,308	0,989	1,298	0,759	1,043	0,814	1,090	0,790	1,133	0,772	1,134	0,844	1,141	0,826	1,135
18:38:04	37,0	1,065	1,130	1,189	1,205	1,183	1,238	1,192	1,197	1,199	1,348	1,132	1,180	1,246	1,141	1,256	1,253	1,214	1,246	1,252	1,156	1,227	1,181	1,192	1,200	1,122	1,077	1,018	1,133	1,057	1,139	1,337	1,137	1,109	1,328	0,956	1,200	1,341	1,238	1,279	1,326	1,339	1,314	1,329	1,296	1,328	1,339	1,206	1,352	1,138	0,993	1,105	1,037	1,015	1,090	1,142	1,102	1,221	1,132	1,221	1,190	1,238	1,205	1,224	1,313	1,046	1,221	1,274	1,252	1,127	1,195	0,966	1,245	0,905	1,089	1,099	1,172	0,829	1,202	0,909	1,279	0,908	1,305	0,989	1,297	0,758	1,043	0,814	1,089	0,789	1,131	0,772	1,133	0,845	1,140	0,826	1,135
18:48:04	37,0	1,065	1,132	1,189	1,205	1,181	1,238	1,193	1,197	1,198	1,348	1,131	1,180	1,244	1,143	1,254	1,254	1,215	1,247	1,258	1,158	1,228	1,180	1,193	1,199	1,121	1,077	1,018	1,134	1,058	1,139	1,341	1,135	1,108	1,334	0,949	1,197	1,342	1,241	1,280	1,326	1,338	1,312	1,330	1,296	1,329	1,339	1,206	1,353	1,137	0,993	1,106	1,035	1,014	1,091	1,142	1,100	1,219	1,131	1,222	1,189	1,239	1,208	1,225	1,313	1,047	1,221	1,274	1,252	1,130	1,195	0,964	1,245	0,904	1,088	1,097	1,172	0,828	1,201	0,906	1,276	0,907	1,304	0,991	1,295	0,758	1,042	0,813	1,090	0,790	1,130	0,773	1,132	0,845	1,137	0,827	1,136
18:58:04	37,0	1,062	1,129	1,188	1,202	1,179	1,237	1,192	1,196	1,196	1,347	1,131	1,179	1,246	1,143	1,255	1,253	1,212	1,247	1,252	1,157	1,228	1,179	1,193	1,201	1,119	1,073	1,013	1,129	1,052	1,135	1,337	1,134	1,102	1,332	0,950	1,195	1,342	1,238	1,279	1,322	1,337	1,311	1,330	1,296	1,328	1,341	1,206	1,350	1,134	0,990	1,103	1,034	1,013	1,089	1,139	1,098	1,218	1,127	1,216	1,188	1,238	1,207	1,226	1,315	1,049	1,222	1,274	1,255	1,131	1,195	0,967	1,245	0,904	1,086	1,096	1,170	0,826	1,200	0,907	1,273	0,908	1,302	0,985	1,295	0,757	1,041	0,812	1,089	0,789	1,131	0,770	1,132	0,843	1,136	0,826	1,134
19:08:04	37,0	1,060	1,128	1,183	1,202	1,178	1,235	1,189	1,194	1,195	1,346	1,129	1,176	1,245	1,140	1,254	1,252	1,213	1,245	1,252	1,155	1,226	1,180	1,189	1,198	1,118	1,070	1,013	1,127	1,055	1,133	1,336	1,132	1,101	1,330	0,946	1,194	1,342	1,237	1,276	1,325	1,337	1,311	1,326	1,294	1,329	1,337	1,205	1,347	1,133	0,989	1,103	1,032	1,012	1,087	1,136	1,095	1,218	1,126	1,215	1,186	1,237	1,207	1,225	1,314	1,049	1,222	1,275	1,254	1,133	1,196	0,966	1,243	0,903	1,084	1,095	1,168	0,826	1,199	0,908	1,270	0,907	1,300	0,983	1,292	0,755	1,039	0,808	1,088	0,787	1,129	0,770	1,129	0,840	1,136	0,825	1,132
19:18:04	37,0	1,059	1,125	1,184	1,200	1,178	1,231	1,189	1,192	1,194	1,344	1,128	1,175	1,241	1,140	1,253	1,251	1,212	1,244	1,252	1,155	1,226	1,179	1,187	1,194	1,116	1,068	1,011	1,124	1,053	1,132	1,339	1,132	1,102	1,326	0,946	1,194	1,337	1,235	1,275	1,321	1,336	1,311	1,328	1,291	1,320	1,336	1,203	1,346	1,129	0,987	1,102	1,031	1,010	1,085	1,134	1,093	1,216	1,124	1,212	1,185	1,236	1,208	1,226	1,316	1,051	1,223	1,276	1,256	1,135	1,198	0,970	1,245	0,902	1,082	1,094	1,167	0,828	1,198	0,906	1,267	0,906	1,298	0,984	1,291	0,755	1,038	0,806	1,087	0,786	1,128	0,766	1,126	0,839	1,134	0,823	1,131
19:28:04	37,0	1,058	1,124	1,183	1,200	1,177	1,229	1,187	1,191	1,193	1,343	1,125	1,172	1,240	1,141	1,252	1,252	1,211	1,243	1,251	1,156	1,226	1,179	1,186	1,194	1,112	1,065	1,009	1,120	1,051	1,129	1,339	1,127	1,100	1,322	0,946	1,191	1,337	1,234	1,274	1,319	1,331	1,307	1,324	1,289	1,323	1,332	1,202	1,344	1,128	0,986	1,102	1,028	1,008	1,083	1,132	1,091	1,212	1,121	1,207	1,181	1,236	1,208	1,227	1,319	1,053	1,225	1,277	1,257	1,139	1,200	0,973	1,245	0,902	1,080	1,092	1,166	0,826	1,197	0,902	1,264	0,903	1,298	0,978	1,289	0,754	1,038	0,804	1,086	0,784	1,124	0,766	1,124	0,837	1,133	0,821	1,129
19:38:04	37,0	1,057	1,124	1,183	1,197	1,176	1,228	1,185	1,189	1,191	1,341	1,125	1,170	1,240	1,141	1,252	1,249	1,208	1,242	1,252	1,154	1,226	1,178	1,189	1,195	1,112	1,063	1,010	1,120	1,048	1,127	1,337	1,124	1,100	1,323	0,944	1,191	1,335	1,234	1,274	1,319	1,332	1,307	1,325	1,289	1,323	1,333	1,204	1,340	1,127	0,984	1,101	1,026	1,007	1,082	1,130	1,088	1,211	1,119	1,205	1,179	1,236	1,210	1,228	1,319	1,054	1,225	1,278	1,258	1,141	1,202	0,974	1,245	0,901	1,078	1,090	1,163	0,824	1,196	0,902	1,261	0,903	1,295	0,978	1,288	0,754	1,037	0,803	1,086	0,783	1,124	0,765	1,122	0,837	1,132	0,818	1,129
19:48:04	37,0	1,056	1,122	1,181	1,196	1,175	1,229	1,185	1,189	1,189	1,340	1,124	1,169	1,240	1,141	1,252	1,250	1,209	1,243	1,247	1,156	1,228	1,179	1,191	1,196	1,113	1,061	1,004	1,119	1,049	1,127	1,336	1,125	1,095	1,323	0,938	1,188	1,336	1,234	1,275	1,321	1,332	1,305	1,322	1,288	1,326	1,333	1,201	1,341	1,125	0,984	1,100	1,025	1,006	1,080	1,129	1,085	1,210	1,119	1,207	1,181	1,236	1,210	1,228	1,319	1,054	1,227	1,279	1,259	1,143	1,202	0,969	1,243	0,903	1,077	1,090	1,163	0,823	1,195	0,903	1,259	0,903	1,294	0,978	1,288	0,754	1,036	0,804	1,086	0,784	1,126	0,767	1,124	0,836	1,132	0,818	1,129
19:58:04	37,0	1,055	1,121	1,182	1,194	1,173	1,227	1,185	1,190	1,189	1,339	1,124	1,167	1,240	1,140	1,252	1,249	1,210	1,242	1,246	1,155	1,225	1,178	1,187	1,196	1,108	1,060	1,001	1,116	1,049	1,124	1,331	1,122	1,094	1,322	0,940	1,186	1,335	1,234	1,275	1,319	1,333	1,307	1,322	1,287	1,323	1,333	1,200	1,341	1,125	0,983	1,098	1,026	1,004	1,079	1,127	1,083	1,207	1,117	1,206	1,178	1,236	1,210	1,229	1,321	1,057	1,228	1,280	1,261	1,145	1,205	0,974	1,247	0,903	1,077	1,089	1,162	0,824	1,195	0,903	1,256	0,902	1,292	0,979	1,286	0,754	1,037	0,804	1,084	0,784	1,127	0,767	1,122	0,836	1,131	0,819	1,127
20:08:04	37,0	1,054	1,122	1,180	1,195	1,171	1,226	1,185	1,189	1,189	1,336	1,125	1,168	1,240	1,141	1,252	1,250	1,209	1,241	1,250	1,154	1,231	1,179	1,190	1,198	1,106	1,058	1,001	1,115	1,045	1,123	1,339	1,120	1,090	1,325	0,941	1,183	1,333	1,233	1,273	1,320	1,333	1,306	1,324	1,288	1,322	1,333	1,200	1,340	1,125	0,981	1,097	1,024	1,003	1,079	1,126	1,080	1,205	1,117	1,205	1,177	1,237	1,211	1,231	1,322	1,057	1,229	1,281	1,262	1,147	1,205	0,971	1,246	0,904	1,076	1,087	1,161	0,823	1,194	0,903	1,254	0,902	1,291	0,981	1,285	0,754	1,036	0,805	1,085	0,785	1,127	0,769	1,121	0,837	1,130	0,820	1,127
20:18:04	37,0	1,053	1,122	1,178	1,195	1,170	1,225	1,184	1,193	1,190	1,336	1,127	1,169	1,242	1,142	1,251	1,251	1,211	1,242	1,254	1,155	1,228	1,177	1,188	1,198	1,106	1,056	1,001	1,115	1,043	1,121	1,335	1,117	1,091	1,325	0,944	1,180	1,335	1,234	1,274	1,321	1,332	1,307	1,325	1,290	1,325	1,333	1,205	1,340	1,124	0,981	1,095	1,024	1,002	1,079	1,125	1,080	1,207	1,119	1,209	1,174	1,238	1,212	1,231	1,323	1,057	1,230	1,282	1,263	1,149	1,204	0,965	1,246	0,904	1,077	1,087	1,160	0,822	1,194	0,904	1,252	0,901	1,292	0,983	1,286	0,755	1,036	0,806	1,084	0,786	1,127	0,772	1,123	0,838	1,130	0,822	1,129
20:28:04	37,0	1,052	1,121	1,178	1,193	1,169	1,225	1,183	1,189	1,188	1,335	1,124	1,165	1,239	1,142	1,251	1,250	1,210	1,242	1,250	1,156	1,226	1,179	1,187	1,197	1,105	1,053	0,999	1,113	1,039	1,119	1,338	1,113	1,090	1,324	0,940	1,177	1,336	1,234	1,273	1,321	1,332	1,305	1,323	1,290	1,325	1,332	1,202	1,342	1,121	0,979	1,093	1,023	1,001	1,078	1,123	1,077	1,204	1,118	1,206	1,175	1,238	1,214	1,233	1,325	1,060	1,231	1,283	1,265	1,150	1,208	0,966	1,248	0,904	1,077	1,085	1,159	0,823	1,194	0,904	1,250	0,902	1,290	0,981	1,284	0,754	1,037	0,805	1,083	0,786	1,126	0,769	1,121	0,838	1,129	0,822	1,126
20:38:04	37,0	1,051	1,120	1,174	1,192	1,168	1,222	1,182	1,187	1,185	1,334	1,125	1,162	1,239	1,140	1,250	1,248	1,208	1,241	1,247	1,153	1,225	1,178	1,187	1,197	1,103	1,050	0,996	1,110	1,039	1,115	1,337	1,113	1,089	1,322	0,938	1,176	1,333	1,232	1,271	1,321	1,332	1,305	1,324	1,286	1,326	1,333	1,198	1,336	1,119	0,978	1,092	1,022	1,001	1,077	1,121	1,075	1,203	1,115	1,203	1,174	1,237	1,213	1,235	1,326	1,062	1,232	1,284	1,266	1,153	1,209	0,969	1,249	0,905	1,077	1,085	1,157	0,823	1,193	0,904	1,248	0,903	1,290	0,981	1,283	0,753	1,037	0,805	1,083	0,787	1,127	0,768	1,120	0,837	1,128	0,821	1,125
20:48:04	37,0	1,052	1,119	1,176	1,189	1,166	1,219	1,178	1,185	1,185	1,333	1,121	1,160	1,236	1,141	1,250	1,247	1,206	1,239	1,249	1,151	1,225	1,177	1,185	1,192	1,100	1,048	0,995	1,106	1,040	1,113	1,339	1,107	1,088	1,318	0,937	1,177	1,330	1,230	1,270	1,318	1,331	1,306	1,323	1,286	1,323	1,331	1,196	1,335	1,115	0,976	1,092	1,019	0,999	1,076	1,120	1,074	1,203	1,114	1,198	1,169	1,236	1,215	1,235	1,327	1,062	1,234	1,285	1,268	1,155	1,211	0,970	1,248	0,906	1,075	1,084	1,156	0,823	1,193	0,901	1,246	0,903	1,288	0,977	1,281	0,752	1,037	0,801	1,082	0,783	1,124	0,765	1,116	0,833	1,128	0,819	1,125
20:58:04	37,0	1,051	1,117	1,175	1,189	1,165	1,217	1,178	1,185	1,183	1,332	1,121	1,160	1,234	1,140	1,250	1,246	1,208	1,239	1,246	1,152	1,224	1,176	1,183	1,197	1,098	1,046	0,995	1,103	1,036	1,113	1,336	1,111	1,084	1,319	0,933	1,173	1,330	1,230	1,269	1,317	1,331	1,303	1,321	1,284	1,316	1,331	1,196	1,332	1,115	0,975	1,091	1,018	0,998	1,074	1,117	1,072	1,200	1,111	1,198	1,171	1,236	1,215	1,236	1,327	1,063	1,235	1,286	1,268	1,155	1,211	0,967	1,249	0,905	1,074	1,083	1,156	0,823	1,193	0,902	1,243	0,901	1,287	0,974	1,280	0,753	1,037	0,800	1,080	0,783	1,123	0,765	1,116	0,832	1,127	0,816	1,124
21:08:04	37,0	1,050	1,116	1,174	1,189	1,163	1,217	1,178	1,184	1,182	1,329	1,123	1,157	1,235	1,140	1,250	1,247	1,209	1,239	1,248	1,153	1,225	1,177	1,186	1,195	1,098	1,045	0,994	1,102	1,037	1,112	1,336	1,110	1,082	1,316	0,936	1,171	1,329	1,230	1,270	1,319	1,330	1,304	1,320	1,284	1,322	1,331	1,195	1,333	1,113	0,975	1,091	1,018	0,997	1,073	1,117	1,070	1,200	1,111	1,198	1,171	1,237	1,217	1,238	1,328	1,066	1,236	1,287	1,270	1,158	1,214	0,970	1,252	0,906	1,074	1,083	1,155	0,822	1,193	0,902	1,241	0,901	1,285	0,979	1,279	0,752	1,037	0,802	1,080	0,785	1,125	0,766	1,116	0,833	1,128	0,817	1,124
21:18:04	37,0	1,049	1,116	1,173	1,187	1,162	1,216	1,175	1,183	1,181	1,328	1,120	1,154	1,233	1,139	1,249	1,246	1,211	1,238	1,247	1,151	1,224	1,177	1,185	1,194	1,097	1,042	0,991	1,099	1,034	1,109	1,336	1,107	1,083	1,317	0,932	1,168	1,328	1,229	1,269	1,317	1,330	1,304	1,317	1,283	1,319	1,331	1,196	1,331	1,113	0,974	1,091	1,018	0,996	1,072	1,116	1,069	1,199	1,109	1,197	1,168	1,237	1,217	1,239	1,329	1,066	1,237	1,288	1,271	1,159	1,215	0,970	1,252	0,907	1,074	1,082	1,155	0,822	1,193	0,903	1,240	0,902	1,285	0,977	1,279	0,753	1,038	0,801	1,077	0,784	1,124	0,765	1,115	0,832	1,126	0,816	1,125
21:28:04	37,0	1,049	1,116	1,171	1,187	1,161	1,214	1,175	1,183	1,182	1,327	1,120	1,154	1,233	1,139	1,249	1,246	1,208	1,237	1,244	1,153	1,223	1,178	1,183	1,195	1,095	1,040	0,989	1,101	1,032	1,108	1,329	1,105	1,077	1,318	0,932	1,166	1,330	1,229	1,269	1,316	1,328	1,302	1,322	1,283	1,315	1,330	1,198	1,333	1,112	0,973	1,089	1,017	0,995	1,071	1,116	1,068	1,198	1,109	1,197	1,167	1,239	1,217	1,240	1,329	1,065	1,238	1,289	1,272	1,160	1,215	0,964	1,249	0,907	1,074	1,081	1,154	0,821	1,193	0,902	1,238	0,901	1,283	0,976	1,279	0,753	1,037	0,801	1,077	0,785	1,126	0,767	1,116	0,832	1,126	0,818	1,125
21:38:04	37,0	1,048	1,114	1,169	1,185	1,161	1,215	1,175	1,182	1,182	1,326	1,119	1,154	1,233	1,140	1,249	1,246	1,207	1,239	1,242	1,153	1,226	1,177	1,184	1,195	1,093	1,039	0,985	1,095	1,026	1,106	1,330	1,103	1,077	1,318	0,927	1,163	1,329	1,228	1,269	1,316	1,329	1,303	1,321	1,283	1,323	1,330	1,198	1,333	1,112	0,972	1,086	1,015	0,994	1,070	1,115	1,066	1,195	1,109	1,195	1,165	1,239	1,219	1,240	1,331	1,066	1,239	1,290	1,273	1,162	1,216	0,963	1,250	0,907	1,072	1,081	1,153	0,822	1,193	0,903	1,237	0,900	1,284	0,975	1,278	0,752	1,037	0,801	1,075	0,785	1,126	0,768	1,114	0,831	1,127	0,818	1,125
21:48:04	37,0	1,047	1,113	1,171	1,184	1,159	1,212	1,172	1,181	1,180	1,324	1,119	1,152	1,234	1,142	1,248	1,248	1,208	1,238	1,242	1,152	1,225	1,178	1,181	1,192	1,092	1,039	0,987	1,097	1,029	1,103	1,333	1,101	1,081	1,315	0,932	1,161	1,328	1,229	1,270	1,316	1,330	1,304	1,322	1,283	1,317	1,330	1,197	1,332	1,110	0,973	1,085	1,015	0,994	1,071	1,114	1,065	1,196	1,109	1,195	1,164	1,240	1,221	1,242	1,334	1,069	1,241	1,293	1,276	1,164	1,219	0,970	1,256	0,908	1,073	1,081	1,154	0,823	1,194	0,903	1,236	0,900	1,282	0,981	1,277	0,752	1,040	0,802	1,075	0,786	1,127	0,768	1,116	0,833	1,127	0,819	1,126
21:58:04	37,0	1,046	1,112	1,167	1,182	1,157	1,214	1,173	1,179	1,179	1,322	1,116	1,150	1,231	1,140	1,248	1,246	1,206	1,235	1,245	1,151	1,223	1,177	1,180	1,191	1,090	1,035	0,983	1,093	1,025	1,101	1,336	1,095	1,079	1,315	0,931	1,160	1,327	1,228	1,270	1,316	1,330	1,303	1,321	1,284	1,317	1,329	1,196	1,328	1,109	0,972	1,084	1,014	0,993	1,069	1,114	1,063	1,194	1,107	1,192	1,163	1,240	1,222	1,244	1,334	1,068	1,242	1,293	1,277	1,165	1,220	0,967	1,251	0,908	1,072	1,080	1,153	0,823	1,194	0,902	1,235	0,900	1,280	0,976	1,276	0,753	1,040	0,800	1,073	0,785	1,125	0,766	1,115	0,831	1,127	0,818	1,125
22:08:04	37,0	1,046	1,111	1,167	1,181	1,156	1,210	1,170	1,179	1,177	1,321	1,118	1,150	1,231	1,140	1,249	1,245	1,206	1,236	1,241	1,152	1,224	1,176	1,181	1,194	1,087	1,033	0,981	1,093	1,025	1,101	1,330	1,097	1,077	1,314	0,928	1,157	1,323	1,228	1,269	1,314	1,327	1,304	1,323	1,284	1,323	1,330	1,195	1,328	1,109	0,972	1,083	1,014	0,992	1,068	1,113	1,062	1,193	1,106	1,191	1,163	1,240	1,223	1,245	1,336	1,071	1,244	1,294	1,279	1,166	1,222	0,969	1,254	0,910	1,072	1,080	1,153	0,822	1,194	0,903	1,233	0,901	1,281	0,978	1,277	0,753	1,040	0,802	1,072	0,786	1,126	0,767	1,116	0,832	1,128	0,818	1,127

