Time	T∞ Optical Density:600	A1	A2	A3	A4	A5	A6	A7	A8	A9	A10	A11	A12	B1	B2	B3	B4	B5	B6	B7	B8	B9	B10	B11	B12	C1	C2	C3	C4	C5	C6	C7	C8	C9	C10	C11	C12	D1	D2	D3	D4	D5	D6	D7	D8	D9	D10	D11	D12	E1	E2	E3	E4	E5	E6	E7	E8	E9	E10	E11	E12	F1	F2	F3	F4	F5	F6	F7	F8	F9	F10	F11	F12	G1	G2	G3	G4	G5	G6	G7	G8	G9	G10	G11	G12	H1	H2	H3	H4	H5	H6	H7	H8	H9	H10	H11	H12
0:08:04	37,0	0,115	0,125	0,138	0,136	0,132	0,137	0,138	0,143	0,159	0,147	0,112	0,106	0,119	0,110	0,118	0,120	0,112	0,135	0,147	0,129	0,120	0,131	0,125	0,145	0,111	0,103	0,137	0,103	0,128	0,110	0,124	0,123	0,129	0,121	0,134	0,145	0,117	0,109	0,126	0,108	0,131	0,123	0,133	0,135	0,121	0,123	0,109	0,119	0,115	0,119	0,130	0,137	0,128	0,166	0,130	0,164	0,125	0,129	0,138	0,135	0,129	0,161	0,133	0,186	0,121	0,160	0,202	0,144	0,096	0,139	0,116	0,110	0,123	0,137	0,140	0,153	0,117	0,143	0,112	0,144	0,136	0,125	0,163	0,108	0,112	0,109	0,107	0,103	0,107	0,109	0,103	0,124	0,104	0,119	0,104	0,111
0:18:04	36,9	0,115	0,127	0,139	0,143	0,135	0,137	0,140	0,146	0,160	0,150	0,112	0,106	0,121	0,112	0,125	0,124	0,112	0,142	0,148	0,131	0,123	0,136	0,127	0,145	0,113	0,103	0,142	0,103	0,130	0,114	0,121	0,123	0,131	0,127	0,132	0,144	0,117	0,110	0,123	0,110	0,131	0,119	0,132	0,134	0,117	0,128	0,108	0,118	0,119	0,120	0,141	0,142	0,127	0,172	0,130	0,171	0,126	0,136	0,137	0,137	0,129	0,164	0,133	0,193	0,117	0,163	0,205	0,144	0,096	0,169	0,118	0,115	0,122	0,141	0,142	0,152	0,118	0,152	0,117	0,145	0,141	0,128	0,156	0,109	0,114	0,110	0,107	0,104	0,108	0,110	0,102	0,124	0,104	0,120	0,104	0,112
0:28:04	37,0	0,118	0,129	0,144	0,149	0,139	0,140	0,144	0,150	0,164	0,158	0,114	0,107	0,124	0,113	0,133	0,128	0,114	0,151	0,152	0,134	0,126	0,144	0,131	0,149	0,114	0,104	0,148	0,104	0,133	0,117	0,125	0,126	0,137	0,129	0,133	0,147	0,118	0,111	0,124	0,111	0,130	0,119	0,132	0,135	0,116	0,132	0,108	0,120	0,123	0,124	0,142	0,145	0,132	0,177	0,134	0,173	0,131	0,135	0,143	0,141	0,130	0,171	0,137	0,206	0,117	0,166	0,220	0,146	0,096	0,188	0,122	0,116	0,125	0,152	0,147	0,156	0,119	0,160	0,119	0,148	0,144	0,131	0,161	0,111	0,117	0,113	0,108	0,106	0,109	0,112	0,103	0,126	0,105	0,123	0,105	0,115
0:38:04	37,0	0,121	0,134	0,152	0,157	0,147	0,145	0,153	0,155	0,172	0,159	0,117	0,110	0,129	0,116	0,142	0,132	0,117	0,158	0,162	0,139	0,132	0,153	0,138	0,157	0,117	0,105	0,148	0,105	0,137	0,122	0,127	0,129	0,141	0,131	0,135	0,152	0,120	0,113	0,128	0,113	0,135	0,121	0,137	0,141	0,118	0,137	0,109	0,122	0,127	0,128	0,146	0,146	0,135	0,180	0,138	0,177	0,135	0,141	0,149	0,145	0,135	0,179	0,142	0,223	0,120	0,169	0,233	0,150	0,097	0,197	0,128	0,118	0,129	0,156	0,153	0,159	0,121	0,165	0,122	0,152	0,149	0,134	0,167	0,113	0,120	0,117	0,110	0,108	0,111	0,114	0,104	0,128	0,107	0,127	0,106	0,119
0:48:04	37,0	0,126	0,140	0,165	0,169	0,157	0,152	0,165	0,163	0,183	0,165	0,123	0,114	0,137	0,121	0,151	0,140	0,122	0,168	0,175	0,145	0,140	0,164	0,146	0,167	0,119	0,107	0,156	0,107	0,142	0,121	0,129	0,132	0,148	0,136	0,138	0,159	0,124	0,115	0,131	0,115	0,145	0,124	0,147	0,149	0,120	0,144	0,111	0,126	0,133	0,132	0,153	0,149	0,138	0,183	0,144	0,185	0,139	0,149	0,155	0,149	0,141	0,189	0,149	0,247	0,124	0,174	0,258	0,154	0,098	0,198	0,136	0,124	0,137	0,161	0,158	0,166	0,126	0,169	0,125	0,156	0,155	0,137	0,176	0,117	0,123	0,122	0,113	0,112	0,113	0,118	0,106	0,132	0,109	0,133	0,109	0,125
0:58:04	37,0	0,133	0,151	0,183	0,185	0,175	0,164	0,183	0,174	0,203	0,172	0,131	0,119	0,148	0,127	0,163	0,150	0,129	0,179	0,193	0,154	0,151	0,178	0,159	0,181	0,122	0,109	0,160	0,109	0,147	0,126	0,134	0,137	0,157	0,144	0,142	0,169	0,128	0,118	0,136	0,119	0,151	0,127	0,155	0,157	0,124	0,151	0,114	0,131	0,142	0,138	0,161	0,153	0,144	0,194	0,152	0,200	0,145	0,154	0,161	0,155	0,149	0,202	0,160	0,279	0,129	0,181	0,291	0,164	0,099	0,260	0,147	0,132	0,147	0,167	0,166	0,172	0,132	0,174	0,130	0,162	0,164	0,142	0,189	0,120	0,129	0,129	0,117	0,117	0,117	0,124	0,109	0,137	0,113	0,143	0,112	0,135
1:08:04	37,0	0,144	0,166	0,205	0,207	0,195	0,179	0,206	0,192	0,226	0,186	0,143	0,127	0,163	0,137	0,178	0,163	0,140	0,198	0,215	0,167	0,167	0,195	0,176	0,203	0,126	0,113	0,169	0,113	0,154	0,133	0,140	0,145	0,169	0,153	0,148	0,184	0,133	0,122	0,143	0,124	0,158	0,132	0,162	0,163	0,129	0,160	0,117	0,139	0,153	0,146	0,174	0,161	0,154	0,208	0,163	0,207	0,153	0,162	0,170	0,163	0,163	0,216	0,174	0,310	0,136	0,193	0,331	0,176	0,102	0,287	0,164	0,141	0,161	0,176	0,174	0,184	0,140	0,185	0,138	0,168	0,176	0,149	0,205	0,126	0,138	0,140	0,122	0,125	0,123	0,135	0,112	0,144	0,117	0,158	0,117	0,148
1:18:04	37,0	0,157	0,184	0,229	0,233	0,222	0,201	0,235	0,212	0,252	0,203	0,159	0,138	0,182	0,152	0,198	0,183	0,155	0,218	0,240	0,183	0,187	0,215	0,197	0,225	0,132	0,118	0,185	0,118	0,165	0,146	0,148	0,154	0,186	0,168	0,156	0,203	0,142	0,128	0,153	0,130	0,169	0,138	0,176	0,171	0,137	0,175	0,122	0,150	0,170	0,156	0,190	0,171	0,165	0,225	0,178	0,216	0,165	0,175	0,182	0,175	0,180	0,235	0,196	0,341	0,146	0,207	0,376	0,192	0,106	0,320	0,186	0,155	0,181	0,187	0,185	0,201	0,152	0,202	0,149	0,178	0,193	0,160	0,227	0,134	0,151	0,155	0,130	0,137	0,131	0,149	0,118	0,155	0,122	0,177	0,124	0,168
1:28:04	37,0	0,176	0,206	0,254	0,257	0,248	0,224	0,263	0,236	0,281	0,222	0,182	0,151	0,202	0,169	0,220	0,206	0,175	0,242	0,258	0,203	0,210	0,238	0,223	0,246	0,141	0,127	0,200	0,127	0,181	0,165	0,163	0,169	0,209	0,187	0,167	0,227	0,155	0,136	0,167	0,139	0,181	0,149	0,196	0,181	0,147	0,192	0,129	0,164	0,191	0,170	0,211	0,184	0,179	0,244	0,199	0,230	0,180	0,192	0,198	0,184	0,203	0,259	0,220	0,371	0,160	0,223	0,421	0,212	0,111	0,360	0,215	0,172	0,203	0,201	0,203	0,218	0,169	0,222	0,165	0,194	0,214	0,173	0,252	0,146	0,168	0,179	0,140	0,152	0,143	0,171	0,125	0,166	0,135	0,206	0,132	0,191
1:38:04	37,0	0,196	0,227	0,282	0,282	0,275	0,246	0,288	0,257	0,307	0,244	0,205	0,176	0,229	0,192	0,247	0,227	0,196	0,268	0,300	0,231	0,239	0,264	0,249	0,274	0,153	0,138	0,216	0,138	0,198	0,183	0,176	0,188	0,227	0,207	0,182	0,250	0,168	0,147	0,184	0,153	0,198	0,161	0,216	0,197	0,161	0,214	0,140	0,184	0,213	0,187	0,235	0,208	0,196	0,262	0,221	0,246	0,198	0,209	0,218	0,201	0,232	0,287	0,251	0,403	0,179	0,245	0,463	0,236	0,119	0,411	0,252	0,193	0,227	0,225	0,223	0,245	0,190	0,247	0,184	0,212	0,235	0,194	0,274	0,161	0,189	0,206	0,155	0,174	0,160	0,198	0,135	0,183	0,147	0,239	0,145	0,221
1:48:04	37,0	0,212	0,253	0,309	0,310	0,303	0,272	0,316	0,284	0,337	0,268	0,231	0,197	0,256	0,217	0,273	0,256	0,227	0,299	0,319	0,251	0,270	0,291	0,279	0,306	0,168	0,152	0,238	0,152	0,216	0,204	0,198	0,210	0,253	0,227	0,196	0,276	0,185	0,163	0,204	0,170	0,215	0,178	0,241	0,219	0,181	0,235	0,154	0,201	0,242	0,209	0,263	0,225	0,214	0,288	0,244	0,264	0,219	0,235	0,242	0,220	0,265	0,311	0,285	0,432	0,203	0,267	0,501	0,264	0,129	0,465	0,293	0,218	0,254	0,250	0,251	0,258	0,210	0,278	0,204	0,258	0,259	0,222	0,298	0,186	0,214	0,238	0,176	0,205	0,179	0,233	0,151	0,205	0,164	0,276	0,162	0,258
1:58:04	37,0	0,237	0,280	0,336	0,335	0,337	0,299	0,343	0,311	0,366	0,294	0,259	0,223	0,289	0,247	0,301	0,283	0,254	0,325	0,363	0,279	0,296	0,320	0,318	0,334	0,185	0,170	0,264	0,170	0,236	0,228	0,215	0,236	0,276	0,250	0,214	0,299	0,196	0,180	0,225	0,190	0,231	0,196	0,266	0,239	0,195	0,258	0,172	0,221	0,271	0,236	0,294	0,247	0,236	0,324	0,275	0,284	0,243	0,267	0,268	0,242	0,296	0,344	0,316	0,466	0,231	0,293	0,536	0,291	0,143	0,535	0,338	0,244	0,280	0,318	0,282	0,286	0,233	0,310	0,225	0,293	0,281	0,255	0,320	0,215	0,244	0,276	0,200	0,236	0,208	0,265	0,169	0,232	0,187	0,311	0,183	0,293
2:08:04	37,0	0,259	0,310	0,363	0,361	0,366	0,324	0,373	0,339	0,402	0,320	0,286	0,252	0,321	0,277	0,329	0,311	0,284	0,360	0,396	0,308	0,328	0,349	0,355	0,367	0,199	0,185	0,291	0,187	0,260	0,253	0,235	0,266	0,302	0,278	0,238	0,324	0,214	0,192	0,247	0,205	0,251	0,214	0,294	0,267	0,213	0,285	0,185	0,241	0,301	0,260	0,327	0,273	0,261	0,361	0,309	0,309	0,266	0,298	0,296	0,268	0,331	0,380	0,354	0,487	0,259	0,323	0,566	0,323	0,162	0,603	0,385	0,273	0,307	0,352	0,311	0,319	0,258	0,340	0,247	0,332	0,299	0,297	0,339	0,248	0,271	0,309	0,228	0,267	0,235	0,298	0,193	0,264	0,213	0,353	0,211	0,326
2:18:04	37,0	0,283	0,341	0,390	0,390	0,397	0,354	0,403	0,368	0,431	0,344	0,319	0,288	0,353	0,315	0,362	0,344	0,325	0,392	0,425	0,327	0,368	0,379	0,389	0,408	0,220	0,204	0,322	0,206	0,281	0,277	0,263	0,292	0,335	0,304	0,262	0,358	0,229	0,208	0,276	0,227	0,275	0,232	0,327	0,300	0,239	0,311	0,204	0,266	0,331	0,290	0,364	0,323	0,284	0,390	0,349	0,337	0,291	0,325	0,326	0,291	0,368	0,411	0,405	0,503	0,285	0,352	0,588	0,356	0,184	0,672	0,430	0,307	0,342	0,389	0,339	0,353	0,280	0,377	0,268	0,367	0,319	0,331	0,358	0,292	0,299	0,342	0,261	0,301	0,266	0,338	0,221	0,305	0,243	0,407	0,235	0,365
2:28:04	37,0	0,307	0,370	0,411	0,412	0,429	0,382	0,427	0,397	0,457	0,373	0,348	0,318	0,390	0,354	0,395	0,375	0,360	0,423	0,462	0,364	0,408	0,407	0,429	0,431	0,240	0,226	0,356	0,231	0,304	0,306	0,287	0,341	0,363	0,341	0,285	0,403	0,250	0,231	0,300	0,248	0,306	0,255	0,366	0,329	0,260	0,363	0,230	0,292	0,364	0,321	0,399	0,342	0,310	0,419	0,394	0,366	0,320	0,356	0,359	0,321	0,407	0,439	0,443	0,519	0,315	0,386	0,597	0,393	0,211	0,746	0,473	0,342	0,381	0,435	0,379	0,391	0,300	0,411	0,285	0,411	0,337	0,376	0,374	0,334	0,327	0,393	0,293	0,334	0,299	0,378	0,251	0,347	0,276	0,454	0,264	0,415
2:38:04	37,0	0,327	0,405	0,433	0,434	0,462	0,405	0,452	0,422	0,482	0,397	0,388	0,354	0,430	0,396	0,426	0,407	0,401	0,448	0,507	0,386	0,438	0,438	0,459	0,465	0,257	0,248	0,385	0,251	0,328	0,334	0,309	0,369	0,395	0,386	0,314	0,451	0,272	0,262	0,339	0,288	0,349	0,282	0,428	0,382	0,290	0,420	0,256	0,324	0,404	0,362	0,439	0,375	0,337	0,450	0,413	0,395	0,357	0,390	0,400	0,354	0,446	0,459	0,484	0,536	0,354	0,426	0,594	0,429	0,241	0,816	0,512	0,383	0,422	0,484	0,418	0,426	0,321	0,438	0,304	0,448	0,354	0,423	0,390	0,388	0,363	0,442	0,321	0,374	0,331	0,431	0,282	0,390	0,308	0,511	0,295	0,467
2:48:04	37,0	0,352	0,436	0,455	0,457	0,501	0,429	0,473	0,446	0,505	0,420	0,418	0,396	0,460	0,438	0,455	0,439	0,438	0,478	0,549	0,418	0,471	0,469	0,504	0,486	0,276	0,273	0,417	0,278	0,355	0,369	0,346	0,412	0,426	0,430	0,345	0,487	0,317	0,291	0,386	0,329	0,407	0,319	0,481	0,407	0,327	0,470	0,284	0,384	0,437	0,402	0,475	0,421	0,366	0,479	0,451	0,423	0,398	0,416	0,440	0,390	0,481	0,481	0,516	0,554	0,396	0,487	0,602	0,464	0,271	0,873	0,548	0,426	0,464	0,528	0,445	0,452	0,338	0,462	0,322	0,481	0,371	0,461	0,405	0,440	0,404	0,489	0,354	0,421	0,367	0,479	0,316	0,431	0,343	0,550	0,335	0,499
2:58:04	37,0	0,374	0,460	0,476	0,485	0,525	0,452	0,496	0,468	0,529	0,444	0,444	0,432	0,488	0,476	0,484	0,467	0,470	0,506	0,593	0,445	0,498	0,509	0,535	0,518	0,297	0,303	0,446	0,314	0,384	0,409	0,385	0,468	0,460	0,479	0,379	0,527	0,361	0,333	0,427	0,369	0,450	0,371	0,523	0,442	0,372	0,506	0,319	0,427	0,460	0,441	0,497	0,436	0,396	0,507	0,623	0,451	0,421	0,436	0,470	0,419	0,505	0,499	0,546	0,575	0,445	0,492	0,610	0,486	0,305	0,904	0,585	0,461	0,502	0,558	0,469	0,474	0,357	0,482	0,347	0,505	0,386	0,483	0,422	0,479	0,447	0,527	0,394	0,462	0,415	0,495	0,353	0,463	0,387	0,575	0,379	0,529
3:08:04	37,0	0,393	0,489	0,512	0,515	0,547	0,481	0,522	0,491	0,563	0,464	0,468	0,466	0,514	0,514	0,510	0,492	0,506	0,530	0,626	0,470	0,531	0,546	0,565	0,553	0,319	0,336	0,476	0,360	0,408	0,446	0,423	0,520	0,494	0,521	0,417	0,559	0,410	0,377	0,461	0,412	0,479	0,412	0,552	0,480	0,410	0,548	0,366	0,460	0,485	0,464	0,519	0,446	0,415	0,534	0,642	0,471	0,449	0,459	0,507	0,466	0,527	0,518	0,567	0,598	0,473	0,509	0,618	0,506	0,339	0,942	0,624	0,495	0,531	0,590	0,491	0,499	0,382	0,499	0,367	0,524	0,403	0,507	0,435	0,511	0,481	0,548	0,439	0,484	0,465	0,518	0,397	0,492	0,433	0,603	0,429	0,550
3:18:04	37,0	0,418	0,514	0,541	0,538	0,566	0,505	0,543	0,515	0,586	0,487	0,492	0,494	0,534	0,549	0,536	0,512	0,536	0,555	0,650	0,487	0,559	0,578	0,589	0,573	0,342	0,403	0,514	0,407	0,435	0,487	0,446	0,557	0,526	0,560	0,450	0,588	0,443	0,407	0,503	0,454	0,507	0,462	0,591	0,507	0,454	0,581	0,427	0,490	0,510	0,481	0,555	0,488	0,443	0,541	0,651	0,489	0,477	0,499	0,550	0,500	0,548	0,538	0,578	0,621	0,481	0,530	0,623	0,523	0,376	0,964	0,665	0,524	0,556	0,622	0,516	0,526	0,401	0,515	0,388	0,538	0,421	0,522	0,447	0,540	0,499	0,573	0,479	0,499	0,506	0,541	0,444	0,529	0,474	0,636	0,481	0,586
3:28:04	37,0	0,439	0,546	0,571	0,564	0,587	0,524	0,564	0,539	0,617	0,506	0,520	0,524	0,556	0,576	0,563	0,530	0,561	0,583	0,673	0,513	0,604	0,615	0,612	0,605	0,364	0,451	0,545	0,455	0,484	0,538	0,475	0,583	0,565	0,588	0,483	0,613	0,480	0,442	0,525	0,493	0,542	0,502	0,618	0,533	0,506	0,604	0,472	0,520	0,530	0,500	0,580	0,474	0,465	0,553	0,667	0,519	0,505	0,522	0,593	0,564	0,567	0,565	0,590	0,647	0,493	0,542	0,626	0,541	0,409	0,995	0,679	0,549	0,577	0,647	0,538	0,546	0,423	0,529	0,409	0,557	0,435	0,548	0,459	0,567	0,517	0,596	0,501	0,513	0,536	0,560	0,481	0,558	0,513	0,673	0,513	0,614
3:38:04	37,0	0,459	0,569	0,595	0,589	0,612	0,552	0,584	0,560	0,648	0,517	0,541	0,553	0,580	0,598	0,595	0,549	0,586	0,617	0,694	0,535	0,634	0,661	0,629	0,628	0,392	0,491	0,569	0,514	0,517	0,565	0,500	0,584	0,602	0,613	0,521	0,639	0,502	0,483	0,545	0,510	0,568	0,526	0,641	0,548	0,527	0,632	0,520	0,545	0,549	0,515	0,602	0,479	0,485	0,581	0,682	0,530	0,535	0,540	0,602	0,579	0,585	0,582	0,584	0,678	0,527	0,560	0,629	0,563	0,444	1,008	0,701	0,587	0,601	0,679	0,557	0,562	0,429	0,548	0,432	0,571	0,447	0,572	0,473	0,593	0,531	0,616	0,521	0,528	0,564	0,578	0,514	0,590	0,538	0,690	0,540	0,639
3:48:04	37,0	0,483	0,587	0,621	0,614	0,636	0,585	0,604	0,587	0,683	0,526	0,566	0,580	0,603	0,620	0,625	0,573	0,613	0,641	0,709	0,569	0,660	0,687	0,648	0,656	0,431	0,517	0,592	0,544	0,541	0,589	0,524	0,586	0,638	0,640	0,559	0,665	0,515	0,508	0,558	0,527	0,601	0,564	0,662	0,567	0,560	0,655	0,554	0,577	0,565	0,525	0,630	0,504	0,512	0,591	0,707	0,547	0,573	0,578	0,645	0,608	0,606	0,605	0,595	0,708	0,545	0,576	0,630	0,597	0,470	1,024	0,710	0,603	0,617	0,715	0,578	0,583	0,441	0,578	0,444	0,593	0,467	0,597	0,489	0,624	0,541	0,641	0,538	0,543	0,587	0,606	0,525	0,588	0,564	0,719	0,561	0,672
3:58:04	37,0	0,497	0,608	0,647	0,636	0,660	0,625	0,624	0,618	0,713	0,538	0,593	0,607	0,627	0,641	0,644	0,603	0,634	0,656	0,726	0,599	0,686	0,698	0,664	0,679	0,457	0,534	0,610	0,563	0,565	0,617	0,569	0,599	0,664	0,671	0,610	0,694	0,536	0,541	0,577	0,562	0,620	0,590	0,689	0,601	0,596	0,692	0,592	0,605	0,581	0,539	0,670	0,517	0,536	0,605	0,722	0,574	0,591	0,601	0,656	0,638	0,628	0,639	0,606	0,746	0,564	0,593	0,633	0,626	0,484	1,039	0,724	0,613	0,623	0,745	0,598	0,603	0,454	0,589	0,457	0,610	0,485	0,622	0,504	0,646	0,554	0,662	0,555	0,562	0,611	0,633	0,557	0,626	0,591	0,746	0,584	0,698
4:08:04	37,0	0,515	0,626	0,669	0,660	0,682	0,661	0,645	0,649	0,739	0,549	0,626	0,630	0,644	0,655	0,663	0,623	0,650	0,673	0,740	0,628	0,707	0,712	0,677	0,700	0,487	0,552	0,628	0,573	0,585	0,648	0,608	0,617	0,697	0,705	0,644	0,720	0,563	0,572	0,599	0,580	0,649	0,634	0,716	0,634	0,627	0,717	0,627	0,636	0,596	0,552	0,663	0,534	0,551	0,622	0,741	0,592	0,623	0,623	0,685	0,672	0,646	0,678	0,611	0,777	0,593	0,618	0,633	0,658	0,509	1,044	0,741	0,630	0,624	0,783	0,621	0,619	0,471	0,611	0,470	0,628	0,498	0,650	0,520	0,672	0,569	0,686	0,574	0,580	0,636	0,658	0,591	0,665	0,613	0,770	0,603	0,730
4:18:04	36,9	0,533	0,643	0,693	0,677	0,704	0,696	0,668	0,681	0,764	0,562	0,653	0,651	0,662	0,671	0,679	0,642	0,669	0,690	0,756	0,657	0,730	0,729	0,691	0,720	0,522	0,576	0,651	0,591	0,609	0,681	0,633	0,639	0,723	0,739	0,667	0,746	0,594	0,600	0,613	0,620	0,672	0,655	0,732	0,658	0,662	0,744	0,660	0,672	0,615	0,560	0,684	0,543	0,570	0,629	0,763	0,609	0,664	0,653	0,712	0,720	0,663	0,706	0,621	0,810	0,611	0,648	0,642	0,688	0,524	1,068	0,759	0,645	0,633	0,821	0,638	0,635	0,485	0,641	0,479	0,650	0,510	0,679	0,539	0,699	0,582	0,711	0,593	0,601	0,655	0,688	0,609	0,706	0,634	0,794	0,619	0,764
4:28:04	37,0	0,551	0,657	0,719	0,702	0,728	0,724	0,690	0,702	0,785	0,569	0,683	0,670	0,678	0,686	0,694	0,659	0,687	0,711	0,771	0,680	0,750	0,746	0,705	0,739	0,550	0,606	0,680	0,609	0,638	0,715	0,665	0,660	0,747	0,760	0,690	0,771	0,613	0,624	0,636	0,625	0,685	0,684	0,757	0,690	0,660	0,772	0,696	0,717	0,635	0,576	0,711	0,554	0,587	0,639	0,784	0,628	0,693	0,685	0,741	0,752	0,663	0,731	0,644	0,856	0,618	0,671	0,651	0,721	0,542	1,078	0,769	0,671	0,646	0,860	0,659	0,660	0,497	0,656	0,488	0,670	0,520	0,700	0,553	0,724	0,596	0,728	0,607	0,623	0,682	0,717	0,627	0,752	0,654	0,816	0,651	0,798
4:38:04	37,0	0,568	0,676	0,738	0,726	0,749	0,750	0,714	0,730	0,807	0,577	0,707	0,687	0,697	0,702	0,709	0,674	0,702	0,723	0,787	0,696	0,769	0,762	0,733	0,757	0,579	0,632	0,707	0,629	0,654	0,747	0,696	0,686	0,779	0,790	0,716	0,795	0,637	0,647	0,671	0,652	0,712	0,729	0,776	0,721	0,698	0,801	0,724	0,758	0,651	0,580	0,724	0,567	0,601	0,648	0,802	0,651	0,724	0,712	0,770	0,771	0,676	0,760	0,652	0,887	0,637	0,689	0,657	0,757	0,564	1,095	0,787	0,706	0,656	0,895	0,668	0,674	0,508	0,678	0,499	0,693	0,528	0,734	0,565	0,752	0,614	0,746	0,620	0,639	0,707	0,737	0,652	0,799	0,673	0,843	0,684	0,837
4:48:04	37,0	0,581	0,694	0,756	0,748	0,767	0,781	0,730	0,753	0,821	0,589	0,731	0,703	0,714	0,719	0,727	0,690	0,721	0,735	0,797	0,722	0,790	0,777	0,738	0,777	0,605	0,658	0,730	0,655	0,675	0,774	0,746	0,708	0,812	0,847	0,735	0,821	0,666	0,679	0,696	0,691	0,742	0,772	0,803	0,748	0,765	0,843	0,754	0,800	0,666	0,590	0,735	0,582	0,621	0,664	0,821	0,673	0,758	0,737	0,795	0,794	0,693	0,793	0,666	0,931	0,653	0,698	0,668	0,780	0,583	1,114	0,813	0,732	0,671	0,937	0,691	0,697	0,519	0,706	0,509	0,710	0,536	0,764	0,578	0,780	0,627	0,768	0,634	0,655	0,733	0,755	0,676	0,840	0,693	0,867	0,704	0,872
4:58:04	37,0	0,595	0,716	0,775	0,768	0,785	0,796	0,754	0,772	0,841	0,598	0,749	0,722	0,731	0,737	0,743	0,707	0,738	0,753	0,818	0,740	0,812	0,792	0,752	0,789	0,635	0,681	0,751	0,679	0,702	0,804	0,779	0,734	0,834	0,859	0,757	0,845	0,696	0,715	0,728	0,718	0,768	0,804	0,832	0,790	0,764	0,877	0,780	0,834	0,683	0,601	0,749	0,598	0,642	0,702	0,844	0,691	0,778	0,760	0,825	0,822	0,715	0,815	0,684	0,965	0,659	0,723	0,672	0,813	0,595	1,135	0,829	0,759	0,685	0,969	0,711	0,718	0,528	0,730	0,519	0,737	0,548	0,787	0,596	0,810	0,636	0,788	0,654	0,673	0,765	0,775	0,692	0,884	0,712	0,896	0,724	0,904
5:08:04	37,0	0,611	0,736	0,792	0,792	0,800	0,813	0,771	0,794	0,858	0,603	0,770	0,739	0,746	0,756	0,763	0,721	0,755	0,764	0,830	0,765	0,832	0,805	0,766	0,809	0,665	0,706	0,775	0,715	0,717	0,838	0,821	0,760	0,861	0,894	0,780	0,867	0,723	0,748	0,754	0,761	0,802	0,840	0,857	0,817	0,820	0,908	0,821	0,868	0,705	0,611	0,772	0,615	0,652	0,728	0,865	0,711	0,810	0,775	0,861	0,850	0,728	0,847	0,700	1,014	0,674	0,757	0,690	0,851	0,616	1,155	0,857	0,783	0,705	1,005	0,739	0,745	0,542	0,757	0,531	0,766	0,563	0,817	0,618	0,845	0,645	0,815	0,673	0,694	0,794	0,798	0,712	0,919	0,733	0,927	0,743	0,939
5:18:04	37,0	0,627	0,754	0,812	0,815	0,821	0,834	0,792	0,815	0,874	0,610	0,787	0,761	0,767	0,776	0,777	0,737	0,773	0,782	0,844	0,780	0,851	0,820	0,783	0,824	0,698	0,733	0,794	0,743	0,740	0,858	0,843	0,790	0,885	0,931	0,797	0,889	0,755	0,782	0,778	0,791	0,825	0,873	0,880	0,842	0,851	0,932	0,852	0,898	0,725	0,626	0,789	0,631	0,677	0,752	0,883	0,736	0,841	0,804	0,879	0,874	0,743	0,879	0,723	1,048	0,690	0,783	0,713	0,884	0,629	1,176	0,880	0,809	0,720	1,034	0,760	0,763	0,552	0,780	0,545	0,789	0,573	0,842	0,636	0,870	0,656	0,835	0,684	0,715	0,812	0,816	0,730	0,949	0,757	0,950	0,765	0,961
5:28:04	37,0	0,642	0,774	0,831	0,835	0,836	0,853	0,810	0,833	0,888	0,619	0,799	0,778	0,783	0,792	0,795	0,750	0,794	0,798	0,856	0,795	0,865	0,830	0,795	0,840	0,727	0,763	0,815	0,769	0,759	0,878	0,879	0,815	0,904	0,958	0,826	0,909	0,781	0,809	0,807	0,829	0,853	0,901	0,910	0,870	0,876	0,952	0,878	0,926	0,744	0,634	0,792	0,651	0,697	0,775	0,906	0,757	0,865	0,825	0,904	0,894	0,758	0,907	0,735	1,082	0,705	0,816	0,733	0,909	0,647	1,187	0,896	0,833	0,734	1,061	0,785	0,788	0,564	0,801	0,560	0,813	0,583	0,866	0,652	0,898	0,665	0,851	0,698	0,735	0,830	0,836	0,744	0,980	0,775	0,977	0,785	0,983
5:38:04	37,0	0,659	0,794	0,846	0,858	0,854	0,873	0,831	0,853	0,906	0,629	0,821	0,798	0,801	0,810	0,804	0,766	0,800	0,814	0,877	0,811	0,884	0,849	0,812	0,858	0,758	0,792	0,838	0,799	0,785	0,902	0,911	0,842	0,919	0,970	0,831	0,930	0,811	0,833	0,834	0,855	0,875	0,929	0,940	0,899	0,897	0,980	0,913	0,946	0,760	0,643	0,803	0,673	0,723	0,792	0,922	0,777	0,887	0,844	0,928	0,911	0,777	0,941	0,745	1,115	0,719	0,845	0,753	0,937	0,670	1,210	0,915	0,855	0,753	1,010	0,806	0,809	0,577	0,823	0,574	0,828	0,597	0,895	0,670	0,920	0,675	0,871	0,714	0,757	0,849	0,850	0,763	1,009	0,792	0,999	0,805	1,007
5:48:04	37,0	0,673	0,814	0,864	0,879	0,874	0,888	0,849	0,870	0,921	0,638	0,837	0,819	0,817	0,829	0,823	0,779	0,817	0,827	0,893	0,825	0,902	0,865	0,827	0,872	0,790	0,818	0,859	0,833	0,802	0,923	0,940	0,863	0,936	0,995	0,851	0,948	0,839	0,864	0,861	0,886	0,907	0,963	0,965	0,922	0,947	1,024	0,940	0,976	0,778	0,650	0,814	0,688	0,743	0,813	0,943	0,797	0,906	0,865	0,948	0,930	0,797	0,971	0,764	1,142	0,740	0,874	0,779	0,965	0,696	1,223	0,939	0,880	0,772	0,964	0,830	0,827	0,590	0,846	0,584	0,851	0,607	0,915	0,692	0,944	0,685	0,890	0,725	0,778	0,868	0,868	0,774	1,032	0,808	1,018	0,822	1,029
5:58:04	37,0	0,688	0,832	0,879	0,897	0,891	0,911	0,868	0,880	0,935	0,648	0,847	0,836	0,833	0,846	0,839	0,794	0,838	0,841	0,908	0,832	0,920	0,878	0,840	0,887	0,817	0,843	0,872	0,858	0,827	0,937	0,963	0,887	0,955	1,026	0,875	0,964	0,870	0,884	0,885	0,910	0,925	0,984	0,978	0,956	0,966	1,038	0,966	1,004	0,795	0,672	0,827	0,707	0,768	0,833	0,956	0,817	0,928	0,885	0,968	0,946	0,812	0,994	0,781	1,153	0,755	0,902	0,803	0,992	0,716	1,235	0,963	0,907	0,789	0,973	0,847	0,845	0,601	0,868	0,597	0,874	0,620	0,935	0,707	0,967	0,697	0,907	0,741	0,798	0,881	0,884	0,790	1,055	0,825	1,040	0,836	1,048
6:08:04	37,0	0,702	0,848	0,894	0,914	0,903	0,925	0,886	0,898	0,948	0,657	0,874	0,854	0,847	0,861	0,855	0,805	0,853	0,856	0,924	0,848	0,935	0,884	0,857	0,900	0,841	0,865	0,889	0,877	0,837	0,951	0,985	0,906	0,965	1,020	0,886	0,976	0,892	0,908	0,912	0,934	0,949	1,007	1,000	0,974	0,968	1,057	0,988	1,024	0,810	0,685	0,835	0,727	0,787	0,852	0,975	0,834	0,950	0,903	0,990	0,963	0,828	1,019	0,792	1,168	0,767	0,936	0,832	1,020	0,740	1,249	0,986	0,931	0,810	0,989	0,866	0,866	0,613	0,885	0,611	0,893	0,633	0,956	0,728	0,988	0,708	0,925	0,757	0,820	0,894	0,898	0,798	1,079	0,839	1,060	0,849	1,066
6:18:04	37,0	0,719	0,866	0,911	0,933	0,918	0,944	0,902	0,912	0,961	0,672	0,874	0,869	0,862	0,877	0,872	0,819	0,866	0,873	0,943	0,859	0,950	0,897	0,871	0,916	0,865	0,888	0,901	0,898	0,856	0,965	1,007	0,926	0,980	1,049	0,892	0,990	0,921	0,930	0,928	0,958	0,974	1,029	1,019	0,998	1,007	1,070	1,009	1,047	0,822	0,713	0,843	0,745	0,807	0,865	0,994	0,849	0,972	0,925	1,008	0,978	0,850	1,042	0,809	1,184	0,783	0,960	0,862	1,049	0,766	1,262	1,008	0,955	0,826	1,003	0,881	0,882	0,625	0,904	0,621	0,912	0,644	0,975	0,742	1,007	0,718	0,942	0,771	0,839	0,908	0,910	0,808	1,102	0,852	1,072	0,861	1,080
6:28:04	37,0	0,734	0,880	0,924	0,947	0,930	0,954	0,917	0,923	0,973	0,699	0,893	0,886	0,877	0,895	0,886	0,827	0,877	0,887	0,954	0,871	0,963	0,908	0,887	0,930	0,889	0,907	0,914	0,920	0,875	0,978	1,023	0,943	0,992	1,050	0,915	1,002	0,950	0,952	0,949	0,988	0,989	1,046	1,037	1,015	1,001	1,086	1,026	1,065	0,836	0,733	0,851	0,766	0,827	0,877	1,005	0,870	0,986	0,938	1,026	0,991	0,867	1,062	0,823	1,208	0,799	0,992	0,892	1,074	0,781	1,274	1,033	0,983	0,843	1,019	0,893	0,900	0,635	0,921	0,639	0,928	0,656	0,992	0,762	1,026	0,728	0,960	0,786	0,859	0,918	0,920	0,819	1,120	0,867	1,090	0,870	1,099
6:38:04	37,0	0,750	0,894	0,946	0,964	0,942	0,989	0,936	0,946	0,988	0,713	0,903	0,906	0,891	0,909	0,894	0,841	0,885	0,901	0,979	0,882	0,977	0,920	0,900	0,943	0,907	0,924	0,931	0,934	0,894	0,990	1,041	0,957	0,999	1,062	0,941	1,015	0,966	0,974	0,971	1,007	1,010	1,067	1,058	1,033	1,016	1,103	1,045	1,085	0,851	0,756	0,858	0,785	0,840	0,895	1,026	0,886	0,999	0,956	1,042	1,005	0,890	1,086	0,842	1,230	0,820	1,022	0,929	1,104	0,811	1,286	1,058	1,012	0,861	1,032	0,908	0,918	0,648	0,942	0,647	0,949	0,672	1,009	0,783	1,048	0,741	0,975	0,798	0,880	0,925	0,934	0,831	1,140	0,881	1,112	0,879	1,116
6:48:04	37,0	0,765	0,908	0,956	0,977	0,954	0,989	0,947	0,949	1,002	0,722	0,917	0,919	0,906	0,921	0,906	0,854	0,895	0,913	0,995	0,888	0,989	0,930	0,921	0,956	0,922	0,939	0,940	0,950	0,905	1,006	1,057	0,967	1,015	1,074	0,939	1,026	0,989	0,996	0,986	1,028	1,030	1,081	1,076	1,048	1,027	1,109	1,058	1,102	0,858	0,774	0,871	0,809	0,861	0,907	1,038	0,905	1,018	0,978	1,061	1,017	0,908	1,111	0,859	1,252	0,839	1,048	0,953	1,132	0,839	1,294	1,080	1,035	0,876	1,043	0,925	0,932	0,660	0,960	0,664	0,967	0,683	1,028	0,799	1,063	0,750	0,988	0,810	0,898	0,931	0,944	0,841	1,155	0,894	1,129	0,890	1,127
6:58:04	37,0	0,783	0,924	0,969	0,990	0,971	1,008	0,967	0,966	1,020	0,737	0,946	0,934	0,921	0,938	0,920	0,869	0,912	0,934	1,016	0,902	1,006	0,949	0,928	0,971	0,939	0,956	0,953	0,969	0,923	1,019	1,091	0,988	1,028	1,094	0,950	1,044	1,007	1,021	1,017	1,046	1,050	1,103	1,097	1,067	1,067	1,127	1,077	1,129	0,871	0,788	0,879	0,828	0,881	0,922	1,052	0,923	1,034	0,995	1,078	1,028	0,927	1,132	0,873	1,271	0,853	1,072	0,979	1,157	0,859	1,301	1,101	1,057	0,894	1,055	0,936	0,947	0,674	0,977	0,677	0,982	0,699	1,046	0,819	1,078	0,759	0,999	0,820	0,915	0,937	0,954	0,849	1,168	0,905	1,143	0,897	1,138
7:08:04	37,0	0,799	0,938	0,988	1,011	0,985	1,022	0,981	0,978	1,030	0,746	0,941	0,949	0,935	0,952	0,938	0,882	0,922	0,949	1,031	0,914	1,016	0,960	0,946	0,983	0,954	0,973	0,960	0,991	0,926	1,029	1,097	0,999	1,038	1,113	0,969	1,057	1,034	1,032	1,037	1,065	1,071	1,122	1,110	1,083	1,085	1,147	1,105	1,139	0,880	0,801	0,891	0,844	0,897	0,936	1,067	0,939	1,053	1,013	1,093	1,041	0,945	1,154	0,884	1,286	0,866	1,094	1,000	1,176	0,874	1,307	1,117	1,078	0,912	1,062	0,947	0,961	0,684	0,991	0,691	0,998	0,712	1,061	0,836	1,094	0,769	1,011	0,828	0,929	0,942	0,960	0,852	1,185	0,913	1,157	0,903	1,152
7:18:04	37,0	0,815	0,952	1,001	1,022	0,995	1,035	0,996	0,994	1,043	0,757	0,953	0,960	0,949	0,964	0,950	0,895	0,934	0,966	1,046	0,926	1,030	0,973	0,956	0,992	0,972	0,988	0,971	1,006	0,942	1,043	1,118	1,014	1,055	1,138	0,979	1,069	1,050	1,051	1,051	1,086	1,083	1,141	1,126	1,099	1,102	1,161	1,114	1,155	0,892	0,820	0,899	0,857	0,914	0,949	1,078	0,954	1,068	1,026	1,107	1,052	0,963	1,170	0,899	1,299	0,878	1,111	1,022	1,196	0,890	1,313	1,136	1,098	0,928	1,072	0,961	0,977	0,696	1,008	0,705	1,015	0,722	1,076	0,857	1,107	0,776	1,020	0,834	0,939	0,944	0,966	0,855	1,192	0,918	1,166	0,906	1,159
7:28:04	37,0	0,828	0,966	1,012	1,039	1,006	1,067	1,006	1,005	1,053	0,763	0,972	0,973	0,961	0,975	0,962	0,908	0,950	0,981	1,060	0,934	1,040	0,982	0,972	1,004	0,984	0,998	0,978	1,026	0,957	1,056	1,133	1,027	1,067	1,151	0,983	1,084	1,068	1,066	1,067	1,099	1,100	1,155	1,139	1,114	1,116	1,178	1,129	1,172	0,908	0,834	0,911	0,873	0,927	0,960	1,088	0,967	1,082	1,041	1,122	1,059	0,980	1,185	0,914	1,314	0,894	1,127	1,045	1,214	0,903	1,317	1,152	1,116	0,942	1,083	0,971	0,989	0,705	1,026	0,716	1,028	0,734	1,088	0,874	1,121	0,783	1,026	0,838	0,948	0,946	0,973	0,857	1,202	0,923	1,175	0,909	1,167
7:38:04	37,0	0,841	0,978	1,026	1,046	1,018	1,068	1,017	1,018	1,068	0,770	0,996	0,988	0,973	0,988	0,976	0,919	0,958	0,997	1,076	0,948	1,050	0,995	0,985	1,013	0,996	1,014	0,990	1,042	0,970	1,069	1,149	1,040	1,076	1,162	0,990	1,095	1,084	1,084	1,081	1,120	1,111	1,170	1,150	1,130	1,137	1,190	1,141	1,181	0,923	0,848	0,923	0,888	0,940	0,975	1,095	0,981	1,091	1,055	1,134	1,071	0,995	1,202	0,932	1,334	0,905	1,148	1,065	1,228	0,916	1,323	1,171	1,136	0,958	1,093	0,982	1,004	0,717	1,042	0,730	1,042	0,749	1,103	0,893	1,136	0,793	1,038	0,842	0,959	0,945	0,979	0,860	1,213	0,931	1,187	0,912	1,175
7:48:04	37,0	0,856	0,994	1,037	1,061	1,027	1,080	1,032	1,029	1,078	0,781	1,012	1,007	0,986	0,999	0,986	0,930	0,966	1,008	1,088	0,956	1,060	1,002	1,000	1,023	1,008	1,025	0,997	1,056	0,975	1,082	1,165	1,053	1,079	1,168	0,993	1,104	1,097	1,100	1,092	1,135	1,129	1,182	1,165	1,139	1,140	1,197	1,156	1,192	0,938	0,865	0,935	0,901	0,954	0,990	1,111	0,995	1,105	1,066	1,149	1,084	1,014	1,219	0,951	1,348	0,921	1,170	1,089	1,245	0,932	1,329	1,187	1,154	0,972	1,109	0,996	1,022	0,730	1,058	0,742	1,057	0,761	1,116	0,912	1,150	0,803	1,047	0,848	0,970	0,946	0,987	0,862	1,222	0,941	1,197	0,919	1,187
7:58:04	37,0	0,869	1,006	1,048	1,079	1,039	1,105	1,042	1,044	1,091	0,793	1,022	1,022	0,998	1,010	0,997	0,940	0,975	1,023	1,105	0,965	1,071	1,012	1,009	1,034	1,018	1,038	1,006	1,071	0,987	1,093	1,178	1,065	1,095	1,176	1,004	1,118	1,110	1,112	1,111	1,152	1,145	1,197	1,179	1,153	1,156	1,210	1,166	1,204	0,947	0,882	0,941	0,918	0,965	1,002	1,122	1,005	1,119	1,079	1,162	1,093	1,027	1,233	0,966	1,362	0,936	1,182	1,106	1,256	0,939	1,333	1,202	1,165	0,984	1,120	1,006	1,034	0,740	1,072	0,755	1,070	0,774	1,129	0,924	1,161	0,807	1,055	0,852	0,978	0,946	0,990	0,866	1,230	0,945	1,203	0,922	1,192
8:08:04	37,0	0,885	1,018	1,058	1,083	1,049	1,112	1,055	1,059	1,103	0,800	1,027	1,037	1,009	1,024	1,009	0,953	0,986	1,038	1,117	0,974	1,083	1,027	1,023	1,042	1,028	1,051	1,015	1,085	0,995	1,104	1,192	1,078	1,108	1,188	1,018	1,126	1,126	1,128	1,123	1,161	1,157	1,212	1,189	1,166	1,167	1,220	1,179	1,216	0,955	0,896	0,953	0,930	0,979	1,012	1,130	1,018	1,130	1,091	1,173	1,103	1,042	1,250	0,979	1,375	0,951	1,197	1,125	1,270	0,948	1,339	1,216	1,171	0,997	1,127	1,017	1,048	0,750	1,089	0,771	1,081	0,787	1,141	0,939	1,172	0,811	1,061	0,855	0,985	0,944	0,993	0,866	1,236	0,949	1,210	0,923	1,195
8:18:04	37,0	0,897	1,034	1,076	1,095	1,060	1,129	1,067	1,077	1,115	0,809	1,030	1,041	1,023	1,034	1,020	0,965	1,001	1,052	1,130	0,989	1,094	1,039	1,033	1,053	1,038	1,062	1,024	1,097	1,005	1,116	1,210	1,087	1,111	1,207	1,025	1,138	1,142	1,140	1,136	1,173	1,170	1,223	1,200	1,180	1,183	1,241	1,189	1,226	0,963	0,908	0,961	0,942	0,992	1,023	1,139	1,029	1,143	1,104	1,184	1,112	1,055	1,259	0,995	1,385	0,963	1,210	1,140	1,278	0,959	1,343	1,220	1,182	1,010	1,135	1,027	1,057	0,759	1,103	0,784	1,094	0,800	1,150	0,948	1,182	0,817	1,067	0,859	0,991	0,944	0,995	0,866	1,239	0,952	1,215	0,926	1,198
8:28:04	37,0	0,910	1,046	1,078	1,112	1,071	1,133	1,076	1,096	1,124	0,817	1,042	1,048	1,031	1,043	1,028	0,976	1,008	1,063	1,141	0,991	1,104	1,044	1,048	1,064	1,043	1,074	1,030	1,112	1,015	1,125	1,215	1,099	1,115	1,209	1,035	1,144	1,153	1,151	1,152	1,187	1,183	1,232	1,213	1,189	1,189	1,247	1,199	1,236	0,972	0,924	0,969	0,952	1,004	1,033	1,149	1,038	1,152	1,115	1,194	1,120	1,070	1,272	1,008	1,394	0,975	1,221	1,156	1,289	0,972	1,347	1,230	1,190	1,021	1,147	1,036	1,067	0,768	1,115	0,798	1,104	0,813	1,160	0,958	1,193	0,821	1,071	0,861	0,998	0,944	0,998	0,866	1,245	0,953	1,220	0,927	1,203
8:38:04	37,0	0,920	1,060	1,090	1,120	1,080	1,153	1,087	1,104	1,132	0,823	1,054	1,062	1,042	1,053	1,039	0,986	1,018	1,075	1,153	1,000	1,112	1,053	1,055	1,074	1,052	1,083	1,036	1,121	1,020	1,133	1,227	1,107	1,123	1,215	1,047	1,151	1,167	1,161	1,163	1,200	1,200	1,243	1,226	1,198	1,202	1,257	1,208	1,243	0,985	0,935	0,978	0,963	1,015	1,042	1,158	1,049	1,160	1,125	1,204	1,129	1,082	1,282	1,023	1,401	0,989	1,229	1,168	1,298	0,980	1,351	1,233	1,198	1,030	1,154	1,045	1,080	0,778	1,130	0,812	1,115	0,828	1,170	0,968	1,201	0,824	1,076	0,866	1,003	0,943	1,000	0,867	1,248	0,956	1,224	0,929	1,207
8:48:04	37,0	0,931	1,074	1,099	1,128	1,089	1,153	1,099	1,112	1,140	0,829	1,065	1,097	1,053	1,062	1,053	0,995	1,023	1,087	1,164	1,008	1,118	1,060	1,068	1,082	1,060	1,093	1,041	1,129	1,033	1,139	1,240	1,115	1,128	1,222	1,048	1,156	1,178	1,170	1,174	1,209	1,211	1,250	1,234	1,208	1,213	1,261	1,214	1,248	0,997	0,950	0,988	0,973	1,027	1,050	1,166	1,059	1,170	1,136	1,216	1,136	1,095	1,292	1,035	1,407	1,003	1,238	1,179	1,309	0,990	1,354	1,244	1,211	1,040	1,162	1,052	1,092	0,787	1,141	0,826	1,123	0,840	1,181	0,974	1,208	0,827	1,081	0,867	1,008	0,941	1,001	0,864	1,249	0,957	1,228	0,930	1,210
8:58:04	37,0	0,942	1,085	1,107	1,144	1,095	1,168	1,106	1,115	1,146	0,835	1,076	1,104	1,063	1,071	1,064	1,004	1,030	1,098	1,172	1,015	1,127	1,067	1,077	1,087	1,064	1,099	1,044	1,137	1,034	1,145	1,244	1,120	1,131	1,231	1,047	1,160	1,188	1,182	1,182	1,220	1,216	1,258	1,242	1,214	1,219	1,272	1,218	1,254	1,011	0,964	0,999	0,979	1,037	1,059	1,173	1,068	1,180	1,142	1,226	1,145	1,108	1,302	1,052	1,412	1,013	1,249	1,187	1,318	0,998	1,358	1,256	1,216	1,053	1,168	1,062	1,102	0,797	1,153	0,841	1,135	0,854	1,190	0,981	1,216	0,831	1,086	0,870	1,013	0,945	1,003	0,862	1,254	0,960	1,232	0,932	1,212
9:08:04	37,0	0,952	1,092	1,115	1,142	1,101	1,171	1,113	1,131	1,154	0,843	1,089	1,100	1,071	1,079	1,074	1,013	1,039	1,109	1,182	1,024	1,134	1,077	1,088	1,095	1,070	1,107	1,048	1,149	1,040	1,151	1,251	1,127	1,135	1,240	1,050	1,166	1,196	1,191	1,191	1,226	1,225	1,265	1,249	1,223	1,231	1,280	1,226	1,261	1,018	0,979	1,010	0,989	1,046	1,067	1,181	1,077	1,188	1,150	1,235	1,152	1,118	1,307	1,066	1,415	1,024	1,257	1,188	1,324	1,002	1,361	1,266	1,222	1,062	1,172	1,067	1,113	0,808	1,164	0,857	1,146	0,867	1,198	0,988	1,223	0,834	1,089	0,874	1,017	0,945	1,003	0,859	1,255	0,961	1,233	0,932	1,213
9:18:04	37,0	0,961	1,107	1,124	1,151	1,109	1,187	1,116	1,140	1,161	0,848	1,103	1,115	1,081	1,090	1,081	1,024	1,051	1,121	1,193	1,033	1,145	1,087	1,098	1,105	1,077	1,115	1,055	1,159	1,049	1,159	1,259	1,135	1,142	1,249	1,063	1,172	1,208	1,201	1,202	1,235	1,230	1,275	1,258	1,231	1,240	1,288	1,237	1,269	1,024	0,992	1,017	1,000	1,054	1,076	1,187	1,085	1,197	1,160	1,244	1,157	1,127	1,313	1,076	1,421	1,032	1,266	1,192	1,329	1,009	1,365	1,273	1,227	1,069	1,177	1,074	1,122	0,818	1,172	0,873	1,155	0,876	1,206	0,993	1,227	0,835	1,092	0,875	1,018	0,948	1,002	0,858	1,255	0,962	1,235	0,931	1,216
9:28:04	37,0	0,971	1,110	1,133	1,161	1,115	1,184	1,121	1,142	1,167	0,854	1,111	1,129	1,092	1,100	1,091	1,031	1,060	1,131	1,200	1,037	1,152	1,095	1,109	1,112	1,082	1,122	1,059	1,167	1,052	1,163	1,264	1,141	1,146	1,258	1,064	1,177	1,216	1,211	1,209	1,244	1,244	1,282	1,263	1,240	1,248	1,297	1,240	1,276	1,032	1,006	1,023	1,009	1,064	1,084	1,192	1,092	1,205	1,168	1,250	1,163	1,138	1,322	1,088	1,423	1,041	1,274	1,204	1,334	1,014	1,368	1,280	1,232	1,077	1,181	1,079	1,129	0,827	1,182	0,884	1,162	0,884	1,213	0,998	1,233	0,836	1,095	0,877	1,021	0,949	1,002	0,856	1,255	0,964	1,235	0,931	1,214
9:38:04	37,0	0,981	1,125	1,140	1,168	1,122	1,194	1,126	1,147	1,175	0,860	1,125	1,124	1,101	1,108	1,098	1,042	1,070	1,142	1,209	1,044	1,159	1,104	1,114	1,120	1,089	1,128	1,061	1,172	1,055	1,170	1,276	1,147	1,153	1,266	1,074	1,182	1,222	1,219	1,217	1,252	1,254	1,289	1,271	1,246	1,256	1,299	1,250	1,280	1,038	1,017	1,030	1,018	1,071	1,089	1,200	1,099	1,213	1,176	1,259	1,168	1,148	1,327	1,096	1,427	1,049	1,280	1,215	1,337	1,020	1,371	1,283	1,240	1,084	1,185	1,085	1,138	0,835	1,190	0,893	1,170	0,892	1,218	1,000	1,239	0,837	1,098	0,880	1,023	0,949	1,002	0,853	1,254	0,963	1,234	0,929	1,212
9:48:04	37,0	0,991	1,128	1,146	1,174	1,126	1,199	1,131	1,155	1,180	0,864	1,127	1,141	1,109	1,116	1,107	1,048	1,076	1,151	1,213	1,050	1,163	1,111	1,125	1,127	1,094	1,134	1,064	1,180	1,062	1,173	1,283	1,152	1,156	1,271	1,076	1,186	1,228	1,227	1,224	1,258	1,263	1,295	1,279	1,252	1,262	1,308	1,252	1,283	1,046	1,029	1,038	1,025	1,081	1,097	1,207	1,107	1,217	1,182	1,264	1,175	1,157	1,331	1,106	1,431	1,058	1,288	1,230	1,340	1,024	1,374	1,285	1,244	1,091	1,189	1,091	1,224	0,848	1,197	0,902	1,177	0,898	1,225	1,006	1,242	0,838	1,100	0,879	1,024	0,948	1,002	0,852	1,256	0,964	1,234	0,928	1,214
9:58:04	37,0	0,998	1,138	1,152	1,181	1,133	1,209	1,137	1,160	1,187	0,869	1,134	1,143	1,117	1,124	1,113	1,059	1,086	1,162	1,221	1,056	1,172	1,120	1,132	1,134	1,098	1,139	1,067	1,185	1,068	1,179	1,290	1,155	1,165	1,278	1,081	1,190	1,234	1,235	1,234	1,264	1,268	1,305	1,284	1,260	1,272	1,315	1,258	1,291	1,056	1,042	1,046	1,031	1,088	1,103	1,214	1,113	1,224	1,192	1,272	1,180	1,165	1,336	1,116	1,434	1,068	1,294	1,245	1,344	1,028	1,377	1,289	1,249	1,097	1,194	1,095	1,230	0,860	1,202	0,908	1,183	0,904	1,230	1,007	1,246	0,836	1,103	0,876	1,026	0,945	1,002	0,849	1,252	0,963	1,232	0,926	1,211
10:08:04	37,0	1,007	1,141	1,157	1,187	1,136	1,221	1,143	1,166	1,192	0,873	1,141	1,153	1,124	1,129	1,121	1,067	1,089	1,167	1,227	1,060	1,174	1,127	1,139	1,140	1,101	1,143	1,070	1,192	1,071	1,182	1,299	1,160	1,166	1,286	1,085	1,193	1,238	1,240	1,238	1,274	1,277	1,307	1,289	1,263	1,274	1,322	1,269	1,295	1,062	1,051	1,053	1,039	1,094	1,110	1,164	1,119	1,229	1,198	1,278	1,185	1,172	1,339	1,123	1,434	1,077	1,300	1,252	1,347	1,033	1,380	1,294	1,252	1,101	1,200	1,097	1,237	0,870	1,210	0,917	1,188	0,907	1,235	1,010	1,252	0,836	1,103	0,876	1,031	0,946	1,005	0,849	1,251	0,964	1,230	0,925	1,209
10:18:04	37,0	1,014	1,149	1,162	1,193	1,138	1,224	1,148	1,172	1,195	0,877	1,144	1,155	1,131	1,134	1,130	1,072	1,095	1,175	1,231	1,069	1,176	1,130	1,147	1,142	1,106	1,147	1,071	1,197	1,073	1,186	1,299	1,161	1,164	1,290	1,079	1,196	1,244	1,244	1,243	1,279	1,277	1,310	1,293	1,268	1,281	1,324	1,268	1,295	1,071	1,063	1,060	1,045	1,104	1,117	1,161	1,127	1,234	1,201	1,281	1,188	1,180	1,342	1,135	1,435	1,086	1,306	1,258	1,350	1,040	1,383	1,300	1,254	1,109	1,206	1,102	1,244	0,884	1,217	0,921	1,195	0,913	1,242	1,014	1,254	0,837	1,104	0,875	1,032	0,946	1,009	0,847	1,250	0,964	1,228	0,924	1,210
10:28:04	37,0	1,022	1,156	1,168	1,199	1,145	1,224	1,155	1,180	1,202	0,880	1,153	1,144	1,137	1,142	1,136	1,080	1,102	1,184	1,235	1,073	1,183	1,137	1,153	1,146	1,111	1,152	1,075	1,204	1,079	1,189	1,305	1,166	1,168	1,296	1,089	1,200	1,249	1,251	1,251	1,283	1,280	1,317	1,297	1,273	1,285	1,329	1,274	1,302	1,077	1,072	1,068	1,051	1,109	1,125	1,144	1,131	1,239	1,207	1,289	1,193	1,187	1,346	1,141	1,433	1,093	1,310	1,262	1,351	1,044	1,385	1,306	1,256	1,113	1,207	1,104	1,251	0,894	1,222	0,929	1,200	0,917	1,244	1,014	1,259	0,835	1,106	0,874	1,033	0,944	1,010	0,846	1,249	0,964	1,229	0,922	1,208
10:38:04	37,0	1,032	1,165	1,174	1,204	1,151	1,237	1,159	1,185	1,208	0,883	1,159	1,166	1,143	1,146	1,143	1,090	1,113	1,192	1,244	1,080	1,190	1,145	1,157	1,154	1,117	1,155	1,077	1,212	1,083	1,193	1,315	1,168	1,175	1,302	1,091	1,204	1,255	1,256	1,259	1,290	1,288	1,323	1,304	1,278	1,291	1,333	1,280	1,308	1,080	1,081	1,074	1,058	1,115	1,128	1,144	1,134	1,245	1,213	1,294	1,197	1,192	1,348	1,147	1,433	1,102	1,311	1,265	1,352	1,045	1,387	1,310	1,257	1,116	1,208	1,107	1,252	0,899	1,226	0,934	1,204	0,917	1,248	1,015	1,260	0,832	1,104	0,872	1,035	0,944	1,010	0,842	1,245	0,962	1,227	0,921	1,202
10:48:04	37,0	1,037	1,169	1,177	1,208	1,154	1,238	1,163	1,188	1,211	0,888	1,161	1,166	1,148	1,154	1,149	1,094	1,113	1,196	1,246	1,082	1,190	1,147	1,166	1,155	1,119	1,158	1,076	1,215	1,087	1,195	1,314	1,173	1,171	1,306	1,089	1,203	1,259	1,260	1,261	1,292	1,293	1,324	1,306	1,283	1,294	1,334	1,277	1,308	1,087	1,092	1,078	1,063	1,120	1,133	1,132	1,139	1,248	1,215	1,296	1,202	1,197	1,351	1,151	1,432	1,109	1,314	1,268	1,354	1,046	1,388	1,313	1,256	1,118	1,208	1,111	1,256	0,906	1,231	0,936	1,208	0,922	1,254	1,017	1,262	0,829	1,103	0,873	1,035	0,940	1,010	0,841	1,243	0,961	1,225	0,917	1,200
10:58:04	37,0	1,046	1,171	1,183	1,213	1,157	1,240	1,166	1,198	1,216	0,891	1,167	1,182	1,155	1,158	1,157	1,101	1,120	1,201	1,252	1,085	1,197	1,152	1,172	1,161	1,125	1,164	1,079	1,221	1,086	1,197	1,320	1,177	1,173	1,309	1,090	1,208	1,264	1,266	1,265	1,299	1,297	1,327	1,311	1,285	1,301	1,342	1,281	1,312	1,093	1,100	1,086	1,070	1,125	1,138	1,129	1,143	1,252	1,220	1,302	1,204	1,204	1,351	1,158	1,431	1,114	1,317	1,270	1,353	1,048	1,388	1,315	1,255	1,122	1,208	1,113	1,259	0,907	1,237	0,940	1,212	0,923	1,255	1,015	1,262	0,827	1,102	0,874	1,034	0,940	1,010	0,837	1,240	0,961	1,222	0,915	1,200
11:08:04	37,0	1,052	1,178	1,188	1,218	1,161	1,241	1,171	1,198	1,220	0,893	1,171	1,166	1,158	1,162	1,162	1,108	1,125	1,207	1,254	1,087	1,199	1,155	1,176	1,164	1,127	1,167	1,081	1,225	1,090	1,198	1,320	1,179	1,175	1,312	1,087	1,209	1,271	1,267	1,270	1,302	1,299	1,328	1,314	1,287	1,302	1,338	1,288	1,314	1,100	1,109	1,090	1,075	1,131	1,143	1,129	1,149	1,253	1,223	1,304	1,208	1,209	1,352	1,165	1,430	1,121	1,320	1,273	1,354	1,052	1,387	1,316	1,254	1,123	1,210	1,112	1,266	0,910	1,238	0,941	1,216	0,925	1,258	1,017	1,265	0,824	1,102	0,869	1,033	0,936	1,009	0,836	1,237	0,960	1,218	0,912	1,199
11:18:04	37,0	1,056	1,185	1,192	1,221	1,161	1,245	1,173	1,202	1,223	0,894	1,177	1,166	1,164	1,167	1,166	1,111	1,129	1,211	1,258	1,088	1,203	1,160	1,179	1,166	1,130	1,169	1,081	1,230	1,090	1,200	1,321	1,179	1,176	1,317	1,090	1,208	1,273	1,273	1,273	1,305	1,299	1,331	1,315	1,290	1,308	1,341	1,289	1,317	1,106	1,116	1,097	1,081	1,137	1,150	1,128	1,153	1,257	1,227	1,308	1,212	1,214	1,352	1,169	1,430	1,125	1,323	1,276	1,354	1,054	1,387	1,318	1,256	1,126	1,211	1,113	1,263	0,914	1,243	0,944	1,220	0,929	1,262	1,017	1,267	0,822	1,101	0,867	1,032	0,936	1,009	0,834	1,234	0,959	1,220	0,911	1,197
11:28:04	36,9	1,064	1,192	1,195	1,224	1,166	1,250	1,177	1,204	1,227	0,899	1,181	1,169	1,169	1,171	1,171	1,117	1,133	1,216	1,261	1,091	1,208	1,164	1,185	1,169	1,133	1,170	1,083	1,232	1,095	1,202	1,325	1,181	1,177	1,321	1,089	1,212	1,274	1,279	1,276	1,307	1,300	1,333	1,316	1,295	1,311	1,348	1,290	1,321	1,112	1,124	1,105	1,087	1,142	1,154	1,124	1,155	1,262	1,230	1,312	1,216	1,216	1,352	1,172	1,428	1,131	1,325	1,275	1,355	1,056	1,386	1,318	1,254	1,128	1,210	1,113	1,264	0,916	1,245	0,943	1,224	0,926	1,264	1,017	1,268	0,820	1,099	0,862	1,033	0,933	1,007	0,830	1,232	0,956	1,216	0,910	1,192
11:38:04	37,0	1,070	1,196	1,199	1,227	1,168	1,254	1,180	1,208	1,230	0,897	1,185	1,173	1,173	1,176	1,176	1,121	1,138	1,220	1,266	1,095	1,211	1,169	1,189	1,173	1,131	1,173	1,085	1,236	1,095	1,205	1,329	1,183	1,179	1,321	1,095	1,215	1,276	1,279	1,276	1,310	1,303	1,336	1,317	1,297	1,311	1,348	1,291	1,321	1,120	1,131	1,112	1,093	1,149	1,159	1,126	1,161	1,264	1,233	1,315	1,215	1,220	1,352	1,177	1,428	1,135	1,326	1,276	1,355	1,059	1,386	1,318	1,255	1,132	1,211	1,114	1,266	0,917	1,247	0,944	1,228	0,931	1,267	1,016	1,274	0,820	1,098	0,863	1,032	0,928	1,012	0,827	1,230	0,957	1,213	0,909	1,192
11:48:04	37,0	1,075	1,202	1,204	1,232	1,171	1,258	1,185	1,211	1,235	0,899	1,191	1,175	1,178	1,181	1,180	1,128	1,144	1,224	1,271	1,100	1,217	1,173	1,190	1,178	1,137	1,176	1,087	1,241	1,099	1,206	1,331	1,187	1,183	1,326	1,097	1,217	1,277	1,284	1,281	1,313	1,308	1,339	1,321	1,301	1,316	1,344	1,301	1,323	1,122	1,137	1,116	1,096	1,151	1,161	1,122	1,162	1,269	1,235	1,319	1,218	1,220	1,351	1,180	1,424	1,138	1,325	1,275	1,354	1,056	1,384	1,315	1,252	1,131	1,209	1,112	1,264	0,920	1,249	0,946	1,229	0,931	1,267	1,016	1,271	0,815	1,095	0,857	1,029	0,926	1,009	0,826	1,226	0,952	1,212	0,906	1,191
11:58:04	37,0	1,081	1,206	1,206	1,235	1,173	1,258	1,188	1,212	1,238	0,903	1,191	1,176	1,181	1,184	1,186	1,131	1,145	1,228	1,272	1,097	1,217	1,174	1,196	1,178	1,136	1,178	1,085	1,242	1,098	1,208	1,332	1,190	1,182	1,328	1,097	1,219	1,281	1,286	1,284	1,316	1,307	1,337	1,322	1,303	1,314	1,348	1,305	1,325	1,125	1,146	1,120	1,101	1,155	1,165	1,120	1,164	1,270	1,236	1,320	1,223	1,222	1,350	1,184	1,422	1,143	1,325	1,276	1,353	1,055	1,382	1,315	1,249	1,131	1,209	1,113	1,265	0,922	1,250	0,948	1,232	0,931	1,268	1,016	1,272	0,811	1,093	0,855	1,028	0,924	1,004	0,823	1,224	0,950	1,212	0,906	1,189
12:08:04	37,0	1,086	1,210	1,210	1,237	1,173	1,260	1,189	1,216	1,241	0,906	1,198	1,179	1,185	1,189	1,189	1,135	1,151	1,231	1,276	1,100	1,221	1,178	1,201	1,181	1,139	1,182	1,085	1,246	1,099	1,210	1,334	1,191	1,185	1,331	1,096	1,221	1,280	1,290	1,286	1,319	1,309	1,343	1,324	1,304	1,318	1,352	1,301	1,324	1,127	1,151	1,125	1,107	1,161	1,170	1,116	1,169	1,272	1,238	1,322	1,226	1,225	1,348	1,186	1,421	1,145	1,325	1,275	1,352	1,054	1,381	1,312	1,248	1,132	1,208	1,112	1,266	0,922	1,253	0,947	1,236	0,932	1,268	1,016	1,274	0,810	1,091	0,853	1,025	0,923	1,005	0,821	1,222	0,950	1,210	0,903	1,187
12:18:04	37,0	1,089	1,212	1,213	1,238	1,175	1,263	1,190	1,218	1,243	0,907	1,199	1,183	1,189	1,192	1,191	1,138	1,153	1,234	1,278	1,100	1,223	1,180	1,206	1,181	1,139	1,180	1,086	1,250	1,097	1,210	1,335	1,191	1,183	1,329	1,097	1,222	1,282	1,291	1,287	1,318	1,309	1,341	1,322	1,305	1,317	1,353	1,301	1,325	1,129	1,157	1,130	1,110	1,163	1,173	1,116	1,169	1,274	1,239	1,323	1,227	1,226	1,346	1,190	1,420	1,148	1,325	1,274	1,351	1,054	1,379	1,310	1,247	1,133	1,206	1,109	1,243	0,923	1,254	0,946	1,237	0,930	1,270	1,015	1,274	0,806	1,087	0,850	1,024	0,922	0,999	0,817	1,220	0,946	1,205	0,900	1,185
12:28:04	37,0	1,092	1,216	1,216	1,240	1,179	1,265	1,192	1,221	1,248	0,908	1,203	1,184	1,193	1,195	1,196	1,143	1,159	1,239	1,282	1,107	1,228	1,184	1,205	1,187	1,143	1,183	1,089	1,253	1,099	1,213	1,335	1,193	1,185	1,334	1,094	1,226	1,284	1,293	1,292	1,320	1,309	1,344	1,326	1,304	1,321	1,352	1,305	1,330	1,132	1,163	1,134	1,115	1,167	1,176	1,112	1,170	1,276	1,241	1,324	1,228	1,226	1,344	1,192	1,416	1,147	1,324	1,272	1,349	1,054	1,377	1,308	1,245	1,133	1,205	1,107	1,240	0,925	1,256	0,944	1,239	0,931	1,270	1,012	1,275	0,804	1,085	0,849	1,021	0,922	0,999	0,815	1,215	0,943	1,201	0,898	1,183
12:38:04	37,0	1,097	1,218	1,218	1,243	1,180	1,267	1,193	1,223	1,250	0,909	1,205	1,185	1,199	1,198	1,199	1,145	1,163	1,244	1,286	1,110	1,232	1,190	1,206	1,188	1,145	1,185	1,090	1,256	1,102	1,215	1,340	1,194	1,188	1,337	1,102	1,226	1,284	1,296	1,290	1,321	1,310	1,345	1,327	1,310	1,325	1,355	1,311	1,330	1,138	1,169	1,141	1,120	1,169	1,179	1,109	1,173	1,278	1,242	1,328	1,229	1,228	1,341	1,194	1,414	1,147	1,323	1,271	1,348	1,056	1,373	1,304	1,244	1,135	1,203	1,107	1,237	0,925	1,256	0,942	1,241	0,933	1,271	1,012	1,276	0,804	1,083	0,848	1,020	0,921	0,998	0,815	1,214	0,943	1,201	0,896	1,177
12:48:04	37,0	1,100	1,218	1,220	1,243	1,182	1,267	1,195	1,222	1,250	0,910	1,205	1,186	1,202	1,200	1,202	1,147	1,164	1,245	1,286	1,108	1,234	1,191	1,212	1,187	1,141	1,186	1,089	1,256	1,101	1,216	1,339	1,195	1,187	1,337	1,099	1,229	1,286	1,299	1,292	1,324	1,309	1,344	1,328	1,311	1,323	1,356	1,312	1,329	1,144	1,173	1,145	1,121	1,176	1,184	1,107	1,177	1,283	1,243	1,327	1,230	1,228	1,340	1,193	1,412	1,145	1,322	1,269	1,347	1,056	1,370	1,302	1,243	1,135	1,203	1,108	1,238	0,926	1,260	0,939	1,246	0,933	1,274	1,012	1,277	0,803	1,079	0,845	1,020	0,924	0,998	0,812	1,212	0,945	1,202	0,894	1,178
12:58:04	37,0	1,106	1,222	1,223	1,247	1,187	1,272	1,197	1,226	1,257	0,913	1,211	1,193	1,209	1,206	1,208	1,153	1,172	1,251	1,293	1,120	1,244	1,201	1,210	1,194	1,141	1,191	1,095	1,262	1,109	1,219	1,349	1,198	1,192	1,342	1,104	1,233	1,285	1,304	1,298	1,326	1,321	1,350	1,333	1,317	1,333	1,357	1,320	1,333	1,138	1,177	1,148	1,125	1,173	1,183	1,104	1,176	1,283	1,244	1,331	1,231	1,226	1,336	1,192	1,409	1,145	1,318	1,266	1,341	1,053	1,365	1,293	1,235	1,131	1,201	1,105	1,236	0,926	1,257	0,940	1,247	0,930	1,273	1,007	1,274	0,796	1,075	0,842	1,016	0,920	0,989	0,808	1,208	0,937	1,194	0,891	1,178
13:08:04	37,0	1,105	1,221	1,226	1,248	1,184	1,270	1,196	1,228	1,254	0,916	1,212	1,188	1,209	1,209	1,209	1,157	1,174	1,253	1,293	1,113	1,240	1,200	1,219	1,195	1,144	1,192	1,094	1,259	1,105	1,218	1,347	1,198	1,192	1,340	1,107	1,231	1,285	1,306	1,300	1,326	1,314	1,348	1,329	1,314	1,333	1,355	1,317	1,333	1,145	1,180	1,150	1,129	1,177	1,188	1,103	1,180	1,283	1,242	1,331	1,233	1,225	1,333	1,192	1,406	1,144	1,317	1,262	1,339	1,051	1,363	1,290	1,235	1,133	1,199	1,105	1,235	0,927	1,258	0,936	1,248	0,927	1,272	1,009	1,276	0,793	1,072	0,839	1,015	0,917	0,989	0,808	1,205	0,936	1,193	0,888	1,175
13:18:04	37,0	1,108	1,221	1,226	1,250	1,187	1,271	1,197	1,228	1,255	0,916	1,215	1,188	1,214	1,211	1,211	1,159	1,175	1,252	1,295	1,114	1,240	1,200	1,221	1,196	1,144	1,192	1,092	1,260	1,104	1,219	1,346	1,199	1,192	1,342	1,102	1,232	1,288	1,305	1,300	1,330	1,313	1,348	1,330	1,314	1,331	1,361	1,314	1,332	1,146	1,182	1,154	1,131	1,179	1,191	1,100	1,182	1,285	1,243	1,333	1,232	1,224	1,331	1,193	1,403	1,144	1,315	1,261	1,338	1,053	1,359	1,288	1,233	1,134	1,198	1,103	1,233	0,926	1,258	0,940	1,249	0,931	1,272	1,007	1,278	0,792	1,070	0,837	1,013	0,914	0,989	0,806	1,204	0,935	1,190	0,885	1,172
13:28:04	37,0	1,109	1,219	1,227	1,248	1,185	1,269	1,195	1,226	1,256	0,916	1,211	1,188	1,213	1,211	1,214	1,158	1,175	1,255	1,296	1,114	1,242	1,200	1,221	1,193	1,142	1,192	1,090	1,259	1,101	1,218	1,346	1,198	1,191	1,342	1,102	1,233	1,286	1,303	1,300	1,328	1,315	1,346	1,329	1,313	1,329	1,360	1,316	1,337	1,149	1,185	1,158	1,134	1,181	1,192	1,097	1,181	1,286	1,242	1,335	1,233	1,223	1,329	1,195	1,401	1,146	1,314	1,259	1,336	1,052	1,356	1,286	1,231	1,132	1,196	1,102	1,231	0,926	1,258	0,938	1,250	0,930	1,271	1,006	1,277	0,787	1,065	0,835	1,012	0,911	0,986	0,802	1,202	0,933	1,188	0,882	1,173
13:38:04	37,0	1,111	1,222	1,228	1,249	1,185	1,271	1,194	1,229	1,257	0,916	1,213	1,188	1,218	1,212	1,217	1,160	1,179	1,256	1,298	1,113	1,244	1,204	1,224	1,200	1,141	1,192	1,092	1,259	1,100	1,220	1,343	1,199	1,190	1,338	1,101	1,233	1,283	1,305	1,296	1,326	1,312	1,346	1,329	1,313	1,328	1,356	1,313	1,337	1,150	1,188	1,161	1,137	1,183	1,194	1,093	1,181	1,286	1,242	1,334	1,234	1,223	1,326	1,195	1,399	1,146	1,312	1,257	1,333	1,053	1,353	1,285	1,228	1,129	1,193	1,099	1,227	0,922	1,256	0,935	1,251	0,929	1,270	1,003	1,276	0,784	1,060	0,829	1,011	0,909	0,982	0,800	1,198	0,930	1,183	0,881	1,167
13:48:04	37,0	1,112	1,221	1,228	1,250	1,186	1,271	1,193	1,226	1,258	0,917	1,212	1,186	1,219	1,214	1,219	1,162	1,179	1,256	1,298	1,114	1,246	1,204	1,224	1,197	1,140	1,192	1,092	1,260	1,101	1,219	1,345	1,200	1,192	1,341	1,102	1,235	1,287	1,304	1,299	1,327	1,312	1,343	1,328	1,313	1,327	1,359	1,315	1,337	1,153	1,192	1,164	1,141	1,185	1,198	1,092	1,182	1,285	1,241	1,334	1,235	1,222	1,324	1,195	1,397	1,147	1,310	1,256	1,329	1,052	1,350	1,283	1,228	1,128	1,192	1,098	1,226	0,919	1,257	0,934	1,263	0,925	1,269	1,000	1,275	0,782	1,056	0,826	1,009	0,905	0,979	0,797	1,196	0,927	1,181	0,878	1,164
13:58:04	37,0	1,113	1,221	1,230	1,251	1,185	1,271	1,194	1,228	1,259	0,916	1,213	1,185	1,221	1,217	1,221	1,164	1,180	1,259	1,299	1,115	1,248	1,209	1,226	1,200	1,139	1,194	1,093	1,262	1,102	1,222	1,347	1,200	1,192	1,340	1,100	1,237	1,287	1,307	1,298	1,329	1,312	1,346	1,329	1,315	1,329	1,361	1,317	1,337	1,156	1,192	1,167	1,142	1,186	1,198	1,088	1,181	1,287	1,240	1,334	1,235	1,221	1,321	1,195	1,394	1,147	1,308	1,255	1,325	1,052	1,346	1,281	1,225	1,127	1,190	1,094	1,224	0,917	1,256	0,932	1,257	0,927	1,268	1,001	1,275	0,778	1,051	0,823	1,007	0,902	0,975	0,796	1,194	0,925	1,177	0,873	1,161
14:08:04	37,0	1,114	1,219	1,229	1,250	1,186	1,271	1,193	1,226	1,259	0,917	1,208	1,183	1,224	1,218	1,220	1,166	1,183	1,261	1,300	1,115	1,250	1,208	1,227	1,199	1,139	1,196	1,092	1,260	1,100	1,220	1,344	1,199	1,191	1,342	1,100	1,236	1,288	1,306	1,296	1,329	1,311	1,345	1,327	1,313	1,329	1,361	1,317	1,339	1,158	1,196	1,169	1,143	1,187	1,200	1,086	1,182	1,286	1,240	1,336	1,235	1,220	1,320	1,197	1,393	1,147	1,306	1,254	1,323	1,054	1,343	1,281	1,224	1,124	1,188	1,093	1,221	0,913	1,256	0,932	1,257	0,926	1,268	0,999	1,274	0,774	1,044	0,821	1,005	0,898	0,971	0,791	1,189	0,923	1,174	0,872	1,161
14:18:04	37,0	1,114	1,220	1,232	1,252	1,184	1,272	1,191	1,226	1,259	0,919	1,214	1,183	1,228	1,220	1,222	1,167	1,186	1,261	1,303	1,121	1,252	1,213	1,229	1,202	1,139	1,196	1,094	1,262	1,105	1,222	1,346	1,200	1,193	1,345	1,100	1,238	1,286	1,310	1,300	1,326	1,310	1,348	1,328	1,311	1,337	1,361	1,320	1,336	1,157	1,196	1,172	1,143	1,186	1,197	1,081	1,183	1,286	1,238	1,338	1,233	1,218	1,317	1,196	1,391	1,149	1,304	1,250	1,318	1,054	1,339	1,277	1,222	1,122	1,185	1,090	1,218	0,906	1,254	0,925	1,255	0,920	1,267	0,995	1,270	0,772	1,041	0,818	1,002	0,894	0,967	0,787	1,187	0,919	1,170	0,866	1,152
14:28:04	37,0	1,114	1,221	1,231	1,251	1,187	1,275	1,191	1,226	1,261	0,918	1,213	1,183	1,230	1,222	1,224	1,170	1,190	1,266	1,306	1,123	1,255	1,217	1,230	1,203	1,141	1,197	1,097	1,264	1,106	1,223	1,348	1,200	1,196	1,352	1,105	1,239	1,286	1,311	1,302	1,325	1,314	1,347	1,329	1,315	1,337	1,365	1,325	1,336	1,159	1,196	1,173	1,148	1,187	1,201	1,078	1,183	1,286	1,236	1,337	1,233	1,217	1,315	1,195	1,387	1,146	1,303	1,248	1,316	1,056	1,336	1,274	1,219	1,122	1,182	1,087	1,215	0,905	1,253	0,927	1,255	0,920	1,266	0,994	1,270	0,769	1,036	0,815	1,000	0,891	0,965	0,785	1,185	0,917	1,167	0,865	1,151
14:38:04	37,0	1,115	1,219	1,231	1,252	1,184	1,272	1,190	1,225	1,259	0,920	1,214	1,179	1,232	1,226	1,229	1,170	1,190	1,266	1,305	1,120	1,255	1,216	1,233	1,204	1,142	1,196	1,097	1,262	1,103	1,224	1,348	1,200	1,191	1,344	1,103	1,238	1,286	1,311	1,303	1,329	1,310	1,346	1,332	1,317	1,332	1,361	1,319	1,331	1,159	1,198	1,175	1,150	1,188	1,203	1,076	1,183	1,286	1,235	1,336	1,233	1,216	1,313	1,196	1,386	1,146	1,301	1,245	1,313	1,056	1,333	1,271	1,218	1,121	1,179	1,084	1,212	0,902	1,252	0,925	1,255	0,918	1,263	0,991	1,269	0,768	1,032	0,810	0,998	0,889	0,962	0,784	1,180	0,914	1,162	0,864	1,146
14:48:04	37,0	1,114	1,217	1,231	1,252	1,183	1,271	1,190	1,224	1,259	0,919	1,211	1,179	1,234	1,226	1,230	1,170	1,190	1,268	1,306	1,118	1,253	1,217	1,235	1,204	1,137	1,195	1,095	1,261	1,102	1,223	1,348	1,200	1,191	1,343	1,101	1,238	1,288	1,310	1,299	1,328	1,312	1,347	1,329	1,317	1,331	1,360	1,319	1,331	1,163	1,199	1,177	1,151	1,188	1,205	1,073	1,183	1,286	1,233	1,336	1,234	1,217	1,312	1,198	1,383	1,147	1,301	1,244	1,311	1,056	1,331	1,269	1,218	1,119	1,177	1,082	1,209	0,899	1,250	0,924	1,254	0,919	1,262	0,990	1,270	0,768	1,028	0,809	0,997	0,886	0,962	0,781	1,178	0,912	1,160	0,862	1,143
14:58:04	37,0	1,112	1,215	1,230	1,250	1,183	1,270	1,188	1,222	1,258	0,919	1,207	1,177	1,238	1,226	1,230	1,172	1,191	1,266	1,307	1,119	1,254	1,217	1,236	1,204	1,135	1,196	1,093	1,260	1,101	1,222	1,345	1,198	1,190	1,341	1,099	1,238	1,286	1,309	1,300	1,326	1,311	1,345	1,325	1,313	1,328	1,358	1,314	1,333	1,164	1,199	1,180	1,153	1,188	1,205	1,070	1,184	1,287	1,231	1,336	1,234	1,216	1,310	1,196	1,382	1,148	1,300	1,242	1,309	1,057	1,327	1,267	1,217	1,120	1,175	1,081	1,207	0,895	1,248	0,922	1,253	0,920	1,260	0,988	1,269	0,767	1,026	0,808	0,995	0,884	0,960	0,780	1,176	0,911	1,157	0,861	1,139
15:08:04	37,0	1,112	1,213	1,230	1,250	1,182	1,274	1,186	1,222	1,257	0,919	1,210	1,176	1,238	1,226	1,230	1,173	1,192	1,269	1,307	1,121	1,256	1,219	1,237	1,205	1,136	1,196	1,094	1,260	1,099	1,222	1,346	1,199	1,188	1,343	1,100	1,235	1,283	1,309	1,298	1,327	1,308	1,344	1,326	1,317	1,331	1,355	1,317	1,335	1,167	1,202	1,183	1,157	1,189	1,208	1,068	1,184	1,285	1,230	1,334	1,236	1,216	1,309	1,195	1,380	1,150	1,299	1,241	1,306	1,058	1,323	1,263	1,216	1,119	1,173	1,080	1,206	0,893	1,248	0,921	1,252	0,919	1,259	0,986	1,268	0,765	1,022	0,806	0,994	0,883	0,960	0,778	1,175	0,908	1,157	0,859	1,140
15:18:04	37,0	1,111	1,215	1,230	1,250	1,182	1,272	1,187	1,220	1,259	0,917	1,208	1,175	1,239	1,228	1,233	1,176	1,196	1,271	1,310	1,127	1,258	1,222	1,237	1,205	1,137	1,196	1,096	1,263	1,102	1,223	1,347	1,199	1,192	1,344	1,104	1,238	1,282	1,311	1,298	1,323	1,311	1,345	1,329	1,315	1,330	1,358	1,324	1,334	1,171	1,202	1,187	1,159	1,190	1,208	1,066	1,184	1,286	1,229	1,337	1,233	1,214	1,307	1,195	1,379	1,151	1,299	1,239	1,303	1,063	1,321	1,260	1,216	1,120	1,170	1,076	1,204	0,889	1,247	0,920	1,251	0,917	1,258	0,985	1,266	0,765	1,020	0,806	0,993	0,881	0,959	0,777	1,173	0,906	1,196	0,857	1,139
15:28:04	37,0	1,111	1,211	1,230	1,248	1,180	1,270	1,185	1,221	1,256	0,916	1,208	1,173	1,240	1,228	1,233	1,175	1,193	1,268	1,307	1,122	1,259	1,218	1,238	1,204	1,134	1,195	1,093	1,258	1,101	1,221	1,345	1,198	1,188	1,341	1,098	1,238	1,284	1,310	1,299	1,327	1,305	1,344	1,326	1,315	1,328	1,357	1,316	1,331	1,175	1,201	1,189	1,161	1,194	1,209	1,064	1,185	1,286	1,229	1,335	1,235	1,214	1,304	1,193	1,377	1,152	1,297	1,238	1,302	1,063	1,319	1,258	1,214	1,117	1,169	1,073	1,202	0,888	1,247	0,918	1,250	0,919	1,259	0,985	1,267	0,765	1,016	0,803	0,992	0,880	0,958	0,776	1,172	0,905	1,196	0,856	1,139
15:38:04	37,0	1,109	1,209	1,229	1,247	1,177	1,269	1,185	1,220	1,255	0,915	1,206	1,171	1,241	1,229	1,233	1,177	1,195	1,269	1,308	1,123	1,259	1,221	1,239	1,205	1,134	1,195	1,093	1,258	1,100	1,219	1,343	1,197	1,187	1,343	1,098	1,236	1,282	1,309	1,300	1,325	1,304	1,342	1,326	1,314	1,328	1,354	1,322	1,329	1,173	1,202	1,189	1,161	1,192	1,211	1,060	1,182	1,285	1,226	1,334	1,234	1,211	1,303	1,192	1,376	1,155	1,296	1,236	1,300	1,065	1,315	1,257	1,214	1,115	1,166	1,071	1,200	0,884	1,247	0,917	1,247	0,916	1,256	0,983	1,266	0,763	1,011	0,798	0,992	0,877	0,953	0,773	1,170	0,901	1,194	0,853	1,139
15:48:04	37,0	1,108	1,207	1,227	1,244	1,176	1,267	1,183	1,219	1,253	0,914	1,203	1,170	1,241	1,228	1,233	1,177	1,198	1,268	1,308	1,125	1,257	1,220	1,240	1,202	1,129	1,193	1,092	1,257	1,097	1,218	1,343	1,194	1,185	1,340	1,097	1,235	1,281	1,307	1,299	1,325	1,307	1,341	1,325	1,311	1,326	1,356	1,317	1,332	1,176	1,203	1,194	1,165	1,194	1,212	1,059	1,184	1,285	1,225	1,334	1,232	1,213	1,303	1,191	1,376	1,156	1,296	1,234	1,299	1,069	1,313	1,254	1,214	1,119	1,165	1,078	1,199	0,883	1,244	0,918	1,246	0,916	1,256	0,981	1,266	0,762	1,013	0,800	0,992	0,877	0,954	0,773	1,168	0,902	1,195	0,852	1,138
15:58:04	37,0	1,108	1,207	1,227	1,244	1,175	1,270	1,181	1,218	1,254	0,912	1,205	1,169	1,243	1,230	1,234	1,177	1,198	1,270	1,308	1,126	1,258	1,222	1,240	1,208	1,130	1,193	1,093	1,255	1,097	1,218	1,343	1,196	1,184	1,341	1,096	1,231	1,277	1,307	1,296	1,322	1,306	1,339	1,321	1,310	1,325	1,351	1,312	1,330	1,168	1,201	1,194	1,162	1,191	1,210	1,056	1,180	1,284	1,221	1,333	1,231	1,208	1,301	1,188	1,373	1,156	1,294	1,232	1,296	1,067	1,310	1,250	1,209	1,113	1,161	1,074	1,195	0,879	1,241	0,914	1,243	0,913	1,252	0,978	1,261	0,757	1,005	0,794	0,989	0,871	0,947	0,766	1,162	0,893	1,186	0,845	1,133
16:08:04	37,0	1,107	1,207	1,227	1,245	1,175	1,268	1,182	1,217	1,255	0,910	1,204	1,169	1,245	1,230	1,234	1,180	1,202	1,273	1,311	1,131	1,261	1,226	1,240	1,207	1,131	1,194	1,094	1,260	1,099	1,219	1,345	1,194	1,188	1,344	1,103	1,235	1,279	1,308	1,298	1,319	1,306	1,342	1,322	1,313	1,330	1,354	1,320	1,328	1,168	1,200	1,196	1,162	1,190	1,211	1,053	1,179	1,282	1,220	1,332	1,229	1,206	1,299	1,187	1,371	1,155	1,294	1,230	1,293	1,069	1,309	1,248	1,208	1,113	1,158	1,071	1,192	0,877	1,240	0,915	1,241	0,911	1,248	0,974	1,258	0,755	1,001	0,791	0,988	0,867	0,945	0,764	1,160	0,890	1,184	0,843	1,132
16:18:04	37,0	1,107	1,203	1,226	1,241	1,171	1,265	1,179	1,215	1,251	0,909	1,200	1,165	1,245	1,230	1,236	1,178	1,201	1,271	1,307	1,128	1,259	1,224	1,241	1,205	1,127	1,191	1,091	1,253	1,096	1,216	1,340	1,192	1,180	1,339	1,096	1,232	1,278	1,309	1,299	1,321	1,309	1,338	1,321	1,313	1,323	1,349	1,318	1,325	1,171	1,200	1,195	1,165	1,188	1,211	1,054	1,178	1,281	1,219	1,327	1,230	1,206	1,300	1,186	1,370	1,155	1,294	1,230	1,294	1,070	1,308	1,246	1,209	1,113	1,156	1,068	1,191	0,874	1,238	0,915	1,239	0,911	1,247	0,975	1,261	0,754	1,001	0,788	0,987	0,869	0,945	0,766	1,159	0,890	1,183	0,843	1,131
16:28:04	37,0	1,105	1,204	1,226	1,241	1,171	1,263	1,179	1,215	1,251	0,908	1,202	1,164	1,247	1,232	1,236	1,180	1,201	1,269	1,307	1,126	1,260	1,223	1,241	1,207	1,128	1,191	1,091	1,254	1,096	1,215	1,343	1,191	1,182	1,339	1,093	1,229	1,278	1,306	1,297	1,321	1,305	1,339	1,326	1,309	1,326	1,350	1,311	1,325	1,174	1,199	1,197	1,165	1,190	1,210	1,050	1,176	1,282	1,217	1,327	1,228	1,205	1,299	1,184	1,369	1,156	1,294	1,229	1,294	1,069	1,307	1,244	1,208	1,112	1,155	1,066	1,190	0,873	1,237	0,916	1,236	0,914	1,245	0,976	1,261	0,754	1,000	0,788	0,986	0,867	0,944	0,765	1,159	0,889	1,186	0,843	1,129
16:38:04	37,0	1,107	1,204	1,224	1,241	1,170	1,267	1,180	1,216	1,252	0,906	1,202	1,165	1,246	1,231	1,236	1,182	1,204	1,274	1,310	1,133	1,266	1,229	1,240	1,207	1,128	1,192	1,093	1,258	1,098	1,214	1,340	1,192	1,182	1,347	1,101	1,231	1,278	1,305	1,298	1,315	1,303	1,340	1,323	1,310	1,332	1,350	1,319	1,325	1,173	1,197	1,199	1,166	1,190	1,210	1,048	1,175	1,281	1,215	1,327	1,227	1,203	1,299	1,185	1,368	1,158	1,294	1,229	1,294	1,070	1,306	1,242	1,208	1,111	1,153	1,065	1,187	0,871	1,236	0,912	1,235	0,911	1,244	0,975	1,258	0,752	0,998	0,786	0,985	0,864	0,942	0,764	1,157	0,885	1,181	0,841	1,127
16:48:04	37,0	1,104	1,202	1,223	1,239	1,169	1,263	1,178	1,213	1,247	0,905	1,201	1,160	1,247	1,232	1,237	1,180	1,202	1,271	1,307	1,128	1,260	1,226	1,240	1,206	1,125	1,191	1,090	1,253	1,094	1,212	1,341	1,190	1,177	1,339	1,094	1,228	1,278	1,309	1,296	1,318	1,298	1,338	1,322	1,310	1,326	1,352	1,310	1,322	1,174	1,196	1,199	1,167	1,190	1,209	1,045	1,173	1,279	1,212	1,321	1,228	1,202	1,298	1,183	1,367	1,157	1,295	1,229	1,294	1,071	1,305	1,241	1,207	1,111	1,151	1,062	1,187	0,869	1,235	0,913	1,234	0,910	1,243	0,973	1,257	0,750	0,995	0,782	0,983	0,863	0,941	0,763	1,155	0,884	1,178	0,839	1,126
16:58:04	37,0	1,101	1,199	1,222	1,236	1,163	1,260	1,175	1,212	1,245	0,904	1,197	1,157	1,246	1,232	1,235	1,178	1,202	1,270	1,306	1,131	1,260	1,226	1,240	1,204	1,124	1,187	1,089	1,248	1,090	1,209	1,339	1,188	1,175	1,338	1,093	1,227	1,275	1,306	1,294	1,317	1,299	1,337	1,317	1,306	1,324	1,350	1,309	1,323	1,176	1,195	1,202	1,167	1,190	1,209	1,043	1,173	1,278	1,209	1,323	1,226	1,201	1,299	1,182	1,366	1,159	1,296	1,229	1,295	1,072	1,305	1,241	1,209	1,110	1,149	1,060	1,184	0,867	1,235	0,909	1,232	0,910	1,241	0,972	1,254	0,749	0,993	0,781	0,982	0,861	0,940	0,761	1,155	0,881	1,176	0,836	1,126
17:08:04	37,0	1,100	1,195	1,222	1,235	1,163	1,260	1,175	1,209	1,244	0,904	1,196	1,156	1,246	1,233	1,234	1,179	1,202	1,269	1,305	1,130	1,260	1,225	1,238	1,205	1,122	1,187	1,089	1,250	1,092	1,209	1,338	1,186	1,174	1,338	1,089	1,223	1,276	1,304	1,294	1,315	1,299	1,337	1,320	1,304	1,324	1,345	1,307	1,322	1,175	1,193	1,206	1,170	1,189	1,208	1,043	1,171	1,278	1,207	1,322	1,224	1,200	1,301	1,180	1,364	1,159	1,296	1,228	1,295	1,071	1,305	1,238	1,208	1,111	1,147	1,057	1,182	0,867	1,232	0,911	1,230	0,909	1,238	0,971	1,254	0,748	0,991	0,778	0,981	0,859	0,937	0,761	1,153	0,879	1,171	0,834	1,123
17:18:04	37,0	1,100	1,194	1,220	1,234	1,162	1,259	1,173	1,210	1,243	0,904	1,195	1,154	1,248	1,232	1,237	1,179	1,202	1,269	1,306	1,131	1,261	1,226	1,245	1,206	1,122	1,186	1,088	1,250	1,090	1,208	1,339	1,185	1,171	1,334	1,086	1,223	1,275	1,304	1,293	1,316	1,301	1,337	1,320	1,305	1,324	1,348	1,311	1,320	1,177	1,192	1,205	1,167	1,188	1,206	1,041	1,169	1,275	1,204	1,322	1,222	1,198	1,300	1,178	1,363	1,159	1,297	1,227	1,295	1,073	1,305	1,236	1,206	1,106	1,144	1,056	1,180	0,862	1,231	0,909	1,228	0,905	1,237	0,970	1,250	0,744	0,984	0,775	0,980	0,852	0,933	0,753	1,149	0,874	1,166	0,831	1,120
17:28:04	37,0	1,098	1,194	1,219	1,233	1,161	1,257	1,175	1,210	1,243	0,901	1,195	1,154	1,247	1,232	1,237	1,181	1,203	1,272	1,308	1,138	1,262	1,229	1,242	1,206	1,120	1,185	1,088	1,248	1,091	1,206	1,339	1,183	1,173	1,340	1,096	1,220	1,273	1,304	1,293	1,314	1,302	1,336	1,317	1,305	1,327	1,349	1,315	1,318	1,176	1,190	1,205	1,166	1,186	1,209	1,039	1,166	1,274	1,201	1,321	1,219	1,198	1,301	1,177	1,363	1,159	1,297	1,226	1,294	1,073	1,305	1,236	1,206	1,107	1,142	1,054	1,199	0,863	1,231	0,905	1,228	0,905	1,234	0,967	1,250	0,744	0,983	0,774	0,978	0,851	0,933	0,753	1,149	0,873	1,165	0,828	1,121
17:38:04	37,0	1,096	1,189	1,217	1,230	1,156	1,256	1,169	1,209	1,240	0,901	1,189	1,145	1,246	1,232	1,236	1,181	1,201	1,267	1,304	1,133	1,259	1,225	1,239	1,205	1,117	1,180	1,084	1,244	1,085	1,203	1,336	1,180	1,166	1,334	1,087	1,218	1,271	1,302	1,292	1,314	1,301	1,333	1,316	1,302	1,321	1,345	1,307	1,318	1,175	1,189	1,204	1,170	1,185	1,210	1,037	1,166	1,271	1,199	1,317	1,218	1,196	1,301	1,177	1,361	1,159	1,299	1,226	1,295	1,074	1,307	1,235	1,208	1,109	1,141	1,052	1,192	0,859	1,230	0,907	1,227	0,904	1,234	0,969	1,248	0,743	0,982	0,773	0,978	0,848	0,931	0,752	1,147	0,873	1,164	0,829	1,121
17:48:04	37,0	1,095	1,188	1,216	1,229	1,157	1,253	1,169	1,206	1,240	0,900	1,188	1,145	1,248	1,233	1,234	1,178	1,201	1,267	1,304	1,131	1,260	1,224	1,240	1,206	1,116	1,181	1,083	1,244	1,086	1,202	1,336	1,178	1,165	1,335	1,084	1,215	1,271	1,302	1,289	1,313	1,299	1,332	1,317	1,301	1,321	1,343	1,308	1,316	1,176	1,188	1,206	1,169	1,183	1,209	1,035	1,163	1,271	1,198	1,317	1,216	1,196	1,301	1,177	1,362	1,161	1,299	1,226	1,295	1,075	1,308	1,235	1,209	1,108	1,140	1,051	1,190	0,858	1,229	0,904	1,225	0,905	1,232	0,969	1,247	0,743	0,981	0,771	0,978	0,847	0,931	0,750	1,147	0,870	1,163	0,827	1,119
17:58:04	37,0	1,095	1,186	1,215	1,227	1,155	1,253	1,166	1,206	1,238	0,898	1,187	1,142	1,246	1,232	1,234	1,180	1,199	1,268	1,303	1,134	1,259	1,224	1,240	1,203	1,114	1,181	1,082	1,241	1,084	1,200	1,334	1,176	1,163	1,330	1,084	1,215	1,269	1,300	1,290	1,312	1,295	1,333	1,318	1,300	1,323	1,345	1,309	1,315	1,179	1,187	1,205	1,169	1,182	1,206	1,034	1,163	1,270	1,195	1,313	1,216	1,195	1,303	1,179	1,362	1,160	1,301	1,228	1,296	1,077	1,309	1,237	1,212	1,109	1,140	1,049	1,189	0,857	1,227	0,906	1,224	0,906	1,231	0,968	1,248	0,742	0,983	0,770	0,977	0,845	0,932	0,750	1,146	0,870	1,164	0,827	1,121
18:08:04	37,0	1,094	1,185	1,213	1,226	1,153	1,252	1,167	1,205	1,238	0,897	1,188	1,142	1,247	1,233	1,232	1,180	1,201	1,267	1,302	1,133	1,259	1,225	1,242	1,206	1,113	1,177	1,081	1,240	1,083	1,199	1,337	1,174	1,162	1,330	1,081	1,210	1,270	1,299	1,288	1,310	1,296	1,330	1,319	1,300	1,317	1,339	1,304	1,313	1,179	1,187	1,205	1,170	1,182	1,202	1,035	1,161	1,269	1,194	1,311	1,217	1,195	1,303	1,180	1,362	1,161	1,304	1,230	1,296	1,079	1,311	1,238	1,212	1,109	1,139	1,047	1,188	0,855	1,227	0,905	1,224	0,906	1,231	0,969	1,247	0,741	0,983	0,768	0,977	0,847	0,931	0,751	1,146	0,869	1,167	0,828	1,121
18:18:04	37,0	1,093	1,185	1,212	1,224	1,153	1,249	1,169	1,204	1,239	0,896	1,185	1,140	1,244	1,232	1,235	1,181	1,201	1,270	1,302	1,140	1,261	1,227	1,241	1,206	1,114	1,177	1,081	1,240	1,085	1,196	1,335	1,172	1,163	1,333	1,091	1,211	1,270	1,300	1,292	1,308	1,300	1,331	1,317	1,301	1,325	1,343	1,309	1,311	1,178	1,186	1,206	1,170	1,182	1,202	1,038	1,159	1,267	1,192	1,310	1,216	1,194	1,303	1,180	1,363	1,162	1,304	1,231	1,296	1,080	1,312	1,237	1,211	1,109	1,138	1,046	1,186	0,855	1,227	0,905	1,224	0,904	1,230	0,967	1,246	0,740	0,982	0,768	0,975	0,845	0,928	0,750	1,145	0,867	1,164	0,826	1,120
18:28:04	37,0	1,090	1,183	1,212	1,224	1,151	1,245	1,164	1,201	1,236	0,896	1,184	1,135	1,244	1,232	1,236	1,179	1,202	1,267	1,300	1,134	1,259	1,225	1,239	1,203	1,110	1,175	1,077	1,238	1,081	1,195	1,338	1,172	1,158	1,330	1,081	1,208	1,268	1,298	1,288	1,311	1,295	1,330	1,317	1,299	1,318	1,342	1,308	1,311	1,177	1,185	1,210	1,168	1,181	1,200	1,035	1,157	1,266	1,190	1,309	1,212	1,194	1,303	1,180	1,363	1,164	1,305	1,232	1,296	1,080	1,313	1,235	1,211	1,108	1,136	1,044	1,183	0,854	1,226	0,901	1,222	0,904	1,228	0,965	1,245	0,738	0,979	0,766	0,974	0,842	0,926	0,749	1,143	0,864	1,159	0,822	1,118
18:38:04	37,0	1,090	1,181	1,211	1,222	1,149	1,245	1,162	1,200	1,234	0,895	1,181	1,133	1,244	1,232	1,238	1,181	1,202	1,265	1,301	1,135	1,258	1,223	1,235	1,203	1,107	1,173	1,075	1,236	1,078	1,194	1,333	1,169	1,155	1,329	1,077	1,205	1,268	1,298	1,288	1,308	1,298	1,330	1,317	1,297	1,320	1,343	1,305	1,310	1,179	1,184	1,208	1,171	1,179	1,200	1,033	1,157	1,265	1,191	1,306	1,212	1,193	1,304	1,180	1,362	1,163	1,306	1,233	1,297	1,083	1,315	1,235	1,214	1,110	1,136	1,044	1,185	0,854	1,226	0,904	1,221	0,903	1,229	0,966	1,246	0,738	0,981	0,766	0,974	0,844	0,926	0,750	1,145	0,864	1,159	0,823	1,118
18:48:04	37,0	1,089	1,176	1,210	1,220	1,147	1,245	1,161	1,200	1,233	0,895	1,180	1,129	1,244	1,232	1,234	1,178	1,200	1,265	1,300	1,136	1,256	1,222	1,236	1,202	1,105	1,172	1,074	1,233	1,076	1,190	1,333	1,166	1,154	1,330	1,078	1,204	1,266	1,296	1,287	1,310	1,296	1,330	1,315	1,296	1,321	1,342	1,306	1,311	1,179	1,183	1,209	1,171	1,180	1,197	1,031	1,155	1,265	1,189	1,303	1,210	1,193	1,304	1,181	1,362	1,164	1,308	1,234	1,297	1,085	1,317	1,234	1,215	1,112	1,135	1,042	1,182	0,854	1,226	0,905	1,221	0,906	1,230	0,966	1,244	0,738	0,982	0,767	0,973	0,846	0,926	0,751	1,144	0,864	1,159	0,824	1,117
18:58:04	37,0	1,088	1,177	1,211	1,219	1,145	1,245	1,159	1,198	1,232	0,894	1,181	1,129	1,245	1,231	1,234	1,179	1,199	1,263	1,299	1,138	1,257	1,224	1,240	1,203	1,104	1,169	1,073	1,233	1,074	1,188	1,334	1,165	1,151	1,327	1,075	1,201	1,264	1,296	1,286	1,308	1,295	1,328	1,317	1,294	1,319	1,339	1,299	1,308	1,178	1,183	1,208	1,170	1,180	1,196	1,030	1,154	1,264	1,186	1,304	1,208	1,193	1,306	1,182	1,363	1,167	1,309	1,236	1,298	1,086	1,319	1,236	1,215	1,112	1,135	1,041	1,181	0,855	1,225	0,906	1,221	0,905	1,230	0,966	1,244	0,738	0,982	0,765	0,973	0,847	0,925	0,751	1,143	0,863	1,158	0,822	1,117
19:08:04	37,0	1,087	1,176	1,207	1,216	1,144	1,241	1,161	1,199	1,232	0,894	1,179	1,127	1,244	1,231	1,230	1,181	1,201	1,266	1,299	1,139	1,261	1,226	1,239	1,203	1,105	1,168	1,073	1,231	1,076	1,187	1,333	1,163	1,153	1,329	1,080	1,199	1,264	1,296	1,287	1,306	1,300	1,327	1,315	1,296	1,319	1,339	1,307	1,305	1,178	1,183	1,208	1,170	1,179	1,195	1,030	1,152	1,262	1,185	1,301	1,207	1,193	1,306	1,183	1,363	1,168	1,310	1,237	1,299	1,087	1,321	1,235	1,214	1,113	1,134	1,040	1,180	0,854	1,224	0,903	1,218	0,907	1,229	0,966	1,244	0,737	0,981	0,763	0,972	0,843	0,924	0,751	1,143	0,862	1,159	0,820	1,117
19:18:04	37,0	1,086	1,172	1,206	1,215	1,142	1,241	1,159	1,196	1,229	0,894	1,175	1,123	1,243	1,231	1,231	1,179	1,200	1,262	1,297	1,139	1,257	1,221	1,236	1,202	1,100	1,165	1,069	1,229	1,071	1,185	1,333	1,160	1,148	1,327	1,073	1,198	1,262	1,296	1,284	1,308	1,297	1,327	1,314	1,293	1,319	1,345	1,302	1,307	1,178	1,183	1,210	1,170	1,178	1,195	1,028	1,149	1,259	1,184	1,300	1,204	1,193	1,306	1,181	1,363	1,167	1,310	1,239	1,299	1,087	1,322	1,234	1,214	1,111	1,134	1,039	1,179	0,853	1,224	0,902	1,219	0,905	1,227	0,965	1,245	0,738	0,979	0,762	0,971	0,840	0,922	0,750	1,143	0,860	1,158	0,817	1,117
19:28:04	37,0	1,085	1,171	1,205	1,215	1,142	1,237	1,156	1,196	1,227	0,893	1,175	1,121	1,243	1,230	1,233	1,178	1,199	1,263	1,296	1,137	1,256	1,222	1,237	1,201	1,099	1,164	1,068	1,228	1,070	1,184	1,333	1,160	1,147	1,326	1,068	1,195	1,262	1,295	1,286	1,306	1,290	1,329	1,317	1,292	1,321	1,337	1,302	1,307	1,177	1,183	1,210	1,169	1,176	1,193	1,026	1,147	1,258	1,181	1,298	1,203	1,192	1,308	1,182	1,365	1,167	1,311	1,238	1,300	1,088	1,324	1,234	1,215	1,109	1,133	1,039	1,175	0,851	1,223	0,900	1,219	0,905	1,227	0,964	1,243	0,736	0,979	0,762	0,970	0,837	0,921	0,747	1,141	0,858	1,158	0,816	1,117
19:38:04	37,0	1,084	1,170	1,203	1,213	1,139	1,236	1,155	1,194	1,228	0,892	1,172	1,118	1,243	1,231	1,232	1,177	1,199	1,262	1,297	1,136	1,256	1,222	1,236	1,201	1,096	1,162	1,066	1,227	1,066	1,182	1,331	1,158	1,145	1,323	1,069	1,191	1,260	1,294	1,285	1,306	1,292	1,329	1,316	1,290	1,318	1,336	1,300	1,305	1,175	1,181	1,207	1,166	1,174	1,192	1,025	1,145	1,256	1,178	1,298	1,199	1,192	1,307	1,181	1,364	1,168	1,310	1,239	1,300	1,088	1,325	1,231	1,212	1,112	1,131	1,038	1,172	0,849	1,224	0,902	1,217	0,905	1,224	0,964	1,242	0,733	0,976	0,758	0,967	0,833	0,919	0,746	1,140	0,855	1,154	0,812	1,115
19:48:04	37,0	1,084	1,167	1,201	1,211	1,138	1,235	1,154	1,191	1,225	0,892	1,171	1,115	1,242	1,230	1,229	1,177	1,198	1,263	1,296	1,138	1,255	1,220	1,238	1,200	1,095	1,160	1,063	1,221	1,065	1,180	1,332	1,154	1,142	1,324	1,068	1,189	1,259	1,293	1,282	1,305	1,293	1,328	1,313	1,291	1,321	1,337	1,301	1,304	1,174	1,180	1,205	1,165	1,172	1,194	1,024	1,145	1,256	1,179	1,297	1,198	1,191	1,306	1,180	1,363	1,168	1,311	1,239	1,301	1,089	1,327	1,230	1,213	1,113	1,131	1,037	1,171	0,848	1,222	0,901	1,217	0,901	1,223	0,963	1,243	0,733	0,974	0,757	0,965	0,833	0,917	0,744	1,139	0,853	1,154	0,810	1,114
19:58:04	37,0	1,083	1,167	1,201	1,209	1,138	1,232	1,152	1,190	1,222	0,890	1,172	1,114	1,241	1,229	1,231	1,175	1,197	1,260	1,294	1,137	1,254	1,219	1,235	1,201	1,093	1,159	1,063	1,222	1,065	1,176	1,332	1,153	1,140	1,325	1,065	1,186	1,259	1,292	1,280	1,304	1,293	1,328	1,315	1,287	1,318	1,335	1,301	1,302	1,176	1,180	1,206	1,166	1,171	1,195	1,024	1,142	1,254	1,178	1,294	1,196	1,191	1,308	1,181	1,364	1,168	1,313	1,239	1,302	1,091	1,329	1,234	1,214	1,114	1,131	1,036	1,160	0,849	1,223	0,902	1,216	0,902	1,222	0,963	1,242	0,736	0,974	0,757	0,964	0,833	0,918	0,743	1,139	0,853	1,153	0,808	1,114
20:08:04	37,0	1,083	1,167	1,199	1,207	1,136	1,231	1,154	1,192	1,224	0,890	1,171	1,113	1,241	1,230	1,230	1,177	1,198	1,262	1,294	1,143	1,257	1,222	1,237	1,200	1,093	1,156	1,062	1,222	1,065	1,177	1,330	1,152	1,141	1,324	1,069	1,184	1,258	1,292	1,282	1,301	1,295	1,329	1,316	1,291	1,320	1,337	1,304	1,299	1,177	1,179	1,204	1,166	1,170	1,189	1,024	1,143	1,253	1,177	1,292	1,196	1,192	1,310	1,181	1,365	1,169	1,315	1,241	1,304	1,091	1,331	1,235	1,217	1,115	1,131	1,037	1,156	0,848	1,224	0,904	1,216	0,906	1,224	0,964	1,243	0,738	0,976	0,760	0,965	0,835	0,919	0,744	1,139	0,853	1,154	0,809	1,114
20:18:04	37,0	1,083	1,165	1,199	1,205	1,132	1,232	1,149	1,190	1,222	0,889	1,166	1,110	1,241	1,228	1,232	1,175	1,196	1,261	1,293	1,139	1,254	1,219	1,233	1,200	1,090	1,153	1,057	1,217	1,061	1,173	1,334	1,150	1,139	1,325	1,064	1,183	1,257	1,292	1,279	1,306	1,295	1,324	1,316	1,290	1,320	1,337	1,303	1,300	1,177	1,180	1,205	1,165	1,169	1,186	1,023	1,141	1,253	1,176	1,292	1,195	1,192	1,311	1,183	1,366	1,170	1,316	1,243	1,304	1,092	1,333	1,235	1,217	1,116	1,132	1,035	1,155	0,847	1,223	0,904	1,215	0,907	1,223	0,964	1,242	0,739	0,976	0,758	0,963	0,835	0,919	0,743	1,139	0,853	1,154	0,810	1,112
20:28:04	37,0	1,081	1,164	1,198	1,202	1,134	1,229	1,148	1,188	1,220	0,888	1,167	1,108	1,240	1,228	1,229	1,175	1,198	1,260	1,294	1,138	1,253	1,218	1,235	1,199	1,087	1,150	1,058	1,217	1,059	1,171	1,333	1,146	1,135	1,324	1,063	1,180	1,255	1,293	1,279	1,304	1,293	1,324	1,317	1,287	1,316	1,335	1,297	1,300	1,177	1,179	1,204	1,164	1,167	1,186	1,023	1,139	1,250	1,174	1,288	1,193	1,193	1,311	1,183	1,367	1,171	1,316	1,244	1,304	1,093	1,335	1,234	1,216	1,116	1,132	1,034	1,151	0,848	1,223	0,901	1,216	0,907	1,222	0,962	1,243	0,738	0,976	0,757	0,963	0,833	0,916	0,745	1,140	0,852	1,154	0,809	1,113
20:38:04	37,0	1,081	1,162	1,196	1,202	1,133	1,227	1,148	1,187	1,220	0,889	1,163	1,106	1,240	1,228	1,227	1,175	1,197	1,259	1,293	1,137	1,253	1,218	1,233	1,199	1,085	1,151	1,055	1,214	1,056	1,169	1,331	1,145	1,133	1,323	1,060	1,177	1,255	1,291	1,279	1,304	1,293	1,327	1,314	1,286	1,318	1,334	1,297	1,299	1,174	1,179	1,204	1,161	1,167	1,184	1,023	1,136	1,250	1,173	1,289	1,192	1,192	1,311	1,183	1,368	1,171	1,317	1,245	1,305	1,094	1,337	1,233	1,216	1,116	1,131	1,033	1,151	0,847	1,224	0,902	1,214	0,905	1,223	0,961	1,242	0,736	0,973	0,755	0,961	0,829	0,916	0,742	1,139	0,849	1,152	0,806	1,110
20:48:04	37,0	1,080	1,159	1,194	1,199	1,129	1,227	1,143	1,185	1,217	0,887	1,160	1,102	1,237	1,228	1,225	1,175	1,194	1,258	1,292	1,139	1,253	1,217	1,233	1,197	1,083	1,148	1,053	1,212	1,054	1,167	1,332	1,143	1,131	1,320	1,060	1,177	1,255	1,289	1,277	1,303	1,291	1,324	1,313	1,286	1,315	1,336	1,293	1,298	1,175	1,180	1,202	1,162	1,165	1,183	1,022	1,137	1,248	1,175	1,285	1,191	1,193	1,314	1,184	1,369	1,172	1,318	1,247	1,307	1,096	1,339	1,235	1,220	1,120	1,132	1,034	1,150	0,848	1,224	0,904	1,216	0,909	1,222	0,964	1,242	0,740	0,976	0,758	0,960	0,832	0,917	0,743	1,139	0,853	1,154	0,808	1,112
20:58:04	36,9	1,080	1,158	1,192	1,197	1,130	1,225	1,143	1,185	1,217	0,887	1,161	1,100	1,238	1,226	1,224	1,174	1,194	1,258	1,292	1,136	1,254	1,216	1,234	1,197	1,083	1,145	1,052	1,213	1,052	1,163	1,331	1,142	1,129	1,321	1,056	1,173	1,252	1,291	1,278	1,305	1,292	1,326	1,314	1,285	1,319	1,332	1,293	1,297	1,177	1,180	1,203	1,162	1,167	1,181	1,025	1,137	1,248	1,175	1,283	1,190	1,194	1,315	1,185	1,369	1,174	1,319	1,248	1,308	1,098	1,341	1,235	1,220	1,122	1,133	1,034	1,150	0,848	1,225	0,903	1,219	0,909	1,222	0,964	1,242	0,740	0,978	0,760	0,960	0,831	0,917	0,744	1,140	0,854	1,156	0,810	1,112
21:08:04	37,0	1,080	1,158	1,190	1,196	1,128	1,223	1,144	1,182	1,215	0,887	1,162	1,099	1,236	1,226	1,223	1,175	1,197	1,258	1,291	1,137	1,252	1,216	1,235	1,198	1,079	1,144	1,050	1,212	1,051	1,162	1,330	1,140	1,126	1,321	1,055	1,169	1,251	1,289	1,278	1,304	1,290	1,325	1,314	1,284	1,317	1,331	1,294	1,296	1,175	1,180	1,202	1,161	1,166	1,181	1,024	1,136	1,248	1,173	1,281	1,190	1,193	1,314	1,186	1,370	1,173	1,319	1,248	1,308	1,097	1,342	1,234	1,220	1,122	1,133	1,042	1,149	0,849	1,226	0,903	1,218	0,908	1,222	0,965	1,242	0,741	0,978	0,758	0,958	0,832	0,916	0,744	1,140	0,852	1,152	0,807	1,111
21:18:04	37,0	1,080	1,159	1,190	1,193	1,128	1,223	1,143	1,185	1,218	0,885	1,164	1,103	1,238	1,226	1,226	1,177	1,197	1,259	1,293	1,142	1,256	1,219	1,236	1,201	1,081	1,141	1,050	1,212	1,053	1,163	1,332	1,138	1,129	1,324	1,061	1,171	1,252	1,291	1,277	1,302	1,293	1,328	1,316	1,287	1,322	1,335	1,299	1,295	1,174	1,180	1,201	1,160	1,165	1,180	1,024	1,134	1,247	1,171	1,281	1,188	1,193	1,316	1,187	1,371	1,175	1,320	1,247	1,308	1,097	1,345	1,234	1,220	1,123	1,133	1,108	1,150	0,848	1,226	0,903	1,217	0,910	1,222	0,964	1,242	0,742	0,978	0,758	0,959	0,832	0,916	0,744	1,139	0,851	1,152	0,806	1,111
21:28:04	37,0	1,079	1,157	1,189	1,193	1,124	1,218	1,138	1,180	1,215	0,885	1,159	1,097	1,236	1,225	1,227	1,175	1,194	1,258	1,291	1,139	1,252	1,216	1,234	1,198	1,078	1,137	1,046	1,210	1,049	1,159	1,333	1,135	1,124	1,321	1,055	1,167	1,250	1,292	1,276	1,306	1,294	1,324	1,316	1,285	1,316	1,332	1,298	1,291	1,173	1,180	1,200	1,160	1,164	1,179	1,024	1,133	1,246	1,171	1,281	1,186	1,193	1,316	1,188	1,372	1,176	1,320	1,248	1,309	1,098	1,347	1,235	1,219	1,123	1,134	1,093	1,149	0,849	1,226	0,905	1,217	0,911	1,222	0,964	1,242	0,743	0,978	0,755	0,957	0,830	0,915	0,743	1,138	0,849	1,152	0,806	1,111
21:38:04	37,0	1,079	1,156	1,189	1,192	1,124	1,220	1,137	1,180	1,213	0,885	1,157	1,095	1,236	1,226	1,226	1,175	1,195	1,257	1,292	1,139	1,252	1,215	1,232	1,195	1,076	1,135	1,044	1,209	1,046	1,156	1,336	1,133	1,123	1,323	1,054	1,164	1,248	1,291	1,275	1,306	1,295	1,323	1,316	1,284	1,319	1,333	1,295	1,293	1,171	1,181	1,200	1,158	1,162	1,179	1,022	1,131	1,244	1,169	1,279	1,183	1,193	1,316	1,188	1,372	1,177	1,319	1,248	1,309	1,099	1,348	1,234	1,218	1,123	1,134	1,090	1,147	0,848	1,226	0,903	1,217	0,908	1,221	0,964	1,241	0,742	0,977	0,754	0,955	0,827	0,915	0,742	1,138	0,845	1,150	0,801	1,111
21:48:04	37,0	1,078	1,154	1,186	1,189	1,122	1,218	1,134	1,177	1,212	0,884	1,153	1,092	1,235	1,224	1,224	1,173	1,190	1,256	1,290	1,138	1,250	1,214	1,232	1,194	1,075	1,133	1,042	1,204	1,044	1,154	1,335	1,132	1,119	1,322	1,050	1,161	1,247	1,290	1,276	1,305	1,294	1,324	1,314	1,282	1,319	1,337	1,291	1,293	1,171	1,182	1,202	1,157	1,163	1,179	1,022	1,129	1,243	1,168	1,278	1,184	1,193	1,318	1,190	1,375	1,177	1,321	1,249	1,309	1,098	1,350	1,234	1,220	1,123	1,133	1,088	1,147	0,847	1,227	0,903	1,216	0,909	1,221	0,964	1,240	0,743	0,977	0,752	0,955	0,825	0,914	0,742	1,139	0,846	1,151	0,799	1,114
21:58:04	37,0	1,078	1,155	1,185	1,188	1,122	1,216	1,135	1,179	1,212	0,884	1,158	1,094	1,235	1,225	1,224	1,173	1,192	1,257	1,289	1,137	1,252	1,215	1,232	1,195	1,071	1,132	1,042	1,206	1,042	1,153	1,330	1,128	1,117	1,320	1,047	1,159	1,247	1,288	1,274	1,304	1,292	1,324	1,313	1,281	1,320	1,332	1,292	1,292	1,173	1,182	1,199	1,156	1,161	1,178	1,022	1,130	1,241	1,169	1,276	1,185	1,194	1,318	1,190	1,374	1,176	1,322	1,251	1,310	1,098	1,351	1,234	1,222	1,123	1,133	1,090	1,148	0,848	1,227	0,903	1,216	0,910	1,222	0,965	1,240	0,744	0,978	0,754	0,954	0,826	0,914	0,741	1,140	0,847	1,153	0,800	1,115
22:08:04	37,0	1,078	1,153	1,185	1,186	1,120	1,215	1,132	1,178	1,211	0,883	1,155	1,092	1,236	1,225	1,225	1,173	1,193	1,257	1,289	1,136	1,252	1,215	1,232	1,196	1,071	1,130	1,040	1,205	1,041	1,150	1,331	1,130	1,116	1,324	1,049	1,157	1,247	1,288	1,275	1,305	1,293	1,325	1,317	1,282	1,318	1,329	1,297	1,291	1,174	1,182	1,197	1,155	1,160	1,177	1,022	1,129	1,241	1,169	1,275	1,183	1,194	1,320	1,191	1,377	1,177	1,323	1,252	1,311	1,099	1,353	1,237	1,222	1,127	1,134	1,089	1,148	0,847	1,228	0,905	1,216	0,911	1,222	0,964	1,241	0,745	0,979	0,756	0,954	0,826	0,915	0,742	1,140	0,848	1,153	0,801	1,117

