Time	T∞ Optical Density:600	A1	A2	A3	A4	A5	A6	A7	A8	A9	A10	A11	A12	B1	B2	B3	B4	B5	B6	B7	B8	B9	B10	B11	B12	C1	C2	C3	C4	C5	C6	C7	C8	C9	C10	C11	C12	D1	D2	D3	D4	D5	D6	D7	D8	D9	D10	D11	D12	E1	E2	E3	E4	E5	E6	E7	E8	E9	E10	E11	E12	F1	F2	F3	F4	F5	F6	F7	F8	F9	F10	F11	F12	G1	G2	G3	G4	G5	G6	G7	G8	G9	G10	G11	G12	H1	H2	H3	H4	H5	H6	H7	H8	H9	H10	H11	H12
0:08:04	37,0	0,196	0,130	0,191	0,247	0,170	0,113	0,163	0,161	0,166	0,157	0,149	0,119	0,126	0,107	0,129	0,116	0,115	0,105	0,119	0,147	0,107	0,168	0,108	0,161	0,108	0,151	0,140	0,157	0,141	0,154	0,122	0,101	0,149	0,116	0,132	0,105	0,111	0,113	0,107	0,116	0,113	0,105	0,132	0,122	0,107	0,119	0,116	0,114	0,134	0,129	0,122	0,140	0,120	0,133	0,130	0,143	0,125	0,129	0,143	0,122	0,109	0,140	0,103	0,137	0,100	0,147	0,118	0,131	0,118	0,124	0,123	0,104	0,120	0,110	0,126	0,105	0,120	0,126	0,128	0,159	0,118	0,141	0,101	0,162	0,115	0,119	0,121	0,547	0,119	0,111	0,138	0,134	0,111	0,155	0,116	0,128
0:18:04	37,0	0,205	0,129	0,195	0,252	0,179	0,114	0,169	0,159	0,162	0,159	0,151	0,118	0,133	0,106	0,138	0,114	0,119	0,105	0,128	0,154	0,108	0,159	0,108	0,162	0,114	0,151	0,146	0,154	0,147	0,152	0,121	0,102	0,154	0,118	0,133	0,105	0,114	0,117	0,109	0,116	0,117	0,111	0,127	0,122	0,112	0,120	0,119	0,113	0,140	0,131	0,124	0,144	0,124	0,135	0,129	0,152	0,124	0,133	0,145	0,125	0,110	0,144	0,103	0,141	0,100	0,148	0,121	0,134	0,121	0,129	0,123	0,106	0,121	0,111	0,129	0,107	0,123	0,124	0,130	0,166	0,120	0,148	0,100	0,163	0,116	0,121	0,122	0,551	0,119	0,113	0,141	0,134	0,111	0,162	0,115	0,129
0:28:04	37,0	0,213	0,131	0,198	0,266	0,184	0,116	0,172	0,161	0,164	0,163	0,154	0,120	0,138	0,108	0,144	0,116	0,122	0,107	0,134	0,160	0,110	0,174	0,111	0,167	0,116	0,152	0,153	0,167	0,150	0,153	0,125	0,103	0,162	0,122	0,133	0,106	0,117	0,117	0,111	0,118	0,118	0,115	0,133	0,122	0,115	0,120	0,121	0,114	0,144	0,135	0,128	0,146	0,126	0,140	0,131	0,159	0,129	0,137	0,148	0,128	0,111	0,145	0,104	0,148	0,101	0,150	0,125	0,142	0,124	0,133	0,125	0,108	0,120	0,113	0,131	0,108	0,124	0,126	0,133	0,171	0,121	0,150	0,101	0,167	0,115	0,122	0,122	0,555	0,120	0,115	0,142	0,136	0,112	0,167	0,117	0,133
0:38:04	37,0	0,228	0,134	0,211	0,295	0,195	0,119	0,179	0,169	0,172	0,167	0,159	0,124	0,145	0,110	0,152	0,120	0,126	0,109	0,141	0,166	0,112	0,206	0,114	0,176	0,118	0,158	0,159	0,178	0,155	0,156	0,128	0,104	0,173	0,125	0,136	0,107	0,120	0,120	0,113	0,121	0,120	0,119	0,144	0,125	0,117	0,121	0,122	0,116	0,149	0,139	0,133	0,152	0,129	0,146	0,135	0,167	0,134	0,142	0,155	0,134	0,114	0,150	0,106	0,159	0,102	0,157	0,131	0,149	0,128	0,143	0,129	0,112	0,122	0,114	0,134	0,110	0,128	0,130	0,137	0,173	0,125	0,151	0,103	0,170	0,117	0,125	0,124	0,573	0,122	0,119	0,145	0,140	0,114	0,175	0,121	0,137
0:48:04	37,0	0,248	0,139	0,231	0,316	0,211	0,123	0,194	0,174	0,183	0,174	0,167	0,129	0,156	0,114	0,162	0,126	0,133	0,113	0,151	0,174	0,117	0,239	0,119	0,190	0,122	0,166	0,165	0,183	0,161	0,163	0,132	0,106	0,183	0,131	0,139	0,108	0,124	0,123	0,115	0,126	0,124	0,124	0,154	0,128	0,121	0,126	0,128	0,119	0,157	0,144	0,138	0,158	0,136	0,153	0,139	0,174	0,140	0,148	0,166	0,139	0,117	0,155	0,108	0,170	0,102	0,161	0,141	0,160	0,133	0,154	0,134	0,118	0,126	0,116	0,138	0,113	0,133	0,135	0,142	0,178	0,130	0,159	0,105	0,179	0,120	0,130	0,126	0,586	0,125	0,123	0,150	0,144	0,116	0,185	0,123	0,146
0:58:04	37,0	0,270	0,146	0,251	0,358	0,230	0,132	0,210	0,200	0,198	0,184	0,177	0,137	0,172	0,119	0,175	0,135	0,143	0,118	0,164	0,183	0,122	0,266	0,126	0,207	0,126	0,179	0,175	0,205	0,171	0,172	0,138	0,108	0,194	0,137	0,144	0,112	0,130	0,130	0,118	0,131	0,130	0,128	0,160	0,132	0,126	0,131	0,135	0,125	0,166	0,150	0,144	0,167	0,146	0,164	0,145	0,183	0,147	0,156	0,177	0,147	0,122	0,160	0,112	0,188	0,104	0,168	0,151	0,173	0,142	0,170	0,142	0,126	0,131	0,117	0,144	0,116	0,142	0,140	0,150	0,188	0,137	0,166	0,108	0,188	0,123	0,135	0,129	0,606	0,130	0,130	0,155	0,152	0,119	0,197	0,128	0,158
1:08:04	37,0	0,298	0,156	0,283	0,399	0,255	0,142	0,227	0,207	0,216	0,195	0,194	0,147	0,191	0,127	0,191	0,147	0,156	0,126	0,181	0,196	0,132	0,292	0,137	0,226	0,132	0,196	0,190	0,219	0,185	0,185	0,147	0,112	0,205	0,147	0,152	0,116	0,138	0,138	0,123	0,140	0,138	0,134	0,171	0,138	0,133	0,139	0,143	0,136	0,178	0,160	0,153	0,180	0,149	0,178	0,155	0,199	0,157	0,167	0,191	0,158	0,129	0,168	0,118	0,208	0,107	0,178	0,166	0,192	0,152	0,186	0,153	0,135	0,138	0,122	0,153	0,122	0,153	0,148	0,161	0,203	0,147	0,173	0,113	0,202	0,130	0,143	0,134	0,636	0,137	0,140	0,163	0,164	0,126	0,210	0,135	0,176
1:18:04	37,0	0,322	0,168	0,300	0,440	0,285	0,156	0,252	0,245	0,233	0,205	0,215	0,161	0,211	0,138	0,210	0,163	0,173	0,136	0,201	0,212	0,144	0,320	0,149	0,249	0,141	0,213	0,206	0,240	0,199	0,200	0,157	0,118	0,220	0,159	0,162	0,122	0,148	0,148	0,130	0,150	0,148	0,143	0,185	0,146	0,143	0,149	0,154	0,144	0,196	0,172	0,163	0,202	0,159	0,193	0,166	0,220	0,170	0,183	0,212	0,175	0,139	0,177	0,126	0,232	0,111	0,191	0,185	0,212	0,167	0,204	0,167	0,148	0,147	0,126	0,166	0,130	0,168	0,158	0,176	0,222	0,160	0,187	0,120	0,222	0,136	0,154	0,140	0,652	0,148	0,156	0,175	0,179	0,134	0,228	0,144	0,200
1:28:04	37,0	0,354	0,186	0,334	0,476	0,326	0,173	0,279	0,254	0,262	0,223	0,237	0,181	0,237	0,153	0,234	0,183	0,194	0,151	0,226	0,234	0,162	0,352	0,169	0,276	0,154	0,238	0,228	0,265	0,219	0,222	0,171	0,127	0,241	0,177	0,176	0,132	0,164	0,163	0,139	0,166	0,160	0,155	0,205	0,157	0,154	0,162	0,171	0,158	0,216	0,185	0,180	0,226	0,169	0,214	0,182	0,252	0,187	0,202	0,234	0,198	0,155	0,190	0,137	0,258	0,117	0,210	0,205	0,238	0,185	0,225	0,185	0,167	0,161	0,133	0,182	0,141	0,188	0,172	0,195	0,244	0,175	0,207	0,129	0,246	0,147	0,172	0,150	0,669	0,163	0,180	0,191	0,196	0,147	0,249	0,159	0,228
1:38:04	37,0	0,380	0,206	0,370	0,508	0,375	0,196	0,309	0,277	0,285	0,243	0,262	0,204	0,265	0,172	0,257	0,207	0,218	0,171	0,255	0,259	0,179	0,390	0,184	0,308	0,168	0,264	0,248	0,293	0,242	0,244	0,187	0,139	0,261	0,195	0,193	0,143	0,180	0,181	0,152	0,184	0,177	0,165	0,224	0,169	0,170	0,181	0,189	0,174	0,242	0,201	0,199	0,249	0,189	0,235	0,203	0,290	0,212	0,223	0,266	0,220	0,174	0,207	0,152	0,293	0,125	0,232	0,232	0,265	0,207	0,248	0,207	0,184	0,180	0,145	0,204	0,154	0,209	0,192	0,215	0,268	0,196	0,234	0,143	0,276	0,163	0,238	0,163	0,695	0,184	0,209	0,213	0,217	0,166	0,277	0,176	0,297
1:48:04	37,0	0,412	0,227	0,397	0,539	0,411	0,216	0,342	0,303	0,314	0,267	0,290	0,226	0,293	0,193	0,278	0,234	0,243	0,192	0,287	0,290	0,201	0,431	0,207	0,335	0,186	0,292	0,269	0,326	0,266	0,267	0,202	0,153	0,285	0,214	0,208	0,157	0,194	0,202	0,168	0,202	0,193	0,183	0,241	0,184	0,185	0,197	0,203	0,189	0,270	0,220	0,217	0,274	0,203	0,260	0,226	0,341	0,238	0,249	0,300	0,248	0,199	0,227	0,170	0,326	0,137	0,254	0,257	0,292	0,229	0,277	0,233	0,209	0,203	0,160	0,230	0,172	0,230	0,210	0,238	0,301	0,214	0,267	0,158	0,311	0,182	0,284	0,183	0,720	0,211	0,243	0,236	0,267	0,190	0,311	0,202	0,309
1:58:04	37,0	0,434	0,253	0,429	0,567	0,445	0,239	0,379	0,328	0,343	0,292	0,320	0,254	0,325	0,217	0,308	0,263	0,271	0,217	0,315	0,322	0,230	0,464	0,238	0,366	0,198	0,320	0,291	0,359	0,292	0,290	0,220	0,169	0,329	0,233	0,229	0,170	0,215	0,224	0,183	0,217	0,207	0,197	0,260	0,200	0,201	0,216	0,220	0,211	0,299	0,243	0,239	0,300	0,225	0,292	0,253	0,382	0,272	0,280	0,335	0,279	0,227	0,254	0,193	0,366	0,154	0,281	0,284	0,322	0,256	0,309	0,260	0,229	0,231	0,181	0,262	0,196	0,255	0,238	0,264	0,333	0,234	0,301	0,176	0,348	0,206	0,320	0,205	0,755	0,241	0,283	0,265	0,271	0,219	0,346	0,227	0,353
2:08:04	37,0	0,462	0,283	0,463	0,603	0,475	0,267	0,418	0,356	0,385	0,323	0,352	0,283	0,360	0,247	0,340	0,296	0,299	0,246	0,349	0,355	0,261	0,514	0,267	0,399	0,215	0,353	0,316	0,393	0,316	0,312	0,243	0,185	0,366	0,260	0,248	0,184	0,228	0,250	0,201	0,246	0,230	0,214	0,289	0,216	0,224	0,248	0,238	0,232	0,329	0,270	0,268	0,334	0,252	0,320	0,278	0,415	0,309	0,311	0,369	0,307	0,254	0,281	0,221	0,406	0,175	0,310	0,318	0,355	0,287	0,348	0,287	0,258	0,259	0,209	0,293	0,220	0,282	0,273	0,290	0,364	0,260	0,337	0,194	0,389	0,231	0,356	0,231	0,768	0,274	0,319	0,291	0,300	0,250	0,388	0,252	0,398
2:18:04	37,0	0,482	0,318	0,491	0,635	0,499	0,297	0,466	0,383	0,409	0,351	0,386	0,318	0,398	0,274	0,368	0,329	0,332	0,277	0,386	0,384	0,291	0,549	0,302	0,434	0,227	0,387	0,340	0,425	0,340	0,335	0,263	0,204	0,398	0,282	0,269	0,201	0,258	0,277	0,223	0,267	0,258	0,230	0,317	0,234	0,242	0,279	0,263	0,257	0,364	0,297	0,307	0,372	0,276	0,364	0,313	0,462	0,346	0,338	0,423	0,342	0,288	0,315	0,251	0,441	0,200	0,343	0,356	0,387	0,316	0,388	0,313	0,282	0,292	0,238	0,330	0,249	0,306	0,300	0,320	0,400	0,275	0,382	0,212	0,422	0,256	0,401	0,259	0,782	0,309	0,358	0,329	0,335	0,286	0,428	0,287	0,449
2:28:04	37,0	0,505	0,352	0,547	0,672	0,517	0,327	0,503	0,412	0,449	0,377	0,421	0,344	0,431	0,305	0,400	0,362	0,366	0,311	0,417	0,414	0,337	0,582	0,336	0,471	0,245	0,420	0,364	0,475	0,361	0,360	0,293	0,227	0,428	0,315	0,289	0,221	0,273	0,322	0,247	0,300	0,289	0,249	0,344	0,258	0,270	0,322	0,293	0,288	0,399	0,330	0,343	0,403	0,309	0,412	0,393	0,509	0,383	0,393	0,479	0,379	0,322	0,352	0,278	0,485	0,226	0,376	0,397	0,420	0,353	0,428	0,356	0,314	0,329	0,278	0,368	0,279	0,328	0,338	0,344	0,433	0,297	0,424	0,236	0,456	0,283	0,450	0,286	0,803	0,339	0,407	0,363	0,371	0,318	0,464	0,318	0,502
2:38:04	37,0	0,530	0,384	0,610	0,703	0,539	0,358	0,547	0,441	0,481	0,402	0,456	0,378	0,463	0,341	0,427	0,398	0,402	0,352	0,447	0,449	0,390	0,614	0,379	0,511	0,267	0,456	0,380	0,494	0,379	0,380	0,318	0,255	0,458	0,343	0,312	0,241	0,317	0,352	0,267	0,328	0,338	0,275	0,399	0,302	0,301	0,365	0,326	0,319	0,440	0,363	0,390	0,438	0,331	0,462	0,397	0,568	0,429	0,444	0,550	0,420	0,360	0,389	0,309	0,501	0,259	0,416	0,449	0,440	0,393	0,467	0,396	0,341	0,371	0,311	0,415	0,311	0,352	0,376	0,370	0,451	0,314	0,460	0,259	0,479	0,310	0,510	0,317	0,813	0,379	0,465	0,414	0,417	0,353	0,489	0,355	0,540
2:48:04	37,0	0,552	0,424	0,621	0,736	0,596	0,392	0,588	0,472	0,537	0,428	0,489	0,403	0,494	0,383	0,455	0,424	0,440	0,394	0,470	0,476	0,434	0,654	0,425	0,556	0,295	0,482	0,401	0,541	0,401	0,413	0,362	0,285	0,498	0,384	0,339	0,267	0,348	0,401	0,308	0,370	0,384	0,322	0,428	0,345	0,337	0,409	0,378	0,351	0,467	0,407	0,439	0,473	0,375	0,501	0,435	0,614	0,479	0,482	0,593	0,454	0,410	0,429	0,348	0,511	0,294	0,455	0,476	0,460	0,431	0,512	0,435	0,368	0,425	0,361	0,459	0,346	0,377	0,409	0,395	0,470	0,332	0,478	0,279	0,501	0,340	0,565	0,349	0,822	0,423	0,519	0,463	0,436	0,396	0,512	0,397	0,577
2:58:04	37,0	0,564	0,458	0,652	0,767	0,629	0,431	0,598	0,509	0,585	0,451	0,522	0,431	0,524	0,413	0,478	0,473	0,470	0,436	0,500	0,506	0,476	0,676	0,467	0,590	0,328	0,510	0,422	0,557	0,417	0,466	0,398	0,318	0,541	0,425	0,369	0,298	0,393	0,453	0,355	0,378	0,411	0,357	0,466	0,378	0,378	0,450	0,420	0,387	0,490	0,450	0,483	0,500	0,402	0,540	0,468	0,628	0,536	0,503	0,629	0,487	0,458	0,485	0,390	0,525	0,328	0,472	0,502	0,475	0,484	0,549	0,463	0,396	0,476	0,409	0,489	0,381	0,398	0,429	0,419	0,487	0,351	0,498	0,301	0,519	0,373	0,607	0,390	0,833	0,470	0,553	0,493	0,460	0,441	0,534	0,440	0,611
3:08:04	37,0	0,582	0,494	0,672	0,799	0,658	0,484	0,635	0,553	0,618	0,471	0,557	0,471	0,541	0,455	0,497	0,527	0,509	0,473	0,526	0,533	0,513	0,695	0,513	0,622	0,353	0,535	0,466	0,573	0,446	0,510	0,444	0,376	0,557	0,459	0,414	0,340	0,423	0,487	0,393	0,419	0,438	0,398	0,504	0,409	0,417	0,499	0,453	0,422	0,512	0,489	0,532	0,533	0,434	0,568	0,498	0,653	0,585	0,531	0,657	0,562	0,488	0,540	0,438	0,534	0,369	0,488	0,533	0,487	0,535	0,575	0,484	0,412	0,524	0,458	0,513	0,403	0,420	0,446	0,441	0,508	0,372	0,519	0,327	0,539	0,411	0,632	0,434	0,846	0,500	0,577	0,523	0,482	0,484	0,587	0,486	0,647
3:18:04	37,0	0,598	0,536	0,685	0,826	0,673	0,524	0,654	0,590	0,652	0,486	0,582	0,485	0,562	0,485	0,524	0,562	0,533	0,506	0,545	0,557	0,545	0,715	0,548	0,641	0,386	0,555	0,506	0,593	0,496	0,557	0,485	0,429	0,573	0,491	0,457	0,375	0,455	0,514	0,417	0,454	0,484	0,425	0,535	0,450	0,464	0,537	0,503	0,448	0,535	0,509	0,581	0,561	0,450	0,577	0,519	0,674	0,614	0,554	0,680	0,615	0,511	0,570	0,495	0,545	0,411	0,501	0,554	0,500	0,552	0,599	0,493	0,424	0,554	0,492	0,533	0,421	0,442	0,461	0,466	0,522	0,397	0,538	0,350	0,557	0,450	0,653	0,473	0,863	0,520	0,602	0,560	0,502	0,519	0,611	0,513	0,662
3:28:04	37,0	0,612	0,592	0,700	0,856	0,690	0,572	0,679	0,620	0,681	0,501	0,615	0,527	0,585	0,513	0,556	0,588	0,555	0,531	0,558	0,581	0,568	0,725	0,572	0,675	0,415	0,569	0,532	0,613	0,543	0,571	0,504	0,464	0,597	0,524	0,505	0,419	0,488	0,532	0,446	0,472	0,501	0,442	0,546	0,483	0,495	0,569	0,532	0,481	0,555	0,527	0,633	0,592	0,479	0,594	0,537	0,697	0,643	0,583	0,696	0,661	0,538	0,566	0,534	0,555	0,464	0,518	0,570	0,513	0,546	0,621	0,515	0,443	0,587	0,516	0,556	0,437	0,460	0,475	0,490	0,538	0,420	0,560	0,382	0,578	0,494	0,673	0,498	0,879	0,537	0,620	0,587	0,530	0,546	0,664	0,534	0,685
3:38:04	37,0	0,624	0,630	0,716	0,886	0,709	0,593	0,698	0,625	0,704	0,518	0,640	0,540	0,608	0,532	0,583	0,619	0,587	0,548	0,574	0,598	0,595	0,736	0,590	0,700	0,445	0,588	0,569	0,630	0,570	0,603	0,534	0,500	0,627	0,555	0,534	0,467	0,508	0,557	0,463	0,496	0,524	0,481	0,585	0,495	0,521	0,624	0,562	0,517	0,578	0,546	0,683	0,625	0,503	0,597	0,567	0,706	0,671	0,604	0,713	0,699	0,561	0,578	0,555	0,564	0,511	0,536	0,578	0,524	0,557	0,618	0,527	0,459	0,606	0,552	0,571	0,452	0,477	0,490	0,508	0,551	0,441	0,583	0,419	0,600	0,519	0,696	0,518	0,883	0,550	0,639	0,604	0,555	0,568	0,688	0,559	0,701
3:48:04	37,0	0,638	0,656	0,730	0,916	0,722	0,609	0,712	0,643	0,724	0,533	0,666	0,584	0,624	0,546	0,609	0,627	0,614	0,564	0,599	0,622	0,608	0,745	0,614	0,716	0,477	0,610	0,587	0,651	0,603	0,631	0,566	0,525	0,642	0,583	0,546	0,493	0,537	0,574	0,492	0,534	0,530	0,485	0,604	0,528	0,553	0,633	0,595	0,553	0,615	0,564	0,710	0,650	0,527	0,614	0,596	0,725	0,695	0,638	0,727	0,723	0,578	0,587	0,559	0,577	0,549	0,555	0,584	0,534	0,568	0,628	0,542	0,480	0,624	0,573	0,598	0,467	0,488	0,508	0,523	0,570	0,458	0,617	0,453	0,624	0,538	0,726	0,535	0,897	0,565	0,657	0,617	0,584	0,583	0,719	0,583	0,718
3:58:04	37,0	0,654	0,677	0,745	0,945	0,738	0,631	0,735	0,675	0,742	0,539	0,693	0,617	0,643	0,567	0,631	0,648	0,639	0,576	0,626	0,641	0,632	0,752	0,632	0,735	0,498	0,635	0,617	0,681	0,625	0,645	0,585	0,536	0,671	0,609	0,561	0,534	0,578	0,617	0,503	0,557	0,570	0,528	0,631	0,530	0,586	0,689	0,616	0,579	0,675	0,582	0,741	0,667	0,545	0,630	0,630	0,731	0,712	0,656	0,749	0,746	0,607	0,599	0,574	0,584	0,584	0,575	0,607	0,553	0,576	0,647	0,561	0,507	0,643	0,591	0,616	0,484	0,501	0,525	0,538	0,585	0,469	0,637	0,468	0,646	0,551	0,751	0,554	0,904	0,575	0,676	0,635	0,614	0,600	0,750	0,592	0,739
4:08:04	37,0	0,666	0,696	0,754	0,972	0,750	0,646	0,760	0,733	0,757	0,550	0,719	0,635	0,663	0,581	0,649	0,658	0,659	0,587	0,638	0,655	0,647	0,764	0,647	0,750	0,518	0,659	0,636	0,692	0,655	0,663	0,601	0,555	0,689	0,631	0,580	0,565	0,596	0,622	0,527	0,592	0,595	0,558	0,662	0,573	0,609	0,707	0,643	0,627	0,721	0,605	0,756	0,682	0,560	0,650	0,654	0,729	0,730	0,675	0,766	0,766	0,635	0,613	0,599	0,597	0,622	0,587	0,621	0,565	0,589	0,652	0,576	0,533	0,668	0,608	0,639	0,504	0,512	0,537	0,548	0,601	0,485	0,655	0,481	0,670	0,564	0,780	0,569	0,916	0,587	0,704	0,660	0,641	0,616	0,781	0,613	0,759
4:18:04	37,0	0,682	0,716	0,769	0,996	0,764	0,666	0,765	0,706	0,776	0,563	0,739	0,651	0,681	0,599	0,670	0,670	0,677	0,605	0,656	0,677	0,666	0,778	0,666	0,767	0,537	0,682	0,655	0,712	0,673	0,674	0,630	0,569	0,715	0,657	0,592	0,600	0,630	0,653	0,534	0,630	0,617	0,600	0,692	0,610	0,651	0,741	0,674	0,684	0,749	0,626	0,779	0,685	0,572	0,677	0,685	0,739	0,762	0,691	0,794	0,798	0,646	0,636	0,613	0,611	0,630	0,604	0,632	0,572	0,601	0,652	0,580	0,563	0,684	0,629	0,656	0,521	0,522	0,552	0,559	0,620	0,498	0,678	0,489	0,695	0,575	0,807	0,581	0,928	0,603	0,725	0,674	0,687	0,636	0,804	0,630	0,785
4:28:04	37,0	0,693	0,732	0,784	1,009	0,775	0,682	0,775	0,719	0,790	0,565	0,755	0,677	0,700	0,614	0,689	0,686	0,693	0,621	0,674	0,694	0,682	0,785	0,682	0,784	0,558	0,703	0,680	0,736	0,693	0,697	0,648	0,596	0,739	0,688	0,607	0,635	0,667	0,682	0,564	0,669	0,661	0,648	0,722	0,648	0,686	0,770	0,703	0,716	0,780	0,653	0,789	0,695	0,590	0,692	0,719	0,761	0,792	0,721	0,820	0,816	0,676	0,669	0,618	0,624	0,625	0,621	0,643	0,595	0,620	0,680	0,597	0,597	0,693	0,653	0,671	0,537	0,531	0,570	0,577	0,635	0,512	0,705	0,511	0,722	0,587	0,822	0,595	0,944	0,613	0,751	0,688	0,725	0,659	0,826	0,649	0,815
4:38:04	37,0	0,710	0,756	0,797	1,017	0,793	0,704	0,813	0,788	0,809	0,568	0,780	0,702	0,719	0,634	0,711	0,699	0,710	0,642	0,690	0,716	0,709	0,801	0,700	0,800	0,585	0,723	0,690	0,769	0,714	0,722	0,695	0,619	0,765	0,722	0,625	0,681	0,701	0,717	0,591	0,700	0,699	0,693	0,751	0,689	0,747	0,811	0,733	0,762	0,811	0,680	0,805	0,705	0,607	0,708	0,750	0,774	0,811	0,738	0,846	0,831	0,698	0,697	0,608	0,655	0,615	0,656	0,661	0,621	0,628	0,692	0,621	0,626	0,710	0,670	0,680	0,552	0,539	0,588	0,586	0,657	0,526	0,724	0,527	0,751	0,596	0,847	0,615	0,955	0,627	0,769	0,697	0,755	0,678	0,848	0,664	0,844
4:48:04	37,0	0,723	0,771	0,825	1,028	0,805	0,720	0,806	0,759	0,823	0,576	0,799	0,721	0,740	0,647	0,731	0,717	0,731	0,649	0,709	0,734	0,719	0,812	0,719	0,813	0,610	0,744	0,711	0,790	0,740	0,739	0,716	0,650	0,789	0,752	0,644	0,719	0,734	0,755	0,621	0,739	0,737	0,735	0,786	0,721	0,768	0,839	0,784	0,793	0,842	0,710	0,832	0,722	0,632	0,723	0,769	0,789	0,837	0,760	0,866	0,847	0,721	0,728	0,619	0,680	0,616	0,675	0,667	0,646	0,630	0,704	0,642	0,643	0,730	0,689	0,694	0,565	0,545	0,602	0,592	0,683	0,536	0,751	0,540	0,778	0,604	0,878	0,630	0,974	0,640	0,784	0,711	0,788	0,691	0,871	0,684	0,869
4:58:04	37,0	0,737	0,792	0,840	1,041	0,821	0,741	0,838	0,800	0,839	0,586	0,815	0,757	0,760	0,667	0,750	0,734	0,744	0,663	0,725	0,752	0,741	0,831	0,742	0,839	0,638	0,765	0,731	0,811	0,767	0,755	0,749	0,680	0,814	0,780	0,660	0,751	0,765	0,782	0,659	0,767	0,765	0,772	0,800	0,757	0,808	0,861	0,811	0,828	0,867	0,753	0,858	0,731	0,645	0,733	0,804	0,803	0,863	0,777	0,886	0,867	0,748	0,761	0,642	0,704	0,615	0,701	0,685	0,667	0,627	0,715	0,654	0,675	0,750	0,707	0,717	0,585	0,554	0,622	0,600	0,698	0,547	0,778	0,555	0,804	0,617	0,900	0,647	0,989	0,649	0,800	0,726	0,821	0,712	0,897	0,693	0,895
5:08:04	37,0	0,753	0,815	0,833	1,059	0,835	0,761	0,840	0,795	0,858	0,595	0,834	0,795	0,781	0,684	0,769	0,751	0,763	0,687	0,744	0,774	0,764	0,843	0,756	0,853	0,664	0,787	0,761	0,849	0,783	0,797	0,776	0,717	0,836	0,807	0,679	0,792	0,801	0,811	0,687	0,799	0,795	0,804	0,827	0,792	0,838	0,895	0,832	0,856	0,891	0,786	0,886	0,746	0,672	0,748	0,834	0,818	0,881	0,798	0,904	0,885	0,773	0,791	0,646	0,729	0,618	0,741	0,703	0,693	0,632	0,725	0,663	0,700	0,773	0,724	0,735	0,601	0,563	0,640	0,611	0,724	0,563	0,800	0,575	0,832	0,628	0,915	0,662	1,000	0,665	0,817	0,735	0,853	0,729	0,920	0,709	0,919
5:18:04	37,0	0,765	0,833	0,847	1,069	0,851	0,785	0,848	0,808	0,871	0,607	0,851	0,820	0,802	0,703	0,783	0,764	0,780	0,694	0,760	0,792	0,779	0,860	0,779	0,866	0,694	0,806	0,769	0,863	0,801	0,812	0,805	0,745	0,855	0,830	0,693	0,826	0,831	0,839	0,721	0,824	0,828	0,840	0,863	0,826	0,857	0,917	0,877	0,879	0,915	0,826	0,914	0,763	0,686	0,765	0,859	0,835	0,904	0,815	0,927	0,900	0,799	0,823	0,655	0,750	0,626	0,776	0,723	0,720	0,643	0,735	0,672	0,715	0,799	0,745	0,744	0,613	0,572	0,655	0,619	0,745	0,574	0,826	0,589	0,860	0,638	0,934	0,677	1,014	0,679	0,831	0,748	0,882	0,741	0,941	0,726	0,942
5:28:04	37,0	0,780	0,851	0,858	1,080	0,866	0,803	0,874	0,870	0,882	0,613	0,870	0,844	0,821	0,724	0,801	0,779	0,795	0,710	0,773	0,806	0,796	0,873	0,799	0,882	0,720	0,826	0,790	0,875	0,829	0,824	0,831	0,763	0,869	0,849	0,711	0,850	0,857	0,860	0,748	0,852	0,855	0,862	0,883	0,868	0,896	0,939	0,899	0,916	0,940	0,865	0,938	0,776	0,712	0,777	0,885	0,849	0,930	0,833	0,945	0,908	0,822	0,853	0,667	0,779	0,630	0,794	0,745	0,744	0,652	0,748	0,689	0,736	0,820	0,762	0,754	0,629	0,581	0,672	0,627	0,767	0,588	0,847	0,610	0,879	0,648	0,947	0,690	1,033	0,698	0,844	0,758	0,912	0,755	0,960	0,736	0,967
5:38:04	37,0	0,799	0,875	0,923	1,098	0,883	0,827	0,883	0,852	0,901	0,620	0,894	0,863	0,840	0,745	0,823	0,796	0,817	0,742	0,794	0,829	0,825	0,891	0,819	0,905	0,747	0,847	0,813	0,912	0,845	0,870	0,879	0,813	0,889	0,883	0,727	0,880	0,896	0,887	0,781	0,880	0,887	0,891	0,915	0,880	0,925	0,967	0,920	0,943	0,964	0,894	0,969	0,792	0,730	0,793	0,911	0,868	0,951	0,851	0,970	0,919	0,852	0,879	0,702	0,807	0,638	0,834	0,766	0,772	0,662	0,764	0,706	0,767	0,845	0,782	0,769	0,647	0,591	0,696	0,637	0,789	0,606	0,876	0,636	0,904	0,659	0,968	0,702	1,038	0,722	0,859	0,769	0,939	0,768	0,983	0,757	0,984
5:48:04	37,0	0,814	0,896	0,889	1,110	0,893	0,847	0,917	0,863	0,918	0,631	0,913	0,880	0,857	0,764	0,849	0,812	0,834	0,767	0,814	0,843	0,845	0,907	0,841	0,921	0,775	0,861	0,824	0,938	0,864	0,877	0,911	0,834	0,905	0,906	0,739	0,899	0,927	0,914	0,811	0,914	0,914	0,925	0,945	0,905	0,942	0,990	0,952	0,976	0,985	0,928	0,987	0,808	0,748	0,811	0,931	0,886	0,972	0,866	0,993	0,930	0,877	0,909	0,712	0,836	0,645	0,860	0,785	0,801	0,677	0,783	0,722	0,784	0,869	0,802	0,789	0,663	0,600	0,711	0,647	0,811	0,621	0,898	0,657	0,925	0,670	0,987	0,716	1,055	0,741	0,873	0,778	0,964	0,779	1,005	0,767	1,004
5:58:04	37,0	0,828	0,904	0,905	1,119	0,909	0,866	0,907	0,907	0,929	0,680	0,925	0,896	0,875	0,782	0,861	0,825	0,852	0,771	0,831	0,850	0,864	0,921	0,860	0,930	0,800	0,880	0,847	0,952	0,892	0,891	0,914	0,851	0,923	0,930	0,771	0,923	0,952	0,933	0,838	0,942	0,932	0,943	0,965	0,938	0,972	1,011	0,984	0,987	1,007	0,949	1,009	0,822	0,771	0,827	0,956	0,901	0,987	0,883	1,012	0,941	0,902	0,927	0,717	0,866	0,662	0,889	0,814	0,831	0,690	0,799	0,735	0,804	0,891	0,822	0,809	0,677	0,610	0,731	0,658	0,831	0,638	0,916	0,685	0,947	0,683	1,004	0,728	1,071	0,760	0,886	0,790	0,988	0,791	1,023	0,775	1,020
6:08:04	37,0	0,841	0,917	0,919	1,127	0,926	0,887	0,926	0,903	0,942	0,680	0,938	0,911	0,890	0,798	0,873	0,842	0,865	0,781	0,844	0,866	0,882	0,936	0,881	0,946	0,819	0,895	0,858	0,964	0,895	0,896	0,935	0,867	0,937	0,945	0,783	0,941	0,973	0,953	0,863	0,965	0,950	0,971	0,973	0,960	1,007	1,042	1,010	1,013	1,024	0,975	1,027	0,839	0,793	0,844	0,983	0,915	1,002	0,899	1,029	0,952	0,925	0,949	0,727	0,890	0,672	0,919	0,823	0,859	0,698	0,818	0,755	0,819	0,915	0,837	0,826	0,696	0,620	0,749	0,670	0,852	0,653	0,936	0,704	0,964	0,697	1,020	0,736	1,081	0,769	0,895	0,797	1,010	0,803	1,039	0,785	1,035
6:18:04	37,0	0,855	0,939	0,931	1,139	0,939	0,904	0,932	0,915	0,955	0,701	0,947	0,924	0,906	0,816	0,891	0,856	0,885	0,804	0,864	0,878	0,908	0,949	0,897	0,964	0,837	0,906	0,875	0,994	0,921	0,935	0,961	0,901	0,950	0,973	0,792	0,956	0,998	0,973	0,890	0,990	0,980	0,992	1,005	0,981	1,012	1,048	1,020	1,030	1,040	1,001	1,045	0,856	0,811	0,861	1,004	0,931	1,019	0,914	1,042	0,967	0,949	0,974	0,743	0,915	0,696	0,951	0,849	0,888	0,715	0,839	0,770	0,837	0,937	0,851	0,842	0,716	0,632	0,766	0,681	0,870	0,671	0,954	0,732	0,984	0,710	1,038	0,745	1,094	0,781	0,906	0,806	1,031	0,812	1,054	0,793	1,050
6:28:04	37,0	0,870	0,952	0,957	1,148	0,949	0,924	0,949	0,951	0,965	0,759	0,964	0,933	0,920	0,832	0,907	0,872	0,898	0,817	0,879	0,890	0,921	0,963	0,917	0,972	0,856	0,915	0,886	1,005	0,924	0,924	0,974	0,908	0,960	0,999	0,812	0,972	1,013	0,995	0,907	1,005	0,993	1,013	1,009	1,004	1,034	1,073	1,039	1,056	1,054	1,017	1,060	0,871	0,833	0,880	1,022	0,944	1,034	0,927	1,054	0,980	0,974	0,995	0,751	0,938	0,702	0,971	0,871	0,914	0,725	0,850	0,784	0,849	0,961	0,873	0,856	0,733	0,643	0,785	0,693	0,890	0,687	0,977	0,748	0,999	0,719	1,044	0,753	1,114	0,792	0,912	0,813	1,050	0,823	1,068	0,799	1,061
6:38:04	37,0	0,885	0,960	0,970	1,159	0,962	0,941	0,979	0,944	0,981	0,761	0,978	0,945	0,938	0,848	0,925	0,883	0,915	0,842	0,906	0,909	0,942	0,974	0,935	0,991	0,876	0,933	0,903	1,029	0,944	0,954	1,009	0,934	0,976	1,009	0,823	0,989	1,041	1,014	0,927	1,029	1,017	1,031	1,035	1,023	1,051	1,090	1,062	1,073	1,068	1,031	1,075	0,888	0,851	0,897	1,037	0,964	1,046	0,945	1,068	0,995	0,997	1,012	0,765	0,970	0,719	1,002	0,896	0,939	0,742	0,874	0,804	0,876	0,981	0,894	0,871	0,751	0,653	0,800	0,706	0,907	0,704	0,994	0,772	1,017	0,731	1,058	0,764	1,126	0,802	0,920	0,819	1,070	0,832	1,083	0,808	1,074
6:48:04	37,0	0,900	0,975	0,976	1,169	0,977	0,957	0,985	0,962	0,993	0,781	0,990	0,956	0,955	0,865	0,935	0,898	0,926	0,862	0,919	0,916	0,955	0,988	0,947	1,003	0,895	0,947	0,920	1,048	0,954	0,966	1,014	0,948	0,994	1,022	0,840	1,006	1,062	1,038	0,949	1,047	1,028	1,060	1,049	1,033	1,076	1,109	1,079	1,098	1,083	1,045	1,091	0,910	0,867	0,914	1,051	0,975	1,060	0,959	1,078	1,007	1,017	1,037	0,779	0,997	0,737	1,029	0,923	0,976	0,757	0,890	0,823	0,890	0,997	0,909	0,884	0,772	0,664	0,820	0,718	0,922	0,720	1,017	0,818	1,032	0,740	1,065	0,771	1,140	0,810	0,924	0,822	1,091	0,839	1,094	0,805	1,083
6:58:04	37,0	0,911	0,986	0,982	1,176	0,986	0,971	0,991	0,987	1,002	0,781	0,998	0,967	0,965	0,879	0,943	0,911	0,936	0,876	0,933	0,927	0,963	0,999	0,960	1,008	0,909	0,961	0,930	1,061	0,975	0,964	1,027	0,956	1,004	1,041	0,853	1,018	1,075	1,052	0,977	1,068	1,050	1,073	1,059	1,060	1,091	1,124	1,096	1,113	1,097	1,062	1,105	0,927	0,890	0,933	1,068	0,992	1,076	0,973	1,099	1,021	1,040	1,055	0,796	1,025	0,763	1,059	0,956	0,999	0,775	0,911	0,846	0,917	1,016	0,925	0,898	0,797	0,679	0,837	0,733	0,943	0,737	1,033	0,818	1,053	0,750	1,080	0,779	1,158	0,819	0,932	0,834	1,105	0,856	1,111	0,814	1,095
7:08:04	37,0	0,923	0,997	1,008	1,183	0,998	0,991	1,005	0,987	1,014	0,790	1,009	0,980	0,980	0,893	0,956	0,923	0,953	0,894	0,950	0,935	0,976	1,014	0,977	1,020	0,923	0,978	0,939	1,076	0,984	0,979	1,047	0,970	1,015	1,062	0,865	1,033	1,093	1,067	0,994	1,079	1,074	1,092	1,082	1,074	1,105	1,134	1,121	1,125	1,107	1,067	1,117	0,942	0,910	0,948	1,078	1,009	1,091	0,989	1,107	1,029	1,058	1,079	0,809	1,054	0,769	1,079	0,980	1,025	0,783	0,922	0,864	0,932	1,030	0,938	0,914	0,818	0,688	0,848	0,747	0,961	0,756	1,048	0,829	1,068	0,760	1,095	0,787	1,165	0,834	0,940	0,838	1,122	0,862	1,124	0,829	1,107
7:18:04	37,0	0,935	1,010	1,030	1,191	1,008	1,000	1,014	1,001	1,028	0,797	1,023	0,997	0,991	0,907	0,968	0,936	0,963	0,912	0,968	0,945	0,990	1,024	0,991	1,030	0,934	0,990	0,950	1,091	0,986	0,999	1,058	0,983	1,026	1,071	0,878	1,046	1,109	1,081	1,011	1,094	1,085	1,108	1,096	1,093	1,120	1,156	1,138	1,144	1,118	1,087	1,130	0,953	0,925	0,965	1,092	1,021	1,101	1,000	1,119	1,037	1,075	1,101	0,824	1,080	0,784	1,102	1,008	1,055	0,798	0,939	0,882	0,952	1,044	0,954	0,921	0,839	0,699	0,866	0,757	0,978	0,770	1,067	0,852	1,083	0,766	1,104	0,798	1,184	0,843	0,946	0,844	1,140	0,870	1,136	0,828	1,115
7:28:04	37,0	0,950	1,031	1,042	1,202	1,020	1,021	1,030	1,027	1,041	0,804	1,040	1,003	1,005	0,924	0,982	0,947	0,978	0,928	0,987	0,958	1,007	1,032	1,009	1,049	0,949	1,003	0,964	1,113	1,006	1,021	1,074	1,008	1,037	1,089	0,891	1,061	1,127	1,106	1,026	1,117	1,093	1,121	1,106	1,105	1,148	1,175	1,145	1,160	1,127	1,101	1,140	0,964	0,941	0,977	1,102	1,031	1,113	1,011	1,130	1,046	1,093	1,120	0,840	1,107	0,798	1,129	1,036	1,089	0,814	0,960	0,901	0,967	1,056	0,966	0,934	0,857	0,709	0,886	0,767	0,995	0,788	1,083	0,871	1,098	0,778	1,110	0,805	1,197	0,849	0,951	0,848	1,154	0,878	1,147	0,837	1,122
7:38:04	37,0	0,958	1,036	1,039	1,208	1,031	1,036	1,039	1,044	1,049	0,808	1,051	1,009	1,016	0,934	0,995	0,956	0,988	0,948	1,001	0,964	1,018	1,045	1,022	1,050	0,958	1,014	0,980	1,123	1,014	1,031	1,088	1,020	1,043	1,107	0,903	1,072	1,142	1,120	1,042	1,129	1,127	1,140	1,126	1,119	1,151	1,180	1,167	1,175	1,138	1,114	1,152	0,977	0,952	0,990	1,113	1,043	1,125	1,022	1,141	1,057	1,109	1,141	0,850	1,137	0,810	1,151	1,058	1,117	0,824	0,974	0,914	0,985	1,066	0,979	0,946	0,872	0,721	0,896	0,783	1,012	0,802	1,100	0,889	1,113	0,787	1,120	0,813	1,205	0,854	0,956	0,851	1,168	0,882	1,159	0,837	1,129
7:48:04	37,0	0,968	1,049	1,041	1,213	1,040	1,043	1,054	1,038	1,061	0,813	1,063	1,029	1,028	0,947	1,003	0,969	1,000	0,960	1,014	0,973	1,031	1,057	1,038	1,059	0,968	1,026	0,984	1,131	1,038	1,031	1,105	1,025	1,052	1,119	0,914	1,083	1,156	1,130	1,058	1,141	1,139	1,157	1,138	1,140	1,165	1,193	1,177	1,186	1,146	1,125	1,160	0,985	0,967	0,999	1,122	1,051	1,133	1,030	1,149	1,065	1,123	1,163	0,863	1,159	0,823	1,173	1,077	1,152	0,838	0,994	0,932	1,002	1,078	0,991	0,952	0,888	0,729	0,910	0,797	1,027	0,818	1,113	0,902	1,125	0,795	1,125	0,817	1,224	0,855	0,960	0,854	1,179	0,885	1,167	0,837	1,134
7:58:04	37,0	0,980	1,071	1,050	1,221	1,051	1,063	1,064	1,057	1,072	0,817	1,074	1,028	1,041	0,961	1,019	0,978	1,013	0,979	1,030	0,981	1,046	1,065	1,053	1,071	0,978	1,039	0,995	1,150	1,039	1,053	1,118	1,042	1,060	1,134	0,923	1,097	1,169	1,143	1,076	1,155	1,162	1,166	1,158	1,151	1,181	1,211	1,190	1,196	1,154	1,135	1,171	0,995	0,976	1,011	1,130	1,063	1,144	1,040	1,161	1,072	1,137	1,183	0,877	1,181	0,839	1,198	1,096	1,177	0,856	1,009	0,951	1,015	1,088	1,003	0,964	0,907	0,743	0,923	0,808	1,043	0,834	1,128	0,916	1,140	0,804	1,130	0,823	1,224	0,857	0,964	0,860	1,190	0,891	1,176	0,836	1,139
8:08:04	37,0	0,987	1,078	1,059	1,223	1,058	1,067	1,070	1,077	1,078	0,824	1,081	1,028	1,050	0,970	1,025	0,989	1,026	0,990	1,041	0,992	1,055	1,075	1,065	1,077	0,984	1,046	1,002	1,155	1,044	1,049	1,130	1,046	1,067	1,142	0,929	1,106	1,175	1,154	1,092	1,170	1,168	1,179	1,164	1,167	1,195	1,220	1,195	1,212	1,164	1,150	1,184	1,009	0,989	1,022	1,135	1,074	1,157	1,050	1,172	1,085	1,151	1,198	0,889	1,197	0,854	1,215	1,117	1,200	0,871	1,025	0,971	1,031	1,099	1,017	0,975	0,922	0,754	0,936	0,821	1,058	0,850	1,141	0,930	1,152	0,811	1,137	0,825	1,234	0,859	0,966	0,858	1,198	0,898	1,185	0,840	1,144
8:18:04	37,0	0,999	1,089	1,069	1,228	1,068	1,083	1,081	1,076	1,089	0,829	1,092	1,044	1,060	0,983	1,037	0,999	1,039	1,007	1,054	0,997	1,066	1,084	1,075	1,087	0,995	1,061	1,011	1,164	1,050	1,061	1,144	1,061	1,080	1,152	0,941	1,116	1,186	1,168	1,103	1,181	1,175	1,191	1,174	1,170	1,206	1,231	1,206	1,222	1,174	1,161	1,194	1,017	1,007	1,032	1,142	1,086	1,167	1,056	1,183	1,096	1,163	1,214	0,901	1,214	0,869	1,232	1,126	1,229	0,883	1,041	0,993	1,044	1,111	1,027	0,983	0,937	0,765	0,953	0,834	1,073	0,871	1,154	0,941	1,164	0,817	1,142	0,828	1,241	0,865	0,969	0,862	1,206	0,905	1,194	0,845	1,146
8:28:04	37,0	1,007	1,100	1,077	1,230	1,078	1,084	1,085	1,091	1,095	0,835	1,098	1,053	1,071	0,993	1,044	1,010	1,044	1,016	1,067	1,005	1,076	1,091	1,089	1,094	1,002	1,069	1,017	1,175	1,071	1,066	1,152	1,066	1,086	1,160	0,950	1,125	1,195	1,176	1,116	1,185	1,189	1,206	1,176	1,187	1,214	1,246	1,212	1,231	1,181	1,175	1,202	1,023	1,012	1,040	1,148	1,095	1,178	1,065	1,190	1,102	1,174	1,231	0,917	1,230	0,884	1,249	1,145	1,247	0,892	1,059	1,008	1,054	1,119	1,035	0,991	0,953	0,776	0,965	0,849	1,089	0,882	1,169	0,950	1,174	0,825	1,145	0,831	1,245	0,867	0,973	0,862	1,214	0,908	1,199	0,844	1,150
8:38:04	37,0	1,016	1,114	1,089	1,235	1,087	1,100	1,094	1,087	1,102	0,839	1,106	1,057	1,081	1,004	1,056	1,019	1,055	1,032	1,082	1,011	1,085	1,100	1,097	1,102	1,010	1,077	1,027	1,193	1,068	1,084	1,162	1,082	1,096	1,176	0,955	1,133	1,208	1,189	1,128	1,198	1,211	1,217	1,191	1,194	1,226	1,256	1,230	1,237	1,188	1,188	1,209	1,034	1,031	1,049	1,155	1,104	1,184	1,073	1,199	1,109	1,184	1,245	0,928	1,243	0,896	1,265	1,159	1,266	0,902	1,072	1,028	1,067	1,128	1,046	0,999	0,965	0,786	0,977	0,861	1,099	0,896	1,181	0,959	1,184	0,830	1,150	0,835	1,247	0,867	0,974	0,864	1,218	0,911	1,204	0,840	1,152
8:48:04	37,0	1,024	1,113	1,095	1,236	1,094	1,104	1,097	1,103	1,109	0,844	1,114	1,071	1,091	1,014	1,063	1,026	1,065	1,045	1,092	1,020	1,095	1,107	1,110	1,110	1,017	1,085	1,033	1,199	1,077	1,082	1,175	1,083	1,099	1,181	0,970	1,141	1,217	1,195	1,138	1,208	1,217	1,227	1,195	1,211	1,239	1,265	1,231	1,250	1,194	1,197	1,217	1,040	1,034	1,056	1,159	1,110	1,192	1,077	1,206	1,116	1,193	1,258	0,939	1,262	0,911	1,275	1,167	1,281	0,911	1,088	1,043	1,078	1,135	1,058	1,006	0,976	0,796	0,989	0,874	1,110	0,908	1,190	0,965	1,194	0,833	1,155	0,837	1,258	0,868	0,977	0,867	1,224	0,911	1,209	0,840	1,154
8:58:04	37,0	1,033	1,126	1,102	1,240	1,101	1,108	1,101	1,106	1,114	0,849	1,121	1,070	1,100	1,023	1,073	1,034	1,072	1,057	1,103	1,026	1,103	1,117	1,121	1,119	1,024	1,091	1,042	1,206	1,084	1,089	1,179	1,091	1,107	1,194	0,977	1,149	1,222	1,206	1,149	1,216	1,230	1,234	1,202	1,218	1,242	1,272	1,240	1,257	1,200	1,210	1,222	1,050	1,042	1,061	1,160	1,116	1,199	1,082	1,211	1,119	1,200	1,270	0,951	1,265	0,926	1,285	1,178	1,298	0,919	1,100	1,055	1,088	1,142	1,067	1,011	0,989	0,808	1,000	0,889	1,121	0,916	1,202	0,973	1,203	0,839	1,158	0,837	1,257	0,866	0,979	0,865	1,228	0,909	1,213	0,838	1,153
9:08:04	36,9	1,040	1,131	1,112	1,246	1,109	1,125	1,107	1,107	1,123	0,852	1,128	1,079	1,110	1,032	1,088	1,043	1,085	1,071	1,113	1,032	1,113	1,125	1,130	1,125	1,031	1,099	1,049	1,219	1,084	1,102	1,187	1,104	1,113	1,198	0,980	1,155	1,233	1,217	1,164	1,227	1,238	1,247	1,222	1,224	1,252	1,282	1,246	1,263	1,205	1,216	1,229	1,060	1,048	1,066	1,167	1,124	1,206	1,088	1,218	1,126	1,208	1,284	0,964	1,275	0,938	1,292	1,187	1,313	0,929	1,110	1,072	1,101	1,148	1,074	1,019	0,998	0,817	1,012	0,899	1,133	0,922	1,211	0,981	1,211	0,843	1,161	0,837	1,255	0,866	0,980	0,864	1,231	0,910	1,216	0,834	1,153
9:18:04	37,0	1,048	1,133	1,116	1,250	1,113	1,126	1,112	1,113	1,126	0,856	1,134	1,089	1,120	1,042	1,097	1,050	1,093	1,083	1,124	1,038	1,125	1,132	1,140	1,135	1,037	1,107	1,054	1,231	1,092	1,109	1,200	1,113	1,117	1,212	0,985	1,164	1,241	1,224	1,173	1,234	1,247	1,257	1,223	1,230	1,260	1,292	1,259	1,273	1,212	1,225	1,238	1,060	1,058	1,074	1,169	1,132	1,216	1,093	1,229	1,133	1,217	1,296	0,976	1,286	0,952	1,294	1,198	1,324	0,940	1,124	1,087	1,117	1,157	1,082	1,023	1,009	0,832	1,022	0,911	1,144	0,932	1,221	0,990	1,220	0,848	1,166	0,840	1,266	0,867	0,980	0,865	1,232	0,917	1,222	0,836	1,154
9:28:04	37,0	1,057	1,139	1,118	1,253	1,119	1,136	1,114	1,123	1,129	0,858	1,137	1,097	1,126	1,051	1,099	1,056	1,100	1,091	1,131	1,047	1,132	1,139	1,148	1,139	1,040	1,113	1,058	1,234	1,105	1,110	1,206	1,112	1,118	1,214	0,992	1,169	1,245	1,230	1,180	1,238	1,258	1,263	1,229	1,246	1,266	1,298	1,260	1,280	1,218	1,228	1,243	1,073	1,068	1,081	1,170	1,139	1,219	1,096	1,232	1,139	1,222	1,304	0,990	1,297	0,970	1,303	1,202	1,336	0,953	1,141	1,102	1,129	1,162	1,088	1,029	1,020	0,842	1,034	0,922	1,153	0,938	1,233	0,994	1,227	0,852	1,170	0,840	1,272	0,866	0,982	0,862	1,233	0,914	1,221	0,838	1,152
9:38:04	37,0	1,063	1,146	1,122	1,238	1,125	1,143	1,121	1,136	1,136	0,861	1,144	1,094	1,134	1,063	1,108	1,065	1,110	1,104	1,139	1,048	1,140	1,145	1,159	1,149	1,045	1,118	1,065	1,242	1,105	1,124	1,214	1,124	1,126	1,224	1,001	1,173	1,253	1,240	1,188	1,246	1,275	1,274	1,236	1,250	1,278	1,305	1,271	1,283	1,223	1,233	1,250	1,079	1,075	1,087	1,173	1,146	1,228	1,099	1,240	1,144	1,228	1,310	0,999	1,307	0,984	1,308	1,225	1,341	0,961	1,154	1,112	1,144	1,167	1,095	1,035	1,029	0,853	1,044	0,932	1,161	0,943	1,231	0,999	1,235	0,856	1,172	0,839	1,267	0,866	0,981	0,864	1,235	0,918	1,223	0,829	1,151
9:48:04	37,0	1,072	1,151	1,126	1,224	1,128	1,143	1,125	1,130	1,139	0,865	1,147	1,097	1,141	1,069	1,110	1,071	1,116	1,113	1,146	1,058	1,145	1,151	1,166	1,151	1,049	1,123	1,067	1,248	1,105	1,117	1,219	1,121	1,130	1,228	1,002	1,182	1,256	1,244	1,197	1,252	1,275	1,280	1,242	1,262	1,279	1,309	1,275	1,293	1,228	1,235	1,254	1,083	1,081	1,092	1,175	1,153	1,230	1,102	1,243	1,146	1,234	1,312	1,011	1,316	0,997	1,310	1,234	1,349	0,967	1,164	1,120	1,151	1,172	1,101	1,041	1,038	0,863	1,054	0,940	1,169	0,949	1,228	1,005	1,241	0,861	1,174	0,839	1,266	0,866	0,984	0,861	1,235	0,919	1,223	0,830	1,151
9:58:04	37,0	1,079	1,165	1,131	1,219	1,135	1,151	1,131	1,134	1,146	0,867	1,153	1,096	1,146	1,078	1,121	1,080	1,126	1,123	1,154	1,062	1,155	1,156	1,173	1,156	1,053	1,130	1,072	1,255	1,108	1,128	1,227	1,129	1,135	1,237	1,006	1,187	1,262	1,253	1,205	1,260	1,277	1,289	1,254	1,261	1,291	1,313	1,283	1,297	1,232	1,237	1,260	1,089	1,083	1,097	1,176	1,161	1,237	1,105	1,251	1,153	1,237	1,319	1,022	1,319	1,008	1,320	1,246	1,351	0,972	1,175	1,126	1,162	1,179	1,107	1,045	1,046	0,872	1,062	0,947	1,180	0,953	1,236	1,008	1,246	0,864	1,176	0,839	1,266	0,864	0,986	0,861	1,235	0,919	1,224	0,826	1,149
10:08:04	37,0	1,086	1,165	1,135	1,236	1,139	1,162	1,138	1,148	1,151	0,870	1,159	1,101	1,152	1,086	1,133	1,086	1,131	1,132	1,159	1,073	1,167	1,160	1,182	1,165	1,058	1,135	1,079	1,269	1,111	1,141	1,230	1,140	1,135	1,245	1,013	1,193	1,271	1,263	1,211	1,272	1,287	1,298	1,256	1,264	1,311	1,331	1,287	1,307	1,235	1,245	1,264	1,093	1,088	1,103	1,177	1,166	1,240	1,106	1,255	1,158	1,242	1,323	1,033	1,321	1,018	1,320	1,254	1,357	0,978	1,185	1,125	1,168	1,182	1,112	1,049	1,054	0,882	1,071	0,956	1,186	0,956	1,224	1,010	1,251	0,868	1,176	0,838	1,280	0,863	0,988	0,861	1,234	0,917	1,224	0,826	1,148
10:18:04	37,0	1,092	1,173	1,138	1,244	1,141	1,166	1,140	1,145	1,152	0,871	1,161	1,102	1,158	1,091	1,136	1,093	1,138	1,139	1,167	1,075	1,162	1,165	1,191	1,165	1,061	1,138	1,084	1,268	1,119	1,136	1,236	1,142	1,141	1,250	1,014	1,195	1,274	1,265	1,218	1,276	1,300	1,304	1,258	1,275	1,304	1,322	1,288	1,309	1,238	1,246	1,268	1,098	1,090	1,106	1,176	1,168	1,244	1,107	1,258	1,162	1,245	1,323	1,040	1,325	1,025	1,330	1,264	1,371	0,981	1,190	1,130	1,174	1,185	1,118	1,052	1,057	0,888	1,077	0,962	1,190	0,958	1,236	1,015	1,255	0,872	1,176	0,838	1,272	0,861	0,988	0,857	1,232	0,915	1,222	0,826	1,147
10:28:04	37,0	1,098	1,171	1,140	1,243	1,145	1,170	1,143	1,147	1,155	0,873	1,166	1,103	1,163	1,097	1,139	1,098	1,144	1,146	1,171	1,077	1,169	1,171	1,199	1,169	1,062	1,143	1,088	1,270	1,120	1,138	1,240	1,147	1,145	1,255	1,020	1,199	1,279	1,268	1,226	1,278	1,307	1,310	1,264	1,281	1,305	1,327	1,300	1,315	1,241	1,252	1,271	1,103	1,096	1,111	1,176	1,174	1,248	1,109	1,264	1,167	1,251	1,329	1,051	1,331	1,033	1,342	1,270	1,378	0,985	1,198	1,136	1,182	1,189	1,122	1,056	1,069	0,892	1,085	0,970	1,196	0,960	1,257	1,018	1,258	0,873	1,177	0,837	1,268	0,860	0,990	0,857	1,232	0,918	1,222	0,823	1,146
10:38:04	37,0	1,105	1,175	1,145	1,213	1,149	1,175	1,146	1,151	1,158	0,874	1,169	1,103	1,167	1,104	1,143	1,104	1,149	1,153	1,175	1,081	1,173	1,175	1,203	1,174	1,066	1,147	1,090	1,275	1,126	1,141	1,245	1,147	1,147	1,258	1,026	1,202	1,281	1,272	1,233	1,286	1,312	1,315	1,270	1,284	1,307	1,330	1,300	1,317	1,246	1,256	1,276	1,109	1,102	1,116	1,177	1,179	1,253	1,111	1,269	1,173	1,256	1,329	1,058	1,338	1,040	1,344	1,270	1,385	0,992	1,204	1,142	1,187	1,195	1,127	1,058	1,078	0,897	1,093	0,976	1,202	0,965	1,262	1,017	1,263	0,874	1,178	0,835	1,270	0,858	0,993	0,857	1,232	0,916	1,222	0,821	1,145
10:48:04	36,9	1,109	1,184	1,147	1,210	1,149	1,179	1,147	1,155	1,159	0,875	1,169	1,105	1,173	1,110	1,146	1,109	1,155	1,159	1,179	1,083	1,176	1,179	1,204	1,174	1,069	1,150	1,091	1,279	1,137	1,144	1,248	1,151	1,146	1,262	1,029	1,205	1,283	1,277	1,237	1,289	1,313	1,322	1,272	1,294	1,316	1,334	1,303	1,321	1,247	1,260	1,280	1,112	1,103	1,119	1,175	1,181	1,254	1,113	1,270	1,174	1,258	1,333	1,067	1,341	1,050	1,347	1,287	1,385	0,993	1,205	1,145	1,188	1,197	1,129	1,061	1,083	0,898	1,098	0,979	1,206	0,969	1,264	1,024	1,266	0,877	1,176	0,833	1,270	0,859	0,992	0,853	1,227	0,914	1,219	0,820	1,144
10:58:04	37,0	1,114	1,190	1,149	1,223	1,152	1,181	1,150	1,157	1,161	0,876	1,171	1,107	1,178	1,115	1,151	1,113	1,158	1,165	1,180	1,086	1,180	1,182	1,208	1,173	1,072	1,156	1,094	1,283	1,138	1,149	1,248	1,151	1,151	1,266	1,030	1,206	1,287	1,282	1,244	1,292	1,312	1,321	1,273	1,298	1,312	1,334	1,304	1,323	1,252	1,262	1,283	1,117	1,107	1,124	1,173	1,184	1,261	1,113	1,274	1,178	1,261	1,336	1,075	1,344	1,052	1,349	1,293	1,391	0,995	1,206	1,151	1,190	1,199	1,133	1,064	1,090	0,902	1,103	0,981	1,210	0,971	1,287	1,026	1,269	0,878	1,177	0,832	1,274	0,857	0,994	0,851	1,226	0,916	1,219	0,819	1,143
11:08:04	37,0	1,118	1,193	1,151	1,234	1,154	1,184	1,153	1,161	1,167	0,877	1,175	1,108	1,179	1,121	1,157	1,118	1,164	1,172	1,185	1,089	1,184	1,186	1,218	1,177	1,075	1,158	1,096	1,287	1,133	1,152	1,252	1,155	1,153	1,272	1,034	1,209	1,288	1,285	1,250	1,296	1,319	1,329	1,278	1,302	1,323	1,339	1,308	1,325	1,252	1,265	1,286	1,121	1,112	1,128	1,171	1,188	1,261	1,112	1,276	1,180	1,262	1,336	1,081	1,346	1,055	1,349	1,302	1,395	0,996	1,208	1,154	1,191	1,201	1,136	1,064	1,097	0,904	1,107	0,983	1,214	0,974	1,280	1,024	1,272	0,880	1,174	0,829	1,269	0,855	0,995	0,848	1,224	0,913	1,217	0,816	1,141
11:18:04	37,0	1,122	1,199	1,157	1,243	1,158	1,188	1,156	1,167	1,172	0,879	1,183	1,111	1,185	1,128	1,163	1,121	1,171	1,178	1,191	1,090	1,196	1,191	1,222	1,187	1,075	1,162	1,099	1,292	1,136	1,162	1,256	1,164	1,156	1,279	1,037	1,210	1,293	1,289	1,254	1,300	1,324	1,334	1,283	1,303	1,325	1,341	1,311	1,328	1,256	1,262	1,289	1,123	1,111	1,130	1,171	1,189	1,262	1,111	1,280	1,181	1,265	1,335	1,090	1,350	1,056	1,350	1,304	1,397	0,999	1,213	1,159	1,193	1,203	1,139	1,057	1,105	0,909	1,110	0,985	1,213	0,975	1,281	1,026	1,274	0,877	1,172	0,826	1,272	0,854	0,993	0,843	1,222	0,910	1,215	0,814	1,138
11:28:04	37,0	1,125	1,200	1,160	1,246	1,160	1,190	1,160	1,167	1,173	0,881	1,181	1,113	1,189	1,134	1,165	1,126	1,173	1,181	1,195	1,093	1,195	1,192	1,224	1,183	1,077	1,164	1,100	1,294	1,141	1,157	1,255	1,161	1,155	1,280	1,039	1,213	1,295	1,291	1,258	1,302	1,323	1,335	1,285	1,305	1,327	1,345	1,316	1,332	1,258	1,263	1,292	1,128	1,115	1,134	1,170	1,191	1,266	1,112	1,282	1,185	1,267	1,332	1,096	1,354	1,058	1,351	1,305	1,394	1,001	1,215	1,167	1,196	1,205	1,141	1,054	1,112	0,910	1,115	0,988	1,216	0,975	1,282	1,028	1,276	0,877	1,170	0,824	1,278	0,853	0,995	0,842	1,219	0,912	1,215	0,814	1,138
11:38:04	37,0	1,128	1,204	1,162	1,252	1,163	1,193	1,160	1,169	1,177	0,881	1,183	1,115	1,193	1,137	1,170	1,129	1,177	1,186	1,196	1,095	1,198	1,194	1,228	1,188	1,077	1,167	1,102	1,295	1,141	1,157	1,255	1,163	1,159	1,282	1,036	1,216	1,297	1,294	1,264	1,307	1,325	1,336	1,286	1,308	1,327	1,344	1,316	1,331	1,257	1,269	1,294	1,131	1,118	1,135	1,166	1,194	1,266	1,111	1,284	1,188	1,269	1,333	1,103	1,357	1,058	1,353	1,307	1,395	1,001	1,219	1,171	1,197	1,206	1,141	1,052	1,113	0,912	1,119	0,989	1,218	0,978	1,286	1,028	1,278	0,880	1,168	0,821	1,269	0,853	0,997	0,838	1,218	0,911	1,212	0,815	1,137
11:48:04	37,0	1,129	1,209	1,164	1,259	1,165	1,196	1,161	1,176	1,183	0,880	1,194	1,117	1,198	1,141	1,182	1,133	1,182	1,189	1,200	1,099	1,210	1,199	1,228	1,199	1,082	1,172	1,102	1,302	1,137	1,165	1,260	1,171	1,159	1,287	1,042	1,218	1,305	1,301	1,267	1,311	1,329	1,342	1,291	1,308	1,346	1,358	1,324	1,337	1,258	1,270	1,296	1,135	1,120	1,139	1,166	1,198	1,270	1,110	1,287	1,190	1,270	1,333	1,108	1,358	1,063	1,352	1,308	1,394	1,004	1,221	1,175	1,198	1,206	1,144	1,051	1,117	0,914	1,123	0,992	1,221	0,978	1,288	1,026	1,280	0,876	1,166	0,820	1,272	0,852	0,998	0,837	1,216	0,911	1,211	0,809	1,135
11:58:04	37,0	1,131	1,209	1,167	1,225	1,164	1,196	1,162	1,173	1,181	0,880	1,189	1,116	1,200	1,146	1,184	1,140	1,184	1,194	1,203	1,098	1,206	1,204	1,233	1,193	1,083	1,173	1,105	1,305	1,137	1,162	1,262	1,174	1,163	1,289	1,043	1,221	1,307	1,300	1,270	1,313	1,340	1,345	1,293	1,312	1,340	1,352	1,320	1,338	1,260	1,273	1,298	1,137	1,120	1,141	1,163	1,198	1,268	1,109	1,287	1,191	1,271	1,331	1,113	1,360	1,065	1,351	1,306	1,394	1,006	1,224	1,179	1,201	1,207	1,143	1,053	1,122	0,914	1,127	0,994	1,222	0,977	1,290	1,027	1,281	0,876	1,163	0,818	1,267	0,851	0,997	0,833	1,212	0,910	1,209	0,809	1,133
12:08:04	37,0	1,133	1,212	1,169	1,200	1,164	1,199	1,164	1,176	1,185	0,880	1,193	1,119	1,206	1,153	1,189	1,143	1,188	1,197	1,206	1,100	1,213	1,206	1,237	1,199	1,085	1,175	1,107	1,310	1,143	1,171	1,266	1,178	1,163	1,295	1,045	1,221	1,311	1,307	1,276	1,314	1,339	1,347	1,298	1,316	1,340	1,357	1,336	1,340	1,260	1,274	1,301	1,139	1,121	1,143	1,160	1,201	1,272	1,108	1,289	1,195	1,271	1,331	1,117	1,360	1,064	1,349	1,306	1,394	1,007	1,226	1,188	1,201	1,208	1,143	1,058	1,125	0,916	1,130	0,996	1,225	0,979	1,292	1,024	1,282	0,875	1,160	0,817	1,268	0,850	1,000	0,831	1,211	0,910	1,208	0,809	1,133
12:18:04	36,9	1,134	1,214	1,173	1,208	1,164	1,197	1,164	1,174	1,184	0,879	1,189	1,118	1,208	1,157	1,189	1,146	1,190	1,199	1,205	1,101	1,211	1,207	1,240	1,196	1,082	1,176	1,107	1,309	1,148	1,166	1,264	1,175	1,162	1,290	1,044	1,222	1,310	1,304	1,277	1,314	1,335	1,347	1,296	1,322	1,341	1,357	1,330	1,337	1,262	1,273	1,302	1,141	1,122	1,146	1,157	1,201	1,271	1,106	1,292	1,194	1,271	1,329	1,119	1,359	1,065	1,347	1,305	1,392	1,008	1,227	1,192	1,201	1,206	1,142	1,057	1,125	0,917	1,131	0,995	1,227	0,979	1,293	1,020	1,283	0,873	1,156	0,813	1,262	0,848	0,999	0,826	1,209	0,906	1,206	0,805	1,128
12:28:04	37,0	1,135	1,217	1,173	1,225	1,169	1,201	1,165	1,181	1,193	0,878	1,196	1,120	1,211	1,159	1,194	1,151	1,194	1,204	1,210	1,104	1,222	1,210	1,248	1,203	1,084	1,179	1,109	1,308	1,146	1,170	1,266	1,175	1,162	1,299	1,043	1,223	1,313	1,310	1,283	1,318	1,340	1,351	1,302	1,320	1,341	1,359	1,333	1,342	1,262	1,274	1,304	1,143	1,124	1,147	1,157	1,202	1,274	1,105	1,292	1,199	1,271	1,327	1,125	1,358	1,063	1,344	1,304	1,391	1,008	1,228	1,196	1,201	1,207	1,140	1,063	1,130	0,917	1,134	0,997	1,230	0,976	1,293	1,022	1,284	0,871	1,155	0,810	1,262	0,846	0,998	0,826	1,208	0,906	1,203	0,805	1,127
12:38:04	37,0	1,135	1,218	1,177	1,227	1,165	1,199	1,163	1,178	1,187	0,881	1,193	1,118	1,213	1,164	1,190	1,154	1,196	1,207	1,211	1,102	1,221	1,213	1,246	1,201	1,084	1,179	1,109	1,310	1,145	1,169	1,267	1,177	1,166	1,295	1,047	1,224	1,315	1,311	1,286	1,319	1,343	1,351	1,298	1,324	1,345	1,359	1,331	1,341	1,264	1,275	1,306	1,146	1,124	1,148	1,156	1,206	1,275	1,103	1,296	1,201	1,272	1,327	1,127	1,357	1,063	1,342	1,302	1,389	1,010	1,227	1,196	1,202	1,207	1,140	1,064	1,133	0,918	1,135	0,997	1,231	0,976	1,294	1,020	1,286	0,871	1,151	0,808	1,262	0,845	1,000	0,823	1,206	0,904	1,202	0,800	1,125
12:48:04	37,0	1,135	1,219	1,179	1,233	1,166	1,198	1,162	1,177	1,188	0,881	1,191	1,118	1,217	1,168	1,194	1,158	1,198	1,210	1,211	1,104	1,220	1,214	1,248	1,197	1,085	1,181	1,110	1,310	1,148	1,168	1,268	1,177	1,162	1,296	1,046	1,224	1,313	1,310	1,288	1,319	1,344	1,352	1,300	1,325	1,346	1,362	1,333	1,341	1,263	1,276	1,306	1,147	1,125	1,151	1,151	1,206	1,275	1,101	1,296	1,199	1,270	1,326	1,131	1,356	1,060	1,340	1,300	1,387	1,011	1,230	1,202	1,201	1,206	1,140	1,067	1,137	0,916	1,137	0,994	1,232	0,976	1,294	1,019	1,285	0,872	1,147	0,804	1,262	0,844	0,995	0,820	1,204	0,904	1,201	0,800	1,122
12:58:04	37,0	1,135	1,218	1,178	1,234	1,165	1,199	1,159	1,176	1,187	0,880	1,190	1,118	1,220	1,170	1,195	1,159	1,201	1,212	1,212	1,104	1,223	1,215	1,251	1,198	1,083	1,183	1,110	1,312	1,149	1,171	1,267	1,177	1,164	1,295	1,044	1,224	1,313	1,311	1,292	1,320	1,341	1,351	1,301	1,325	1,349	1,356	1,331	1,340	1,266	1,280	1,307	1,152	1,120	1,153	1,151	1,208	1,276	1,103	1,299	1,205	1,273	1,325	1,133	1,356	1,062	1,337	1,300	1,386	1,016	1,234	1,199	1,200	1,208	1,140	1,071	1,149	0,917	1,139	0,991	1,235	0,973	1,297	1,011	1,288	0,871	1,146	0,806	1,262	0,839	1,000	0,822	1,208	0,904	1,200	0,802	1,123
13:08:04	37,0	1,134	1,220	1,179	1,236	1,165	1,201	1,157	1,178	1,188	0,878	1,195	1,119	1,223	1,173	1,198	1,159	1,203	1,216	1,215	1,105	1,227	1,218	1,253	1,203	1,084	1,185	1,111	1,311	1,145	1,173	1,269	1,179	1,165	1,299	1,046	1,226	1,317	1,315	1,293	1,321	1,342	1,355	1,301	1,326	1,347	1,362	1,335	1,341	1,262	1,279	1,308	1,151	1,122	1,151	1,149	1,209	1,277	1,098	1,298	1,205	1,269	1,323	1,134	1,354	1,062	1,335	1,300	1,382	1,016	1,231	1,201	1,198	1,206	1,137	1,069	1,149	0,916	1,140	0,993	1,236	0,974	1,299	1,014	1,289	0,872	1,143	0,802	1,254	0,842	0,995	0,818	1,204	0,903	1,196	0,801	1,121
13:18:04	37,0	1,135	1,221	1,177	1,243	1,171	1,203	1,159	1,185	1,195	0,878	1,201	1,123	1,224	1,178	1,205	1,161	1,208	1,218	1,218	1,111	1,235	1,218	1,254	1,215	1,087	1,187	1,112	1,317	1,147	1,179	1,272	1,182	1,167	1,304	1,049	1,227	1,323	1,317	1,296	1,325	1,353	1,356	1,319	1,327	1,350	1,363	1,341	1,343	1,261	1,280	1,309	1,152	1,120	1,152	1,146	1,207	1,277	1,095	1,297	1,204	1,267	1,321	1,135	1,353	1,065	1,334	1,298	1,378	1,014	1,226	1,201	1,193	1,205	1,135	1,071	1,149	0,916	1,141	0,990	1,238	0,973	1,297	1,013	1,288	0,868	1,138	0,799	1,253	0,840	0,990	0,815	1,202	0,902	1,191	0,800	1,118
13:28:04	37,0	1,135	1,221	1,178	1,240	1,169	1,202	1,157	1,182	1,194	0,877	1,200	1,123	1,228	1,181	1,208	1,167	1,211	1,221	1,222	1,109	1,238	1,221	1,255	1,215	1,093	1,188	1,113	1,319	1,149	1,180	1,273	1,184	1,165	1,304	1,050	1,229	1,323	1,319	1,299	1,326	1,355	1,359	1,320	1,328	1,353	1,371	1,339	1,345	1,260	1,282	1,306	1,150	1,119	1,152	1,142	1,207	1,276	1,092	1,298	1,205	1,266	1,319	1,134	1,350	1,065	1,331	1,293	1,375	1,012	1,223	1,198	1,189	1,201	1,131	1,073	1,151	0,914	1,141	0,985	1,237	0,971	1,296	1,006	1,286	0,867	1,134	0,797	1,254	0,837	0,984	0,810	1,197	0,900	1,187	0,796	1,114
13:38:04	37,0	1,133	1,220	1,178	1,226	1,166	1,201	1,153	1,176	1,190	0,878	1,192	1,119	1,227	1,181	1,209	1,170	1,210	1,222	1,218	1,110	1,235	1,222	1,257	1,204	1,089	1,189	1,114	1,317	1,150	1,175	1,273	1,186	1,167	1,301	1,049	1,227	1,321	1,317	1,299	1,326	1,347	1,358	1,309	1,330	1,354	1,368	1,337	1,344	1,259	1,282	1,306	1,150	1,120	1,151	1,139	1,207	1,275	1,089	1,297	1,205	1,266	1,318	1,132	1,349	1,060	1,327	1,291	1,369	1,010	1,221	1,198	1,187	1,201	1,130	1,072	1,148	0,912	1,140	0,982	1,238	0,969	1,295	1,008	1,286	0,867	1,130	0,794	1,248	0,835	0,983	0,810	1,196	0,896	1,182	0,795	1,111
13:48:04	37,0	1,135	1,221	1,177	1,229	1,167	1,202	1,154	1,182	1,196	0,878	1,196	1,121	1,229	1,185	1,211	1,170	1,214	1,225	1,224	1,110	1,241	1,226	1,263	1,214	1,090	1,190	1,115	1,318	1,147	1,178	1,278	1,189	1,167	1,307	1,050	1,229	1,325	1,323	1,303	1,329	1,358	1,360	1,318	1,329	1,358	1,367	1,346	1,346	1,258	1,281	1,307	1,152	1,119	1,150	1,134	1,207	1,274	1,086	1,297	1,208	1,263	1,315	1,132	1,347	1,063	1,325	1,290	1,366	1,010	1,222	1,196	1,184	1,200	1,127	1,071	1,151	0,910	1,140	0,978	1,238	0,969	1,295	1,005	1,285	0,864	1,126	0,791	1,248	0,834	0,979	0,808	1,194	0,895	1,179	0,794	1,110
13:58:04	37,0	1,132	1,220	1,178	1,233	1,166	1,201	1,152	1,178	1,190	0,877	1,193	1,119	1,231	1,187	1,212	1,173	1,215	1,227	1,223	1,111	1,238	1,226	1,261	1,208	1,088	1,192	1,116	1,316	1,149	1,174	1,274	1,187	1,167	1,301	1,052	1,228	1,323	1,321	1,304	1,327	1,353	1,359	1,313	1,332	1,361	1,368	1,341	1,344	1,256	1,281	1,308	1,152	1,118	1,151	1,133	1,207	1,275	1,084	1,297	1,207	1,262	1,314	1,130	1,346	1,064	1,323	1,289	1,362	1,010	1,220	1,199	1,183	1,200	1,126	1,072	1,149	0,909	1,140	0,975	1,239	0,965	1,294	1,002	1,285	0,861	1,123	0,789	1,248	0,833	0,978	0,806	1,191	0,893	1,188	0,793	1,108
14:08:04	37,0	1,133	1,220	1,179	1,221	1,168	1,201	1,153	1,181	1,195	0,877	1,197	1,120	1,232	1,188	1,215	1,174	1,219	1,228	1,226	1,111	1,244	1,229	1,268	1,215	1,088	1,192	1,116	1,317	1,147	1,178	1,277	1,187	1,170	1,306	1,053	1,230	1,326	1,323	1,306	1,329	1,355	1,359	1,314	1,334	1,358	1,365	1,347	1,346	1,255	1,279	1,304	1,152	1,115	1,151	1,130	1,207	1,274	1,082	1,296	1,207	1,260	1,309	1,128	1,344	1,065	1,318	1,285	1,357	1,010	1,221	1,198	1,181	1,196	1,123	1,069	1,151	0,907	1,139	0,970	1,241	0,964	1,294	1,000	1,284	0,860	1,119	0,786	1,245	0,829	0,975	0,801	1,188	0,891	1,183	0,791	1,104
14:18:04	37,0	1,131	1,219	1,177	1,200	1,166	1,199	1,149	1,178	1,191	0,877	1,194	1,119	1,235	1,192	1,216	1,179	1,218	1,230	1,228	1,111	1,242	1,228	1,263	1,211	1,088	1,192	1,116	1,318	1,147	1,179	1,277	1,188	1,169	1,307	1,053	1,230	1,327	1,323	1,308	1,330	1,361	1,361	1,316	1,331	1,357	1,368	1,347	1,345	1,255	1,276	1,306	1,154	1,114	1,150	1,127	1,207	1,273	1,079	1,296	1,208	1,259	1,307	1,126	1,341	1,067	1,315	1,284	1,354	1,010	1,217	1,195	1,180	1,197	1,122	1,068	1,155	0,903	1,139	0,968	1,247	0,962	1,294	0,997	1,284	0,861	1,115	0,784	1,244	0,828	0,976	0,801	1,189	0,890	1,181	0,792	1,103
14:28:04	37,0	1,129	1,218	1,178	1,208	1,165	1,196	1,147	1,176	1,189	0,878	1,193	1,118	1,235	1,191	1,219	1,180	1,220	1,232	1,226	1,115	1,243	1,228	1,266	1,209	1,088	1,194	1,117	1,318	1,149	1,177	1,275	1,189	1,169	1,302	1,051	1,227	1,327	1,321	1,307	1,329	1,352	1,361	1,311	1,336	1,359	1,370	1,345	1,346	1,255	1,276	1,304	1,155	1,114	1,149	1,124	1,206	1,273	1,078	1,297	1,208	1,259	1,306	1,126	1,339	1,071	1,312	1,280	1,350	1,014	1,217	1,189	1,181	1,195	1,122	1,067	1,157	0,899	1,139	0,964	1,250	0,958	1,293	0,992	1,284	0,861	1,113	0,783	1,246	0,827	0,975	0,799	1,189	0,886	1,180	0,791	1,102
14:38:04	37,0	1,130	1,216	1,177	1,219	1,168	1,196	1,143	1,179	1,193	0,878	1,197	1,119	1,237	1,194	1,219	1,179	1,222	1,233	1,230	1,113	1,249	1,231	1,267	1,216	1,089	1,195	1,118	1,319	1,149	1,182	1,277	1,189	1,169	1,307	1,054	1,227	1,328	1,326	1,311	1,329	1,361	1,361	1,319	1,335	1,361	1,368	1,350	1,345	1,252	1,274	1,302	1,154	1,111	1,151	1,122	1,205	1,271	1,075	1,294	1,208	1,258	1,303	1,123	1,337	1,072	1,310	1,279	1,347	1,014	1,213	1,188	1,178	1,195	1,121	1,067	1,160	0,899	1,138	0,961	1,246	0,960	1,292	0,992	1,283	0,864	1,110	0,781	1,242	0,827	0,973	0,798	1,186	0,889	1,178	0,790	1,101
14:48:04	37,0	1,129	1,217	1,177	1,201	1,167	1,195	1,142	1,175	1,189	0,877	1,192	1,116	1,237	1,194	1,218	1,183	1,223	1,234	1,226	1,117	1,243	1,231	1,267	1,208	1,088	1,196	1,118	1,318	1,151	1,178	1,274	1,189	1,169	1,304	1,052	1,227	1,327	1,324	1,310	1,329	1,353	1,361	1,315	1,335	1,359	1,370	1,345	1,344	1,250	1,273	1,303	1,153	1,109	1,150	1,118	1,203	1,268	1,073	1,293	1,209	1,254	1,301	1,122	1,335	1,071	1,310	1,276	1,343	1,013	1,210	1,186	1,174	1,194	1,119	1,064	1,162	0,897	1,137	0,957	1,248	0,957	1,290	0,990	1,281	0,864	1,105	0,779	1,241	0,827	0,972	0,795	1,183	0,887	1,175	0,788	1,098
14:58:04	37,0	1,127	1,217	1,176	1,188	1,168	1,193	1,145	1,173	1,189	0,877	1,196	1,116	1,240	1,196	1,218	1,182	1,224	1,233	1,229	1,115	1,246	1,232	1,270	1,216	1,089	1,196	1,117	1,317	1,146	1,180	1,276	1,189	1,169	1,305	1,050	1,228	1,327	1,325	1,312	1,330	1,354	1,360	1,315	1,335	1,358	1,371	1,348	1,345	1,247	1,271	1,300	1,152	1,106	1,147	1,113	1,202	1,267	1,070	1,292	1,208	1,253	1,299	1,119	1,332	1,071	1,306	1,275	1,339	1,014	1,208	1,176	1,173	1,191	1,117	1,061	1,162	0,891	1,138	0,954	1,256	0,956	1,288	0,989	1,280	0,859	1,101	0,776	1,240	0,824	0,968	0,793	1,181	0,884	1,172	0,786	1,095
15:08:04	37,0	1,127	1,216	1,176	1,202	1,168	1,194	1,148	1,176	1,190	0,875	1,196	1,117	1,242	1,199	1,220	1,187	1,225	1,236	1,232	1,116	1,249	1,233	1,269	1,218	1,090	1,197	1,118	1,320	1,146	1,178	1,279	1,191	1,169	1,308	1,051	1,228	1,329	1,328	1,315	1,331	1,363	1,362	1,320	1,333	1,359	1,369	1,347	1,346	1,247	1,269	1,300	1,151	1,104	1,147	1,111	1,200	1,266	1,068	1,289	1,207	1,253	1,298	1,118	1,331	1,070	1,300	1,273	1,335	1,014	1,206	1,175	1,172	1,190	1,115	1,058	1,161	0,890	1,136	0,950	1,252	0,953	1,288	0,986	1,279	0,858	1,099	0,774	1,245	0,823	0,967	0,790	1,179	0,883	1,168	0,784	1,094
15:18:04	37,0	1,122	1,213	1,175	1,223	1,166	1,192	1,137	1,171	1,186	0,875	1,189	1,113	1,240	1,197	1,214	1,188	1,222	1,234	1,227	1,116	1,243	1,231	1,264	1,212	1,086	1,197	1,118	1,316	1,144	1,176	1,273	1,190	1,167	1,304	1,045	1,225	1,327	1,329	1,313	1,328	1,353	1,361	1,314	1,332	1,361	1,367	1,344	1,344	1,247	1,268	1,297	1,153	1,103	1,146	1,110	1,199	1,264	1,067	1,291	1,208	1,252	1,298	1,118	1,330	1,073	1,298	1,270	1,333	1,017	1,209	1,175	1,173	1,189	1,113	1,056	1,160	0,888	1,135	0,949	1,250	0,951	1,287	0,981	1,278	0,856	1,096	0,773	1,240	0,823	0,968	0,789	1,178	0,883	1,164	0,783	1,093
15:28:04	37,0	1,123	1,214	1,173	1,184	1,168	1,194	1,137	1,174	1,189	0,874	1,198	1,115	1,245	1,198	1,221	1,187	1,228	1,235	1,234	1,116	1,251	1,234	1,269	1,221	1,088	1,196	1,118	1,319	1,147	1,182	1,279	1,190	1,170	1,309	1,050	1,227	1,330	1,329	1,316	1,331	1,364	1,362	1,321	1,333	1,361	1,372	1,350	1,345	1,242	1,266	1,295	1,151	1,099	1,145	1,105	1,196	1,262	1,064	1,288	1,206	1,250	1,297	1,116	1,329	1,069	1,297	1,269	1,329	1,018	1,204	1,177	1,171	1,187	1,110	1,054	1,161	0,886	1,133	0,947	1,250	0,951	1,285	0,980	1,276	0,853	1,094	0,771	1,238	0,821	0,965	0,786	1,175	0,882	1,149	0,783	1,092
15:38:04	37,0	1,122	1,211	1,174	1,200	1,166	1,192	1,138	1,172	1,186	0,873	1,191	1,113	1,244	1,198	1,222	1,190	1,227	1,237	1,230	1,120	1,246	1,234	1,272	1,214	1,086	1,197	1,119	1,318	1,147	1,177	1,275	1,191	1,170	1,308	1,052	1,225	1,329	1,327	1,316	1,330	1,359	1,362	1,317	1,337	1,361	1,371	1,347	1,341	1,241	1,264	1,294	1,149	1,098	1,143	1,103	1,195	1,260	1,061	1,285	1,207	1,249	1,296	1,115	1,328	1,070	1,296	1,269	1,328	1,018	1,204	1,175	1,171	1,187	1,107	1,051	1,160	0,884	1,133	0,944	1,249	0,949	1,283	0,980	1,274	0,853	1,090	0,768	1,236	0,819	0,965	0,784	1,172	0,881	1,137	0,781	1,089
15:48:04	37,0	1,120	1,210	1,174	1,216	1,164	1,192	1,140	1,171	1,185	0,872	1,190	1,112	1,244	1,199	1,220	1,189	1,227	1,238	1,229	1,116	1,245	1,233	1,266	1,214	1,085	1,197	1,120	1,316	1,147	1,178	1,274	1,188	1,167	1,309	1,046	1,224	1,331	1,327	1,316	1,329	1,355	1,359	1,314	1,333	1,357	1,369	1,346	1,341	1,240	1,261	1,291	1,147	1,093	1,140	1,099	1,193	1,259	1,058	1,284	1,203	1,247	1,295	1,113	1,326	1,069	1,295	1,269	1,325	1,018	1,201	1,172	1,167	1,184	1,106	1,049	1,158	0,880	1,131	0,939	1,246	0,948	1,281	0,974	1,272	0,851	1,086	0,766	1,235	0,820	0,961	0,781	1,170	0,878	1,132	0,778	1,086
15:58:04	37,0	1,120	1,212	1,174	1,206	1,166	1,190	1,141	1,173	1,190	0,871	1,194	1,113	1,247	1,200	1,223	1,187	1,228	1,238	1,232	1,117	1,250	1,236	1,272	1,220	1,087	1,197	1,119	1,315	1,146	1,179	1,277	1,189	1,170	1,310	1,051	1,225	1,331	1,330	1,317	1,333	1,360	1,363	1,313	1,337	1,365	1,373	1,348	1,342	1,238	1,259	1,290	1,147	1,091	1,141	1,097	1,192	1,256	1,055	1,281	1,206	1,247	1,291	1,111	1,325	1,070	1,294	1,267	1,322	1,020	1,200	1,173	1,169	1,183	1,104	1,046	1,158	0,880	1,129	0,937	1,247	0,945	1,281	0,975	1,272	0,849	1,085	0,764	1,238	0,819	0,960	0,780	1,169	0,879	1,130	0,776	1,085
16:08:04	36,9	1,119	1,209	1,174	1,182	1,164	1,190	1,138	1,172	1,186	0,870	1,192	1,114	1,246	1,204	1,225	1,191	1,228	1,238	1,233	1,117	1,249	1,236	1,272	1,218	1,088	1,198	1,120	1,316	1,150	1,176	1,279	1,190	1,170	1,311	1,051	1,225	1,330	1,328	1,320	1,333	1,371	1,362	1,322	1,334	1,361	1,370	1,350	1,343	1,237	1,258	1,287	1,147	1,088	1,139	1,097	1,191	1,258	1,054	1,282	1,204	1,247	1,291	1,110	1,323	1,072	1,293	1,264	1,321	1,023	1,202	1,171	1,171	1,184	1,102	1,045	1,160	0,877	1,128	0,935	1,246	0,943	1,281	0,971	1,272	0,849	1,084	0,763	1,236	0,819	0,962	0,780	1,170	0,879	1,130	0,778	1,085
16:18:04	37,0	1,117	1,207	1,173	1,195	1,163	1,187	1,133	1,169	1,185	0,870	1,181	1,111	1,246	1,202	1,225	1,193	1,230	1,238	1,231	1,122	1,244	1,234	1,270	1,215	1,087	1,197	1,120	1,316	1,147	1,177	1,276	1,188	1,168	1,305	1,050	1,224	1,332	1,328	1,319	1,330	1,361	1,363	1,317	1,337	1,361	1,371	1,347	1,342	1,234	1,254	1,287	1,144	1,082	1,137	1,093	1,188	1,252	1,052	1,279	1,202	1,245	1,290	1,107	1,322	1,072	1,292	1,264	1,319	1,024	1,199	1,167	1,168	1,181	1,101	1,042	1,159	0,876	1,126	0,932	1,242	0,943	1,278	0,970	1,269	0,848	1,082	0,760	1,235	0,820	0,959	0,777	1,167	0,877	1,126	0,775	1,083
16:28:04	37,0	1,117	1,206	1,172	1,187	1,163	1,187	1,131	1,169	1,188	0,869	1,187	1,111	1,248	1,204	1,226	1,193	1,230	1,238	1,233	1,119	1,247	1,234	1,271	1,216	1,087	1,197	1,119	1,318	1,148	1,177	1,280	1,189	1,169	1,307	1,049	1,225	1,331	1,330	1,318	1,332	1,361	1,362	1,320	1,337	1,363	1,372	1,347	1,340	1,231	1,253	1,284	1,143	1,077	1,136	1,091	1,186	1,251	1,050	1,277	1,204	1,242	1,291	1,107	1,321	1,073	1,292	1,262	1,319	1,028	1,198	1,165	1,168	1,181	1,099	1,041	1,158	0,873	1,124	0,932	1,242	0,943	1,277	0,970	1,268	0,847	1,080	0,759	1,236	0,820	0,958	0,775	1,166	0,876	1,124	0,775	1,082
16:38:04	37,0	1,114	1,202	1,170	1,168	1,159	1,184	1,125	1,167	1,181	0,867	1,181	1,110	1,247	1,201	1,221	1,194	1,228	1,239	1,227	1,122	1,246	1,232	1,267	1,214	1,085	1,196	1,118	1,316	1,145	1,174	1,274	1,187	1,166	1,306	1,046	1,222	1,331	1,327	1,318	1,328	1,357	1,359	1,316	1,332	1,359	1,367	1,349	1,340	1,232	1,252	1,283	1,142	1,075	1,134	1,090	1,185	1,251	1,050	1,278	1,203	1,244	1,290	1,107	1,317	1,075	1,292	1,261	1,318	1,031	1,201	1,167	1,170	1,181	1,097	1,039	1,158	0,871	1,123	0,928	1,241	0,939	1,277	0,967	1,269	0,846	1,080	0,755	1,232	0,821	0,957	0,776	1,165	0,877	1,126	0,776	1,082
16:48:04	37,0	1,113	1,202	1,168	1,191	1,159	1,183	1,125	1,167	1,181	0,866	1,182	1,109	1,248	1,202	1,220	1,193	1,228	1,238	1,227	1,120	1,243	1,234	1,267	1,213	1,083	1,197	1,119	1,314	1,143	1,172	1,272	1,185	1,163	1,310	1,045	1,221	1,330	1,329	1,320	1,327	1,356	1,359	1,316	1,330	1,358	1,369	1,346	1,340	1,228	1,251	1,279	1,142	1,070	1,133	1,089	1,183	1,248	1,046	1,273	1,201	1,243	1,290	1,106	1,315	1,077	1,291	1,262	1,317	1,034	1,199	1,167	1,170	1,181	1,094	1,034	1,158	0,871	1,122	0,927	1,241	0,940	1,276	0,968	1,266	0,846	1,078	0,757	1,233	0,820	0,954	0,773	1,164	0,876	1,121	0,774	1,081
16:58:04	37,0	1,112	1,203	1,168	1,163	1,161	1,183	1,124	1,169	1,183	0,865	1,186	1,110	1,249	1,204	1,223	1,191	1,231	1,239	1,232	1,121	1,247	1,236	1,270	1,219	1,085	1,196	1,119	1,313	1,146	1,170	1,276	1,184	1,165	1,309	1,049	1,221	1,331	1,332	1,323	1,332	1,362	1,359	1,316	1,337	1,363	1,372	1,348	1,340	1,226	1,248	1,278	1,139	1,066	1,130	1,084	1,179	1,246	1,043	1,272	1,199	1,240	1,287	1,103	1,313	1,078	1,289	1,261	1,316	1,035	1,200	1,166	1,168	1,177	1,092	1,032	1,155	0,867	1,118	0,923	1,238	0,940	1,273	0,964	1,264	0,843	1,073	0,753	1,231	0,817	0,951	0,771	1,161	0,872	1,117	0,772	1,077
17:08:04	37,0	1,111	1,202	1,164	1,167	1,160	1,182	1,122	1,168	1,182	0,865	1,185	1,109	1,250	1,205	1,227	1,196	1,232	1,239	1,234	1,121	1,248	1,235	1,272	1,220	1,086	1,196	1,117	1,315	1,149	1,172	1,278	1,184	1,164	1,311	1,048	1,221	1,331	1,331	1,322	1,330	1,367	1,362	1,327	1,332	1,361	1,373	1,353	1,342	1,225	1,248	1,274	1,138	1,060	1,129	1,084	1,177	1,244	1,042	1,268	1,199	1,240	1,288	1,103	1,312	1,079	1,291	1,260	1,316	1,037	1,200	1,163	1,170	1,177	1,090	1,031	1,155	0,867	1,117	0,923	1,237	0,939	1,272	0,965	1,264	0,843	1,073	0,752	1,230	0,817	0,952	0,768	1,161	0,874	1,116	0,771	1,078
17:18:04	37,0	1,109	1,199	1,162	1,198	1,158	1,181	1,120	1,165	1,181	0,863	1,181	1,108	1,250	1,204	1,226	1,200	1,231	1,240	1,234	1,123	1,246	1,235	1,272	1,217	1,087	1,196	1,119	1,314	1,145	1,171	1,277	1,185	1,165	1,308	1,053	1,220	1,332	1,330	1,321	1,331	1,363	1,359	1,317	1,334	1,362	1,372	1,349	1,342	1,223	1,247	1,274	1,138	1,054	1,130	1,082	1,175	1,243	1,040	1,267	1,198	1,240	1,289	1,101	1,311	1,080	1,291	1,261	1,316	1,040	1,200	1,159	1,170	1,177	1,088	1,028	1,154	0,864	1,115	0,920	1,237	0,938	1,270	0,963	1,263	0,843	1,071	0,750	1,234	0,816	0,950	0,767	1,160	0,872	1,133	0,771	1,077
17:28:04	37,0	1,108	1,199	1,161	1,172	1,158	1,179	1,122	1,166	1,181	0,863	1,181	1,107	1,250	1,204	1,226	1,197	1,231	1,238	1,232	1,123	1,248	1,234	1,271	1,218	1,084	1,195	1,117	1,313	1,147	1,172	1,277	1,184	1,165	1,310	1,047	1,219	1,331	1,331	1,323	1,332	1,364	1,362	1,322	1,335	1,362	1,374	1,348	1,342	1,223	1,247	1,271	1,137	1,051	1,127	1,081	1,173	1,240	1,039	1,265	1,197	1,241	1,287	1,102	1,310	1,079	1,290	1,260	1,316	1,041	1,204	1,160	1,172	1,177	1,086	1,027	1,153	0,864	1,114	0,918	1,236	0,935	1,270	0,961	1,262	0,843	1,070	0,748	1,226	0,815	0,951	0,765	1,160	0,873	1,131	0,773	1,076
17:38:04	37,0	1,108	1,195	1,160	1,180	1,155	1,179	1,121	1,164	1,178	0,862	1,177	1,106	1,251	1,206	1,224	1,199	1,228	1,240	1,229	1,124	1,246	1,233	1,267	1,216	1,082	1,194	1,118	1,313	1,143	1,167	1,274	1,184	1,162	1,309	1,048	1,218	1,331	1,330	1,321	1,329	1,357	1,359	1,315	1,331	1,359	1,370	1,351	1,342	1,219	1,245	1,269	1,133	1,045	1,124	1,076	1,170	1,237	1,035	1,263	1,192	1,239	1,287	1,102	1,310	1,078	1,290	1,260	1,317	1,040	1,203	1,157	1,169	1,174	1,085	1,025	1,151	0,860	1,113	0,915	1,234	0,936	1,266	0,958	1,260	0,844	1,067	0,748	1,226	0,813	0,948	0,764	1,156	0,867	1,128	0,767	1,073
17:48:04	37,0	1,105	1,197	1,161	1,210	1,155	1,177	1,126	1,167	1,183	0,860	1,184	1,106	1,252	1,206	1,225	1,197	1,233	1,238	1,231	1,124	1,250	1,235	1,272	1,225	1,083	1,194	1,117	1,310	1,144	1,167	1,278	1,181	1,160	1,312	1,051	1,218	1,331	1,333	1,324	1,330	1,360	1,359	1,315	1,332	1,361	1,371	1,348	1,340	1,218	1,244	1,268	1,130	1,042	1,123	1,075	1,168	1,235	1,032	1,260	1,192	1,239	1,287	1,101	1,309	1,080	1,290	1,259	1,317	1,042	1,204	1,155	1,170	1,174	1,134	1,022	1,152	0,861	1,110	0,914	1,232	0,936	1,265	0,958	1,259	0,841	1,065	0,745	1,223	0,813	0,947	0,761	1,155	0,868	1,126	0,767	1,072
17:58:04	37,0	1,105	1,194	1,159	1,174	1,146	1,175	1,119	1,162	1,177	0,859	1,179	1,104	1,249	1,208	1,224	1,198	1,231	1,238	1,231	1,126	1,246	1,235	1,270	1,219	1,081	1,193	1,116	1,311	1,143	1,166	1,277	1,182	1,162	1,313	1,048	1,216	1,332	1,333	1,325	1,333	1,367	1,360	1,317	1,334	1,367	1,373	1,349	1,340	1,215	1,245	1,265	1,129	1,040	1,121	1,074	1,165	1,234	1,031	1,257	1,190	1,240	1,288	1,101	1,309	1,084	1,291	1,259	1,318	1,045	1,207	1,157	1,172	1,173	1,109	1,021	1,151	0,860	1,109	0,913	1,231	0,934	1,263	0,958	1,258	0,842	1,062	0,744	1,225	0,811	0,945	0,760	1,154	0,865	1,124	0,764	1,071
18:08:04	37,0	1,104	1,191	1,157	1,190	1,144	1,174	1,114	1,162	1,179	0,859	1,175	1,103	1,250	1,208	1,226	1,202	1,230	1,239	1,230	1,127	1,248	1,234	1,270	1,218	1,080	1,193	1,116	1,310	1,143	1,165	1,277	1,181	1,162	1,310	1,050	1,215	1,331	1,330	1,325	1,331	1,364	1,358	1,319	1,334	1,363	1,371	1,349	1,342	1,214	1,243	1,263	1,129	1,036	1,119	1,073	1,164	1,233	1,030	1,256	1,192	1,239	1,287	1,101	1,309	1,084	1,290	1,258	1,318	1,047	1,209	1,155	1,173	1,173	1,103	1,019	1,151	0,858	1,107	0,911	1,231	0,933	1,263	0,958	1,258	0,841	1,060	0,743	1,221	0,811	0,944	0,759	1,153	0,866	1,124	0,764	1,071
18:18:04	37,0	1,103	1,190	1,156	1,200	1,143	1,171	1,110	1,160	1,175	0,858	1,175	1,102	1,251	1,206	1,224	1,202	1,230	1,237	1,229	1,127	1,247	1,232	1,266	1,218	1,079	1,191	1,115	1,310	1,141	1,164	1,275	1,179	1,161	1,307	1,043	1,213	1,330	1,332	1,324	1,330	1,358	1,360	1,317	1,333	1,363	1,371	1,347	1,342	1,212	1,243	1,260	1,128	1,034	1,117	1,073	1,160	1,232	1,029	1,255	1,190	1,240	1,287	1,102	1,308	1,087	1,291	1,260	1,318	1,050	1,214	1,160	1,177	1,173	1,098	1,018	1,151	0,858	1,107	0,910	1,230	0,931	1,264	0,955	1,258	0,846	1,059	0,742	1,221	0,810	0,946	0,759	1,154	0,868	1,125	0,768	1,071
18:28:04	37,0	1,102	1,188	1,155	1,174	1,141	1,169	1,108	1,160	1,174	0,857	1,174	1,101	1,250	1,205	1,221	1,198	1,228	1,236	1,226	1,126	1,246	1,232	1,265	1,217	1,078	1,191	1,114	1,310	1,142	1,162	1,274	1,176	1,159	1,307	1,045	1,212	1,329	1,331	1,324	1,329	1,360	1,358	1,317	1,334	1,359	1,371	1,347	1,342	1,210	1,244	1,259	1,127	1,030	1,115	1,071	1,159	1,228	1,026	1,251	1,189	1,239	1,288	1,102	1,308	1,086	1,292	1,259	1,320	1,051	1,213	1,162	1,176	1,173	1,098	1,017	1,150	0,858	1,105	0,910	1,229	0,933	1,262	0,955	1,256	0,851	1,056	0,743	1,219	0,809	0,944	0,756	1,151	0,865	1,122	0,767	1,070
18:38:04	37,0	1,100	1,187	1,153	1,180	1,143	1,169	1,108	1,160	1,174	0,856	1,174	1,102	1,252	1,208	1,220	1,198	1,230	1,236	1,228	1,126	1,246	1,233	1,265	1,220	1,078	1,190	1,114	1,307	1,139	1,162	1,278	1,176	1,157	1,310	1,038	1,211	1,328	1,333	1,325	1,331	1,358	1,357	1,319	1,331	1,361	1,367	1,347	1,339	1,208	1,243	1,258	1,126	1,032	1,115	1,070	1,157	1,226	1,024	1,251	1,188	1,238	1,289	1,103	1,309	1,088	1,293	1,260	1,319	1,054	1,214	1,156	1,177	1,174	1,094	1,015	1,148	0,857	1,104	0,909	1,229	0,933	1,261	0,956	1,255	0,852	1,055	0,742	1,220	0,807	0,944	0,756	1,152	0,864	1,121	0,767	1,069
18:48:04	37,0	1,101	1,187	1,154	1,171	1,142	1,166	1,105	1,161	1,173	0,855	1,178	1,101	1,253	1,208	1,224	1,198	1,231	1,237	1,229	1,128	1,249	1,233	1,270	1,220	1,075	1,189	1,113	1,307	1,142	1,161	1,277	1,174	1,155	1,310	1,046	1,210	1,329	1,333	1,325	1,333	1,364	1,357	1,319	1,333	1,365	1,371	1,346	1,343	1,206	1,242	1,254	1,122	1,028	1,113	1,068	1,155	1,226	1,022	1,246	1,183	1,237	1,288	1,103	1,309	1,089	1,293	1,261	1,319	1,055	1,216	1,154	1,177	1,172	1,093	1,013	1,141	0,856	1,102	0,907	1,228	0,931	1,259	0,953	1,254	0,851	1,053	0,741	1,219	0,806	0,939	0,754	1,150	0,860	1,119	0,764	1,067
18:58:04	37,0	1,099	1,185	1,153	1,180	1,143	1,165	1,105	1,160	1,174	0,854	1,177	1,101	1,254	1,210	1,228	1,200	1,232	1,237	1,233	1,125	1,248	1,232	1,271	1,220	1,075	1,188	1,111	1,309	1,142	1,162	1,279	1,174	1,153	1,311	1,045	1,210	1,331	1,335	1,327	1,328	1,373	1,358	1,324	1,330	1,362	1,373	1,355	1,345	1,205	1,241	1,253	1,121	1,026	1,111	1,067	1,153	1,224	1,021	1,246	1,183	1,237	1,290	1,103	1,309	1,088	1,294	1,260	1,317	1,058	1,220	1,150	1,179	1,172	1,091	1,012	1,140	0,855	1,101	0,906	1,227	0,930	1,259	0,954	1,254	0,853	1,051	0,740	1,217	0,804	0,938	0,755	1,150	0,861	1,120	0,764	1,067
19:08:04	37,0	1,099	1,181	1,150	1,150	1,141	1,164	1,105	1,157	1,170	0,854	1,172	1,099	1,251	1,210	1,225	1,202	1,229	1,239	1,231	1,129	1,246	1,232	1,269	1,218	1,074	1,188	1,111	1,307	1,140	1,157	1,279	1,173	1,156	1,308	1,047	1,208	1,331	1,331	1,326	1,331	1,368	1,357	1,320	1,333	1,364	1,372	1,350	1,345	1,205	1,243	1,250	1,121	1,023	1,110	1,068	1,150	1,225	1,020	1,245	1,184	1,238	1,290	1,105	1,310	1,091	1,293	1,260	1,317	1,060	1,226	1,156	1,182	1,173	1,090	1,010	1,140	0,856	1,100	0,904	1,227	0,928	1,260	0,952	1,254	0,855	1,050	0,740	1,213	0,805	0,940	0,753	1,150	0,862	1,120	0,765	1,066
19:18:04	37,0	1,098	1,181	1,152	1,198	1,144	1,163	1,109	1,157	1,171	0,853	1,175	1,100	1,253	1,211	1,227	1,201	1,231	1,235	1,230	1,126	1,248	1,232	1,269	1,220	1,074	1,187	1,111	1,309	1,141	1,156	1,280	1,173	1,153	1,309	1,040	1,206	1,331	1,334	1,325	1,333	1,366	1,354	1,321	1,333	1,362	1,371	1,348	1,345	1,201	1,240	1,250	1,121	1,019	1,109	1,065	1,148	1,221	1,018	1,242	1,179	1,236	1,289	1,104	1,309	1,091	1,294	1,261	1,318	1,061	1,224	1,155	1,180	1,172	1,088	1,008	1,139	0,856	1,099	0,904	1,226	0,929	1,257	0,949	1,251	0,857	1,048	0,738	1,216	0,803	0,936	0,752	1,149	0,858	1,118	0,763	1,066
19:28:04	37,0	1,098	1,179	1,151	1,158	1,141	1,160	1,105	1,157	1,168	0,852	1,169	1,098	1,251	1,208	1,223	1,201	1,227	1,234	1,226	1,131	1,244	1,231	1,265	1,222	1,071	1,185	1,109	1,306	1,139	1,152	1,277	1,172	1,151	1,308	1,040	1,205	1,330	1,331	1,324	1,329	1,360	1,357	1,317	1,332	1,358	1,371	1,351	1,347	1,202	1,242	1,249	1,119	1,019	1,108	1,064	1,146	1,218	1,018	1,241	1,179	1,236	1,291	1,105	1,310	1,094	1,295	1,262	1,318	1,065	1,225	1,153	1,182	1,173	1,087	1,009	1,138	0,855	1,098	0,904	1,226	0,930	1,258	0,950	1,252	0,858	1,048	0,738	1,213	0,804	0,935	0,752	1,148	0,858	1,116	0,763	1,065
19:38:04	36,9	1,097	1,178	1,151	1,205	1,141	1,159	1,103	1,156	1,168	0,851	1,169	1,097	1,252	1,208	1,221	1,200	1,229	1,235	1,226	1,129	1,244	1,231	1,265	1,220	1,070	1,184	1,108	1,307	1,137	1,154	1,280	1,169	1,150	1,307	1,037	1,203	1,329	1,333	1,324	1,328	1,359	1,356	1,317	1,327	1,361	1,366	1,349	1,345	1,200	1,240	1,247	1,117	1,018	1,107	1,065	1,144	1,219	1,017	1,240	1,178	1,236	1,290	1,105	1,310	1,094	1,295	1,264	1,319	1,066	1,229	1,149	1,183	1,173	1,086	1,006	1,137	0,854	1,097	0,902	1,225	0,928	1,257	0,948	1,251	0,857	1,046	0,738	1,214	0,802	0,935	0,751	1,148	0,857	1,117	0,761	1,065
19:48:04	37,0	1,097	1,177	1,150	1,172	1,137	1,156	1,099	1,156	1,167	0,851	1,171	1,097	1,253	1,208	1,223	1,199	1,231	1,234	1,226	1,130	1,248	1,232	1,268	1,223	1,067	1,183	1,109	1,305	1,136	1,153	1,279	1,168	1,150	1,309	1,044	1,202	1,328	1,334	1,326	1,329	1,361	1,355	1,318	1,332	1,364	1,372	1,350	1,347	1,197	1,239	1,246	1,115	1,015	1,106	1,063	1,142	1,218	1,016	1,237	1,174	1,236	1,289	1,107	1,311	1,092	1,295	1,263	1,319	1,067	1,231	1,151	1,184	1,173	1,090	1,006	1,137	0,854	1,096	0,899	1,226	0,927	1,256	0,948	1,251	0,858	1,045	0,737	1,212	0,801	0,932	0,751	1,147	0,852	1,117	0,759	1,063
19:58:04	37,0	1,096	1,177	1,150	1,180	1,134	1,156	1,097	1,153	1,167	0,849	1,171	1,097	1,253	1,208	1,227	1,202	1,230	1,235	1,228	1,130	1,248	1,232	1,265	1,221	1,068	1,182	1,106	1,305	1,136	1,154	1,280	1,168	1,150	1,308	1,042	1,201	1,327	1,333	1,325	1,331	1,369	1,361	1,325	1,331	1,367	1,372	1,351	1,344	1,196	1,239	1,242	1,114	1,013	1,103	1,063	1,140	1,216	1,016	1,235	1,174	1,236	1,290	1,107	1,312	1,092	1,295	1,263	1,318	1,067	1,233	1,149	1,186	1,174	1,089	1,006	1,135	0,854	1,095	0,898	1,225	0,926	1,256	0,947	1,251	0,858	1,044	0,735	1,211	0,800	0,933	0,750	1,147	0,854	1,117	0,760	1,063
20:08:04	37,0	1,096	1,176	1,150	1,192	1,129	1,155	1,095	1,154	1,166	0,849	1,170	1,097	1,255	1,210	1,232	1,201	1,232	1,235	1,229	1,131	1,247	1,231	1,270	1,222	1,069	1,180	1,105	1,307	1,134	1,151	1,279	1,167	1,147	1,313	1,044	1,202	1,327	1,335	1,326	1,331	1,373	1,359	1,325	1,331	1,364	1,374	1,353	1,346	1,196	1,241	1,241	1,110	1,014	1,102	1,063	1,138	1,216	1,016	1,233	1,175	1,236	1,292	1,109	1,313	1,095	1,295	1,264	1,318	1,069	1,238	1,151	1,189	1,175	1,089	1,005	1,134	0,855	1,095	0,898	1,225	0,925	1,257	0,945	1,251	0,859	1,044	0,733	1,208	0,799	0,933	0,749	1,148	0,854	1,118	0,761	1,063
20:18:04	37,0	1,096	1,172	1,149	1,176	1,126	1,154	1,092	1,154	1,163	0,848	1,166	1,094	1,251	1,211	1,226	1,203	1,228	1,235	1,226	1,131	1,246	1,230	1,266	1,218	1,064	1,179	1,105	1,306	1,133	1,149	1,277	1,165	1,150	1,307	1,042	1,198	1,327	1,331	1,328	1,331	1,366	1,357	1,319	1,333	1,364	1,372	1,352	1,346	1,192	1,241	1,240	1,108	1,013	1,101	1,060	1,136	1,214	1,014	1,231	1,172	1,236	1,292	1,110	1,314	1,097	1,296	1,266	1,320	1,071	1,238	1,149	1,189	1,174	1,088	1,005	1,132	0,856	1,093	0,898	1,225	0,926	1,255	0,942	1,249	0,861	1,044	0,734	1,208	0,800	0,931	0,748	1,147	0,851	1,117	0,760	1,063
20:28:04	37,0	1,095	1,171	1,148	1,189	1,126	1,151	1,091	1,153	1,162	0,848	1,166	1,094	1,252	1,207	1,223	1,202	1,227	1,233	1,226	1,130	1,245	1,229	1,262	1,217	1,062	1,177	1,105	1,304	1,129	1,147	1,280	1,164	1,147	1,307	1,036	1,194	1,325	1,333	1,327	1,330	1,361	1,357	1,317	1,331	1,364	1,368	1,350	1,345	1,192	1,243	1,239	1,107	1,012	1,099	1,060	1,135	1,213	1,014	1,230	1,170	1,235	1,294	1,110	1,315	1,099	1,296	1,268	1,321	1,073	1,240	1,143	1,190	1,175	1,087	1,004	1,131	0,856	1,093	0,898	1,225	0,926	1,255	0,944	1,249	0,861	1,043	0,734	1,211	0,798	0,931	0,749	1,147	0,850	1,116	0,760	1,061
20:38:04	37,0	1,094	1,169	1,147	1,189	1,126	1,150	1,093	1,151	1,160	0,847	1,165	1,093	1,250	1,210	1,222	1,199	1,226	1,232	1,221	1,131	1,245	1,229	1,264	1,218	1,059	1,176	1,103	1,303	1,127	1,145	1,277	1,161	1,144	1,308	1,033	1,193	1,323	1,333	1,326	1,329	1,356	1,356	1,318	1,331	1,362	1,366	1,352	1,344	1,190	1,240	1,237	1,106	1,011	1,099	1,060	1,133	1,212	1,014	1,229	1,170	1,236	1,294	1,112	1,316	1,102	1,297	1,270	1,322	1,074	1,243	1,143	1,190	1,176	1,087	1,004	1,130	0,856	1,092	0,894	1,225	0,924	1,254	0,943	1,249	0,859	1,042	0,733	1,209	0,797	0,930	0,748	1,147	0,850	1,116	0,759	1,062
20:48:04	37,0	1,094	1,170	1,147	1,165	1,125	1,149	1,099	1,153	1,162	0,847	1,167	1,094	1,253	1,211	1,228	1,200	1,231	1,234	1,224	1,130	1,247	1,230	1,268	1,222	1,060	1,176	1,102	1,306	1,129	1,146	1,282	1,159	1,143	1,311	1,036	1,195	1,325	1,335	1,328	1,331	1,368	1,355	1,324	1,332	1,366	1,371	1,350	1,348	1,189	1,240	1,237	1,103	1,010	1,098	1,058	1,132	1,210	1,014	1,227	1,166	1,234	1,293	1,113	1,318	1,103	1,297	1,270	1,322	1,075	1,245	1,144	1,192	1,174	1,086	1,003	1,128	0,855	1,092	0,893	1,226	0,923	1,250	0,939	1,248	0,859	1,041	0,733	1,206	0,795	0,929	0,747	1,145	0,846	1,116	0,759	1,059
20:58:04	37,0	1,094	1,167	1,146	1,190	1,122	1,147	1,095	1,151	1,157	0,847	1,162	1,093	1,252	1,210	1,223	1,200	1,228	1,233	1,221	1,133	1,244	1,229	1,264	1,218	1,058	1,173	1,100	1,304	1,124	1,141	1,278	1,159	1,140	1,308	1,032	1,191	1,323	1,333	1,325	1,328	1,360	1,356	1,318	1,324	1,364	1,367	1,351	1,347	1,189	1,240	1,236	1,102	1,008	1,097	1,058	1,130	1,210	1,014	1,226	1,167	1,236	1,294	1,114	1,319	1,104	1,297	1,270	1,322	1,075	1,247	1,145	1,192	1,175	1,088	1,004	1,127	0,857	1,091	0,891	1,225	0,923	1,249	0,939	1,248	0,859	1,040	0,733	1,204	0,795	0,927	0,748	1,146	0,846	1,117	0,757	1,059
21:08:04	37,0	1,093	1,168	1,147	1,179	1,122	1,147	1,093	1,153	1,160	0,847	1,161	1,093	1,254	1,209	1,225	1,198	1,229	1,234	1,227	1,133	1,244	1,232	1,265	1,224	1,057	1,173	1,101	1,305	1,124	1,140	1,279	1,158	1,139	1,309	1,031	1,192	1,323	1,336	1,329	1,328	1,363	1,355	1,316	1,331	1,363	1,371	1,354	1,349	1,188	1,241	1,235	1,101	1,008	1,096	1,058	1,128	1,209	1,014	1,226	1,165	1,236	1,295	1,115	1,321	1,105	1,297	1,270	1,323	1,075	1,249	1,144	1,193	1,177	1,087	1,004	1,124	0,856	1,091	0,891	1,226	0,921	1,250	0,939	1,248	0,860	1,040	0,732	1,205	0,795	0,927	0,748	1,146	0,845	1,117	0,757	1,059
21:18:04	37,0	1,093	1,166	1,143	1,173	1,121	1,146	1,089	1,153	1,159	0,845	1,163	1,094	1,254	1,209	1,226	1,198	1,229	1,234	1,226	1,133	1,245	1,232	1,266	1,223	1,057	1,171	1,099	1,303	1,124	1,141	1,281	1,157	1,139	1,309	1,032	1,191	1,323	1,336	1,328	1,329	1,367	1,356	1,316	1,332	1,367	1,374	1,351	1,348	1,188	1,246	1,233	1,100	1,008	1,095	1,058	1,126	1,209	1,016	1,226	1,166	1,238	1,298	1,118	1,322	1,110	1,298	1,273	1,324	1,078	1,253	1,147	1,198	1,179	1,087	1,007	1,083	0,855	1,092	0,891	1,227	0,921	1,250	0,938	1,250	0,863	1,042	0,730	1,203	0,796	0,930	0,748	1,149	0,848	1,119	0,760	1,060
21:28:04	37,0	1,093	1,165	1,144	1,188	1,122	1,145	1,087	1,152	1,157	0,846	1,160	1,093	1,253	1,211	1,224	1,198	1,227	1,233	1,224	1,133	1,246	1,232	1,265	1,222	1,057	1,169	1,098	1,303	1,123	1,139	1,281	1,155	1,139	1,309	1,031	1,189	1,322	1,333	1,328	1,331	1,363	1,356	1,319	1,334	1,362	1,372	1,353	1,348	1,186	1,245	1,233	1,101	1,006	1,093	1,056	1,125	1,207	1,015	1,222	1,164	1,238	1,299	1,118	1,323	1,112	1,299	1,273	1,324	1,079	1,253	1,149	1,198	1,179	1,087	1,007	1,077	0,856	1,092	0,891	1,227	0,921	1,249	0,936	1,249	0,863	1,042	0,730	1,201	0,795	0,927	0,747	1,145	0,845	1,118	0,758	1,059
21:38:04	37,0	1,094	1,167	1,145	1,158	1,121	1,142	1,089	1,151	1,159	0,847	1,165	1,093	1,255	1,212	1,231	1,198	1,232	1,234	1,228	1,133	1,250	1,232	1,269	1,223	1,056	1,169	1,097	1,306	1,125	1,140	1,285	1,155	1,135	1,313	1,032	1,189	1,323	1,336	1,329	1,331	1,370	1,358	1,329	1,330	1,364	1,376	1,358	1,349	1,184	1,244	1,233	1,100	1,005	1,093	1,056	1,125	1,206	1,015	1,222	1,163	1,236	1,299	1,120	1,326	1,115	1,300	1,275	1,326	1,081	1,254	1,146	1,199	1,178	1,087	1,006	1,075	0,858	1,091	0,890	1,228	0,920	1,249	0,934	1,248	0,865	1,042	0,731	1,202	0,794	0,928	0,747	1,145	0,842	1,118	0,757	1,058
21:48:04	37,0	1,093	1,165	1,142	1,185	1,117	1,142	1,083	1,149	1,156	0,845	1,159	1,092	1,253	1,211	1,229	1,203	1,229	1,234	1,229	1,134	1,247	1,232	1,268	1,221	1,052	1,167	1,097	1,304	1,124	1,136	1,282	1,153	1,138	1,311	1,036	1,188	1,323	1,336	1,329	1,333	1,371	1,357	1,326	1,334	1,365	1,374	1,353	1,348	1,183	1,245	1,231	1,097	1,005	1,092	1,055	1,123	1,205	1,014	1,220	1,162	1,236	1,300	1,122	1,326	1,115	1,300	1,276	1,327	1,079	1,255	1,145	1,200	1,177	1,087	1,006	1,074	0,857	1,091	0,887	1,229	0,918	1,249	0,931	1,247	0,864	1,042	0,731	1,198	0,792	0,925	0,747	1,143	0,841	1,117	0,756	1,056
21:58:04	37,0	1,093	1,163	1,141	1,164	1,118	1,139	1,084	1,149	1,152	0,845	1,159	1,091	1,251	1,211	1,225	1,201	1,226	1,230	1,222	1,132	1,245	1,230	1,266	1,219	1,050	1,166	1,096	1,303	1,121	1,136	1,282	1,151	1,134	1,310	1,027	1,184	1,322	1,334	1,327	1,330	1,361	1,357	1,318	1,334	1,363	1,370	1,355	1,348	1,182	1,243	1,231	1,098	1,004	1,092	1,055	1,122	1,207	1,016	1,221	1,159	1,238	1,300	1,122	1,328	1,116	1,301	1,277	1,327	1,078	1,258	1,148	1,202	1,180	1,086	1,006	1,074	0,858	1,092	0,886	1,229	0,917	1,248	0,932	1,248	0,864	1,042	0,731	1,207	0,794	0,926	0,747	1,145	0,845	1,119	0,757	1,058
22:08:04	37,0	1,093	1,162	1,142	1,194	1,116	1,140	1,087	1,149	1,153	0,844	1,157	1,091	1,252	1,209	1,226	1,203	1,226	1,234	1,222	1,134	1,244	1,231	1,266	1,221	1,051	1,164	1,093	1,303	1,118	1,135	1,282	1,151	1,133	1,311	1,026	1,183	1,321	1,335	1,329	1,331	1,361	1,357	1,317	1,333	1,367	1,371	1,356	1,347	1,183	1,246	1,231	1,098	1,004	1,091	1,056	1,121	1,205	1,015	1,220	1,159	1,239	1,301	1,125	1,329	1,118	1,302	1,277	1,327	1,079	1,258	1,150	1,202	1,182	1,089	1,007	1,076	0,859	1,092	0,886	1,230	0,917	1,250	0,933	1,249	0,865	1,043	0,731	1,203	0,795	0,926	0,749	1,147	0,844	1,121	0,758	1,059

