Time	T∞ Optical Density:600	A1	A2	A3	A4	A5	A6	A7	A8	A9	A10	A11	A12	B1	B2	B3	B4	B5	B6	B7	B8	B9	B10	B11	B12	C1	C2	C3	C4	C5	C6	C7	C8	C9	C10	C11	C12	D1	D2	D3	D4	D5	D6	D7	D8	D9	D10	D11	D12	E1	E2	E3	E4	E5	E6	E7	E8	E9	E10	E11	E12	F1	F2	F3	F4	F5	F6	F7	F8	F9	F10	F11	F12	G1	G2	G3	G4	G5	G6	G7	G8	G9	G10	G11	G12	H1	H2	H3	H4	H5	H6	H7	H8	H9	H10	H11	H12
0:08:04	37,0	0,165	0,126	0,137	0,125	0,141	0,146	0,132	0,137	0,129	0,153	0,152	0,156	0,130	0,142	0,126	0,133	0,093	0,154	0,093	0,138	0,094	0,126	0,134	0,110	0,121	0,132	0,130	0,112	0,144	0,117	0,140	0,107	0,113	0,135	0,130	0,124	0,105	0,125	0,123	0,117	0,118	0,130	0,120	0,121	0,121	0,113	0,118	0,118	0,117	0,111	0,128	0,120	0,116	0,118	0,142	0,133	0,129	0,115	0,120	0,108	0,119	0,156	0,161	0,125	0,108	0,179	0,114	0,159	0,112	0,129	0,156	0,113	0,174	0,151	0,180	0,166	0,155	0,118	0,146	0,130	0,151	0,104	0,138	0,112	0,092	0,145	0,091	0,158	0,091	0,126	0,092	0,119	0,092	0,111	0,092	0,111
0:18:04	37,0	0,174	0,131	0,141	0,130	0,147	0,151	0,138	0,144	0,133	0,167	0,151	0,154	0,136	0,150	0,126	0,135	0,093	0,163	0,093	0,141	0,094	0,141	0,137	0,112	0,128	0,134	0,130	0,115	0,134	0,119	0,134	0,113	0,115	0,138	0,135	0,130	0,109	0,130	0,129	0,115	0,117	0,126	0,118	0,120	0,120	0,113	0,119	0,121	0,120	0,112	0,129	0,119	0,117	0,115	0,138	0,135	0,130	0,117	0,129	0,114	0,128	0,143	0,156	0,125	0,111	0,169	0,116	0,158	0,117	0,128	0,163	0,115	0,181	0,163	0,172	0,179	0,164	0,121	0,154	0,133	0,154	0,106	0,143	0,114	0,092	0,143	0,091	0,154	0,091	0,130	0,092	0,121	0,092	0,114	0,092	0,112
0:28:04	37,0	0,185	0,138	0,144	0,136	0,154	0,158	0,143	0,156	0,137	0,169	0,163	0,156	0,145	0,158	0,130	0,142	0,093	0,170	0,093	0,147	0,094	0,157	0,143	0,115	0,131	0,140	0,136	0,118	0,137	0,124	0,142	0,118	0,117	0,142	0,139	0,135	0,112	0,138	0,133	0,118	0,121	0,130	0,122	0,124	0,125	0,117	0,123	0,124	0,121	0,115	0,132	0,122	0,120	0,118	0,141	0,141	0,135	0,120	0,134	0,108	0,130	0,135	0,159	0,127	0,115	0,164	0,119	0,162	0,120	0,140	0,168	0,117	0,194	0,170	0,179	0,184	0,169	0,124	0,159	0,139	0,154	0,107	0,148	0,116	0,092	0,148	0,091	0,158	0,091	0,133	0,092	0,125	0,092	0,117	0,092	0,115
0:38:04	37,0	0,199	0,147	0,150	0,144	0,163	0,167	0,152	0,171	0,144	0,174	0,175	0,165	0,153	0,170	0,135	0,152	0,092	0,186	0,093	0,159	0,094	0,175	0,154	0,118	0,136	0,146	0,143	0,123	0,140	0,131	0,154	0,122	0,120	0,150	0,145	0,142	0,116	0,144	0,141	0,123	0,126	0,136	0,127	0,130	0,131	0,122	0,128	0,131	0,127	0,118	0,137	0,127	0,124	0,121	0,145	0,148	0,144	0,125	0,139	0,109	0,136	0,138	0,164	0,132	0,118	0,167	0,123	0,166	0,124	0,157	0,175	0,121	0,212	0,182	0,188	0,196	0,178	0,129	0,169	0,145	0,163	0,110	0,163	0,121	0,092	0,153	0,091	0,163	0,091	0,138	0,092	0,130	0,092	0,121	0,092	0,119
0:48:04	37,0	0,216	0,158	0,159	0,157	0,177	0,183	0,164	0,190	0,153	0,188	0,187	0,179	0,167	0,183	0,144	0,164	0,093	0,206	0,093	0,174	0,094	0,196	0,168	0,125	0,143	0,157	0,149	0,129	0,145	0,139	0,161	0,129	0,125	0,161	0,153	0,151	0,120	0,156	0,153	0,130	0,134	0,145	0,137	0,136	0,140	0,128	0,135	0,139	0,135	0,124	0,143	0,135	0,130	0,129	0,153	0,157	0,152	0,131	0,147	0,122	0,145	0,144	0,171	0,138	0,124	0,175	0,126	0,172	0,131	0,174	0,185	0,126	0,213	0,195	0,198	0,213	0,189	0,136	0,180	0,155	0,175	0,115	0,179	0,129	0,092	0,158	0,091	0,171	0,091	0,145	0,092	0,137	0,092	0,129	0,092	0,126
0:58:04	37,0	0,238	0,172	0,172	0,175	0,193	0,204	0,179	0,211	0,166	0,207	0,201	0,198	0,184	0,203	0,158	0,180	0,092	0,228	0,093	0,193	0,093	0,218	0,182	0,133	0,151	0,172	0,156	0,139	0,153	0,151	0,166	0,138	0,131	0,176	0,161	0,166	0,128	0,171	0,166	0,139	0,146	0,156	0,146	0,146	0,153	0,138	0,144	0,148	0,144	0,132	0,153	0,143	0,138	0,137	0,165	0,172	0,160	0,139	0,155	0,127	0,159	0,153	0,180	0,148	0,130	0,182	0,131	0,180	0,139	0,186	0,199	0,135	0,220	0,214	0,217	0,233	0,206	0,147	0,197	0,169	0,190	0,121	0,195	0,137	0,092	0,169	0,091	0,177	0,091	0,155	0,092	0,148	0,092	0,138	0,092	0,136
1:08:04	37,0	0,263	0,192	0,190	0,192	0,212	0,226	0,197	0,233	0,183	0,228	0,213	0,221	0,209	0,224	0,175	0,200	0,093	0,255	0,093	0,217	0,093	0,243	0,205	0,146	0,165	0,191	0,167	0,152	0,165	0,167	0,177	0,151	0,139	0,195	0,174	0,183	0,140	0,189	0,185	0,151	0,161	0,171	0,162	0,160	0,168	0,152	0,161	0,162	0,159	0,142	0,166	0,154	0,149	0,149	0,182	0,188	0,174	0,152	0,168	0,133	0,178	0,166	0,194	0,162	0,142	0,193	0,137	0,194	0,152	0,202	0,218	0,147	0,241	0,237	0,242	0,259	0,225	0,160	0,219	0,184	0,211	0,129	0,218	0,149	0,092	0,185	0,091	0,188	0,091	0,170	0,092	0,165	0,092	0,153	0,092	0,151
1:18:04	37,0	0,287	0,215	0,210	0,210	0,235	0,251	0,220	0,259	0,203	0,257	0,240	0,246	0,231	0,253	0,197	0,224	0,093	0,282	0,093	0,244	0,093	0,272	0,228	0,162	0,180	0,214	0,180	0,169	0,178	0,185	0,190	0,168	0,151	0,218	0,190	0,205	0,155	0,213	0,208	0,167	0,179	0,187	0,181	0,177	0,189	0,169	0,180	0,184	0,175	0,157	0,182	0,169	0,163	0,163	0,198	0,210	0,194	0,169	0,187	0,141	0,199	0,182	0,215	0,180	0,155	0,207	0,146	0,220	0,169	0,224	0,242	0,164	0,260	0,260	0,271	0,292	0,251	0,179	0,246	0,205	0,236	0,138	0,246	0,165	0,092	0,202	0,091	0,199	0,091	0,198	0,092	0,185	0,092	0,175	0,092	0,172
1:28:04	37,0	0,313	0,236	0,231	0,237	0,258	0,275	0,241	0,284	0,224	0,284	0,265	0,271	0,253	0,287	0,221	0,250	0,093	0,311	0,093	0,272	0,093	0,303	0,255	0,181	0,203	0,240	0,196	0,190	0,198	0,205	0,209	0,188	0,165	0,244	0,210	0,229	0,175	0,235	0,226	0,189	0,198	0,207	0,198	0,197	0,209	0,191	0,199	0,204	0,197	0,176	0,203	0,188	0,182	0,184	0,219	0,238	0,218	0,190	0,209	0,152	0,228	0,205	0,235	0,200	0,172	0,235	0,159	0,251	0,191	0,250	0,272	0,187	0,294	0,289	0,301	0,321	0,278	0,201	0,275	0,232	0,263	0,156	0,275	0,188	0,092	0,220	0,091	0,215	0,091	0,207	0,092	0,208	0,091	0,201	0,092	0,201
1:38:04	37,0	0,337	0,255	0,251	0,255	0,280	0,302	0,263	0,310	0,248	0,310	0,292	0,299	0,280	0,322	0,248	0,279	0,092	0,343	0,093	0,300	0,093	0,339	0,281	0,203	0,223	0,264	0,217	0,211	0,218	0,227	0,227	0,208	0,184	0,269	0,233	0,255	0,188	0,259	0,250	0,213	0,217	0,228	0,217	0,216	0,238	0,204	0,218	0,228	0,224	0,197	0,232	0,209	0,203	0,209	0,246	0,269	0,245	0,214	0,234	0,168	0,257	0,229	0,260	0,225	0,194	0,263	0,174	0,284	0,217	0,281	0,310	0,215	0,322	0,321	0,330	0,362	0,304	0,230	0,303	0,262	0,292	0,177	0,306	0,217	0,092	0,251	0,091	0,235	0,091	0,229	0,092	0,232	0,092	0,228	0,092	0,236
1:48:04	37,0	0,363	0,277	0,273	0,287	0,307	0,333	0,291	0,334	0,272	0,339	0,321	0,328	0,302	0,360	0,274	0,308	0,093	0,376	0,093	0,332	0,093	0,371	0,313	0,237	0,243	0,288	0,236	0,238	0,238	0,250	0,248	0,229	0,203	0,298	0,257	0,277	0,213	0,284	0,267	0,228	0,239	0,235	0,245	0,242	0,256	0,234	0,241	0,254	0,250	0,223	0,261	0,235	0,231	0,236	0,274	0,304	0,273	0,242	0,261	0,189	0,286	0,253	0,294	0,257	0,222	0,288	0,194	0,313	0,245	0,316	0,346	0,250	0,349	0,357	0,358	0,402	0,330	0,262	0,331	0,295	0,319	0,202	0,335	0,256	0,092	0,281	0,091	0,262	0,091	0,256	0,092	0,265	0,091	0,262	0,092	0,272
1:58:04	37,0	0,386	0,303	0,297	0,311	0,332	0,363	0,336	0,365	0,297	0,366	0,349	0,357	0,327	0,409	0,301	0,341	0,093	0,413	0,093	0,364	0,093	0,408	0,344	0,262	0,267	0,314	0,258	0,268	0,260	0,272	0,281	0,251	0,225	0,330	0,282	0,300	0,241	0,319	0,290	0,247	0,264	0,256	0,275	0,270	0,276	0,273	0,268	0,288	0,281	0,252	0,295	0,260	0,259	0,269	0,300	0,341	0,303	0,274	0,291	0,217	0,315	0,278	0,325	0,289	0,246	0,309	0,216	0,349	0,271	0,350	0,391	0,276	0,383	0,390	0,389	0,436	0,359	0,299	0,359	0,331	0,346	0,233	0,368	0,303	0,092	0,314	0,091	0,286	0,091	0,304	0,092	0,301	0,092	0,296	0,092	0,306
2:08:04	37,0	0,408	0,326	0,322	0,337	0,358	0,391	0,371	0,391	0,323	0,391	0,379	0,387	0,350	0,475	0,333	0,375	0,092	0,446	0,092	0,396	0,093	0,440	0,375	0,296	0,288	0,339	0,281	0,300	0,293	0,292	0,342	0,272	0,249	0,367	0,315	0,323	0,258	0,354	0,323	0,275	0,287	0,285	0,314	0,295	0,322	0,309	0,298	0,329	0,306	0,280	0,325	0,288	0,289	0,296	0,338	0,379	0,331	0,304	0,318	0,249	0,343	0,310	0,350	0,326	0,275	0,338	0,242	0,388	0,299	0,438	0,434	0,310	0,419	0,426	0,418	0,468	0,386	0,332	0,392	0,369	0,375	0,268	0,402	0,355	0,092	0,358	0,091	0,312	0,091	0,311	0,092	0,339	0,091	0,337	0,092	0,345
2:18:04	37,0	0,426	0,347	0,350	0,365	0,384	0,420	0,411	0,413	0,355	0,414	0,405	0,411	0,372	0,543	0,365	0,405	0,092	0,479	0,093	0,425	0,093	0,471	0,402	0,334	0,311	0,362	0,303	0,329	0,347	0,318	0,405	0,295	0,276	0,394	0,351	0,352	0,293	0,388	0,366	0,325	0,321	0,309	0,352	0,334	0,346	0,334	0,332	0,375	0,341	0,311	0,359	0,318	0,319	0,328	0,386	0,418	0,364	0,339	0,351	0,286	0,380	0,346	0,395	0,366	0,302	0,372	0,268	0,432	0,334	0,515	0,478	0,372	0,471	0,457	0,450	0,507	0,417	0,393	0,423	0,407	0,405	0,304	0,437	0,397	0,092	0,395	0,091	0,350	0,091	0,357	0,092	0,380	0,092	0,379	0,092	0,393
2:28:04	37,0	0,447	0,369	0,373	0,386	0,406	0,446	0,438	0,435	0,390	0,435	0,427	0,433	0,407	0,596	0,399	0,435	0,092	0,513	0,093	0,461	0,093	0,497	0,429	0,373	0,334	0,386	0,328	0,355	0,410	0,343	0,468	0,318	0,302	0,426	0,379	0,380	0,319	0,414	0,397	0,375	0,363	0,347	0,379	0,396	0,390	0,375	0,370	0,412	0,374	0,344	0,390	0,353	0,352	0,361	0,434	0,462	0,398	0,376	0,387	0,320	0,413	0,385	0,444	0,402	0,341	0,410	0,296	0,458	0,376	0,576	0,526	0,462	0,509	0,505	0,477	0,521	0,448	0,422	0,455	0,448	0,435	0,343	0,469	0,444	0,092	0,416	0,091	0,386	0,091	0,384	0,092	0,424	0,092	0,439	0,092	0,449
2:38:04	37,0	0,467	0,388	0,394	0,408	0,424	0,472	0,449	0,460	0,410	0,455	0,450	0,454	0,458	0,624	0,443	0,465	0,092	0,545	0,093	0,493	0,093	0,522	0,465	0,418	0,354	0,409	0,353	0,378	0,451	0,366	0,501	0,340	0,327	0,454	0,406	0,407	0,359	0,421	0,413	0,387	0,367	0,375	0,415	0,400	0,415	0,408	0,413	0,439	0,407	0,384	0,416	0,389	0,382	0,395	0,477	0,500	0,431	0,417	0,421	0,360	0,432	0,414	0,497	0,433	0,389	0,443	0,326	0,510	0,425	0,606	0,546	0,533	0,536	0,527	0,503	0,538	0,476	0,451	0,488	0,483	0,462	0,388	0,501	0,494	0,092	0,430	0,091	0,408	0,091	0,424	0,092	0,451	0,091	0,482	0,092	0,498
2:48:04	37,0	0,485	0,407	0,415	0,424	0,444	0,514	0,483	0,481	0,443	0,477	0,469	0,475	0,509	0,646	0,461	0,494	0,093	0,579	0,093	0,525	0,093	0,545	0,505	0,456	0,377	0,435	0,381	0,402	0,464	0,394	0,518	0,362	0,355	0,501	0,435	0,433	0,401	0,431	0,444	0,429	0,407	0,402	0,430	0,430	0,443	0,432	0,429	0,488	0,432	0,423	0,437	0,415	0,401	0,423	0,513	0,534	0,454	0,448	0,459	0,399	0,445	0,439	0,538	0,460	0,417	0,468	0,357	0,526	0,451	0,616	0,570	0,602	0,574	0,547	0,522	0,556	0,495	0,474	0,507	0,507	0,489	0,429	0,526	0,544	0,092	0,447	0,091	0,421	0,091	0,432	0,092	0,484	0,092	0,507	0,092	0,527
2:58:04	37,0	0,501	0,425	0,432	0,445	0,462	0,539	0,500	0,499	0,471	0,508	0,489	0,500	0,553	0,659	0,489	0,520	0,093	0,615	0,093	0,549	0,093	0,563	0,547	0,491	0,399	0,456	0,404	0,428	0,502	0,431	0,525	0,385	0,387	0,567	0,456	0,465	0,425	0,467	0,450	0,427	0,426	0,405	0,446	0,423	0,458	0,461	0,444	0,518	0,464	0,446	0,449	0,433	0,416	0,452	0,525	0,554	0,478	0,470	0,490	0,442	0,460	0,463	0,551	0,482	0,433	0,486	0,389	0,562	0,479	0,616	0,590	0,648	0,574	0,554	0,541	0,569	0,513	0,490	0,524	0,528	0,511	0,461	0,542	0,574	0,092	0,463	0,091	0,450	0,091	0,444	0,092	0,481	0,092	0,525	0,092	0,563
3:08:04	37,0	0,519	0,444	0,455	0,466	0,480	0,561	0,517	0,512	0,486	0,530	0,511	0,520	0,579	0,667	0,507	0,548	0,092	0,648	0,093	0,585	0,093	0,583	0,589	0,524	0,430	0,475	0,427	0,448	0,540	0,459	0,560	0,412	0,410	0,595	0,508	0,524	0,448	0,492	0,468	0,461	0,435	0,416	0,465	0,441	0,460	0,465	0,462	0,538	0,502	0,466	0,465	0,456	0,433	0,477	0,537	0,572	0,498	0,487	0,517	0,485	0,472	0,493	0,554	0,502	0,444	0,516	0,412	0,579	0,505	0,630	0,610	0,680	0,598	0,601	0,553	0,581	0,529	0,503	0,540	0,544	0,526	0,483	0,557	0,590	0,092	0,488	0,091	0,469	0,091	0,458	0,092	0,497	0,092	0,544	0,092	0,594
3:18:04	37,0	0,533	0,459	0,483	0,480	0,499	0,578	0,538	0,527	0,494	0,557	0,526	0,544	0,604	0,673	0,524	0,572	0,092	0,672	0,093	0,609	0,093	0,622	0,626	0,555	0,458	0,498	0,461	0,464	0,579	0,477	0,570	0,439	0,439	0,628	0,540	0,579	0,471	0,512	0,488	0,474	0,448	0,436	0,473	0,457	0,492	0,486	0,489	0,570	0,527	0,501	0,477	0,475	0,451	0,508	0,537	0,597	0,513	0,508	0,534	0,527	0,481	0,518	0,563	0,528	0,451	0,541	0,430	0,598	0,528	0,655	0,630	0,676	0,624	0,624	0,563	0,596	0,542	0,516	0,554	0,559	0,542	0,500	0,572	0,602	0,092	0,514	0,091	0,473	0,091	0,478	0,092	0,514	0,092	0,567	0,092	0,627
3:28:04	37,0	0,543	0,473	0,507	0,499	0,517	0,594	0,549	0,537	0,512	0,587	0,545	0,568	0,620	0,676	0,551	0,597	0,092	0,700	0,093	0,630	0,093	0,641	0,652	0,598	0,480	0,531	0,482	0,475	0,582	0,503	0,573	0,480	0,474	0,651	0,558	0,615	0,481	0,519	0,498	0,476	0,469	0,462	0,483	0,475	0,504	0,504	0,515	0,578	0,575	0,513	0,481	0,489	0,461	0,533	0,543	0,611	0,524	0,532	0,553	0,580	0,491	0,537	0,601	0,538	0,462	0,570	0,447	0,597	0,551	0,664	0,649	0,677	0,634	0,646	0,574	0,615	0,554	0,530	0,565	0,572	0,556	0,511	0,584	0,613	0,092	0,535	0,091	0,477	0,091	0,496	0,092	0,533	0,092	0,585	0,092	0,655
3:38:04	37,0	0,557	0,486	0,529	0,517	0,537	0,611	0,563	0,552	0,524	0,603	0,565	0,591	0,638	0,678	0,576	0,615	0,092	0,722	0,093	0,651	0,093	0,656	0,664	0,632	0,489	0,567	0,503	0,497	0,588	0,543	0,570	0,527	0,512	0,665	0,568	0,641	0,495	0,536	0,533	0,501	0,493	0,490	0,502	0,496	0,524	0,532	0,531	0,644	0,610	0,524	0,496	0,515	0,481	0,556	0,550	0,623	0,541	0,557	0,574	0,615	0,499	0,565	0,622	0,546	0,474	0,573	0,460	0,614	0,572	0,686	0,666	0,686	0,634	0,658	0,577	0,633	0,564	0,543	0,575	0,579	0,563	0,525	0,592	0,622	0,092	0,551	0,091	0,500	0,091	0,499	0,092	0,562	0,092	0,593	0,092	0,675
3:48:04	37,0	0,570	0,503	0,551	0,539	0,554	0,638	0,584	0,566	0,541	0,620	0,593	0,612	0,651	0,683	0,594	0,627	0,092	0,746	0,093	0,668	0,093	0,672	0,677	0,659	0,490	0,594	0,513	0,534	0,603	0,570	0,569	0,565	0,530	0,673	0,578	0,669	0,515	0,575	0,547	0,510	0,516	0,531	0,535	0,520	0,558	0,562	0,561	0,742	0,641	0,539	0,511	0,530	0,494	0,578	0,568	0,647	0,558	0,591	0,620	0,663	0,509	0,596	0,639	0,562	0,489	0,576	0,478	0,628	0,597	0,699	0,673	0,692	0,630	0,673	0,587	0,645	0,572	0,558	0,587	0,592	0,571	0,534	0,600	0,634	0,092	0,571	0,091	0,531	0,092	0,512	0,092	0,602	0,092	0,618	0,092	0,698
3:58:04	37,0	0,578	0,520	0,573	0,560	0,573	0,650	0,602	0,580	0,555	0,630	0,618	0,628	0,660	0,687	0,610	0,639	0,092	0,768	0,093	0,685	0,093	0,684	0,690	0,678	0,491	0,614	0,531	0,562	0,615	0,590	0,573	0,597	0,555	0,680	0,586	0,687	0,533	0,622	0,588	0,532	0,548	0,586	0,586	0,557	0,613	0,600	0,592	0,798	0,672	0,551	0,526	0,566	0,512	0,593	0,576	0,657	0,573	0,617	0,638	0,692	0,520	0,624	0,656	0,586	0,510	0,596	0,492	0,642	0,610	0,721	0,687	0,699	0,631	0,689	0,596	0,666	0,577	0,573	0,598	0,602	0,582	0,544	0,611	0,645	0,092	0,599	0,091	0,550	0,091	0,521	0,093	0,636	0,092	0,630	0,092	0,725
4:08:04	37,0	0,592	0,539	0,596	0,582	0,592	0,665	0,622	0,596	0,567	0,640	0,639	0,642	0,671	0,691	0,624	0,652	0,092	0,794	0,093	0,702	0,093	0,697	0,702	0,693	0,495	0,627	0,558	0,582	0,623	0,611	0,579	0,622	0,569	0,689	0,593	0,704	0,564	0,654	0,630	0,574	0,582	0,641	0,636	0,610	0,653	0,661	0,626	0,837	0,685	0,561	0,536	0,599	0,531	0,610	0,586	0,678	0,584	0,652	0,664	0,719	0,531	0,650	0,668	0,601	0,525	0,607	0,508	0,655	0,622	0,738	0,691	0,708	0,630	0,706	0,604	0,687	0,585	0,587	0,607	0,612	0,589	0,554	0,621	0,655	0,092	0,630	0,091	0,560	0,092	0,520	0,092	0,665	0,092	0,649	0,092	0,764
4:18:04	37,0	0,602	0,557	0,619	0,601	0,612	0,682	0,637	0,614	0,579	0,652	0,659	0,654	0,682	0,699	0,638	0,663	0,093	0,818	0,093	0,716	0,094	0,710	0,715	0,710	0,500	0,643	0,571	0,599	0,628	0,626	0,582	0,644	0,578	0,697	0,602	0,723	0,589	0,679	0,665	0,619	0,619	0,687	0,678	0,656	0,691	0,707	0,660	0,870	0,700	0,573	0,546	0,627	0,548	0,627	0,602	0,699	0,597	0,682	0,680	0,742	0,545	0,674	0,665	0,620	0,537	0,622	0,525	0,679	0,642	0,752	0,705	0,724	0,622	0,721	0,614	0,706	0,591	0,603	0,618	0,622	0,597	0,564	0,629	0,668	0,092	0,667	0,091	0,592	0,092	0,584	0,092	0,694	0,092	0,669	0,092	0,799
4:28:04	36,9	0,611	0,578	0,634	0,617	0,632	0,693	0,651	0,631	0,592	0,663	0,674	0,662	0,694	0,706	0,651	0,677	0,092	0,842	0,093	0,731	0,093	0,722	0,730	0,727	0,507	0,655	0,580	0,615	0,631	0,639	0,585	0,660	0,589	0,707	0,608	0,740	0,624	0,705	0,696	0,657	0,654	0,733	0,707	0,701	0,725	0,751	0,703	0,893	0,722	0,594	0,555	0,645	0,555	0,646	0,613	0,727	0,609	0,714	0,702	0,764	0,558	0,696	0,666	0,639	0,549	0,640	0,540	0,694	0,667	0,766	0,715	0,740	0,619	0,734	0,622	0,722	0,596	0,620	0,626	0,630	0,603	0,573	0,637	0,681	0,092	0,707	0,091	0,633	0,091	0,590	0,092	0,709	0,092	0,697	0,092	0,825
4:38:04	37,0	0,623	0,600	0,648	0,630	0,653	0,715	0,667	0,652	0,605	0,675	0,692	0,669	0,705	0,714	0,667	0,691	0,092	0,863	0,093	0,749	0,093	0,738	0,748	0,743	0,516	0,665	0,588	0,632	0,634	0,656	0,588	0,677	0,596	0,717	0,613	0,762	0,660	0,726	0,731	0,701	0,686	0,763	0,745	0,748	0,763	0,788	0,739	0,930	0,735	0,617	0,568	0,665	0,570	0,670	0,621	0,747	0,629	0,735	0,719	0,798	0,577	0,721	0,675	0,649	0,570	0,673	0,558	0,707	0,690	0,776	0,725	0,750	0,619	0,753	0,629	0,738	0,601	0,634	0,636	0,641	0,612	0,585	0,648	0,694	0,092	0,741	0,091	0,684	0,091	0,568	0,092	0,724	0,092	0,681	0,092	0,838
4:48:04	37,0	0,633	0,617	0,660	0,646	0,668	0,722	0,674	0,672	0,617	0,689	0,705	0,677	0,717	0,723	0,681	0,703	0,093	0,880	0,093	0,762	0,093	0,752	0,759	0,758	0,523	0,673	0,593	0,645	0,636	0,673	0,591	0,692	0,601	0,729	0,618	0,780	0,697	0,750	0,754	0,730	0,714	0,788	0,769	0,777	0,783	0,824	0,774	0,951	0,747	0,634	0,587	0,680	0,587	0,690	0,641	0,777	0,648	0,754	0,739	0,814	0,598	0,735	0,684	0,660	0,590	0,696	0,576	0,720	0,712	0,786	0,732	0,763	0,625	0,766	0,640	0,759	0,609	0,649	0,645	0,648	0,619	0,594	0,655	0,709	0,092	0,758	0,091	0,701	0,092	0,595	0,092	0,727	0,092	0,693	0,092	0,827
4:58:04	37,0	0,643	0,640	0,670	0,663	0,688	0,735	0,685	0,694	0,631	0,707	0,733	0,685	0,730	0,734	0,695	0,719	0,093	0,902	0,093	0,776	0,093	0,764	0,779	0,775	0,530	0,685	0,598	0,662	0,636	0,684	0,593	0,709	0,605	0,740	0,622	0,800	0,733	0,776	0,782	0,764	0,751	0,815	0,792	0,809	0,812	0,842	0,795	0,972	0,758	0,649	0,598	0,692	0,604	0,709	0,648	0,795	0,676	0,768	0,750	0,835	0,632	0,751	0,703	0,673	0,598	0,696	0,595	0,730	0,725	0,797	0,740	0,775	0,628	0,783	0,649	0,772	0,617	0,668	0,656	0,657	0,630	0,607	0,664	0,724	0,093	0,772	0,091	0,743	0,092	0,611	0,092	0,736	0,092	0,710	0,092	0,844
5:08:04	37,0	0,654	0,659	0,678	0,676	0,704	0,747	0,690	0,709	0,642	0,719	0,747	0,696	0,742	0,743	0,707	0,732	0,092	0,917	0,092	0,790	0,093	0,778	0,790	0,794	0,539	0,696	0,603	0,675	0,640	0,709	0,598	0,725	0,608	0,754	0,628	0,816	0,765	0,800	0,806	0,794	0,773	0,845	0,824	0,839	0,833	0,869	0,838	0,988	0,759	0,666	0,611	0,704	0,618	0,728	0,662	0,804	0,713	0,784	0,751	0,856	0,661	0,761	0,710	0,691	0,607	0,713	0,609	0,745	0,736	0,806	0,746	0,788	0,633	0,800	0,659	0,794	0,623	0,683	0,665	0,666	0,636	0,617	0,672	0,735	0,092	0,804	0,091	0,736	0,091	0,659	0,092	0,741	0,092	0,731	0,092	0,855
5:18:04	37,0	0,664	0,678	0,688	0,693	0,714	0,757	0,707	0,728	0,654	0,743	0,762	0,706	0,754	0,755	0,722	0,749	0,093	0,935	0,093	0,805	0,093	0,791	0,809	0,810	0,546	0,706	0,608	0,691	0,643	0,719	0,603	0,740	0,620	0,768	0,634	0,837	0,799	0,823	0,832	0,821	0,796	0,869	0,845	0,870	0,855	0,895	0,853	1,010	0,769	0,682	0,626	0,724	0,627	0,753	0,676	0,826	0,730	0,804	0,762	0,873	0,682	0,773	0,723	0,703	0,628	0,730	0,628	0,763	0,744	0,817	0,754	0,801	0,641	0,813	0,668	0,812	0,628	0,696	0,676	0,674	0,647	0,629	0,681	0,750	0,092	0,809	0,091	0,757	0,092	0,652	0,092	0,750	0,092	0,741	0,092	0,870
5:28:04	37,0	0,674	0,693	0,698	0,711	0,735	0,771	0,722	0,749	0,666	0,757	0,783	0,719	0,763	0,766	0,734	0,759	0,092	0,952	0,092	0,819	0,093	0,804	0,824	0,827	0,555	0,719	0,617	0,709	0,649	0,745	0,609	0,761	0,626	0,785	0,641	0,854	0,830	0,847	0,852	0,846	0,825	0,886	0,866	0,893	0,879	0,910	0,877	1,024	0,777	0,699	0,638	0,736	0,645	0,772	0,696	0,836	0,751	0,816	0,771	0,885	0,694	0,786	0,732	0,718	0,644	0,753	0,648	0,769	0,757	0,829	0,762	0,808	0,650	0,828	0,676	0,832	0,637	0,715	0,687	0,687	0,655	0,644	0,691	0,764	0,092	0,826	0,091	0,747	0,091	0,696	0,092	0,756	0,092	0,752	0,092	0,882
5:38:04	37,0	0,684	0,710	0,708	0,726	0,753	0,782	0,734	0,764	0,679	0,763	0,806	0,734	0,775	0,776	0,745	0,773	0,093	0,967	0,093	0,833	0,093	0,815	0,843	0,846	0,562	0,733	0,625	0,724	0,655	0,763	0,616	0,774	0,635	0,807	0,644	0,875	0,858	0,869	0,876	0,870	0,844	0,901	0,891	0,916	0,899	0,943	0,904	1,038	0,789	0,716	0,649	0,753	0,656	0,796	0,713	0,854	0,773	0,829	0,785	0,900	0,706	0,796	0,738	0,735	0,659	0,768	0,657	0,777	0,769	0,839	0,770	0,818	0,659	0,846	0,688	0,847	0,646	0,730	0,699	0,695	0,664	0,653	0,702	0,778	0,092	0,834	0,092	0,752	0,092	0,703	0,092	0,764	0,092	0,758	0,092	0,898
5:48:04	37,0	0,695	0,727	0,720	0,741	0,758	0,794	0,754	0,784	0,693	0,783	0,827	0,748	0,788	0,787	0,757	0,787	0,092	0,981	0,092	0,848	0,093	0,828	0,859	0,863	0,569	0,747	0,635	0,745	0,661	0,777	0,624	0,794	0,639	0,824	0,657	0,896	0,885	0,888	0,894	0,891	0,875	0,921	0,905	0,936	0,919	0,954	0,922	1,060	0,799	0,734	0,661	0,770	0,663	0,818	0,733	0,863	0,787	0,842	0,800	0,909	0,713	0,804	0,746	0,752	0,673	0,782	0,676	0,791	0,777	0,852	0,780	0,828	0,669	0,860	0,699	0,863	0,657	0,745	0,711	0,708	0,676	0,665	0,712	0,794	0,092	0,849	0,091	0,755	0,091	0,723	0,092	0,774	0,092	0,764	0,092	0,913
5:58:04	37,0	0,706	0,742	0,729	0,758	0,779	0,811	0,761	0,788	0,705	0,797	0,843	0,762	0,799	0,796	0,769	0,802	0,093	0,992	0,092	0,860	0,093	0,841	0,872	0,876	0,575	0,762	0,641	0,769	0,665	0,801	0,638	0,821	0,650	0,843	0,660	0,916	0,910	0,909	0,917	0,919	0,893	0,947	0,936	0,968	0,937	0,975	0,938	1,072	0,806	0,750	0,669	0,784	0,668	0,835	0,749	0,872	0,800	0,851	0,816	0,916	0,718	0,811	0,752	0,765	0,688	0,790	0,695	0,797	0,784	0,861	0,789	0,837	0,676	0,874	0,708	0,878	0,662	0,762	0,721	0,720	0,682	0,676	0,722	0,807	0,092	0,866	0,091	0,763	0,092	0,745	0,092	0,784	0,092	0,770	0,092	0,927
6:08:04	37,0	0,717	0,760	0,740	0,770	0,804	0,832	0,775	0,807	0,717	0,806	0,855	0,774	0,813	0,808	0,783	0,815	0,093	1,000	0,093	0,872	0,093	0,853	0,886	0,892	0,582	0,775	0,653	0,788	0,675	0,811	0,651	0,839	0,660	0,855	0,669	0,935	0,935	0,933	0,936	0,935	0,908	0,959	0,951	0,984	0,956	0,989	0,963	1,084	0,812	0,768	0,680	0,797	0,674	0,848	0,768	0,880	0,813	0,860	0,829	0,927	0,727	0,820	0,760	0,776	0,698	0,802	0,716	0,804	0,792	0,873	0,801	0,845	0,682	0,889	0,716	0,899	0,671	0,781	0,734	0,733	0,688	0,687	0,732	0,822	0,093	0,881	0,092	0,772	0,092	0,755	0,093	0,793	0,092	0,778	0,092	0,940
6:18:04	37,0	0,729	0,776	0,753	0,785	0,819	0,839	0,785	0,835	0,732	0,817	0,865	0,791	0,824	0,819	0,798	0,829	0,093	1,006	0,092	0,885	0,093	0,865	0,899	0,905	0,590	0,791	0,671	0,811	0,681	0,826	0,661	0,858	0,660	0,869	0,678	0,952	0,954	0,949	0,956	0,952	0,928	0,983	0,966	1,008	0,972	1,007	0,982	1,099	0,815	0,782	0,688	0,812	0,684	0,861	0,787	0,885	0,824	0,866	0,842	0,936	0,732	0,828	0,770	0,790	0,707	0,811	0,722	0,816	0,799	0,883	0,810	0,857	0,690	0,904	0,723	0,917	0,678	0,795	0,741	0,745	0,701	0,701	0,742	0,834	0,092	0,889	0,091	0,780	0,092	0,764	0,093	0,803	0,092	0,784	0,092	0,953
6:28:04	37,0	0,740	0,790	0,766	0,802	0,824	0,845	0,796	0,857	0,750	0,835	0,874	0,808	0,835	0,830	0,809	0,840	0,093	1,016	0,093	0,897	0,093	0,876	0,916	0,922	0,598	0,808	0,677	0,824	0,687	0,841	0,670	0,874	0,681	0,891	0,687	0,966	0,976	0,964	0,969	0,969	0,950	0,992	0,980	1,018	0,989	1,027	1,006	1,112	0,826	0,796	0,700	0,825	0,692	0,876	0,802	0,900	0,836	0,874	0,852	0,945	0,740	0,837	0,780	0,802	0,722	0,823	0,733	0,826	0,808	0,896	0,820	0,868	0,697	0,915	0,730	0,932	0,689	0,812	0,753	0,757	0,708	0,710	0,750	0,848	0,092	0,904	0,091	0,792	0,092	0,771	0,092	0,813	0,092	0,792	0,092	0,965
6:38:04	37,0	0,751	0,804	0,781	0,819	0,837	0,862	0,817	0,874	0,764	0,863	0,890	0,824	0,848	0,840	0,820	0,851	0,094	1,027	0,093	0,911	0,093	0,889	0,933	0,935	0,608	0,825	0,689	0,836	0,697	0,862	0,680	0,888	0,693	0,900	0,698	0,979	0,998	0,980	0,983	0,983	0,963	1,010	1,002	1,031	1,001	1,038	1,020	1,124	0,834	0,809	0,713	0,843	0,703	0,891	0,815	0,913	0,851	0,883	0,862	0,952	0,750	0,847	0,790	0,810	0,735	0,835	0,745	0,837	0,818	0,908	0,829	0,882	0,704	0,926	0,737	0,946	0,696	0,830	0,759	0,769	0,715	0,721	0,758	0,860	0,092	0,917	0,091	0,803	0,092	0,782	0,093	0,827	0,092	0,802	0,092	0,982
6:48:04	37,0	0,761	0,819	0,797	0,834	0,867	0,877	0,826	0,888	0,784	0,868	0,911	0,836	0,860	0,851	0,833	0,865	0,094	1,034	0,093	0,924	0,093	0,901	0,944	0,949	0,617	0,839	0,704	0,852	0,703	0,874	0,690	0,901	0,701	0,910	0,708	0,993	1,012	0,997	1,001	1,000	0,982	1,022	1,016	1,051	1,020	1,055	1,036	1,137	0,842	0,822	0,724	0,855	0,712	0,906	0,829	0,918	0,861	0,891	0,874	0,957	0,758	0,853	0,800	0,819	0,742	0,845	0,751	0,845	0,827	0,920	0,842	0,894	0,710	0,938	0,746	0,961	0,705	0,839	0,767	0,781	0,724	0,732	0,766	0,874	0,093	0,930	0,091	0,812	0,091	0,794	0,093	0,835	0,092	0,810	0,092	0,996
6:58:04	37,0	0,773	0,835	0,815	0,854	0,873	0,916	0,839	0,901	0,798	0,883	0,926	0,849	0,871	0,863	0,845	0,881	0,096	1,043	0,093	0,937	0,093	0,918	0,959	0,962	0,627	0,854	0,720	0,867	0,715	0,887	0,702	0,920	0,713	0,918	0,721	1,004	1,029	1,014	1,016	1,015	0,995	1,046	1,032	1,071	1,040	1,068	1,058	1,149	0,855	0,835	0,735	0,870	0,727	0,918	0,843	0,926	0,874	0,900	0,887	0,964	0,765	0,865	0,813	0,829	0,756	0,856	0,762	0,855	0,836	0,932	0,850	0,908	0,719	0,949	0,756	0,972	0,714	0,855	0,777	0,796	0,733	0,743	0,776	0,890	0,092	0,944	0,091	0,823	0,092	0,805	0,093	0,849	0,092	0,819	0,092	1,010
7:08:04	37,0	0,782	0,847	0,834	0,868	0,880	0,918	0,850	0,921	0,813	0,920	0,942	0,868	0,885	0,875	0,857	0,896	0,097	1,051	0,093	0,949	0,093	0,929	0,971	0,973	0,637	0,869	0,733	0,881	0,733	0,897	0,715	0,931	0,724	0,926	0,733	1,015	1,046	1,027	1,034	1,030	1,017	1,060	1,047	1,088	1,053	1,086	1,070	1,160	0,862	0,849	0,746	0,883	0,741	0,928	0,855	0,930	0,885	0,909	0,898	0,971	0,773	0,873	0,823	0,840	0,768	0,866	0,773	0,865	0,844	0,943	0,857	0,921	0,727	0,960	0,766	0,984	0,722	0,876	0,783	0,810	0,740	0,755	0,785	0,905	0,092	0,955	0,092	0,834	0,092	0,816	0,093	0,860	0,092	0,828	0,092	1,019
7:18:04	37,0	0,793	0,868	0,847	0,889	0,908	0,932	0,871	0,932	0,829	0,944	0,954	0,882	0,898	0,885	0,868	0,906	0,099	1,059	0,092	0,960	0,093	0,940	0,982	0,984	0,649	0,880	0,746	0,894	0,740	0,909	0,726	0,934	0,747	0,938	0,746	1,026	1,063	1,041	1,054	1,045	1,028	1,076	1,060	1,106	1,065	1,097	1,085	1,171	0,876	0,861	0,758	0,893	0,753	0,937	0,865	0,938	0,894	0,919	0,907	0,978	0,779	0,883	0,834	0,853	0,779	0,875	0,780	0,874	0,854	0,955	0,866	0,934	0,733	0,968	0,772	0,995	0,731	0,892	0,790	0,820	0,747	0,767	0,792	0,920	0,092	0,966	0,091	0,845	0,092	0,826	0,092	0,873	0,092	0,839	0,092	1,031
7:28:04	37,0	0,802	0,874	0,863	0,898	0,916	0,929	0,880	0,937	0,846	0,927	0,968	0,898	0,909	0,896	0,882	0,915	0,102	1,066	0,093	0,969	0,093	0,949	0,992	0,996	0,661	0,892	0,761	0,904	0,748	0,919	0,740	0,941	0,767	0,949	0,757	1,036	1,075	1,052	1,065	1,058	1,039	1,087	1,074	1,112	1,075	1,109	1,093	1,183	0,884	0,873	0,768	0,904	0,768	0,945	0,874	0,941	0,905	0,926	0,914	0,983	0,786	0,891	0,842	0,862	0,791	0,887	0,791	0,883	0,862	0,964	0,879	0,951	0,738	0,977	0,779	1,009	0,738	0,900	0,795	0,832	0,755	0,777	0,799	0,931	0,092	0,978	0,092	0,858	0,092	0,837	0,093	0,883	0,092	0,849	0,092	1,040
7:38:04	37,0	0,812	0,891	0,881	0,923	0,932	0,963	0,898	0,955	0,865	0,957	0,977	0,914	0,921	0,906	0,893	0,928	0,107	1,075	0,093	0,981	0,093	0,961	1,005	1,005	0,674	0,905	0,777	0,918	0,762	0,936	0,752	0,955	0,777	0,962	0,767	1,048	1,089	1,064	1,076	1,073	1,055	1,096	1,087	1,122	1,089	1,121	1,109	1,191	0,893	0,884	0,777	0,912	0,779	0,954	0,883	0,949	0,914	0,937	0,921	0,991	0,796	0,900	0,855	0,871	0,803	0,898	0,802	0,894	0,871	0,977	0,887	0,966	0,745	0,989	0,787	1,019	0,747	0,915	0,804	0,846	0,764	0,789	0,807	0,945	0,093	0,990	0,092	0,868	0,092	0,846	0,093	0,896	0,092	0,859	0,092	1,050
7:48:04	37,0	0,820	0,900	0,890	0,935	0,942	0,957	0,908	0,965	0,879	0,974	0,984	0,925	0,933	0,915	0,904	0,936	0,114	1,081	0,093	0,989	0,093	0,972	1,015	1,013	0,687	0,915	0,793	0,929	0,773	0,949	0,762	0,968	0,793	0,971	0,777	1,057	1,103	1,076	1,089	1,087	1,067	1,106	1,099	1,134	1,103	1,134	1,116	1,201	0,901	0,894	0,785	0,921	0,789	0,964	0,889	0,954	0,921	0,946	0,927	0,998	0,802	0,908	0,866	0,882	0,808	0,912	0,810	0,901	0,879	0,986	0,897	0,979	0,749	0,996	0,791	1,029	0,756	0,925	0,808	0,861	0,770	0,800	0,815	0,955	0,092	0,998	0,091	0,878	0,091	0,856	0,092	0,905	0,092	0,865	0,092	1,060
7:58:04	37,0	0,832	0,918	0,903	0,950	0,955	0,969	0,916	0,984	0,895	0,981	1,000	0,946	0,941	0,925	0,915	0,946	0,124	1,091	0,093	1,002	0,093	0,985	1,026	1,028	0,700	0,927	0,805	0,939	0,784	0,960	0,777	0,977	0,800	0,982	0,790	1,067	1,115	1,092	1,099	1,098	1,079	1,118	1,112	1,149	1,119	1,146	1,125	1,208	0,910	0,904	0,794	0,931	0,800	0,972	0,893	0,960	0,932	0,957	0,934	1,004	0,810	0,917	0,879	0,891	0,818	0,923	0,818	0,913	0,890	0,996	0,905	0,994	0,753	1,006	0,801	1,039	0,763	0,935	0,815	0,875	0,781	0,815	0,823	0,965	0,092	1,011	0,092	0,890	0,092	0,866	0,093	0,917	0,092	0,877	0,092	1,067
8:08:04	37,0	0,840	0,932	0,917	0,964	0,968	0,983	0,926	0,998	0,908	1,001	1,008	0,955	0,953	0,935	0,924	0,956	0,136	1,097	0,093	1,011	0,093	0,994	1,036	1,036	0,714	0,938	0,818	0,946	0,799	0,967	0,790	0,988	0,815	0,994	0,795	1,079	1,127	1,100	1,107	1,110	1,091	1,128	1,118	1,158	1,124	1,153	1,134	1,217	0,922	0,913	0,804	0,939	0,811	0,979	0,900	0,966	0,940	0,965	0,942	1,011	0,818	0,928	0,887	0,902	0,825	0,933	0,829	0,923	0,897	1,005	0,914	1,007	0,758	1,015	0,809	1,050	0,771	0,947	0,822	0,888	0,784	0,827	0,831	0,976	0,092	1,019	0,092	0,900	0,092	0,879	0,093	0,930	0,092	0,888	0,092	1,077
8:18:04	37,0	0,850	0,943	0,934	0,972	0,974	0,992	0,941	1,010	0,920	1,009	1,012	0,971	0,965	0,946	0,934	0,966	0,151	1,105	0,093	1,020	0,093	1,003	1,046	1,045	0,725	0,948	0,827	0,956	0,806	0,979	0,799	1,003	0,816	1,000	0,806	1,088	1,139	1,109	1,125	1,121	1,105	1,143	1,133	1,166	1,133	1,163	1,154	1,224	0,929	0,922	0,813	0,946	0,820	0,988	0,902	0,973	0,945	0,973	0,952	1,018	0,825	0,938	0,899	0,917	0,835	0,943	0,840	0,933	0,907	1,014	0,921	1,019	0,762	1,024	0,815	1,061	0,779	0,962	0,827	0,900	0,792	0,838	0,840	0,986	0,093	1,028	0,091	0,911	0,092	0,887	0,092	0,943	0,092	0,897	0,092	1,085
8:28:04	37,0	0,860	0,959	0,942	0,985	0,989	1,004	0,954	1,021	0,930	1,020	1,020	0,982	0,974	0,956	0,945	0,976	0,172	1,115	0,092	1,030	0,093	1,010	1,056	1,056	0,737	0,959	0,835	0,969	0,819	0,984	0,812	1,014	0,824	1,010	0,817	1,095	1,148	1,117	1,135	1,137	1,115	1,151	1,139	1,176	1,145	1,167	1,160	1,233	0,936	0,932	0,823	0,954	0,831	0,996	0,908	0,976	0,953	0,981	0,960	1,024	0,832	0,946	0,912	0,926	0,843	0,954	0,853	0,944	0,917	1,022	0,930	1,030	0,766	1,034	0,823	1,069	0,785	0,970	0,835	0,912	0,801	0,852	0,849	0,997	0,092	1,036	0,091	0,921	0,092	0,898	0,092	0,953	0,092	0,912	0,092	1,095
8:38:04	37,0	0,869	0,971	0,960	0,999	0,999	1,024	0,973	1,039	0,944	1,036	1,044	0,996	0,985	0,967	0,953	0,988	0,195	1,122	0,092	1,040	0,093	1,019	1,070	1,066	0,750	0,973	0,843	0,979	0,838	0,999	0,823	1,022	0,842	1,018	0,837	1,105	1,161	1,128	1,145	1,142	1,128	1,160	1,149	1,185	1,154	1,179	1,172	1,242	0,945	0,942	0,832	0,964	0,841	1,007	0,915	0,984	0,962	0,993	0,971	1,035	0,840	0,955	0,926	0,937	0,851	0,966	0,860	0,953	0,928	1,032	0,940	1,042	0,772	1,043	0,831	1,076	0,793	0,979	0,842	0,925	0,811	0,864	0,857	1,008	0,092	1,048	0,091	0,935	0,092	0,912	0,092	0,966	0,092	0,927	0,092	1,104
8:48:04	37,0	0,878	0,982	0,967	1,020	1,007	1,029	0,986	1,048	0,958	1,054	1,052	1,007	0,997	0,978	0,965	0,997	0,222	1,128	0,093	1,050	0,093	1,028	1,077	1,075	0,764	0,981	0,851	0,986	0,848	1,004	0,835	1,029	0,848	1,028	0,845	1,112	1,170	1,137	1,160	1,157	1,143	1,168	1,155	1,189	1,159	1,189	1,181	1,249	0,952	0,951	0,839	0,972	0,849	1,014	0,922	0,990	0,971	1,001	0,977	1,042	0,848	0,963	0,933	0,946	0,864	0,975	0,870	0,964	0,936	1,040	0,948	1,054	0,778	1,051	0,838	1,087	0,799	0,989	0,847	0,934	0,816	0,876	0,867	1,016	0,092	1,057	0,091	0,945	0,092	0,923	0,092	0,972	0,092	0,938	0,092	1,114
8:58:04	37,0	0,886	0,997	0,974	1,022	1,018	1,036	0,990	1,058	0,967	1,060	1,062	1,015	1,005	0,986	0,974	1,008	0,249	1,136	0,093	1,058	0,094	1,038	1,085	1,082	0,774	0,990	0,861	0,993	0,862	1,012	0,845	1,039	0,863	1,035	0,857	1,117	1,180	1,147	1,170	1,168	1,156	1,176	1,166	1,202	1,168	1,196	1,192	1,257	0,959	0,959	0,847	0,976	0,856	1,022	0,928	0,997	0,978	1,007	0,982	1,048	0,857	0,969	0,947	0,954	0,870	0,985	0,879	0,970	0,943	1,046	0,956	1,064	0,783	1,059	0,843	1,097	0,805	1,000	0,852	0,945	0,823	0,885	0,875	1,027	0,092	1,064	0,092	0,958	0,092	0,934	0,093	0,977	0,092	0,945	0,092	1,122
9:08:04	37,0	0,897	1,006	0,997	1,040	1,035	1,055	1,005	1,063	0,982	1,078	1,064	1,035	1,014	0,996	0,983	1,017	0,275	1,143	0,092	1,066	0,093	1,045	1,094	1,092	0,786	0,996	0,870	0,996	0,868	1,020	0,856	1,048	0,872	1,044	0,859	1,122	1,188	1,155	1,178	1,175	1,159	1,186	1,176	1,214	1,181	1,208	1,196	1,265	0,967	0,968	0,855	0,984	0,863	1,028	0,934	1,003	0,985	1,014	0,989	1,055	0,866	0,976	0,964	0,961	0,876	0,994	0,888	0,979	0,952	1,055	0,964	1,076	0,787	1,067	0,849	1,104	0,811	1,008	0,857	0,953	0,828	0,896	0,885	1,034	0,093	1,071	0,092	0,970	0,092	0,946	0,093	0,984	0,092	0,954	0,092	1,131
9:18:04	37,0	0,904	1,012	1,002	1,040	1,041	1,064	1,006	1,075	0,987	1,080	1,063	1,038	1,020	1,001	0,992	1,024	0,305	1,146	0,093	1,071	0,093	1,050	1,100	1,096	0,795	1,003	0,882	1,006	0,872	1,025	0,863	1,058	0,878	1,048	0,865	1,123	1,195	1,160	1,185	1,186	1,167	1,192	1,181	1,219	1,184	1,212	1,203	1,269	0,971	0,974	0,859	0,988	0,869	1,033	0,937	1,006	0,988	1,018	0,991	1,059	0,875	0,981	0,975	0,968	0,882	1,001	0,899	0,987	0,957	1,060	0,971	1,084	0,789	1,075	0,856	1,110	0,817	1,013	0,863	0,962	0,829	0,904	0,895	1,042	0,092	1,079	0,092	0,976	0,092	0,951	0,093	0,988	0,092	0,954	0,092	1,136
9:28:04	37,0	0,911	1,027	1,013	1,057	1,054	1,067	1,022	1,085	0,999	1,093	1,072	1,048	1,030	1,009	0,998	1,032	0,335	1,152	0,093	1,079	0,093	1,061	1,111	1,108	0,803	1,010	0,890	1,014	0,887	1,031	0,873	1,059	0,892	1,053	0,873	1,129	1,203	1,168	1,192	1,191	1,177	1,199	1,188	1,226	1,192	1,221	1,209	1,276	0,981	0,981	0,866	0,997	0,879	1,039	0,945	1,014	0,995	1,022	1,000	1,068	0,884	0,989	0,992	0,974	0,889	1,012	0,909	0,993	0,964	1,068	0,978	1,095	0,793	1,084	0,861	1,119	0,825	1,025	0,869	0,972	0,839	0,913	0,898	1,050	0,093	1,086	0,092	0,983	0,092	0,958	0,093	0,991	0,092	0,964	0,092	1,145
9:38:04	37,0	0,919	1,042	1,024	1,064	1,059	1,083	1,036	1,089	1,011	1,103	1,083	1,062	1,038	1,018	1,009	1,040	0,373	1,159	0,092	1,087	0,093	1,068	1,118	1,114	0,813	1,017	0,900	1,020	0,892	1,040	0,880	1,065	0,900	1,058	0,882	1,135	1,211	1,175	1,197	1,202	1,189	1,210	1,199	1,232	1,199	1,228	1,217	1,281	0,987	0,988	0,872	1,002	0,884	1,047	0,950	1,018	1,002	1,028	1,007	1,074	0,891	0,995	0,999	0,979	0,894	1,021	0,917	1,000	0,972	1,075	0,982	1,105	0,796	1,091	0,867	1,128	0,831	1,034	0,875	0,980	0,843	0,922	0,906	1,059	0,092	1,091	0,091	0,992	0,092	0,965	0,092	0,999	0,092	0,970	0,092	1,153
9:48:04	36,9	0,927	1,055	1,036	1,078	1,068	1,085	1,042	1,097	1,021	1,109	1,098	1,083	1,048	1,026	1,017	1,049	0,404	1,167	0,093	1,096	0,093	1,076	1,128	1,124	0,825	1,024	0,906	1,022	0,900	1,046	0,888	1,071	0,908	1,064	0,888	1,140	1,218	1,185	1,206	1,206	1,194	1,220	1,209	1,241	1,207	1,234	1,226	1,286	0,991	0,995	0,880	1,008	0,889	1,054	0,958	1,024	1,010	1,035	1,013	1,080	0,900	1,004	1,008	0,986	0,900	1,030	0,926	1,008	0,979	1,080	0,990	1,114	0,800	1,098	0,873	1,135	0,836	1,042	0,880	0,988	0,851	0,929	0,915	1,068	0,092	1,099	0,092	1,001	0,092	0,972	0,093	1,004	0,092	0,979	0,092	1,161
9:58:04	37,0	0,934	1,063	1,045	1,081	1,078	1,093	1,052	1,108	1,027	1,118	1,105	1,091	1,055	1,032	1,027	1,058	0,436	1,173	0,092	1,101	0,093	1,082	1,134	1,128	0,835	1,030	0,912	1,031	0,909	1,054	0,895	1,077	0,919	1,069	0,895	1,140	1,224	1,190	1,214	1,211	1,205	1,227	1,214	1,248	1,215	1,239	1,234	1,294	0,997	1,000	0,886	1,013	0,896	1,058	0,961	1,031	1,015	1,039	1,017	1,086	0,907	1,010	1,016	0,992	0,907	1,038	0,935	1,013	0,987	1,086	0,998	1,125	0,803	1,105	0,878	1,143	0,843	1,050	0,885	0,996	0,856	0,938	0,923	1,076	0,092	1,106	0,092	1,009	0,092	0,979	0,093	1,015	0,092	0,982	0,092	1,167
10:08:04	37,0	0,942	1,073	1,057	1,094	1,087	1,103	1,064	1,114	1,037	1,127	1,114	1,100	1,064	1,041	1,035	1,066	0,467	1,177	0,092	1,111	0,093	1,092	1,143	1,136	0,844	1,038	0,921	1,040	0,917	1,054	0,902	1,084	0,925	1,072	0,903	1,146	1,232	1,196	1,217	1,217	1,210	1,230	1,218	1,253	1,219	1,244	1,240	1,296	1,002	1,006	0,893	1,020	0,904	1,066	0,968	1,036	1,023	1,044	1,025	1,093	0,916	1,017	1,024	0,999	0,913	1,049	0,944	1,021	0,993	1,092	1,010	1,130	0,807	1,113	0,884	1,148	0,850	1,058	0,891	1,004	0,864	0,945	0,932	1,083	0,092	1,113	0,091	1,018	0,092	0,987	0,092	1,021	0,092	0,991	0,092	1,174
10:18:04	37,0	0,948	1,081	1,066	1,102	1,096	1,108	1,070	1,117	1,045	1,132	1,120	1,107	1,072	1,049	1,040	1,073	0,494	1,180	0,093	1,118	0,093	1,097	1,148	1,142	0,854	1,042	0,927	1,042	0,926	1,059	0,910	1,087	0,932	1,078	0,911	1,150	1,238	1,204	1,228	1,228	1,219	1,234	1,225	1,260	1,227	1,253	1,244	1,303	1,007	1,013	0,899	1,024	0,910	1,073	0,972	1,043	1,026	1,048	1,030	1,098	0,920	1,023	1,031	1,006	0,920	1,056	0,950	1,027	0,999	1,097	1,013	1,137	0,812	1,119	0,889	1,155	0,855	1,066	0,896	1,013	0,869	0,953	0,943	1,090	0,093	1,120	0,092	1,026	0,092	0,993	0,093	1,028	0,092	0,997	0,092	1,182
10:28:04	37,0	0,956	1,084	1,074	1,107	1,103	1,118	1,081	1,123	1,056	1,137	1,127	1,114	1,080	1,055	1,048	1,081	0,520	1,186	0,092	1,126	0,093	1,105	1,155	1,149	0,862	1,047	0,938	1,045	0,935	1,061	0,917	1,093	0,938	1,081	0,917	1,154	1,244	1,209	1,232	1,232	1,225	1,241	1,233	1,265	1,232	1,258	1,250	1,308	1,010	1,019	0,904	1,030	0,915	1,079	0,977	1,050	1,031	1,054	1,035	1,105	0,929	1,028	1,038	1,012	0,925	1,063	0,957	1,034	1,006	1,103	1,020	1,145	0,815	1,125	0,894	1,161	0,859	1,074	0,902	1,020	0,876	0,961	0,950	1,099	0,092	1,128	0,092	1,034	0,092	1,001	0,093	1,036	0,092	1,004	0,092	1,190
10:38:04	37,0	0,963	1,087	1,082	1,114	1,109	1,122	1,089	1,130	1,065	1,146	1,133	1,120	1,088	1,065	1,055	1,089	0,538	1,192	0,092	1,132	0,093	1,114	1,161	1,154	0,873	1,051	0,943	1,047	0,946	1,067	0,926	1,094	0,947	1,085	0,919	1,157	1,250	1,215	1,240	1,239	1,228	1,249	1,240	1,271	1,240	1,264	1,254	1,312	1,017	1,026	0,910	1,034	0,920	1,084	0,982	1,055	1,039	1,058	1,040	1,111	0,934	1,034	1,045	1,015	0,929	1,072	0,965	1,039	1,012	1,108	1,027	1,153	0,818	1,131	0,898	1,167	0,864	1,080	0,904	1,028	0,878	0,968	0,959	1,106	0,092	1,136	0,092	1,043	0,092	1,007	0,093	1,046	0,092	1,012	0,092	1,196
10:48:04	37,0	0,969	1,098	1,089	1,123	1,116	1,126	1,099	1,136	1,071	1,151	1,137	1,126	1,096	1,072	1,062	1,096	0,554	1,194	0,093	1,139	0,093	1,118	1,168	1,161	0,880	1,054	0,945	1,047	0,950	1,070	0,929	1,097	0,958	1,089	0,925	1,158	1,255	1,220	1,244	1,244	1,235	1,251	1,245	1,275	1,244	1,270	1,258	1,315	1,021	1,032	0,915	1,040	0,924	1,087	0,988	1,060	1,042	1,063	1,043	1,115	0,941	1,040	1,051	1,022	0,933	1,078	0,974	1,045	1,017	1,112	1,031	1,160	0,821	1,138	0,903	1,173	0,869	1,086	0,910	1,035	0,881	0,974	0,969	1,114	0,093	1,140	0,092	1,050	0,092	1,015	0,093	1,052	0,092	1,016	0,092	1,201
10:58:04	37,0	0,976	1,110	1,093	1,127	1,120	1,135	1,105	1,139	1,078	1,156	1,142	1,131	1,103	1,076	1,068	1,101	0,569	1,200	0,093	1,143	0,093	1,126	1,173	1,166	0,888	1,060	0,952	1,056	0,953	1,073	0,934	1,102	0,958	1,089	0,932	1,159	1,260	1,224	1,248	1,246	1,240	1,256	1,249	1,279	1,247	1,272	1,263	1,321	1,024	1,037	0,919	1,043	0,927	1,092	0,991	1,064	1,046	1,066	1,047	1,118	0,946	1,044	1,057	1,028	0,940	1,085	0,985	1,050	1,023	1,117	1,041	1,166	0,826	1,145	0,908	1,178	0,872	1,094	0,915	1,041	0,887	0,981	0,978	1,119	0,093	1,147	0,092	1,057	0,092	1,023	0,093	1,058	0,092	1,021	0,092	1,207
11:08:04	37,0	0,981	1,114	1,097	1,131	1,124	1,134	1,105	1,142	1,081	1,157	1,145	1,135	1,109	1,082	1,078	1,106	0,578	1,203	0,093	1,146	0,093	1,131	1,178	1,167	0,893	1,062	0,955	1,058	0,962	1,077	0,939	1,106	0,962	1,093	0,935	1,161	1,264	1,230	1,254	1,254	1,244	1,261	1,253	1,284	1,251	1,275	1,267	1,325	1,028	1,042	0,923	1,045	0,930	1,096	0,995	1,069	1,046	1,069	1,052	1,121	0,951	1,048	1,062	1,030	0,946	1,091	0,990	1,055	1,027	1,120	1,048	1,172	0,831	1,150	0,914	1,184	0,878	1,099	0,917	1,048	0,889	0,987	0,987	1,126	0,092	1,154	0,092	1,062	0,092	1,027	0,093	1,063	0,092	1,024	0,092	1,210
11:18:04	37,0	0,987	1,118	1,102	1,133	1,127	1,137	1,108	1,144	1,086	1,159	1,148	1,140	1,116	1,087	1,087	1,111	0,585	1,204	0,092	1,148	0,093	1,134	1,181	1,171	0,898	1,065	0,962	1,058	0,964	1,079	0,941	1,105	0,966	1,093	0,936	1,161	1,268	1,235	1,259	1,260	1,246	1,264	1,258	1,287	1,257	1,283	1,271	1,329	1,030	1,044	0,926	1,048	0,934	1,100	0,998	1,072	1,048	1,071	1,053	1,124	0,955	1,052	1,065	1,034	0,949	1,097	0,994	1,060	1,033	1,124	1,049	1,180	0,834	1,155	0,917	1,190	0,882	1,104	0,921	1,054	0,893	0,993	0,997	1,132	0,093	1,157	0,092	1,066	0,092	1,032	0,093	1,067	0,092	1,030	0,092	1,214
11:28:04	37,0	0,993	1,122	1,109	1,138	1,134	1,146	1,114	1,148	1,092	1,164	1,153	1,146	1,123	1,095	1,090	1,117	0,592	1,209	0,093	1,155	0,093	1,140	1,186	1,177	0,904	1,067	0,966	1,058	0,966	1,079	0,944	1,106	0,973	1,095	0,940	1,165	1,273	1,239	1,262	1,265	1,249	1,268	1,262	1,291	1,260	1,286	1,275	1,333	1,036	1,050	0,931	1,053	0,939	1,103	1,002	1,077	1,053	1,074	1,058	1,129	0,961	1,058	1,072	1,039	0,954	1,104	1,002	1,065	1,037	1,129	1,053	1,187	0,839	1,161	0,919	1,194	0,886	1,109	0,923	1,062	0,898	0,999	1,007	1,137	0,092	1,165	0,092	1,077	0,092	1,036	0,092	1,076	0,092	1,038	0,092	1,220
11:38:04	37,0	0,999	1,123	1,113	1,142	1,137	1,150	1,119	1,151	1,098	1,167	1,156	1,148	1,129	1,101	1,098	1,122	0,598	1,211	0,093	1,158	0,093	1,144	1,191	1,180	0,910	1,070	0,971	1,065	0,971	1,088	0,950	1,111	0,974	1,097	0,945	1,166	1,277	1,242	1,268	1,266	1,257	1,274	1,267	1,294	1,263	1,288	1,280	1,334	1,042	1,054	0,936	1,056	0,942	1,107	1,005	1,082	1,058	1,078	1,061	1,132	0,966	1,063	1,076	1,043	0,959	1,110	1,009	1,070	1,042	1,132	1,059	1,193	0,843	1,166	0,925	1,201	0,889	1,117	0,928	1,067	0,900	1,005	1,015	1,143	0,093	1,170	0,092	1,083	0,092	1,042	0,093	1,082	0,092	1,043	0,093	1,225
11:48:04	37,0	1,003	1,129	1,117	1,148	1,143	1,156	1,127	1,156	1,104	1,173	1,162	1,153	1,136	1,108	1,101	1,129	0,601	1,216	0,093	1,165	0,093	1,151	1,198	1,187	0,916	1,073	0,973	1,068	0,981	1,091	0,953	1,115	0,977	1,101	0,947	1,171	1,280	1,247	1,271	1,272	1,261	1,278	1,272	1,299	1,267	1,292	1,285	1,336	1,046	1,058	0,941	1,059	0,948	1,112	1,010	1,086	1,062	1,082	1,066	1,135	0,972	1,069	1,081	1,049	0,962	1,116	1,015	1,076	1,047	1,137	1,063	1,198	0,850	1,172	0,928	1,205	0,894	1,125	0,933	1,074	0,906	1,011	1,026	1,149	0,093	1,176	0,092	1,094	0,092	1,052	0,093	1,091	0,093	1,051	0,092	1,231
11:58:04	37,0	1,010	1,133	1,122	1,151	1,146	1,159	1,130	1,159	1,109	1,176	1,164	1,156	1,140	1,113	1,108	1,134	0,608	1,219	0,093	1,167	0,093	1,154	1,201	1,188	0,920	1,077	0,976	1,068	0,982	1,091	0,954	1,117	0,982	1,103	0,950	1,171	1,284	1,248	1,273	1,275	1,263	1,281	1,276	1,302	1,271	1,298	1,290	1,341	1,050	1,063	0,943	1,062	0,949	1,115	1,012	1,090	1,065	1,084	1,069	1,139	0,975	1,071	1,085	1,052	0,966	1,122	1,022	1,081	1,052	1,140	1,067	1,202	0,853	1,176	0,932	1,210	0,897	1,128	0,934	1,078	0,909	1,016	1,035	1,154	0,093	1,181	0,092	1,100	0,092	1,054	0,093	1,095	0,092	1,056	0,092	1,235
12:08:04	37,0	1,014	1,136	1,125	1,154	1,152	1,163	1,134	1,163	1,113	1,180	1,169	1,159	1,146	1,118	1,111	1,138	0,613	1,224	0,092	1,173	0,093	1,161	1,204	1,193	0,922	1,081	0,975	1,069	0,984	1,091	0,957	1,120	0,981	1,105	0,950	1,174	1,288	1,254	1,279	1,279	1,269	1,285	1,280	1,307	1,275	1,301	1,295	1,343	1,053	1,067	0,946	1,065	0,952	1,118	1,014	1,094	1,071	1,089	1,070	1,141	0,981	1,077	1,090	1,057	0,970	1,126	1,027	1,085	1,056	1,143	1,071	1,207	0,857	1,177	0,933	1,214	0,901	1,133	0,938	1,083	0,914	1,021	1,045	1,160	0,093	1,185	0,092	1,108	0,092	1,062	0,093	1,101	0,092	1,063	0,092	1,240
12:18:04	37,0	1,018	1,139	1,126	1,154	1,151	1,166	1,135	1,163	1,114	1,180	1,168	1,159	1,150	1,124	1,112	1,142	0,618	1,225	0,093	1,174	0,093	1,165	1,208	1,194	0,925	1,083	0,981	1,073	0,987	1,091	0,959	1,120	0,981	1,106	0,951	1,171	1,292	1,257	1,281	1,279	1,269	1,286	1,282	1,310	1,277	1,304	1,295	1,345	1,053	1,070	0,947	1,068	0,955	1,121	1,016	1,095	1,070	1,088	1,071	1,141	0,985	1,080	1,093	1,060	0,974	1,131	1,033	1,087	1,059	1,145	1,074	1,210	0,861	1,182	0,932	1,218	0,903	1,137	0,940	1,087	0,915	1,027	1,055	1,163	0,093	1,187	0,092	1,108	0,092	1,066	0,093	1,105	0,093	1,063	0,093	1,242
12:28:04	37,0	1,022	1,144	1,132	1,160	1,157	1,168	1,143	1,168	1,123	1,185	1,175	1,165	1,156	1,127	1,120	1,147	0,621	1,230	0,093	1,179	0,093	1,170	1,212	1,200	0,927	1,084	0,983	1,073	0,989	1,096	0,963	1,121	0,986	1,109	0,954	1,177	1,295	1,261	1,285	1,284	1,276	1,291	1,287	1,314	1,282	1,306	1,297	1,347	1,062	1,074	0,953	1,070	0,956	1,123	1,020	1,100	1,078	1,094	1,076	1,145	0,990	1,083	1,098	1,063	0,976	1,138	1,041	1,090	1,065	1,150	1,079	1,216	0,863	1,186	0,935	1,223	0,906	1,143	0,942	1,092	0,923	1,032	1,060	1,168	0,093	1,195	0,092	1,119	0,092	1,071	0,093	1,114	0,092	1,075	0,092	1,250
12:38:04	37,0	1,027	1,148	1,134	1,163	1,159	1,171	1,146	1,170	1,127	1,190	1,177	1,167	1,160	1,132	1,124	1,151	0,624	1,232	0,093	1,183	0,093	1,173	1,214	1,202	0,931	1,087	0,988	1,077	0,989	1,099	0,969	1,125	0,987	1,111	0,956	1,177	1,298	1,262	1,290	1,287	1,282	1,296	1,289	1,317	1,285	1,309	1,302	1,348	1,066	1,078	0,955	1,072	0,960	1,126	1,023	1,104	1,081	1,097	1,079	1,149	0,995	1,087	1,103	1,067	0,982	1,141	1,043	1,095	1,068	1,153	1,084	1,220	0,868	1,190	0,940	1,227	0,909	1,147	0,948	1,098	0,924	1,036	1,043	1,173	0,092	1,198	0,092	1,123	0,092	1,078	0,093	1,119	0,092	1,080	0,092	1,252
12:48:04	37,0	1,031	1,150	1,137	1,167	1,162	1,174	1,150	1,171	1,131	1,192	1,180	1,171	1,164	1,138	1,128	1,155	0,627	1,236	0,093	1,186	0,093	1,177	1,218	1,204	0,932	1,091	0,987	1,081	0,992	1,101	0,971	1,128	0,988	1,112	0,957	1,180	1,301	1,263	1,292	1,289	1,284	1,299	1,292	1,321	1,286	1,311	1,306	1,352	1,069	1,082	0,957	1,074	0,962	1,130	1,025	1,106	1,082	1,098	1,082	1,152	0,998	1,090	1,107	1,068	0,984	1,146	1,048	1,099	1,073	1,155	1,089	1,224	0,873	1,193	0,940	1,232	0,912	1,155	0,948	1,102	0,930	1,042	1,052	1,177	0,092	1,202	0,092	1,129	0,092	1,082	0,093	1,125	0,092	1,087	0,092	1,256
12:58:04	37,0	1,035	1,153	1,138	1,169	1,165	1,177	1,150	1,173	1,134	1,194	1,180	1,173	1,166	1,140	1,138	1,158	0,632	1,236	0,092	1,188	0,093	1,178	1,220	1,209	0,934	1,092	0,989	1,080	0,998	1,103	0,971	1,127	0,989	1,113	0,957	1,180	1,302	1,267	1,295	1,292	1,285	1,302	1,294	1,323	1,292	1,318	1,304	1,354	1,070	1,084	0,960	1,076	0,965	1,132	1,027	1,108	1,081	1,100	1,083	1,153	1,003	1,093	1,110	1,070	0,986	1,148	1,051	1,100	1,076	1,157	1,091	1,226	0,876	1,197	0,943	1,235	0,915	1,158	0,952	1,108	0,930	1,044	1,059	1,181	0,092	1,205	0,092	1,133	0,092	1,086	0,093	1,131	0,092	1,091	0,092	1,258
13:08:04	37,0	1,039	1,157	1,143	1,175	1,169	1,180	1,156	1,176	1,139	1,198	1,184	1,177	1,173	1,146	1,137	1,163	0,631	1,240	0,092	1,196	0,093	1,183	1,226	1,214	0,938	1,094	0,992	1,082	0,999	1,107	0,973	1,131	0,994	1,115	0,959	1,185	1,306	1,269	1,295	1,293	1,289	1,304	1,296	1,324	1,294	1,315	1,310	1,355	1,072	1,088	0,965	1,079	0,969	1,136	1,031	1,113	1,087	1,104	1,085	1,157	1,008	1,098	1,116	1,074	0,990	1,153	1,056	1,107	1,079	1,160	1,094	1,232	0,880	1,202	0,947	1,240	0,917	1,163	0,957	1,111	0,934	1,050	1,064	1,185	0,093	1,211	0,092	1,143	0,092	1,094	0,093	1,138	0,092	1,101	0,092	1,262
13:18:04	37,0	1,043	1,159	1,145	1,175	1,169	1,178	1,157	1,177	1,139	1,198	1,185	1,180	1,176	1,149	1,140	1,166	0,636	1,242	0,093	1,196	0,093	1,186	1,230	1,216	0,939	1,096	0,991	1,084	0,998	1,108	0,972	1,131	0,997	1,118	0,961	1,184	1,309	1,272	1,299	1,296	1,290	1,306	1,299	1,325	1,295	1,317	1,311	1,357	1,075	1,091	0,965	1,081	0,971	1,137	1,034	1,114	1,085	1,105	1,087	1,159	1,011	1,099	1,118	1,076	0,993	1,157	1,058	1,110	1,083	1,163	1,094	1,232	0,885	1,205	0,951	1,243	0,921	1,166	0,965	1,115	0,937	1,055	1,046	1,188	0,093	1,213	0,092	1,145	0,092	1,097	0,093	1,144	0,093	1,104	0,093	1,266
13:28:04	37,0	1,047	1,161	1,147	1,178	1,171	1,180	1,160	1,178	1,143	1,200	1,187	1,182	1,179	1,152	1,146	1,169	0,638	1,245	0,093	1,199	0,093	1,188	1,232	1,219	0,940	1,098	0,989	1,085	1,000	1,109	0,973	1,131	0,997	1,119	0,959	1,185	1,311	1,275	1,302	1,300	1,294	1,308	1,301	1,326	1,297	1,322	1,311	1,357	1,077	1,093	0,968	1,084	0,973	1,140	1,035	1,116	1,090	1,108	1,090	1,161	1,016	1,102	1,120	1,079	0,994	1,160	1,062	1,112	1,086	1,165	1,097	1,235	0,887	1,209	0,952	1,246	0,923	1,171	0,965	1,119	0,937	1,059	0,984	1,194	0,093	1,218	0,092	1,150	0,092	1,101	0,093	1,149	0,092	1,110	0,093	1,267
13:38:04	37,0	1,050	1,162	1,148	1,179	1,173	1,183	1,161	1,178	1,144	1,200	1,187	1,183	1,180	1,155	1,147	1,171	0,643	1,247	0,093	1,201	0,093	1,192	1,236	1,221	0,941	1,100	0,993	1,085	1,002	1,108	0,974	1,133	1,000	1,117	0,957	1,186	1,313	1,276	1,304	1,301	1,295	1,310	1,305	1,328	1,299	1,323	1,312	1,359	1,080	1,096	0,969	1,085	0,974	1,141	1,037	1,117	1,090	1,109	1,090	1,161	1,018	1,105	1,123	1,079	0,997	1,162	1,064	1,116	1,089	1,167	1,099	1,236	0,889	1,212	0,954	1,250	0,925	1,174	0,966	1,122	0,942	1,062	0,932	1,197	0,093	1,221	0,092	1,155	0,092	1,106	0,093	1,153	0,093	1,114	0,093	1,269
13:48:04	37,0	1,053	1,164	1,149	1,181	1,174	1,186	1,164	1,179	1,145	1,201	1,189	1,186	1,184	1,158	1,155	1,175	0,645	1,248	0,093	1,203	0,093	1,194	1,238	1,224	0,942	1,102	0,998	1,089	1,003	1,112	0,976	1,136	1,000	1,119	0,961	1,187	1,316	1,276	1,304	1,303	1,296	1,311	1,308	1,330	1,301	1,323	1,313	1,358	1,081	1,097	0,971	1,086	0,975	1,143	1,039	1,119	1,095	1,111	1,092	1,164	1,022	1,109	1,126	1,080	1,001	1,165	1,068	1,118	1,093	1,169	1,104	1,240	0,894	1,216	0,956	1,254	0,926	1,178	0,968	1,126	0,946	1,066	0,932	1,199	0,093	1,226	0,092	1,159	0,092	1,111	0,093	1,158	0,093	1,118	0,093	1,271
13:58:04	37,0	1,056	1,167	1,151	1,183	1,176	1,185	1,166	1,179	1,149	1,202	1,190	1,186	1,188	1,161	1,157	1,177	0,650	1,252	0,093	1,206	0,094	1,196	1,239	1,224	0,943	1,102	0,995	1,088	1,005	1,113	0,975	1,136	1,000	1,120	0,961	1,189	1,317	1,278	1,308	1,303	1,298	1,313	1,309	1,329	1,304	1,326	1,313	1,360	1,086	1,100	0,973	1,087	0,977	1,145	1,041	1,121	1,096	1,113	1,094	1,167	1,024	1,111	1,129	1,082	1,003	1,168	1,072	1,120	1,095	1,171	1,104	1,243	0,897	1,218	0,959	1,256	0,929	1,183	0,971	1,129	0,946	1,070	0,934	1,203	0,093	1,228	0,092	1,163	0,092	1,116	0,093	1,163	0,093	1,126	0,093	1,274
14:08:04	37,0	1,058	1,169	1,152	1,185	1,177	1,187	1,167	1,181	1,149	1,204	1,191	1,187	1,191	1,163	1,160	1,181	0,654	1,254	0,093	1,209	0,093	1,200	1,242	1,227	0,944	1,105	0,997	1,091	1,008	1,115	0,976	1,137	1,004	1,121	0,961	1,190	1,320	1,280	1,308	1,303	1,299	1,316	1,312	1,333	1,304	1,323	1,317	1,360	1,087	1,102	0,975	1,089	0,979	1,147	1,042	1,123	1,097	1,115	1,095	1,169	1,028	1,114	1,131	1,084	1,007	1,171	1,075	1,123	1,098	1,173	1,107	1,245	0,901	1,221	0,962	1,258	0,930	1,187	0,973	1,132	0,949	1,073	0,931	1,206	0,093	1,230	0,092	1,169	0,092	1,121	0,093	1,168	0,093	1,130	0,092	1,276
14:18:04	37,0	1,062	1,170	1,153	1,188	1,178	1,188	1,169	1,182	1,152	1,205	1,190	1,188	1,196	1,167	1,161	1,184	0,658	1,254	0,092	1,212	0,093	1,199	1,244	1,231	0,946	1,105	0,997	1,091	1,009	1,115	0,977	1,138	1,002	1,124	0,963	1,191	1,321	1,282	1,308	1,304	1,302	1,315	1,313	1,334	1,306	1,327	1,318	1,361	1,091	1,105	0,976	1,091	0,981	1,149	1,045	1,125	1,098	1,117	1,097	1,170	1,031	1,116	1,135	1,086	1,008	1,174	1,078	1,125	1,101	1,175	1,109	1,247	0,904	1,224	0,962	1,261	0,933	1,190	0,974	1,135	0,952	1,077	0,927	1,210	0,093	1,233	0,092	1,172	0,092	1,125	0,093	1,173	0,093	1,136	0,093	1,277
14:28:04	37,0	1,065	1,173	1,155	1,187	1,179	1,189	1,170	1,181	1,155	1,205	1,192	1,189	1,198	1,170	1,165	1,187	0,663	1,257	0,093	1,214	0,093	1,204	1,246	1,234	0,947	1,108	0,999	1,093	1,011	1,116	0,982	1,140	1,002	1,124	0,964	1,193	1,322	1,282	1,311	1,305	1,303	1,316	1,314	1,335	1,307	1,325	1,319	1,361	1,094	1,107	0,979	1,093	0,983	1,152	1,046	1,128	1,101	1,119	1,098	1,171	1,035	1,119	1,137	1,087	1,011	1,176	1,081	1,127	1,105	1,176	1,111	1,249	0,908	1,226	0,964	1,264	0,934	1,194	0,977	1,139	0,953	1,079	0,926	1,212	0,093	1,236	0,092	1,176	0,092	1,129	0,093	1,178	0,093	1,141	0,093	1,279
14:38:04	37,0	1,067	1,173	1,156	1,187	1,180	1,189	1,172	1,182	1,156	1,206	1,192	1,190	1,200	1,171	1,167	1,189	0,665	1,257	0,092	1,216	0,093	1,206	1,248	1,237	0,946	1,109	0,998	1,094	1,010	1,115	0,981	1,139	1,006	1,124	0,964	1,193	1,323	1,283	1,313	1,303	1,304	1,319	1,315	1,336	1,306	1,325	1,322	1,361	1,099	1,109	0,982	1,094	0,984	1,151	1,048	1,128	1,103	1,120	1,100	1,173	1,039	1,120	1,138	1,088	1,012	1,176	1,080	1,131	1,106	1,176	1,111	1,249	0,911	1,228	0,965	1,265	0,935	1,196	0,978	1,140	0,954	1,082	0,929	1,214	0,093	1,238	0,092	1,182	0,092	1,132	0,092	1,182	0,093	1,146	0,092	1,279
14:48:04	37,0	1,069	1,174	1,158	1,189	1,181	1,190	1,173	1,182	1,160	1,209	1,193	1,191	1,203	1,174	1,169	1,192	0,670	1,261	0,092	1,219	0,093	1,209	1,250	1,239	0,949	1,111	0,999	1,094	1,011	1,117	0,982	1,140	1,005	1,124	0,965	1,194	1,324	1,282	1,312	1,304	1,308	1,320	1,316	1,336	1,309	1,330	1,321	1,361	1,099	1,110	0,983	1,095	0,985	1,154	1,049	1,131	1,104	1,123	1,099	1,176	1,042	1,122	1,141	1,090	1,014	1,177	1,084	1,131	1,109	1,177	1,113	1,251	0,914	1,230	0,967	1,268	0,936	1,201	0,980	1,144	0,958	1,084	0,978	1,217	0,093	1,241	0,092	1,185	0,092	1,137	0,093	1,185	0,093	1,152	0,092	1,281
14:58:04	37,0	1,073	1,176	1,156	1,190	1,181	1,189	1,174	1,182	1,157	1,208	1,193	1,192	1,205	1,176	1,171	1,194	0,674	1,261	0,093	1,219	0,093	1,211	1,254	1,241	0,949	1,112	0,999	1,095	1,012	1,118	0,984	1,141	1,008	1,123	0,967	1,195	1,326	1,284	1,315	1,303	1,308	1,318	1,317	1,338	1,309	1,328	1,322	1,361	1,101	1,113	0,984	1,096	0,988	1,156	1,051	1,132	1,103	1,123	1,100	1,175	1,044	1,124	1,143	1,091	1,016	1,179	1,087	1,133	1,110	1,178	1,117	1,251	0,915	1,233	0,973	1,270	0,938	1,204	0,982	1,147	0,959	1,088	0,982	1,221	0,093	1,243	0,092	1,190	0,092	1,140	0,093	1,191	0,093	1,154	0,092	1,282
15:08:04	37,0	1,074	1,176	1,160	1,192	1,183	1,191	1,176	1,183	1,162	1,210	1,194	1,192	1,210	1,179	1,173	1,197	0,676	1,264	0,093	1,224	0,093	1,215	1,256	1,242	0,950	1,111	0,997	1,096	1,012	1,116	0,986	1,142	1,008	1,126	0,970	1,197	1,326	1,285	1,312	1,304	1,308	1,319	1,318	1,337	1,312	1,331	1,324	1,361	1,104	1,114	0,987	1,096	0,991	1,159	1,053	1,135	1,106	1,125	1,103	1,179	1,047	1,127	1,146	1,091	1,018	1,179	1,089	1,136	1,112	1,179	1,118	1,254	0,919	1,234	0,972	1,271	0,939	1,208	0,985	1,150	0,962	1,092	0,984	1,224	0,093	1,245	0,092	1,194	0,092	1,145	0,093	1,194	0,093	1,161	0,092	1,283
15:18:04	37,0	1,076	1,177	1,161	1,192	1,182	1,190	1,177	1,183	1,162	1,210	1,195	1,192	1,212	1,182	1,175	1,200	0,678	1,268	0,093	1,226	0,093	1,219	1,255	1,244	0,951	1,113	0,997	1,097	1,012	1,118	0,985	1,143	1,006	1,127	0,969	1,195	1,328	1,285	1,313	1,305	1,309	1,321	1,317	1,340	1,310	1,331	1,323	1,363	1,105	1,116	0,989	1,098	0,991	1,161	1,055	1,136	1,110	1,127	1,107	1,180	1,050	1,128	1,146	1,092	1,019	1,181	1,092	1,137	1,116	1,178	1,120	1,255	0,921	1,235	0,974	1,274	0,940	1,212	0,987	1,153	0,964	1,093	0,985	1,226	0,093	1,247	0,092	1,198	0,092	1,148	0,093	1,198	0,093	1,167	0,092	1,283
15:28:04	37,0	1,078	1,178	1,161	1,192	1,184	1,190	1,177	1,184	1,163	1,210	1,195	1,193	1,213	1,183	1,178	1,203	0,681	1,270	0,092	1,230	0,093	1,220	1,258	1,246	0,953	1,112	0,999	1,097	1,015	1,118	0,986	1,142	1,007	1,128	0,968	1,197	1,329	1,286	1,314	1,306	1,312	1,323	1,319	1,340	1,312	1,332	1,322	1,365	1,108	1,117	0,990	1,100	0,992	1,162	1,057	1,138	1,111	1,128	1,106	1,182	1,053	1,129	1,148	1,094	1,022	1,182	1,093	1,138	1,119	1,179	1,120	1,257	0,924	1,237	0,976	1,276	0,943	1,215	0,989	1,154	0,966	1,095	0,986	1,228	0,093	1,248	0,092	1,198	0,092	1,152	0,093	1,202	0,092	1,169	0,092	1,284
15:38:04	37,0	1,080	1,178	1,158	1,191	1,183	1,190	1,177	1,182	1,160	1,207	1,193	1,192	1,214	1,184	1,179	1,204	0,686	1,270	0,093	1,230	0,093	1,221	1,260	1,247	0,951	1,113	0,998	1,097	1,015	1,118	0,986	1,143	1,010	1,127	0,968	1,194	1,328	1,287	1,315	1,306	1,309	1,323	1,318	1,341	1,311	1,332	1,325	1,362	1,107	1,117	0,989	1,100	0,993	1,162	1,057	1,137	1,111	1,128	1,104	1,181	1,054	1,130	1,150	1,093	1,022	1,182	1,091	1,140	1,119	1,179	1,119	1,254	0,924	1,238	0,979	1,278	0,944	1,214	0,992	1,155	0,968	1,098	0,984	1,229	0,093	1,247	0,092	1,200	0,092	1,155	0,093	1,206	0,093	1,170	0,092	1,284
15:48:04	37,0	1,081	1,178	1,157	1,192	1,181	1,187	1,177	1,181	1,159	1,206	1,192	1,194	1,215	1,185	1,180	1,205	0,690	1,268	0,092	1,230	0,093	1,221	1,261	1,248	0,950	1,113	0,996	1,097	1,014	1,117	0,984	1,142	1,010	1,125	0,965	1,195	1,329	1,286	1,317	1,306	1,309	1,322	1,319	1,340	1,313	1,333	1,323	1,363	1,111	1,118	0,990	1,099	0,994	1,163	1,058	1,137	1,111	1,129	1,107	1,181	1,057	1,131	1,149	1,093	1,022	1,182	1,092	1,140	1,120	1,179	1,120	1,254	0,927	1,240	0,980	1,279	0,944	1,216	0,993	1,158	0,970	1,101	0,984	1,230	0,092	1,248	0,092	1,202	0,092	1,159	0,093	1,208	0,092	1,174	0,092	1,284
15:58:04	37,0	1,082	1,177	1,156	1,187	1,180	1,186	1,177	1,178	1,157	1,204	1,191	1,193	1,215	1,187	1,183	1,208	0,697	1,271	0,093	1,231	0,093	1,224	1,263	1,249	0,950	1,113	0,998	1,098	1,015	1,117	0,986	1,143	1,009	1,126	0,966	1,194	1,329	1,286	1,317	1,305	1,311	1,319	1,319	1,341	1,311	1,333	1,323	1,361	1,109	1,119	0,988	1,101	0,993	1,165	1,059	1,137	1,112	1,128	1,105	1,181	1,059	1,132	1,151	1,093	1,025	1,183	1,096	1,142	1,123	1,179	1,123	1,253	0,929	1,242	0,983	1,281	0,945	1,219	0,994	1,160	0,973	1,104	0,985	1,232	0,093	1,247	0,092	1,203	0,092	1,161	0,093	1,211	0,093	1,174	0,093	1,280
16:08:04	37,0	1,084	1,178	1,156	1,191	1,181	1,185	1,176	1,179	1,161	1,205	1,193	1,194	1,218	1,189	1,187	1,208	0,700	1,270	0,092	1,232	0,093	1,224	1,265	1,251	0,952	1,114	0,996	1,096	1,014	1,118	0,986	1,142	1,006	1,126	0,967	1,195	1,330	1,286	1,318	1,306	1,309	1,322	1,321	1,339	1,312	1,333	1,323	1,360	1,109	1,121	0,989	1,101	0,993	1,165	1,060	1,138	1,112	1,130	1,107	1,182	1,062	1,133	1,151	1,094	1,026	1,184	1,095	1,142	1,124	1,179	1,122	1,254	0,930	1,243	0,984	1,282	0,946	1,221	0,996	1,163	0,971	1,105	0,984	1,233	0,093	1,251	0,092	1,207	0,092	1,165	0,093	1,214	0,093	1,178	0,093	1,283
16:18:04	37,0	1,086	1,179	1,156	1,190	1,180	1,186	1,178	1,179	1,159	1,206	1,194	1,194	1,221	1,190	1,190	1,209	0,707	1,273	0,092	1,235	0,093	1,226	1,266	1,253	0,955	1,114	0,995	1,096	1,015	1,118	0,987	1,141	1,008	1,125	0,968	1,194	1,331	1,286	1,315	1,304	1,312	1,322	1,321	1,340	1,313	1,332	1,322	1,359	1,111	1,123	0,991	1,102	0,995	1,167	1,061	1,140	1,114	1,132	1,107	1,182	1,064	1,133	1,152	1,093	1,026	1,185	1,095	1,143	1,125	1,179	1,121	1,255	0,932	1,242	0,984	1,283	0,947	1,223	0,996	1,165	0,976	1,107	0,984	1,236	0,093	1,251	0,092	1,208	0,092	1,169	0,093	1,214	0,092	1,181	0,092	1,284
16:28:04	37,0	1,087	1,178	1,158	1,191	1,180	1,185	1,177	1,181	1,160	1,206	1,192	1,193	1,225	1,194	1,189	1,212	0,710	1,274	0,093	1,238	0,093	1,228	1,266	1,254	0,955	1,111	0,998	1,098	1,013	1,117	0,986	1,142	1,009	1,126	0,969	1,194	1,332	1,286	1,317	1,303	1,312	1,319	1,319	1,341	1,312	1,335	1,324	1,359	1,114	1,125	0,993	1,103	0,997	1,167	1,064	1,143	1,114	1,133	1,109	1,183	1,067	1,135	1,153	1,094	1,028	1,185	1,096	1,146	1,127	1,179	1,121	1,256	0,934	1,243	0,986	1,284	0,949	1,229	1,000	1,164	0,977	1,111	0,985	1,238	0,093	1,252	0,092	1,211	0,092	1,170	0,093	1,216	0,093	1,183	0,093	1,283
16:38:04	36,9	1,087	1,178	1,158	1,190	1,180	1,186	1,178	1,178	1,160	1,206	1,191	1,194	1,226	1,192	1,190	1,215	0,717	1,277	0,092	1,238	0,093	1,232	1,268	1,256	0,954	1,112	0,995	1,097	1,013	1,117	0,987	1,141	1,009	1,125	0,966	1,193	1,331	1,286	1,317	1,303	1,313	1,321	1,320	1,343	1,313	1,332	1,323	1,358	1,115	1,126	0,995	1,103	0,996	1,169	1,064	1,143	1,115	1,134	1,109	1,184	1,067	1,136	1,154	1,094	1,029	1,185	1,096	1,146	1,127	1,179	1,124	1,256	0,934	1,244	0,990	1,284	0,950	1,228	1,002	1,167	0,977	1,111	0,984	1,239	0,093	1,252	0,092	1,211	0,092	1,173	0,093	1,217	0,093	1,185	0,092	1,283
16:48:04	37,0	1,087	1,177	1,157	1,189	1,179	1,185	1,176	1,177	1,158	1,202	1,190	1,193	1,225	1,192	1,192	1,215	0,722	1,275	0,092	1,239	0,093	1,229	1,270	1,256	0,953	1,112	0,991	1,094	1,012	1,114	0,984	1,137	1,006	1,122	0,967	1,193	1,332	1,286	1,318	1,301	1,311	1,325	1,321	1,340	1,313	1,333	1,322	1,357	1,115	1,125	0,993	1,104	0,998	1,168	1,064	1,142	1,115	1,133	1,109	1,183	1,069	1,136	1,154	1,093	1,028	1,185	1,095	1,146	1,127	1,178	1,121	1,253	0,936	1,244	0,990	1,286	0,951	1,228	1,004	1,168	0,977	1,112	0,984	1,240	0,093	1,249	0,092	1,213	0,092	1,175	0,093	1,217	0,093	1,187	0,092	1,282
16:58:04	37,0	1,088	1,176	1,156	1,189	1,178	1,186	1,175	1,177	1,159	1,203	1,191	1,193	1,227	1,194	1,193	1,216	0,724	1,276	0,092	1,240	0,093	1,232	1,270	1,257	0,954	1,112	0,994	1,095	1,011	1,115	0,985	1,139	1,006	1,123	0,966	1,193	1,332	1,285	1,316	1,301	1,311	1,322	1,320	1,339	1,311	1,328	1,321	1,357	1,117	1,125	0,995	1,103	0,996	1,170	1,065	1,142	1,115	1,133	1,108	1,184	1,071	1,136	1,155	1,093	1,030	1,185	1,097	1,146	1,129	1,177	1,122	1,254	0,938	1,244	0,993	1,286	0,951	1,231	1,004	1,171	0,979	1,113	0,983	1,241	0,093	1,247	0,092	1,212	0,092	1,178	0,093	1,220	0,092	1,189	0,092	1,282
17:08:04	37,0	1,088	1,176	1,155	1,187	1,178	1,184	1,175	1,175	1,158	1,203	1,190	1,193	1,228	1,196	1,194	1,217	0,726	1,276	0,093	1,240	0,093	1,232	1,270	1,256	0,953	1,111	0,993	1,093	1,011	1,113	0,984	1,138	1,005	1,122	0,966	1,190	1,331	1,285	1,316	1,302	1,313	1,323	1,321	1,339	1,311	1,331	1,322	1,356	1,116	1,125	0,995	1,103	0,999	1,170	1,065	1,142	1,116	1,133	1,107	1,184	1,072	1,136	1,156	1,093	1,031	1,185	1,096	1,147	1,129	1,177	1,120	1,252	0,939	1,246	0,993	1,287	0,953	1,231	1,004	1,171	0,980	1,117	0,984	1,242	0,093	1,248	0,092	1,211	0,092	1,179	0,093	1,220	0,093	1,191	0,093	1,282
17:18:04	37,0	1,087	1,177	1,156	1,187	1,177	1,181	1,174	1,174	1,155	1,201	1,188	1,192	1,230	1,195	1,192	1,218	0,732	1,276	0,092	1,242	0,093	1,231	1,271	1,254	0,953	1,110	0,991	1,093	1,010	1,112	0,984	1,135	1,004	1,120	0,965	1,189	1,332	1,284	1,316	1,302	1,310	1,321	1,320	1,339	1,312	1,333	1,320	1,355	1,118	1,125	0,995	1,103	0,998	1,170	1,065	1,142	1,115	1,133	1,105	1,183	1,073	1,137	1,156	1,091	1,031	1,186	1,096	1,147	1,130	1,176	1,120	1,251	0,938	1,246	0,995	1,287	0,954	1,232	1,004	1,173	0,983	1,118	0,984	1,242	0,093	1,247	0,092	1,210	0,092	1,180	0,093	1,220	0,093	1,191	0,092	1,280
17:28:04	37,0	1,086	1,177	1,155	1,188	1,177	1,183	1,176	1,175	1,160	1,203	1,192	1,192	1,231	1,196	1,193	1,220	0,736	1,278	0,092	1,243	0,093	1,235	1,272	1,259	0,955	1,109	0,992	1,092	1,011	1,113	0,983	1,136	1,006	1,120	0,965	1,190	1,332	1,285	1,314	1,301	1,312	1,321	1,320	1,338	1,312	1,332	1,320	1,354	1,118	1,126	0,996	1,104	1,000	1,171	1,068	1,144	1,116	1,135	1,107	1,184	1,075	1,137	1,157	1,092	1,031	1,186	1,097	1,148	1,131	1,175	1,122	1,253	0,941	1,247	0,995	1,288	0,955	1,234	1,006	1,174	0,982	1,120	0,982	1,243	0,093	1,251	0,092	1,212	0,092	1,183	0,093	1,222	0,093	1,193	0,093	1,281
17:38:04	37,0	1,086	1,176	1,155	1,187	1,175	1,182	1,173	1,173	1,157	1,201	1,188	1,191	1,232	1,196	1,196	1,220	0,739	1,276	0,093	1,244	0,093	1,234	1,272	1,258	0,952	1,109	0,990	1,091	1,010	1,110	0,982	1,135	1,003	1,118	0,964	1,189	1,331	1,283	1,315	1,301	1,310	1,321	1,320	1,340	1,311	1,331	1,319	1,353	1,119	1,126	0,996	1,105	1,000	1,170	1,066	1,142	1,116	1,136	1,105	1,184	1,076	1,138	1,156	1,091	1,032	1,186	1,097	1,147	1,131	1,175	1,119	1,250	0,942	1,247	0,996	1,289	0,956	1,234	1,004	1,174	0,986	1,120	0,982	1,244	0,093	1,248	0,092	1,212	0,092	1,183	0,093	1,223	0,093	1,194	0,093	1,279
17:48:04	37,0	1,086	1,176	1,155	1,187	1,175	1,182	1,174	1,173	1,157	1,200	1,189	1,192	1,233	1,198	1,195	1,221	0,745	1,277	0,093	1,246	0,093	1,236	1,272	1,259	0,954	1,106	0,991	1,090	1,010	1,110	0,982	1,134	1,003	1,118	0,963	1,187	1,331	1,283	1,314	1,298	1,310	1,320	1,320	1,338	1,310	1,331	1,320	1,352	1,120	1,126	0,997	1,104	1,000	1,172	1,068	1,143	1,117	1,135	1,107	1,183	1,077	1,138	1,156	1,091	1,032	1,186	1,097	1,147	1,132	1,174	1,121	1,252	0,943	1,247	0,997	1,289	0,956	1,234	1,005	1,175	0,984	1,121	0,981	1,243	0,093	1,250	0,092	1,214	0,092	1,184	0,093	1,223	0,093	1,196	0,093	1,280
17:58:04	37,0	1,085	1,175	1,154	1,185	1,173	1,179	1,173	1,170	1,153	1,199	1,185	1,188	1,232	1,196	1,196	1,221	0,744	1,278	0,092	1,244	0,093	1,235	1,273	1,258	0,952	1,106	0,984	1,086	1,006	1,105	0,979	1,131	0,999	1,113	0,961	1,186	1,331	1,282	1,315	1,296	1,308	1,321	1,317	1,337	1,310	1,332	1,317	1,351	1,120	1,126	0,997	1,104	1,000	1,169	1,067	1,140	1,116	1,134	1,105	1,182	1,078	1,138	1,155	1,090	1,030	1,186	1,094	1,143	1,131	1,174	1,119	1,248	0,944	1,246	0,998	1,290	0,957	1,235	1,006	1,176	0,987	1,123	0,981	1,244	0,093	1,245	0,092	1,212	0,092	1,185	0,093	1,223	0,092	1,198	0,092	1,277
18:08:04	37,0	1,084	1,176	1,155	1,184	1,175	1,178	1,172	1,169	1,153	1,198	1,185	1,188	1,234	1,199	1,195	1,222	0,749	1,277	0,093	1,245	0,093	1,235	1,272	1,258	0,951	1,106	0,985	1,085	1,004	1,102	0,978	1,129	0,998	1,114	0,960	1,184	1,330	1,281	1,313	1,295	1,307	1,321	1,318	1,336	1,309	1,330	1,316	1,350	1,121	1,125	0,998	1,103	1,001	1,170	1,069	1,141	1,115	1,135	1,103	1,182	1,079	1,138	1,155	1,090	1,029	1,186	1,094	1,145	1,132	1,174	1,116	1,248	0,946	1,247	0,999	1,290	0,958	1,235	1,007	1,176	0,988	1,123	0,981	1,244	0,093	1,243	0,092	1,211	0,092	1,184	0,093	1,221	0,093	1,198	0,093	1,276
18:18:04	37,0	1,083	1,174	1,156	1,185	1,173	1,178	1,171	1,169	1,155	1,198	1,186	1,188	1,234	1,198	1,198	1,221	0,754	1,277	0,092	1,247	0,093	1,236	1,274	1,260	0,952	1,105	0,987	1,086	1,005	1,106	0,979	1,130	0,998	1,114	0,961	1,184	1,330	1,280	1,310	1,294	1,307	1,320	1,318	1,334	1,308	1,328	1,315	1,349	1,123	1,125	0,998	1,103	1,002	1,170	1,069	1,141	1,115	1,135	1,103	1,182	1,082	1,139	1,155	1,089	1,033	1,186	1,095	1,147	1,133	1,173	1,115	1,248	0,947	1,246	1,000	1,293	0,959	1,236	1,008	1,178	0,987	1,125	0,981	1,244	0,093	1,246	0,092	1,214	0,092	1,185	0,093	1,222	0,092	1,198	0,092	1,277
18:28:04	37,0	1,083	1,175	1,156	1,184	1,171	1,179	1,172	1,170	1,153	1,199	1,187	1,187	1,235	1,199	1,201	1,222	0,758	1,278	0,093	1,247	0,093	1,237	1,276	1,261	0,952	1,103	0,984	1,084	1,003	1,102	0,977	1,128	0,999	1,112	0,959	1,182	1,329	1,280	1,311	1,294	1,306	1,319	1,316	1,335	1,307	1,328	1,316	1,349	1,123	1,125	0,998	1,103	1,002	1,171	1,069	1,142	1,116	1,133	1,104	1,182	1,082	1,139	1,156	1,089	1,032	1,186	1,092	1,146	1,133	1,173	1,115	1,246	0,949	1,246	1,000	1,293	0,960	1,235	1,008	1,178	0,989	1,125	0,982	1,244	0,093	1,245	0,092	1,214	0,092	1,185	0,093	1,221	0,093	1,200	0,093	1,276
18:38:04	37,0	1,081	1,173	1,156	1,184	1,172	1,179	1,172	1,170	1,155	1,198	1,186	1,188	1,237	1,199	1,197	1,223	0,761	1,276	0,092	1,248	0,093	1,238	1,276	1,260	0,953	1,101	0,985	1,084	1,003	1,104	0,977	1,128	0,999	1,113	0,960	1,181	1,332	1,280	1,310	1,293	1,307	1,317	1,316	1,335	1,306	1,328	1,316	1,348	1,123	1,125	0,998	1,103	1,001	1,171	1,070	1,143	1,115	1,134	1,105	1,181	1,084	1,139	1,156	1,089	1,034	1,186	1,094	1,146	1,133	1,172	1,115	1,248	0,949	1,245	1,001	1,294	0,960	1,236	1,009	1,178	0,987	1,126	0,982	1,245	0,093	1,247	0,092	1,214	0,092	1,186	0,093	1,223	0,093	1,198	0,092	1,277
18:48:04	37,0	1,081	1,173	1,155	1,182	1,171	1,177	1,171	1,168	1,153	1,196	1,183	1,186	1,238	1,200	1,200	1,224	0,764	1,277	0,093	1,248	0,093	1,237	1,276	1,261	0,951	1,099	0,983	1,083	1,001	1,101	0,974	1,127	0,995	1,111	0,958	1,179	1,329	1,278	1,310	1,293	1,305	1,315	1,316	1,335	1,304	1,326	1,317	1,348	1,124	1,125	0,999	1,101	1,001	1,170	1,070	1,141	1,115	1,133	1,105	1,180	1,084	1,139	1,155	1,088	1,034	1,185	1,093	1,147	1,133	1,171	1,116	1,246	0,950	1,245	1,004	1,293	0,962	1,237	1,010	1,178	0,989	1,127	0,981	1,244	0,093	1,244	0,092	1,211	0,092	1,185	0,093	1,222	0,093	1,199	0,092	1,275
18:58:04	37,0	1,080	1,173	1,156	1,183	1,170	1,178	1,171	1,169	1,153	1,197	1,184	1,187	1,238	1,200	1,202	1,225	0,768	1,277	0,092	1,250	0,093	1,240	1,276	1,260	0,950	1,099	0,984	1,083	1,002	1,102	0,973	1,127	0,996	1,112	0,957	1,178	1,330	1,279	1,310	1,292	1,305	1,313	1,317	1,335	1,304	1,324	1,316	1,347	1,125	1,126	0,999	1,102	1,001	1,171	1,069	1,142	1,117	1,135	1,104	1,180	1,085	1,139	1,156	1,087	1,035	1,186	1,093	1,147	1,134	1,171	1,117	1,246	0,951	1,245	1,005	1,294	0,964	1,238	1,010	1,179	0,989	1,129	0,982	1,243	0,093	1,247	0,092	1,212	0,092	1,187	0,093	1,222	0,093	1,199	0,092	1,275
19:08:04	37,0	1,079	1,172	1,154	1,182	1,169	1,178	1,171	1,169	1,152	1,196	1,184	1,187	1,242	1,200	1,202	1,225	0,774	1,278	0,093	1,251	0,093	1,239	1,276	1,261	0,949	1,097	0,980	1,080	1,002	1,100	0,974	1,125	0,996	1,111	0,954	1,175	1,330	1,277	1,309	1,292	1,306	1,315	1,317	1,335	1,305	1,324	1,314	1,347	1,125	1,125	1,001	1,101	1,002	1,171	1,069	1,142	1,117	1,135	1,104	1,180	1,086	1,138	1,155	1,087	1,035	1,185	1,094	1,145	1,134	1,170	1,117	1,246	0,952	1,246	1,004	1,293	0,965	1,238	1,011	1,179	0,991	1,129	0,981	1,245	0,093	1,243	0,092	1,212	0,092	1,187	0,093	1,222	0,093	1,200	0,093	1,274
19:18:04	37,0	1,079	1,171	1,153	1,179	1,169	1,175	1,166	1,164	1,149	1,193	1,179	1,182	1,240	1,199	1,199	1,224	0,778	1,277	0,093	1,249	0,094	1,238	1,274	1,256	0,947	1,096	0,978	1,079	0,997	1,096	0,972	1,122	0,991	1,107	0,953	1,171	1,329	1,276	1,309	1,291	1,304	1,316	1,315	1,336	1,306	1,327	1,313	1,344	1,122	1,123	0,997	1,101	1,000	1,169	1,068	1,139	1,113	1,131	1,101	1,176	1,085	1,139	1,155	1,087	1,033	1,186	1,093	1,145	1,133	1,169	1,114	1,242	0,951	1,245	1,005	1,293	0,965	1,236	1,011	1,177	0,991	1,128	0,981	1,244	0,093	1,241	0,092	1,209	0,092	1,184	0,093	1,221	0,093	1,196	0,093	1,271
19:28:04	37,0	1,078	1,171	1,153	1,180	1,168	1,174	1,168	1,165	1,152	1,194	1,182	1,185	1,243	1,198	1,200	1,226	0,780	1,280	0,092	1,251	0,093	1,239	1,275	1,259	0,949	1,095	0,979	1,078	0,998	1,097	0,971	1,121	0,991	1,109	0,953	1,172	1,329	1,276	1,308	1,290	1,305	1,315	1,313	1,334	1,302	1,325	1,315	1,342	1,123	1,123	0,998	1,101	0,998	1,170	1,068	1,140	1,116	1,133	1,101	1,177	1,087	1,140	1,154	1,088	1,035	1,186	1,092	1,145	1,134	1,169	1,117	1,244	0,953	1,245	1,005	1,291	0,966	1,240	1,013	1,178	0,990	1,130	0,981	1,245	0,093	1,245	0,092	1,210	0,092	1,186	0,093	1,220	0,093	1,198	0,092	1,272
19:38:04	37,0	1,077	1,172	1,150	1,179	1,166	1,174	1,166	1,164	1,147	1,192	1,179	1,179	1,242	1,200	1,202	1,225	0,783	1,277	0,092	1,251	0,093	1,237	1,275	1,257	0,946	1,094	0,974	1,074	0,995	1,093	0,971	1,119	0,989	1,105	0,951	1,171	1,329	1,274	1,308	1,290	1,304	1,316	1,313	1,334	1,304	1,325	1,312	1,341	1,124	1,121	0,997	1,100	0,999	1,169	1,069	1,139	1,113	1,131	1,098	1,177	1,087	1,139	1,155	1,086	1,033	1,187	1,091	1,144	1,134	1,170	1,114	1,241	0,953	1,245	1,006	1,291	0,967	1,236	1,014	1,178	0,994	1,131	0,980	1,245	0,093	1,241	0,092	1,209	0,092	1,183	0,093	1,222	0,093	1,194	0,092	1,269
19:48:04	37,0	1,076	1,170	1,152	1,177	1,166	1,173	1,165	1,164	1,147	1,192	1,178	1,179	1,242	1,199	1,205	1,225	0,786	1,277	0,092	1,250	0,093	1,236	1,276	1,259	0,946	1,093	0,973	1,072	0,994	1,091	0,968	1,116	0,987	1,102	0,949	1,168	1,327	1,276	1,310	1,289	1,302	1,315	1,311	1,332	1,303	1,324	1,314	1,341	1,122	1,122	0,997	1,099	0,999	1,167	1,068	1,138	1,114	1,130	1,098	1,176	1,089	1,139	1,155	1,086	1,031	1,186	1,089	1,141	1,134	1,171	1,113	1,239	0,954	1,245	1,007	1,290	0,966	1,237	1,013	1,177	0,993	1,131	0,980	1,244	0,093	1,243	0,092	1,209	0,092	1,183	0,093	1,220	0,093	1,196	0,093	1,269
19:58:04	37,0	1,075	1,169	1,152	1,178	1,166	1,175	1,168	1,165	1,150	1,192	1,178	1,183	1,245	1,200	1,204	1,226	0,791	1,279	0,092	1,252	0,093	1,241	1,277	1,259	0,947	1,089	0,975	1,073	0,995	1,092	0,967	1,118	0,990	1,105	0,949	1,167	1,326	1,274	1,307	1,288	1,304	1,312	1,311	1,332	1,303	1,325	1,312	1,342	1,125	1,121	0,999	1,099	0,999	1,169	1,068	1,139	1,114	1,132	1,102	1,176	1,090	1,140	1,155	1,085	1,036	1,188	1,093	1,142	1,135	1,170	1,117	1,243	0,956	1,244	1,008	1,290	0,967	1,238	1,015	1,178	0,993	1,131	0,980	1,244	0,093	1,242	0,092	1,210	0,092	1,185	0,093	1,221	0,093	1,199	0,093	1,270
20:08:04	37,0	1,074	1,168	1,151	1,177	1,166	1,172	1,166	1,165	1,149	1,191	1,177	1,181	1,245	1,199	1,206	1,226	0,793	1,278	0,092	1,255	0,093	1,239	1,277	1,259	0,946	1,090	0,971	1,069	0,992	1,090	0,968	1,116	0,989	1,101	0,948	1,164	1,326	1,273	1,308	1,286	1,304	1,315	1,311	1,331	1,302	1,321	1,310	1,340	1,123	1,120	0,999	1,098	0,999	1,168	1,069	1,139	1,114	1,131	1,099	1,176	1,091	1,140	1,155	1,085	1,034	1,187	1,091	1,142	1,134	1,170	1,114	1,243	0,957	1,244	1,008	1,289	0,968	1,237	1,016	1,178	0,995	1,132	0,980	1,244	0,093	1,244	0,092	1,208	0,092	1,185	0,093	1,220	0,093	1,196	0,093	1,270
20:18:04	37,0	1,073	1,171	1,150	1,176	1,164	1,172	1,165	1,163	1,145	1,190	1,176	1,178	1,246	1,199	1,204	1,226	0,795	1,276	0,093	1,251	0,093	1,237	1,277	1,258	0,945	1,090	0,969	1,066	0,991	1,085	0,964	1,112	0,986	1,098	0,945	1,165	1,328	1,272	1,308	1,286	1,300	1,314	1,311	1,329	1,301	1,321	1,311	1,340	1,124	1,118	0,997	1,098	0,999	1,168	1,068	1,138	1,114	1,130	1,097	1,175	1,091	1,140	1,156	1,086	1,033	1,187	1,089	1,143	1,134	1,170	1,113	1,240	0,957	1,244	1,011	1,288	0,969	1,237	1,016	1,177	0,995	1,133	0,980	1,243	0,093	1,241	0,092	1,208	0,092	1,184	0,093	1,220	0,093	1,194	0,093	1,269
20:28:04	37,0	1,073	1,169	1,150	1,177	1,162	1,171	1,165	1,163	1,147	1,189	1,176	1,179	1,244	1,201	1,207	1,226	0,798	1,277	0,092	1,254	0,093	1,240	1,276	1,257	0,944	1,087	0,966	1,065	0,990	1,083	0,964	1,111	0,984	1,097	0,945	1,163	1,327	1,272	1,308	1,287	1,301	1,311	1,311	1,330	1,300	1,321	1,310	1,340	1,125	1,118	0,998	1,096	0,998	1,167	1,068	1,137	1,112	1,131	1,098	1,174	1,091	1,140	1,157	1,086	1,034	1,187	1,090	1,143	1,135	1,169	1,112	1,241	0,958	1,243	1,011	1,288	0,968	1,237	1,016	1,177	0,995	1,133	0,980	1,243	0,093	1,243	0,092	1,207	0,092	1,184	0,093	1,220	0,093	1,193	0,093	1,269
20:38:04	37,0	1,072	1,170	1,148	1,174	1,162	1,171	1,163	1,161	1,144	1,188	1,175	1,176	1,244	1,198	1,204	1,226	0,803	1,275	0,092	1,253	0,093	1,237	1,276	1,258	0,944	1,085	0,965	1,063	0,988	1,081	0,961	1,108	0,981	1,095	0,943	1,160	1,323	1,270	1,306	1,285	1,299	1,311	1,310	1,330	1,299	1,320	1,309	1,338	1,122	1,117	0,995	1,096	0,999	1,166	1,067	1,136	1,113	1,129	1,097	1,173	1,093	1,140	1,156	1,085	1,033	1,187	1,089	1,141	1,135	1,170	1,112	1,238	0,958	1,242	1,012	1,286	0,970	1,237	1,017	1,175	0,998	1,133	0,978	1,242	0,093	1,240	0,092	1,207	0,092	1,183	0,093	1,219	0,093	1,192	0,092	1,268
20:48:04	37,0	1,073	1,169	1,149	1,175	1,163	1,170	1,163	1,162	1,145	1,188	1,175	1,176	1,246	1,198	1,206	1,226	0,806	1,275	0,092	1,255	0,093	1,240	1,276	1,257	0,941	1,083	0,967	1,063	0,988	1,085	0,962	1,108	0,983	1,095	0,942	1,159	1,321	1,271	1,306	1,284	1,301	1,310	1,310	1,329	1,299	1,319	1,308	1,338	1,123	1,116	0,996	1,095	0,997	1,165	1,067	1,135	1,111	1,129	1,096	1,172	1,094	1,140	1,157	1,085	1,036	1,189	1,092	1,143	1,135	1,170	1,117	1,240	0,959	1,242	1,014	1,287	0,971	1,236	1,017	1,176	0,999	1,133	0,978	1,241	0,093	1,240	0,092	1,207	0,092	1,181	0,093	1,219	0,093	1,193	0,092	1,269
20:58:04	37,0	1,072	1,168	1,147	1,174	1,160	1,170	1,162	1,160	1,145	1,187	1,174	1,175	1,246	1,199	1,204	1,226	0,810	1,276	0,092	1,254	0,093	1,239	1,276	1,258	0,941	1,082	0,964	1,061	0,986	1,081	0,961	1,105	0,980	1,092	0,940	1,156	1,323	1,270	1,305	1,283	1,299	1,310	1,311	1,327	1,299	1,319	1,306	1,338	1,123	1,116	0,995	1,094	0,997	1,166	1,065	1,133	1,111	1,128	1,095	1,171	1,095	1,141	1,157	1,085	1,036	1,190	1,092	1,143	1,135	1,170	1,117	1,238	0,959	1,242	1,015	1,286	0,972	1,237	1,018	1,176	1,000	1,133	0,978	1,241	0,093	1,238	0,092	1,205	0,092	1,181	0,093	1,217	0,093	1,191	0,093	1,268
21:08:04	37,0	1,071	1,167	1,145	1,171	1,159	1,167	1,159	1,159	1,141	1,183	1,172	1,171	1,246	1,197	1,204	1,226	0,813	1,276	0,092	1,252	0,093	1,240	1,276	1,255	0,940	1,079	0,960	1,058	0,982	1,073	0,959	1,099	0,973	1,087	0,937	1,152	1,322	1,269	1,304	1,281	1,297	1,310	1,307	1,328	1,299	1,322	1,307	1,335	1,123	1,114	0,993	1,093	0,996	1,164	1,065	1,130	1,110	1,125	1,092	1,169	1,095	1,141	1,158	1,085	1,034	1,190	1,091	1,137	1,135	1,171	1,118	1,238	0,960	1,241	1,015	1,287	0,973	1,234	1,016	1,175	0,998	1,134	0,979	1,241	0,093	1,238	0,092	1,202	0,092	1,177	0,093	1,216	0,093	1,188	0,093	1,266
21:18:04	37,0	1,070	1,166	1,146	1,170	1,158	1,166	1,159	1,158	1,142	1,185	1,172	1,169	1,246	1,197	1,203	1,225	0,816	1,275	0,092	1,252	0,093	1,238	1,276	1,256	0,940	1,078	0,959	1,056	0,981	1,072	0,956	1,100	0,974	1,085	0,936	1,150	1,323	1,268	1,303	1,281	1,295	1,308	1,306	1,324	1,296	1,321	1,305	1,334	1,123	1,114	0,991	1,093	0,996	1,162	1,065	1,130	1,107	1,125	1,093	1,168	1,096	1,142	1,158	1,085	1,034	1,190	1,091	1,139	1,136	1,171	1,117	1,236	0,960	1,240	1,016	1,284	0,973	1,234	1,017	1,174	1,000	1,133	0,977	1,240	0,093	1,237	0,092	1,201	0,092	1,178	0,093	1,214	0,092	1,188	0,092	1,265
21:28:04	37,0	1,069	1,165	1,146	1,173	1,158	1,167	1,160	1,158	1,142	1,184	1,170	1,173	1,245	1,198	1,207	1,226	0,819	1,275	0,092	1,253	0,093	1,236	1,276	1,256	0,940	1,077	0,960	1,054	0,981	1,072	0,956	1,101	0,971	1,085	0,936	1,149	1,321	1,268	1,301	1,281	1,295	1,307	1,307	1,325	1,297	1,319	1,305	1,333	1,123	1,114	0,993	1,092	0,996	1,161	1,065	1,132	1,109	1,125	1,090	1,167	1,097	1,142	1,158	1,085	1,035	1,192	1,092	1,140	1,136	1,173	1,117	1,237	0,962	1,239	1,017	1,283	0,974	1,235	1,017	1,174	1,002	1,133	0,977	1,238	0,093	1,240	0,092	1,202	0,092	1,179	0,093	1,216	0,093	1,190	0,093	1,265
21:38:04	37,0	1,069	1,166	1,144	1,170	1,157	1,165	1,159	1,158	1,141	1,184	1,170	1,169	1,246	1,197	1,205	1,225	0,821	1,274	0,092	1,254	0,093	1,236	1,276	1,255	0,937	1,074	0,958	1,053	0,979	1,070	0,955	1,098	0,971	1,083	0,933	1,147	1,321	1,267	1,302	1,280	1,297	1,307	1,306	1,324	1,295	1,316	1,303	1,332	1,122	1,112	0,992	1,091	0,996	1,161	1,064	1,129	1,108	1,123	1,090	1,167	1,098	1,143	1,160	1,086	1,037	1,192	1,092	1,139	1,136	1,173	1,115	1,238	0,963	1,237	1,016	1,281	0,974	1,233	1,018	1,173	1,002	1,132	0,977	1,238	0,093	1,240	0,092	1,202	0,092	1,178	0,093	1,215	0,092	1,188	0,092	1,265
21:48:04	37,0	1,069	1,165	1,143	1,169	1,157	1,165	1,159	1,157	1,139	1,182	1,169	1,169	1,246	1,197	1,206	1,224	0,826	1,275	0,092	1,254	0,093	1,237	1,276	1,255	0,938	1,074	0,958	1,052	0,977	1,067	0,953	1,097	0,967	1,079	0,934	1,145	1,322	1,266	1,301	1,279	1,293	1,306	1,304	1,322	1,294	1,316	1,304	1,330	1,121	1,111	0,991	1,091	0,996	1,160	1,064	1,127	1,107	1,121	1,090	1,166	1,099	1,143	1,159	1,086	1,037	1,193	1,093	1,139	1,136	1,173	1,117	1,238	0,964	1,237	1,019	1,281	0,974	1,234	1,018	1,173	1,003	1,132	0,977	1,237	0,093	1,235	0,092	1,202	0,092	1,178	0,093	1,216	0,093	1,188	0,093	1,265
21:58:04	37,0	1,068	1,164	1,143	1,171	1,156	1,165	1,159	1,157	1,140	1,182	1,169	1,170	1,246	1,199	1,208	1,225	0,827	1,274	0,092	1,253	0,093	1,238	1,276	1,253	0,936	1,071	0,961	1,053	0,978	1,072	0,952	1,098	0,971	1,084	0,933	1,144	1,320	1,266	1,300	1,279	1,294	1,302	1,304	1,323	1,294	1,314	1,304	1,330	1,121	1,110	0,990	1,089	0,994	1,161	1,063	1,129	1,106	1,123	1,089	1,165	1,100	1,142	1,160	1,087	1,042	1,194	1,097	1,141	1,138	1,172	1,121	1,238	0,965	1,236	1,019	1,282	0,976	1,235	1,020	1,174	1,002	1,131	0,978	1,236	0,093	1,238	0,092	1,202	0,092	1,177	0,093	1,217	0,093	1,188	0,092	1,264
22:08:04	37,0	1,068	1,163	1,142	1,171	1,154	1,162	1,157	1,156	1,139	1,182	1,168	1,167	1,246	1,198	1,205	1,225	0,830	1,274	0,092	1,253	0,093	1,237	1,276	1,253	0,935	1,070	0,956	1,047	0,976	1,067	0,951	1,094	0,968	1,077	0,932	1,143	1,319	1,265	1,298	1,278	1,293	1,303	1,304	1,321	1,293	1,315	1,303	1,329	1,121	1,109	0,990	1,089	0,995	1,160	1,064	1,128	1,106	1,121	1,086	1,164	1,101	1,143	1,161	1,087	1,038	1,194	1,093	1,139	1,139	1,174	1,120	1,238	0,965	1,235	1,020	1,281	0,977	1,233	1,019	1,172	1,005	1,132	0,978	1,235	0,093	1,238	0,092	1,202	0,092	1,177	0,093	1,217	0,093	1,188	0,093	1,263
																																																																																																	
																																																																																																	