Time	T∞ Optical Density:600	A1	A2	A3	A4	A5	A6	A7	A8	A9	A10	A11	A12	B1	B2	B3	B4	B5	B6	B7	B8	B9	B10	B11	B12	C1	C2	C3	C4	C5	C6	C7	C8	C9	C10	C11	C12	D1	D2	D3	D4	D5	D6	D7	D8	D9	D10	D11	D12	E1	E2	E3	E4	E5	E6	E7	E8	E9	E10	E11	E12	F1	F2	F3	F4	F5	F6	F7	F8	F9	F10	F11	F12	G1	G2	G3	G4	G5	G6	G7	G8	G9	G10	G11	G12	H1	H2	H3	H4	H5	H6	H7	H8	H9	H10	H11	H12
0:08:04	37,0	0,142	0,130	0,142	0,135	0,133	0,143	0,161	0,126	0,137	0,123	0,121	0,124	0,122	0,115	0,154	0,124	0,158	0,121	0,126	0,124	0,140	0,142	0,115	0,128	0,133	0,155	0,110	0,148	0,113	0,128	0,127	0,130	0,113	0,113	0,111	0,101	0,122	0,104	0,113	0,112	0,123	0,123	0,122	0,121	0,131	0,123	0,108	0,115	0,120	0,125	0,119	0,121	0,113	0,119	0,128	0,128	0,128	0,136	0,128	0,122	0,120	0,123	0,131	0,161	0,151	0,240	0,158	0,124	0,139	0,197	0,141	0,170	0,155	0,213	0,157	0,155	0,110	0,179	0,128	0,116	0,112	0,143	0,099	0,129	0,119	0,132	0,123	0,132	0,155	0,141	0,163	0,156	0,149	0,131	0,197	0,135
0:18:04	37,0	0,152	0,136	0,152	0,142	0,141	0,147	0,174	0,132	0,141	0,126	0,121	0,124	0,127	0,120	0,146	0,130	0,156	0,127	0,143	0,133	0,153	0,143	0,117	0,128	0,135	0,149	0,108	0,153	0,115	0,129	0,130	0,137	0,114	0,117	0,111	0,102	0,126	0,107	0,114	0,114	0,124	0,121	0,125	0,121	0,129	0,117	0,110	0,115	0,117	0,128	0,119	0,118	0,114	0,122	0,123	0,126	0,127	0,136	0,129	0,124	0,121	0,127	0,135	0,150	0,146	0,259	0,160	0,129	0,137	0,178	0,141	0,139	0,167	0,210	0,164	0,159	0,108	0,185	0,135	0,121	0,115	0,141	0,100	0,133	0,121	0,133	0,125	0,133	0,153	0,141	0,173	0,160	0,147	0,119	0,203	0,136
0:28:04	37,0	0,160	0,141	0,160	0,146	0,147	0,153	0,180	0,138	0,147	0,129	0,123	0,119	0,128	0,129	0,148	0,133	0,161	0,132	0,161	0,140	0,162	0,145	0,119	0,132	0,140	0,158	0,111	0,157	0,116	0,133	0,135	0,147	0,117	0,122	0,111	0,103	0,130	0,111	0,117	0,116	0,126	0,123	0,132	0,125	0,132	0,119	0,113	0,118	0,119	0,132	0,122	0,123	0,116	0,126	0,125	0,130	0,131	0,141	0,128	0,127	0,122	0,131	0,138	0,150	0,149	0,268	0,163	0,133	0,138	0,175	0,141	0,141	0,174	0,217	0,172	0,164	0,110	0,189	0,138	0,122	0,118	0,145	0,101	0,135	0,125	0,136	0,127	0,136	0,156	0,144	0,178	0,163	0,149	0,116	0,208	0,141
0:38:04	37,0	0,168	0,148	0,169	0,153	0,156	0,160	0,187	0,144	0,152	0,134	0,128	0,133	0,133	0,140	0,157	0,140	0,169	0,138	0,176	0,148	0,172	0,152	0,126	0,138	0,148	0,169	0,114	0,163	0,119	0,139	0,139	0,157	0,119	0,128	0,113	0,105	0,136	0,116	0,122	0,120	0,131	0,129	0,137	0,130	0,139	0,124	0,119	0,123	0,123	0,136	0,128	0,126	0,120	0,129	0,131	0,132	0,138	0,147	0,132	0,128	0,125	0,135	0,143	0,157	0,158	0,273	0,173	0,136	0,147	0,181	0,144	0,147	0,186	0,226	0,177	0,170	0,112	0,196	0,142	0,127	0,121	0,151	0,103	0,140	0,128	0,141	0,130	0,139	0,159	0,149	0,185	0,167	0,153	0,117	0,218	0,146
0:48:04	37,0	0,179	0,158	0,182	0,164	0,164	0,171	0,198	0,153	0,162	0,141	0,138	0,131	0,141	0,152	0,167	0,149	0,181	0,148	0,193	0,160	0,183	0,166	0,133	0,148	0,160	0,182	0,116	0,171	0,120	0,147	0,143	0,167	0,122	0,137	0,115	0,108	0,146	0,121	0,130	0,126	0,138	0,135	0,141	0,138	0,146	0,131	0,124	0,131	0,129	0,141	0,133	0,131	0,124	0,134	0,134	0,136	0,148	0,153	0,138	0,133	0,131	0,139	0,148	0,163	0,163	0,276	0,182	0,140	0,153	0,189	0,149	0,156	0,201	0,235	0,185	0,177	0,116	0,203	0,147	0,134	0,127	0,158	0,105	0,145	0,133	0,147	0,134	0,144	0,166	0,154	0,194	0,175	0,158	0,118	0,231	0,153
0:58:04	37,0	0,195	0,172	0,200	0,179	0,178	0,186	0,213	0,166	0,174	0,151	0,143	0,162	0,153	0,165	0,183	0,162	0,200	0,161	0,210	0,176	0,204	0,182	0,143	0,163	0,160	0,198	0,119	0,185	0,125	0,159	0,148	0,180	0,126	0,147	0,119	0,112	0,160	0,131	0,140	0,135	0,148	0,142	0,149	0,148	0,159	0,140	0,134	0,147	0,137	0,148	0,141	0,137	0,130	0,140	0,142	0,142	0,160	0,161	0,148	0,142	0,141	0,143	0,153	0,166	0,168	0,280	0,187	0,145	0,160	0,196	0,155	0,167	0,220	0,248	0,196	0,186	0,121	0,212	0,153	0,141	0,134	0,166	0,110	0,153	0,139	0,158	0,138	0,151	0,171	0,161	0,205	0,184	0,164	0,120	0,243	0,164
1:08:04	37,0	0,215	0,189	0,222	0,197	0,194	0,205	0,232	0,180	0,189	0,165	0,157	0,180	0,168	0,183	0,203	0,177	0,222	0,179	0,231	0,196	0,228	0,202	0,157	0,180	0,172	0,218	0,123	0,202	0,129	0,174	0,157	0,199	0,131	0,160	0,124	0,120	0,178	0,143	0,154	0,149	0,163	0,156	0,163	0,162	0,174	0,153	0,147	0,167	0,146	0,158	0,152	0,144	0,138	0,148	0,152	0,151	0,175	0,170	0,161	0,153	0,153	0,152	0,163	0,170	0,176	0,290	0,193	0,153	0,168	0,208	0,165	0,179	0,244	0,269	0,209	0,197	0,130	0,225	0,164	0,151	0,144	0,177	0,116	0,162	0,150	0,170	0,146	0,162	0,179	0,171	0,220	0,198	0,171	0,123	0,259	0,180
1:18:04	37,0	0,238	0,209	0,246	0,218	0,217	0,226	0,255	0,199	0,207	0,183	0,179	0,177	0,188	0,205	0,229	0,196	0,245	0,202	0,255	0,222	0,254	0,228	0,176	0,204	0,188	0,244	0,130	0,224	0,136	0,194	0,167	0,218	0,138	0,178	0,133	0,130	0,197	0,159	0,173	0,166	0,182	0,176	0,176	0,180	0,195	0,170	0,165	0,185	0,161	0,171	0,168	0,154	0,149	0,161	0,167	0,162	0,194	0,182	0,179	0,169	0,171	0,162	0,176	0,178	0,189	0,300	0,200	0,166	0,178	0,221	0,178	0,196	0,270	0,293	0,227	0,215	0,142	0,239	0,178	0,170	0,160	0,194	0,125	0,175	0,164	0,188	0,156	0,177	0,192	0,185	0,241	0,214	0,180	0,127	0,278	0,203
1:28:04	37,0	0,262	0,230	0,271	0,239	0,242	0,249	0,278	0,221	0,233	0,205	0,198	0,197	0,209	0,226	0,254	0,220	0,271	0,226	0,284	0,250	0,288	0,256	0,198	0,228	0,206	0,267	0,139	0,249	0,146	0,220	0,181	0,243	0,149	0,202	0,146	0,146	0,215	0,178	0,191	0,184	0,201	0,193	0,192	0,200	0,220	0,190	0,187	0,208	0,181	0,185	0,188	0,167	0,165	0,175	0,184	0,176	0,221	0,200	0,201	0,190	0,193	0,176	0,190	0,187	0,208	0,329	0,209	0,182	0,196	0,236	0,196	0,218	0,298	0,321	0,249	0,234	0,160	0,271	0,197	0,194	0,179	0,215	0,137	0,194	0,182	0,210	0,171	0,194	0,209	0,202	0,263	0,236	0,195	0,133	0,303	0,221
1:38:04	37,0	0,286	0,252	0,299	0,264	0,266	0,275	0,305	0,242	0,256	0,228	0,223	0,239	0,235	0,253	0,285	0,243	0,296	0,254	0,314	0,281	0,319	0,290	0,223	0,257	0,230	0,293	0,152	0,273	0,159	0,244	0,199	0,272	0,164	0,226	0,164	0,166	0,237	0,193	0,208	0,201	0,221	0,216	0,213	0,220	0,241	0,207	0,202	0,237	0,204	0,202	0,211	0,182	0,183	0,193	0,206	0,194	0,263	0,217	0,226	0,214	0,220	0,197	0,211	0,201	0,231	0,351	0,223	0,206	0,221	0,255	0,216	0,246	0,326	0,354	0,275	0,257	0,180	0,322	0,218	0,221	0,201	0,242	0,153	0,224	0,203	0,233	0,190	0,215	0,229	0,227	0,292	0,260	0,214	0,143	0,331	0,247
1:48:04	37,0	0,311	0,278	0,329	0,291	0,293	0,303	0,334	0,268	0,284	0,257	0,248	0,253	0,260	0,283	0,314	0,271	0,320	0,282	0,351	0,314	0,354	0,322	0,252	0,284	0,255	0,313	0,167	0,293	0,175	0,276	0,217	0,302	0,183	0,253	0,183	0,186	0,262	0,212	0,229	0,221	0,242	0,239	0,231	0,243	0,267	0,230	0,224	0,268	0,226	0,223	0,238	0,201	0,205	0,214	0,231	0,214	0,306	0,238	0,254	0,244	0,249	0,223	0,229	0,223	0,256	0,397	0,242	0,234	0,244	0,278	0,239	0,273	0,356	0,393	0,302	0,296	0,202	0,316	0,238	0,254	0,224	0,269	0,176	0,254	0,228	0,264	0,213	0,241	0,255	0,254	0,324	0,287	0,236	0,157	0,365	0,279
1:58:04	37,0	0,338	0,305	0,362	0,317	0,323	0,334	0,360	0,294	0,310	0,286	0,274	0,293	0,288	0,311	0,345	0,300	0,352	0,313	0,390	0,352	0,389	0,356	0,284	0,314	0,281	0,344	0,181	0,315	0,195	0,307	0,239	0,328	0,205	0,281	0,203	0,210	0,285	0,234	0,255	0,246	0,264	0,262	0,247	0,267	0,294	0,261	0,249	0,288	0,256	0,246	0,269	0,228	0,229	0,237	0,256	0,240	0,362	0,264	0,284	0,277	0,276	0,251	0,254	0,244	0,283	0,446	0,263	0,268	0,273	0,312	0,263	0,310	0,382	0,440	0,334	0,360	0,224	0,449	0,263	0,291	0,248	0,306	0,197	0,289	0,256	0,294	0,240	0,268	0,282	0,279	0,358	0,321	0,263	0,176	0,404	0,308
2:08:04	37,0	0,362	0,331	0,390	0,347	0,350	0,365	0,384	0,322	0,339	0,314	0,302	0,321	0,319	0,343	0,372	0,335	0,380	0,346	0,421	0,391	0,422	0,389	0,317	0,348	0,307	0,376	0,197	0,336	0,212	0,341	0,264	0,368	0,231	0,308	0,227	0,236	0,318	0,269	0,286	0,283	0,285	0,284	0,272	0,286	0,322	0,283	0,270	0,306	0,286	0,267	0,295	0,252	0,252	0,264	0,277	0,267	0,397	0,290	0,313	0,311	0,303	0,284	0,277	0,268	0,315	0,457	0,283	0,297	0,303	0,342	0,291	0,346	0,406	0,474	0,365	0,404	0,246	0,458	0,287	0,337	0,275	0,337	0,218	0,325	0,285	0,329	0,266	0,300	0,310	0,303	0,392	0,358	0,292	0,202	0,440	0,343
2:18:04	36,9	0,385	0,359	0,416	0,376	0,378	0,389	0,406	0,348	0,370	0,349	0,337	0,356	0,351	0,375	0,404	0,374	0,412	0,378	0,459	0,426	0,451	0,422	0,355	0,382	0,331	0,414	0,217	0,359	0,233	0,366	0,287	0,406	0,257	0,334	0,250	0,265	0,375	0,305	0,324	0,313	0,317	0,324	0,318	0,318	0,366	0,318	0,299	0,343	0,314	0,296	0,327	0,278	0,280	0,289	0,303	0,295	0,446	0,315	0,344	0,348	0,338	0,318	0,304	0,297	0,348	0,478	0,305	0,334	0,331	0,382	0,319	0,376	0,434	0,500	0,394	0,470	0,272	0,517	0,308	0,379	0,299	0,389	0,242	0,366	0,315	0,364	0,291	0,336	0,339	0,347	0,426	0,387	0,326	0,233	0,481	0,387
2:28:04	37,0	0,409	0,389	0,441	0,404	0,403	0,412	0,429	0,375	0,398	0,383	0,370	0,389	0,383	0,407	0,445	0,407	0,457	0,411	0,506	0,463	0,487	0,471	0,391	0,417	0,354	0,445	0,233	0,385	0,253	0,398	0,315	0,450	0,284	0,362	0,286	0,290	0,424	0,355	0,380	0,349	0,351	0,353	0,354	0,356	0,418	0,360	0,334	0,369	0,350	0,325	0,361	0,308	0,313	0,317	0,337	0,324	0,480	0,341	0,382	0,388	0,376	0,358	0,332	0,328	0,386	0,512	0,330	0,379	0,363	0,430	0,355	0,429	0,459	0,530	0,428	0,519	0,297	0,550	0,331	0,427	0,324	0,424	0,266	0,416	0,348	0,409	0,317	0,372	0,370	0,376	0,458	0,425	0,358	0,262	0,515	0,436
2:38:04	37,0	0,429	0,421	0,463	0,427	0,426	0,437	0,448	0,400	0,426	0,412	0,400	0,418	0,415	0,440	0,516	0,437	0,521	0,440	0,540	0,497	0,521	0,514	0,427	0,462	0,382	0,471	0,251	0,427	0,278	0,435	0,347	0,487	0,320	0,401	0,314	0,319	0,448	0,385	0,422	0,396	0,381	0,393	0,391	0,401	0,461	0,396	0,388	0,419	0,385	0,358	0,398	0,340	0,339	0,348	0,389	0,353	0,515	0,376	0,421	0,431	0,418	0,412	0,369	0,366	0,424	0,540	0,361	0,423	0,404	0,478	0,399	0,483	0,484	0,559	0,461	0,579	0,322	0,638	0,353	0,466	0,352	0,459	0,289	0,479	0,384	0,441	0,344	0,415	0,404	0,418	0,482	0,460	0,396	0,302	0,548	0,469
2:48:04	37,0	0,451	0,449	0,493	0,452	0,452	0,459	0,466	0,422	0,449	0,439	0,430	0,444	0,451	0,473	0,552	0,459	0,562	0,471	0,577	0,533	0,559	0,571	0,455	0,521	0,410	0,521	0,272	0,479	0,303	0,477	0,373	0,535	0,344	0,432	0,344	0,352	0,473	0,430	0,443	0,432	0,413	0,424	0,442	0,453	0,489	0,416	0,426	0,453	0,416	0,392	0,442	0,371	0,372	0,382	0,435	0,381	0,521	0,400	0,457	0,490	0,448	0,442	0,408	0,406	0,460	0,564	0,403	0,457	0,454	0,533	0,435	0,526	0,509	0,584	0,498	0,582	0,351	0,672	0,372	0,495	0,377	0,502	0,310	0,518	0,409	0,464	0,381	0,450	0,437	0,450	0,500	0,485	0,438	0,352	0,573	0,502
2:58:04	37,0	0,473	0,482	0,519	0,487	0,472	0,483	0,485	0,445	0,480	0,467	0,454	0,470	0,485	0,509	0,578	0,485	0,595	0,502	0,611	0,555	0,579	0,597	0,486	0,574	0,434	0,569	0,293	0,523	0,330	0,517	0,413	0,579	0,372	0,480	0,377	0,387	0,504	0,470	0,479	0,446	0,437	0,442	0,482	0,483	0,524	0,436	0,467	0,488	0,438	0,411	0,468	0,389	0,396	0,409	0,456	0,395	0,542	0,429	0,485	0,536	0,471	0,461	0,433	0,433	0,499	0,572	0,447	0,502	0,476	0,542	0,462	0,555	0,536	0,599	0,529	0,670	0,377	0,627	0,394	0,520	0,400	0,568	0,340	0,553	0,428	0,478	0,416	0,479	0,457	0,481	0,519	0,503	0,477	0,387	0,596	0,529
3:08:04	37,0	0,494	0,518	0,547	0,514	0,508	0,504	0,502	0,464	0,498	0,491	0,482	0,495	0,518	0,525	0,593	0,513	0,613	0,518	0,644	0,593	0,606	0,611	0,513	0,625	0,458	0,594	0,312	0,541	0,354	0,538	0,461	0,593	0,403	0,523	0,405	0,419	0,520	0,505	0,503	0,467	0,443	0,448	0,500	0,500	0,542	0,474	0,499	0,516	0,460	0,434	0,505	0,408	0,415	0,433	0,468	0,409	0,554	0,477	0,512	0,569	0,502	0,479	0,447	0,460	0,526	0,605	0,477	0,537	0,491	0,553	0,484	0,584	0,549	0,608	0,561	0,718	0,401	0,700	0,411	0,535	0,424	0,590	0,359	0,571	0,443	0,504	0,437	0,497	0,467	0,502	0,546	0,514	0,502	0,440	0,623	0,554
3:18:04	37,0	0,511	0,549	0,574	0,532	0,516	0,526	0,523	0,484	0,528	0,516	0,520	0,520	0,553	0,555	0,610	0,546	0,650	0,541	0,655	0,613	0,624	0,630	0,538	0,664	0,483	0,611	0,334	0,561	0,378	0,564	0,488	0,625	0,434	0,555	0,435	0,456	0,524	0,497	0,511	0,475	0,458	0,465	0,528	0,513	0,557	0,503	0,532	0,542	0,478	0,450	0,537	0,427	0,438	0,459	0,479	0,426	0,562	0,497	0,540	0,600	0,519	0,493	0,460	0,495	0,528	0,614	0,492	0,555	0,520	0,572	0,516	0,611	0,570	0,621	0,591	0,775	0,428	0,727	0,430	0,551	0,448	0,608	0,383	0,589	0,456	0,534	0,457	0,523	0,484	0,529	0,566	0,534	0,516	0,494	0,644	0,570
3:28:04	37,0	0,527	0,574	0,590	0,545	0,530	0,550	0,541	0,507	0,556	0,533	0,545	0,549	0,590	0,590	0,629	0,580	0,664	0,559	0,669	0,636	0,646	0,648	0,561	0,698	0,496	0,628	0,356	0,580	0,397	0,580	0,529	0,641	0,466	0,574	0,461	0,483	0,541	0,486	0,518	0,482	0,476	0,481	0,554	0,533	0,575	0,518	0,549	0,570	0,496	0,466	0,556	0,456	0,458	0,487	0,490	0,448	0,565	0,538	0,563	0,629	0,553	0,507	0,478	0,532	0,551	0,626	0,496	0,587	0,532	0,594	0,547	0,634	0,581	0,633	0,607	0,778	0,455	0,745	0,455	0,568	0,473	0,634	0,406	0,605	0,466	0,553	0,470	0,529	0,493	0,544	0,576	0,549	0,537	0,527	0,662	0,594
3:38:04	37,0	0,539	0,590	0,595	0,560	0,540	0,579	0,565	0,529	0,576	0,552	0,570	0,581	0,612	0,610	0,643	0,607	0,683	0,577	0,686	0,652	0,667	0,664	0,583	0,724	0,517	0,643	0,379	0,598	0,413	0,602	0,542	0,653	0,487	0,591	0,487	0,508	0,553	0,498	0,529	0,515	0,495	0,506	0,582	0,557	0,594	0,530	0,568	0,603	0,512	0,487	0,571	0,494	0,478	0,513	0,502	0,476	0,587	0,563	0,582	0,646	0,563	0,518	0,502	0,565	0,555	0,632	0,503	0,615	0,544	0,619	0,603	0,655	0,604	0,661	0,621	0,794	0,478	0,843	0,463	0,582	0,486	0,628	0,427	0,625	0,480	0,564	0,485	0,581	0,504	0,556	0,598	0,551	0,556	0,574	0,674	0,620
3:48:04	37,0	0,551	0,603	0,605	0,576	0,556	0,603	0,583	0,555	0,599	0,574	0,591	0,612	0,629	0,628	0,657	0,630	0,698	0,603	0,711	0,670	0,684	0,679	0,601	0,743	0,529	0,655	0,404	0,614	0,430	0,619	0,550	0,664	0,505	0,604	0,510	0,539	0,568	0,518	0,547	0,543	0,510	0,537	0,608	0,588	0,614	0,551	0,592	0,640	0,531	0,501	0,583	0,519	0,492	0,538	0,510	0,514	0,590	0,574	0,602	0,670	0,578	0,530	0,516	0,589	0,559	0,644	0,511	0,628	0,555	0,627	0,621	0,673	0,618	0,675	0,636	0,787	0,489	0,840	0,480	0,597	0,503	0,692	0,452	0,665	0,492	0,576	0,501	0,654	0,521	0,570	0,613	0,628	0,580	0,577	0,690	0,667
3:58:04	37,0	0,565	0,620	0,614	0,592	0,571	0,618	0,598	0,577	0,615	0,596	0,609	0,640	0,641	0,647	0,672	0,648	0,711	0,625	0,718	0,684	0,696	0,696	0,618	0,763	0,542	0,668	0,434	0,628	0,449	0,638	0,557	0,673	0,522	0,614	0,522	0,573	0,592	0,546	0,566	0,591	0,533	0,580	0,629	0,622	0,642	0,597	0,609	0,683	0,547	0,524	0,592	0,541	0,510	0,556	0,523	0,548	0,598	0,584	0,635	0,686	0,595	0,541	0,530	0,610	0,591	0,656	0,519	0,640	0,566	0,636	0,622	0,682	0,627	0,686	0,647	0,796	0,507	0,849	0,492	0,617	0,520	0,742	0,469	0,684	0,503	0,578	0,512	0,705	0,540	0,587	0,618	0,679	0,598	0,597	0,710	0,734
4:08:04	37,0	0,577	0,634	0,627	0,608	0,599	0,637	0,614	0,602	0,632	0,618	0,627	0,675	0,653	0,662	0,683	0,668	0,723	0,648	0,739	0,710	0,725	0,711	0,635	0,786	0,549	0,679	0,459	0,642	0,464	0,655	0,563	0,687	0,536	0,628	0,548	0,608	0,617	0,587	0,591	0,632	0,568	0,624	0,660	0,653	0,669	0,644	0,652	0,718	0,568	0,547	0,609	0,562	0,525	0,575	0,539	0,573	0,612	0,621	0,669	0,718	0,614	0,544	0,536	0,629	0,600	0,666	0,525	0,657	0,578	0,651	0,649	0,693	0,638	0,698	0,656	0,809	0,524	0,861	0,504	0,633	0,527	0,737	0,486	0,705	0,510	0,597	0,519	0,721	0,554	0,612	0,624	0,704	0,627	0,622	0,714	0,788
4:18:04	37,0	0,589	0,650	0,645	0,631	0,614	0,661	0,630	0,626	0,649	0,643	0,643	0,712	0,672	0,678	0,694	0,687	0,740	0,668	0,762	0,723	0,734	0,725	0,654	0,804	0,559	0,689	0,476	0,653	0,474	0,668	0,571	0,699	0,549	0,642	0,564	0,654	0,649	0,627	0,622	0,677	0,604	0,672	0,689	0,690	0,691	0,682	0,688	0,762	0,589	0,564	0,629	0,580	0,537	0,595	0,554	0,607	0,624	0,635	0,701	0,756	0,631	0,559	0,547	0,650	0,602	0,680	0,536	0,671	0,592	0,663	0,670	0,708	0,647	0,712	0,666	0,819	0,531	0,874	0,514	0,649	0,533	0,756	0,497	0,723	0,516	0,670	0,527	0,716	0,569	0,672	0,633	0,719	0,661	0,645	0,722	0,810
4:28:04	37,0	0,602	0,661	0,661	0,650	0,633	0,674	0,650	0,649	0,669	0,670	0,671	0,737	0,689	0,693	0,709	0,705	0,755	0,686	0,779	0,737	0,756	0,742	0,672	0,823	0,568	0,696	0,493	0,663	0,484	0,683	0,578	0,710	0,560	0,662	0,567	0,686	0,689	0,674	0,646	0,714	0,634	0,710	0,721	0,737	0,721	0,726	0,723	0,812	0,606	0,580	0,649	0,580	0,548	0,618	0,571	0,633	0,640	0,645	0,723	0,779	0,639	0,574	0,560	0,667	0,605	0,692	0,551	0,684	0,605	0,672	0,679	0,718	0,655	0,726	0,674	0,833	0,539	0,883	0,523	0,664	0,540	0,807	0,504	0,740	0,529	0,710	0,538	0,707	0,579	0,705	0,643	0,742	0,673	0,674	0,735	0,816
4:38:04	37,0	0,614	0,674	0,674	0,669	0,650	0,687	0,666	0,668	0,681	0,696	0,693	0,758	0,700	0,706	0,721	0,723	0,768	0,701	0,781	0,758	0,760	0,751	0,691	0,835	0,576	0,705	0,506	0,674	0,498	0,700	0,583	0,721	0,573	0,669	0,571	0,712	0,719	0,710	0,676	0,750	0,665	0,741	0,755	0,763	0,749	0,755	0,754	0,827	0,626	0,598	0,664	0,588	0,563	0,636	0,596	0,655	0,654	0,655	0,739	0,801	0,656	0,593	0,575	0,683	0,617	0,706	0,572	0,690	0,613	0,678	0,685	0,733	0,662	0,741	0,679	0,842	0,545	0,896	0,528	0,682	0,546	0,832	0,512	0,758	0,542	0,719	0,547	0,711	0,592	0,704	0,657	0,747	0,698	0,691	0,751	0,810
4:48:04	37,0	0,627	0,690	0,686	0,688	0,678	0,703	0,682	0,690	0,707	0,720	0,714	0,770	0,715	0,722	0,732	0,740	0,785	0,718	0,796	0,780	0,793	0,770	0,716	0,860	0,582	0,715	0,519	0,683	0,511	0,716	0,590	0,733	0,584	0,688	0,576	0,737	0,750	0,759	0,709	0,778	0,699	0,778	0,791	0,793	0,774	0,788	0,787	0,859	0,646	0,628	0,689	0,623	0,571	0,657	0,606	0,682	0,686	0,670	0,753	0,822	0,664	0,610	0,587	0,702	0,626	0,714	0,581	0,697	0,621	0,684	0,692	0,752	0,667	0,755	0,689	0,854	0,551	0,910	0,533	0,699	0,551	0,852	0,522	0,775	0,557	0,771	0,561	0,716	0,606	0,727	0,672	0,764	0,706	0,708	0,770	0,822
4:58:04	37,0	0,641	0,705	0,702	0,704	0,685	0,720	0,701	0,707	0,725	0,743	0,732	0,803	0,731	0,743	0,748	0,758	0,803	0,731	0,812	0,783	0,800	0,787	0,730	0,873	0,590	0,728	0,532	0,691	0,524	0,729	0,597	0,747	0,594	0,699	0,585	0,764	0,785	0,786	0,734	0,812	0,731	0,800	0,826	0,819	0,801	0,810	0,814	0,884	0,668	0,646	0,708	0,642	0,583	0,679	0,618	0,703	0,705	0,683	0,764	0,842	0,669	0,625	0,604	0,718	0,636	0,726	0,594	0,702	0,629	0,699	0,694	0,763	0,675	0,769	0,696	0,865	0,553	0,921	0,541	0,716	0,555	0,865	0,530	0,794	0,575	0,769	0,570	0,723	0,620	0,736	0,682	0,781	0,731	0,709	0,788	0,820
5:08:04	37,0	0,653	0,722	0,713	0,723	0,706	0,737	0,716	0,726	0,736	0,774	0,750	0,853	0,747	0,755	0,763	0,769	0,815	0,746	0,826	0,811	0,817	0,802	0,746	0,889	0,595	0,739	0,544	0,700	0,537	0,741	0,600	0,761	0,608	0,720	0,593	0,790	0,816	0,817	0,766	0,833	0,764	0,827	0,851	0,847	0,827	0,835	0,844	0,917	0,689	0,661	0,727	0,655	0,594	0,698	0,637	0,727	0,718	0,704	0,775	0,864	0,670	0,642	0,618	0,731	0,669	0,737	0,603	0,705	0,639	0,717	0,696	0,787	0,680	0,788	0,704	0,877	0,558	0,930	0,547	0,729	0,559	0,878	0,539	0,812	0,590	0,793	0,583	0,728	0,635	0,782	0,693	0,795	0,740	0,737	0,806	0,821
5:18:04	37,0	0,667	0,737	0,730	0,742	0,723	0,756	0,736	0,749	0,754	0,788	0,773	0,853	0,764	0,768	0,773	0,784	0,832	0,762	0,842	0,829	0,833	0,819	0,764	0,904	0,603	0,751	0,554	0,711	0,549	0,756	0,604	0,777	0,616	0,742	0,604	0,815	0,846	0,847	0,792	0,858	0,796	0,854	0,875	0,875	0,858	0,866	0,876	0,946	0,709	0,692	0,748	0,664	0,607	0,721	0,661	0,748	0,734	0,717	0,772	0,884	0,678	0,652	0,647	0,753	0,682	0,748	0,612	0,718	0,667	0,728	0,694	0,810	0,687	0,806	0,711	0,891	0,562	0,948	0,552	0,744	0,565	0,894	0,548	0,829	0,609	0,801	0,603	0,737	0,661	0,784	0,705	0,811	0,762	0,754	0,825	0,823
5:28:04	37,0	0,682	0,754	0,745	0,758	0,734	0,769	0,751	0,761	0,766	0,814	0,799	0,900	0,777	0,783	0,789	0,800	0,853	0,779	0,854	0,833	0,843	0,835	0,780	0,918	0,612	0,764	0,564	0,721	0,561	0,770	0,615	0,789	0,625	0,756	0,616	0,836	0,877	0,870	0,819	0,883	0,820	0,877	0,897	0,897	0,882	0,890	0,900	0,961	0,722	0,710	0,770	0,690	0,624	0,735	0,686	0,767	0,745	0,737	0,777	0,905	0,694	0,671	0,674	0,769	0,698	0,762	0,624	0,731	0,693	0,736	0,699	0,829	0,693	0,820	0,720	0,901	0,567	0,960	0,560	0,761	0,571	0,910	0,560	0,845	0,633	0,801	0,627	0,748	0,686	0,799	0,720	0,829	0,779	0,761	0,838	0,827
5:38:04	37,0	0,696	0,770	0,758	0,777	0,752	0,788	0,766	0,776	0,796	0,829	0,826	0,907	0,794	0,794	0,801	0,811	0,871	0,791	0,874	0,849	0,864	0,857	0,797	0,932	0,621	0,778	0,572	0,733	0,571	0,784	0,617	0,803	0,638	0,776	0,625	0,861	0,898	0,902	0,847	0,904	0,851	0,902	0,920	0,924	0,906	0,912	0,926	0,986	0,736	0,719	0,786	0,702	0,639	0,755	0,708	0,787	0,756	0,753	0,794	0,923	0,706	0,690	0,686	0,788	0,713	0,781	0,632	0,755	0,706	0,746	0,705	0,845	0,699	0,835	0,730	0,915	0,569	0,974	0,568	0,775	0,575	0,928	0,570	0,864	0,645	0,798	0,642	0,759	0,710	0,806	0,732	0,844	0,806	0,766	0,851	0,834
5:48:04	37,0	0,708	0,788	0,773	0,791	0,765	0,797	0,780	0,792	0,800	0,849	0,847	0,925	0,808	0,809	0,815	0,827	0,885	0,804	0,882	0,851	0,869	0,866	0,819	0,943	0,632	0,791	0,583	0,743	0,583	0,797	0,634	0,815	0,644	0,785	0,634	0,880	0,926	0,918	0,868	0,929	0,874	0,927	0,936	0,942	0,925	0,937	0,947	0,999	0,750	0,730	0,806	0,714	0,656	0,776	0,732	0,801	0,773	0,771	0,801	0,939	0,718	0,709	0,703	0,805	0,726	0,801	0,658	0,769	0,718	0,762	0,706	0,856	0,704	0,850	0,741	0,927	0,575	0,986	0,578	0,792	0,582	0,941	0,582	0,875	0,664	0,807	0,655	0,769	0,729	0,811	0,746	0,858	0,834	0,776	0,863	0,838
5:58:04	37,0	0,719	0,800	0,783	0,810	0,780	0,816	0,795	0,808	0,813	0,868	0,855	0,962	0,821	0,823	0,828	0,840	0,899	0,816	0,891	0,865	0,883	0,885	0,835	0,956	0,643	0,806	0,593	0,754	0,595	0,811	0,638	0,836	0,654	0,802	0,642	0,901	0,951	0,943	0,898	0,947	0,896	0,950	0,953	0,966	0,954	0,952	0,970	1,014	0,760	0,742	0,821	0,729	0,669	0,789	0,748	0,816	0,781	0,787	0,818	0,956	0,725	0,730	0,714	0,826	0,738	0,822	0,686	0,786	0,727	0,778	0,717	0,869	0,709	0,867	0,750	0,938	0,580	0,997	0,587	0,807	0,589	0,959	0,593	0,892	0,685	0,809	0,674	0,781	0,749	0,822	0,762	0,874	0,854	0,788	0,875	0,846
6:08:04	37,0	0,732	0,821	0,797	0,822	0,794	0,830	0,807	0,826	0,845	0,881	0,876	0,975	0,836	0,839	0,841	0,850	0,910	0,829	0,906	0,879	0,890	0,903	0,850	0,969	0,658	0,819	0,600	0,766	0,606	0,823	0,645	0,847	0,668	0,825	0,652	0,920	0,972	0,963	0,913	0,960	0,916	0,970	0,980	0,984	0,970	0,970	0,990	1,032	0,771	0,761	0,838	0,749	0,683	0,804	0,762	0,832	0,800	0,810	0,828	0,968	0,737	0,753	0,725	0,845	0,754	0,846	0,709	0,810	0,736	0,793	0,723	0,880	0,714	0,881	0,761	0,954	0,588	1,010	0,595	0,821	0,596	0,970	0,605	0,912	0,696	0,820	0,694	0,794	0,769	0,832	0,776	0,887	0,863	0,803	0,887	0,853
6:18:04	37,0	0,746	0,836	0,808	0,836	0,810	0,846	0,828	0,838	0,843	0,907	0,899	0,972	0,851	0,851	0,851	0,863	0,924	0,842	0,918	0,901	0,910	0,926	0,866	0,982	0,674	0,836	0,607	0,781	0,619	0,838	0,659	0,864	0,682	0,846	0,661	0,937	0,991	0,981	0,932	0,982	0,936	0,995	0,995	1,003	0,990	0,992	1,010	1,048	0,783	0,779	0,852	0,765	0,698	0,814	0,783	0,848	0,814	0,824	0,835	0,979	0,749	0,768	0,738	0,868	0,768	0,866	0,720	0,822	0,745	0,806	0,727	0,895	0,718	0,896	0,775	0,965	0,593	1,024	0,602	0,837	0,603	0,984	0,618	0,928	0,710	0,828	0,710	0,806	0,778	0,842	0,789	0,899	0,878	0,819	0,900	0,864
6:28:04	37,0	0,757	0,854	0,824	0,855	0,825	0,860	0,836	0,853	0,875	0,921	0,919	1,004	0,864	0,863	0,863	0,874	0,938	0,857	0,934	0,911	0,925	0,941	0,884	0,997	0,684	0,853	0,617	0,792	0,629	0,854	0,662	0,875	0,688	0,878	0,669	0,953	1,009	1,001	0,954	0,999	0,958	1,019	1,014	1,026	1,009	1,012	1,033	1,068	0,796	0,795	0,868	0,778	0,720	0,824	0,803	0,864	0,830	0,837	0,847	0,986	0,763	0,785	0,754	0,888	0,782	0,896	0,732	0,838	0,757	0,824	0,741	0,911	0,722	0,913	0,784	0,979	0,600	1,037	0,610	0,851	0,609	0,996	0,630	0,945	0,724	0,836	0,726	0,820	0,791	0,855	0,802	0,915	0,890	0,834	0,910	0,877
6:38:04	37,0	0,768	0,870	0,839	0,870	0,835	0,874	0,848	0,872	0,872	0,943	0,940	1,015	0,875	0,881	0,877	0,884	0,953	0,869	0,941	0,919	0,934	0,947	0,899	1,008	0,696	0,864	0,631	0,802	0,636	0,864	0,675	0,893	0,697	0,877	0,678	0,966	1,027	1,013	0,970	1,019	0,973	1,034	1,031	1,039	1,020	1,030	1,047	1,077	0,805	0,813	0,884	0,789	0,737	0,838	0,820	0,875	0,846	0,854	0,858	0,991	0,775	0,802	0,767	0,907	0,792	0,920	0,742	0,854	0,764	0,842	0,747	0,926	0,727	0,928	0,789	0,989	0,607	1,046	0,617	0,868	0,615	1,010	0,648	0,956	0,731	0,846	0,738	0,833	0,800	0,868	0,814	0,928	0,901	0,850	0,920	0,884
6:48:04	37,0	0,780	0,886	0,851	0,886	0,850	0,889	0,869	0,884	0,894	0,947	0,964	1,030	0,890	0,892	0,896	0,900	0,964	0,879	0,956	0,932	0,950	0,962	0,913	1,019	0,712	0,880	0,643	0,815	0,651	0,880	0,680	0,904	0,708	0,892	0,688	0,983	1,044	1,034	0,989	1,034	0,991	1,057	1,045	1,058	1,036	1,048	1,066	1,094	0,815	0,829	0,897	0,804	0,755	0,847	0,835	0,892	0,861	0,869	0,866	1,000	0,787	0,816	0,782	0,928	0,805	0,945	0,759	0,871	0,773	0,859	0,756	0,941	0,732	0,943	0,799	1,004	0,612	1,060	0,626	0,880	0,623	1,024	0,661	0,970	0,744	0,857	0,749	0,847	0,808	0,884	0,826	0,945	0,913	0,866	0,929	0,895
6:58:04	37,0	0,791	0,903	0,865	0,901	0,867	0,904	0,881	0,925	0,898	0,966	0,981	1,038	0,903	0,906	0,907	0,911	0,978	0,890	0,969	0,944	0,961	0,975	0,924	1,028	0,725	0,893	0,651	0,830	0,665	0,891	0,688	0,913	0,723	0,904	0,698	0,995	1,057	1,050	1,004	1,047	1,012	1,072	1,062	1,073	1,053	1,058	1,083	1,107	0,827	0,846	0,909	0,817	0,775	0,856	0,847	0,905	0,876	0,884	0,884	1,006	0,800	0,830	0,793	0,946	0,823	0,974	0,772	0,888	0,788	0,876	0,768	0,957	0,737	0,954	0,808	1,014	0,616	1,069	0,633	0,894	0,627	1,034	0,672	0,983	0,757	0,866	0,760	0,860	0,817	0,895	0,836	0,956	0,921	0,880	0,938	0,906
7:08:04	37,0	0,801	0,918	0,878	0,911	0,877	0,916	0,894	0,918	0,933	0,980	0,994	1,046	0,913	0,917	0,913	0,918	0,988	0,901	0,975	0,950	0,967	0,983	0,940	1,035	0,734	0,903	0,662	0,842	0,671	0,904	0,709	0,932	0,732	0,913	0,705	1,004	1,076	1,065	1,020	1,064	1,026	1,087	1,073	1,087	1,068	1,075	1,097	1,119	0,837	0,858	0,922	0,828	0,787	0,868	0,863	0,913	0,888	0,897	0,894	1,011	0,813	0,846	0,806	0,961	0,830	0,994	0,782	0,903	0,799	0,894	0,774	0,972	0,742	0,967	0,814	1,022	0,621	1,078	0,641	0,910	0,634	1,046	0,688	0,994	0,762	0,875	0,768	0,869	0,828	0,909	0,846	0,965	0,925	0,893	0,947	0,915
7:18:04	37,0	0,813	0,932	0,890	0,926	0,895	0,931	0,904	0,943	0,920	0,991	1,008	1,045	0,928	0,928	0,926	0,932	0,998	0,916	0,990	0,963	0,981	0,994	0,953	1,047	0,751	0,916	0,675	0,855	0,681	0,917	0,711	0,940	0,739	0,927	0,719	1,018	1,089	1,081	1,034	1,075	1,042	1,099	1,089	1,102	1,082	1,090	1,113	1,135	0,852	0,874	0,932	0,840	0,800	0,873	0,875	0,928	0,900	0,911	0,904	1,019	0,824	0,860	0,821	0,978	0,845	1,019	0,798	0,922	0,810	0,912	0,785	0,987	0,746	0,979	0,825	1,031	0,626	1,088	0,649	0,923	0,639	1,056	0,703	1,005	0,773	0,884	0,775	0,883	0,833	0,922	0,854	0,977	0,934	0,909	0,956	0,926
7:28:04	37,0	0,824	0,947	0,904	0,942	0,907	0,944	0,926	0,963	0,941	1,002	1,021	1,052	0,936	0,943	0,938	0,939	1,014	0,927	0,999	0,974	0,991	1,007	0,963	1,059	0,767	0,928	0,689	0,871	0,697	0,931	0,728	0,952	0,757	0,954	0,729	1,028	1,105	1,093	1,049	1,090	1,054	1,110	1,101	1,116	1,096	1,102	1,128	1,147	0,868	0,888	0,943	0,851	0,812	0,880	0,888	0,938	0,911	0,923	0,913	1,024	0,836	0,875	0,838	0,993	0,861	1,041	0,814	0,941	0,825	0,931	0,797	0,999	0,751	0,989	0,837	1,041	0,631	1,097	0,657	0,934	0,643	1,065	0,717	1,016	0,785	0,893	0,783	0,894	0,842	0,934	0,864	0,985	0,941	0,922	0,965	0,937
7:38:04	37,0	0,832	0,956	0,917	0,950	0,917	0,960	0,938	0,956	0,957	1,011	1,032	1,080	0,949	0,953	0,949	0,948	1,019	0,935	1,004	0,981	0,999	1,013	0,976	1,063	0,780	0,941	0,698	0,883	0,708	0,941	0,742	0,962	0,771	0,954	0,737	1,038	1,114	1,105	1,063	1,105	1,067	1,122	1,114	1,129	1,111	1,117	1,138	1,154	0,880	0,897	0,955	0,862	0,818	0,892	0,898	0,946	0,921	0,932	0,921	1,028	0,847	0,892	0,853	1,007	0,876	1,055	0,830	0,955	0,835	0,947	0,802	1,016	0,757	1,000	0,844	1,048	0,635	1,105	0,665	0,947	0,650	1,072	0,735	1,028	0,792	0,902	0,789	0,906	0,849	0,949	0,870	0,991	0,951	0,935	0,976	0,947
7:48:04	37,0	0,843	0,972	0,929	0,965	0,926	0,967	0,949	0,964	0,963	1,022	1,046	1,085	0,956	0,960	0,956	0,957	1,023	0,946	1,011	0,986	1,009	1,024	0,985	1,072	0,793	0,952	0,709	0,894	0,721	0,951	0,749	0,972	0,781	0,967	0,748	1,047	1,129	1,118	1,075	1,114	1,085	1,132	1,123	1,143	1,126	1,128	1,150	1,167	0,889	0,910	0,961	0,870	0,827	0,897	0,906	0,956	0,928	0,942	0,927	1,033	0,858	0,908	0,865	1,020	0,889	1,081	0,848	0,971	0,852	0,969	0,822	1,039	0,760	1,013	0,854	1,056	0,642	1,114	0,674	0,955	0,653	1,082	0,748	1,038	0,799	0,909	0,793	0,918	0,858	0,957	0,875	0,997	0,955	0,944	0,980	0,958
7:58:04	37,0	0,851	0,987	0,940	0,975	0,940	0,978	0,957	1,000	0,988	1,036	1,058	1,091	0,967	0,971	0,969	0,967	1,039	0,956	1,022	1,000	1,015	1,036	0,997	1,082	0,807	0,965	0,722	0,907	0,729	0,964	0,757	0,989	0,799	0,981	0,758	1,060	1,138	1,130	1,094	1,126	1,097	1,149	1,138	1,157	1,142	1,141	1,164	1,176	0,899	0,917	0,972	0,881	0,839	0,907	0,919	0,966	0,939	0,953	0,937	1,040	0,869	0,922	0,875	1,036	0,908	1,101	0,860	0,988	0,866	0,985	0,830	1,057	0,765	1,021	0,864	1,067	0,648	1,122	0,682	0,965	0,657	1,091	0,764	1,047	0,809	0,919	0,798	0,932	0,864	0,968	0,883	1,006	0,966	0,960	0,988	0,970
8:08:04	37,0	0,863	1,000	0,951	0,987	0,953	0,994	0,965	1,003	0,981	1,042	1,070	1,108	0,977	0,984	0,980	0,978	1,047	0,964	1,033	1,012	1,029	1,046	1,008	1,088	0,822	0,976	0,731	0,920	0,738	0,977	0,769	1,000	0,809	0,992	0,771	1,070	1,151	1,141	1,108	1,139	1,111	1,164	1,151	1,170	1,152	1,153	1,175	1,185	0,913	0,926	0,981	0,891	0,846	0,913	0,928	0,999	0,949	0,962	0,946	1,047	0,884	0,937	0,889	1,053	0,922	1,122	0,872	1,003	0,877	0,995	0,839	1,074	0,769	1,030	0,874	1,072	0,653	1,131	0,688	0,974	0,664	1,100	0,776	1,055	0,820	0,928	0,803	0,943	0,869	0,977	0,888	1,015	0,977	0,977	0,995	0,981
8:18:04	37,0	0,873	1,011	0,958	0,998	0,959	1,002	0,976	1,011	0,993	1,050	1,081	1,117	0,986	0,994	0,990	0,985	1,054	0,977	1,040	1,016	1,036	1,055	1,021	1,098	0,833	0,987	0,741	0,932	0,753	0,985	0,782	1,011	0,823	1,003	0,784	1,077	1,159	1,152	1,114	1,148	1,124	1,173	1,159	1,178	1,163	1,164	1,185	1,197	0,922	0,935	0,991	0,901	0,855	0,922	0,936	0,987	0,957	0,971	0,956	1,055	0,895	0,952	0,903	1,066	0,937	1,137	0,885	1,015	0,887	1,012	0,848	1,090	0,775	1,039	0,882	1,080	0,657	1,139	0,696	0,985	0,669	1,107	0,803	1,066	0,832	0,938	0,811	0,953	0,879	0,985	0,892	1,020	0,989	0,987	1,005	0,990
8:28:04	37,0	0,881	1,019	0,971	1,008	0,969	1,015	0,984	1,037	1,005	1,063	1,091	1,132	0,997	1,005	0,998	0,995	1,060	0,985	1,046	1,023	1,046	1,062	1,030	1,105	0,844	0,997	0,751	0,939	0,764	0,995	0,795	1,021	0,831	1,010	0,793	1,085	1,168	1,163	1,123	1,159	1,135	1,180	1,165	1,192	1,176	1,175	1,195	1,205	0,931	0,946	1,000	0,911	0,862	0,929	0,945	0,995	0,965	0,981	0,964	1,060	0,906	0,966	0,916	1,083	0,949	1,159	0,899	1,027	0,901	1,029	0,853	1,107	0,781	1,049	0,889	1,087	0,663	1,145	0,705	0,994	0,673	1,118	0,818	1,077	0,839	0,950	0,818	0,964	0,888	0,994	0,895	1,028	0,994	0,999	1,009	0,998
8:38:04	37,0	0,890	1,035	0,981	1,024	0,980	1,026	1,001	1,051	1,028	1,077	1,099	1,141	1,007	1,015	1,009	1,001	1,074	0,989	1,056	1,032	1,052	1,071	1,039	1,117	0,858	1,008	0,767	0,951	0,774	1,007	0,806	1,030	0,844	1,022	0,801	1,093	1,179	1,172	1,133	1,167	1,146	1,192	1,178	1,200	1,183	1,183	1,205	1,214	0,942	0,955	1,009	0,919	0,871	0,940	0,954	1,005	0,976	0,990	0,971	1,068	0,919	0,975	0,925	1,095	0,966	1,177	0,910	1,041	0,917	1,046	0,875	1,123	0,783	1,056	0,903	1,095	0,670	1,153	0,711	1,002	0,678	1,125	0,831	1,084	0,848	0,960	0,821	0,972	0,893	1,000	0,900	1,036	1,002	1,007	1,018	1,009
8:48:04	37,0	0,900	1,041	0,993	1,030	0,995	1,034	1,017	1,062	1,030	1,078	1,109	1,143	1,017	1,019	1,018	1,012	1,087	1,001	1,069	1,047	1,068	1,082	1,050	1,125	0,869	1,022	0,778	0,961	0,784	1,018	0,822	1,042	0,855	1,039	0,812	1,101	1,189	1,182	1,149	1,175	1,158	1,202	1,190	1,210	1,189	1,191	1,217	1,224	0,952	0,963	1,018	0,929	0,879	0,950	0,963	1,014	0,984	0,997	0,980	1,076	0,928	0,987	0,938	1,110	0,979	1,196	0,926	1,056	0,928	1,063	0,882	1,139	0,790	1,066	0,910	1,105	0,675	1,159	0,720	1,012	0,683	1,134	0,843	1,094	0,859	0,970	0,831	0,983	0,902	1,009	0,904	1,043	1,013	1,015	1,026	1,016
8:58:04	37,0	0,907	1,056	1,002	1,042	1,002	1,052	1,026	1,065	1,046	1,087	1,116	1,146	1,025	1,029	1,027	1,019	1,091	1,010	1,075	1,050	1,073	1,090	1,058	1,130	0,877	1,026	0,787	0,968	0,796	1,027	0,829	1,051	0,865	1,044	0,820	1,105	1,197	1,189	1,155	1,187	1,167	1,209	1,199	1,220	1,201	1,201	1,225	1,229	0,957	0,971	1,026	0,936	0,883	0,955	0,969	1,021	0,992	1,005	0,988	1,081	0,936	0,998	0,947	1,121	0,994	1,209	0,938	1,067	0,938	1,073	0,890	1,151	0,794	1,074	0,915	1,111	0,678	1,165	0,728	1,021	0,688	1,140	0,856	1,104	0,872	0,976	0,836	0,991	0,909	1,016	0,905	1,048	1,019	1,024	1,033	1,023
9:08:04	37,0	0,915	1,065	1,012	1,056	1,011	1,056	1,037	1,065	1,058	1,103	1,124	1,154	1,034	1,037	1,032	1,025	1,099	1,016	1,084	1,061	1,082	1,097	1,066	1,137	0,888	1,033	0,798	0,977	0,806	1,034	0,837	1,059	0,879	1,050	0,826	1,111	1,207	1,197	1,164	1,196	1,174	1,217	1,205	1,226	1,206	1,209	1,232	1,239	0,967	0,978	1,033	0,945	0,890	0,961	0,976	1,029	1,001	1,012	0,995	1,088	0,946	1,010	0,957	1,133	1,007	1,227	0,945	1,081	0,946	1,086	0,901	1,166	0,799	1,082	0,922	1,119	0,685	1,171	0,735	1,030	0,694	1,147	0,866	1,111	0,884	0,984	0,841	1,000	0,917	1,023	0,908	1,055	1,028	1,033	1,041	1,030
9:18:04	37,0	0,924	1,074	1,023	1,073	1,016	1,073	1,048	1,093	1,061	1,105	1,133	1,162	1,044	1,048	1,042	1,034	1,108	1,022	1,092	1,069	1,090	1,105	1,074	1,145	0,897	1,040	0,809	0,987	0,815	1,044	0,847	1,066	0,887	1,056	0,836	1,115	1,214	1,206	1,172	1,201	1,183	1,225	1,216	1,234	1,216	1,216	1,239	1,245	0,973	0,985	1,041	0,952	0,897	0,970	0,984	1,037	1,009	1,020	1,001	1,095	0,954	1,020	0,967	1,144	1,023	1,241	0,958	1,091	0,960	1,103	0,912	1,179	0,803	1,091	0,929	1,126	0,692	1,179	0,742	1,038	0,701	1,155	0,881	1,119	0,892	0,992	0,851	1,010	0,924	1,031	0,913	1,061	1,038	1,042	1,049	1,039
9:28:04	37,0	0,931	1,091	1,034	1,085	1,026	1,078	1,059	1,097	1,073	1,107	1,139	1,173	1,051	1,056	1,054	1,041	1,116	1,030	1,100	1,077	1,097	1,110	1,083	1,150	0,909	1,046	0,817	0,993	0,825	1,052	0,850	1,072	0,895	1,063	0,844	1,121	1,220	1,214	1,178	1,208	1,192	1,232	1,222	1,242	1,222	1,222	1,246	1,252	0,982	0,992	1,049	0,959	0,904	0,977	0,991	1,044	1,015	1,026	1,011	1,102	0,963	1,030	0,976	1,152	1,035	1,251	0,971	1,097	0,970	1,115	0,918	1,188	0,806	1,099	0,935	1,132	0,695	1,183	0,752	1,046	0,704	1,163	0,893	1,129	0,899	0,999	0,858	1,018	0,931	1,036	0,916	1,070	1,049	1,049	1,059	1,046
9:38:04	37,0	0,937	1,101	1,040	1,088	1,035	1,090	1,070	1,093	1,077	1,118	1,144	1,176	1,060	1,062	1,061	1,050	1,122	1,038	1,107	1,081	1,105	1,118	1,091	1,158	0,916	1,054	0,827	0,999	0,835	1,057	0,860	1,078	0,900	1,072	0,851	1,125	1,229	1,222	1,184	1,216	1,200	1,238	1,224	1,250	1,230	1,233	1,253	1,258	0,989	0,999	1,056	0,966	0,912	0,985	0,998	1,050	1,023	1,033	1,018	1,107	0,970	1,040	0,988	1,164	1,053	1,264	0,989	1,107	0,985	1,123	0,927	1,201	0,812	1,106	0,942	1,139	0,701	1,188	0,759	1,055	0,709	1,170	0,902	1,135	0,905	1,006	0,867	1,027	0,935	1,042	0,920	1,076	1,058	1,057	1,064	1,050
9:48:04	37,0	0,944	1,112	1,049	1,095	1,046	1,090	1,079	1,106	1,091	1,125	1,153	1,181	1,068	1,073	1,067	1,058	1,130	1,046	1,114	1,094	1,117	1,127	1,098	1,163	0,925	1,060	0,838	1,010	0,844	1,064	0,870	1,085	0,915	1,078	0,861	1,129	1,235	1,229	1,196	1,221	1,208	1,246	1,234	1,258	1,240	1,238	1,258	1,265	0,997	1,005	1,063	0,973	0,918	0,992	1,004	1,058	1,030	1,040	1,025	1,115	0,980	1,049	0,995	1,174	1,067	1,278	1,001	1,117	0,994	1,138	0,939	1,212	0,815	1,113	0,951	1,145	0,705	1,194	0,765	1,061	0,713	1,176	0,910	1,145	0,909	1,014	0,871	1,033	0,941	1,048	0,924	1,083	1,065	1,065	1,073	1,059
9:58:04	37,0	0,953	1,121	1,057	1,104	1,057	1,100	1,087	1,118	1,090	1,125	1,158	1,188	1,077	1,077	1,073	1,063	1,136	1,054	1,119	1,098	1,123	1,132	1,105	1,171	0,932	1,063	0,844	1,015	0,852	1,071	0,878	1,089	0,918	1,084	0,869	1,132	1,242	1,234	1,200	1,230	1,214	1,250	1,239	1,264	1,246	1,244	1,266	1,270	1,003	1,011	1,069	0,981	0,922	0,998	1,010	1,064	1,038	1,046	1,030	1,120	0,987	1,060	1,007	1,183	1,081	1,283	1,020	1,125	1,000	1,150	0,948	1,220	0,819	1,121	0,954	1,151	0,710	1,200	0,773	1,067	0,717	1,181	0,914	1,150	0,913	1,020	0,879	1,042	0,948	1,054	0,927	1,090	1,074	1,073	1,079	1,065
10:08:04	37,0	0,958	1,124	1,063	1,112	1,068	1,110	1,097	1,127	1,103	1,140	1,166	1,193	1,085	1,086	1,083	1,071	1,144	1,061	1,129	1,109	1,133	1,142	1,113	1,175	0,939	1,069	0,851	1,022	0,859	1,075	0,888	1,094	0,935	1,090	0,875	1,137	1,250	1,243	1,209	1,236	1,222	1,258	1,249	1,270	1,251	1,249	1,272	1,276	1,008	1,017	1,077	0,987	0,931	1,006	1,016	1,069	1,045	1,053	1,037	1,126	0,995	1,069	1,013	1,192	1,094	1,294	1,029	1,136	1,012	1,157	0,954	1,231	0,822	1,129	0,960	1,157	0,716	1,204	0,780	1,075	0,723	1,190	0,923	1,158	0,921	1,028	0,882	1,049	0,952	1,060	0,931	1,097	1,085	1,081	1,086	1,073
10:18:04	37,0	0,965	1,128	1,069	1,118	1,076	1,119	1,107	1,117	1,109	1,139	1,174	1,199	1,093	1,095	1,091	1,080	1,153	1,069	1,138	1,120	1,140	1,151	1,121	1,184	0,946	1,077	0,858	1,029	0,867	1,082	0,899	1,102	0,938	1,098	0,887	1,142	1,255	1,250	1,218	1,242	1,231	1,266	1,255	1,279	1,257	1,258	1,280	1,280	1,019	1,023	1,084	0,992	0,937	1,014	1,022	1,076	1,051	1,059	1,045	1,130	1,004	1,079	1,022	1,199	1,108	1,305	1,040	1,150	1,023	1,167	0,970	1,241	0,824	1,136	0,969	1,165	0,722	1,210	0,787	1,083	0,727	1,194	0,930	1,165	0,928	1,036	0,886	1,056	0,955	1,067	0,935	1,100	1,096	1,089	1,093	1,080
10:28:04	37,0	0,972	1,143	1,075	1,126	1,085	1,126	1,115	1,126	1,115	1,144	1,179	1,204	1,102	1,101	1,098	1,086	1,158	1,077	1,143	1,126	1,147	1,156	1,127	1,187	0,952	1,080	0,863	1,033	0,872	1,086	0,900	1,107	0,945	1,100	0,890	1,146	1,260	1,256	1,225	1,247	1,236	1,269	1,262	1,283	1,262	1,263	1,284	1,288	1,024	1,028	1,090	0,998	0,942	1,017	1,028	1,082	1,058	1,064	1,049	1,135	1,011	1,089	1,031	1,207	1,121	1,309	1,052	1,153	1,032	1,176	0,973	1,249	0,829	1,143	0,975	1,169	0,725	1,215	0,796	1,088	0,732	1,200	0,937	1,172	0,933	1,043	0,891	1,063	0,961	1,071	0,939	1,102	1,104	1,097	1,098	1,087
10:38:04	37,0	0,978	1,157	1,082	1,134	1,091	1,131	1,121	1,135	1,120	1,154	1,185	1,208	1,109	1,107	1,105	1,093	1,164	1,085	1,151	1,131	1,151	1,159	1,135	1,194	0,958	1,084	0,873	1,038	0,881	1,092	0,910	1,111	0,946	1,105	0,897	1,147	1,264	1,261	1,228	1,252	1,242	1,275	1,265	1,290	1,267	1,268	1,290	1,291	1,025	1,033	1,095	1,004	0,946	1,021	1,032	1,086	1,065	1,069	1,053	1,140	1,018	1,098	1,038	1,214	1,131	1,319	1,061	1,161	1,039	1,184	0,981	1,256	0,832	1,149	0,976	1,174	0,728	1,219	0,804	1,094	0,735	1,205	0,942	1,178	0,938	1,048	0,892	1,069	0,968	1,075	0,946	1,102	1,113	1,103	1,105	1,091
10:48:04	37,0	0,983	1,162	1,088	1,141	1,097	1,135	1,127	1,144	1,125	1,159	1,188	1,210	1,116	1,114	1,111	1,097	1,172	1,091	1,153	1,135	1,155	1,164	1,140	1,194	0,961	1,088	0,884	1,044	0,888	1,097	0,919	1,114	0,950	1,107	0,903	1,150	1,270	1,267	1,235	1,256	1,246	1,279	1,270	1,293	1,272	1,272	1,295	1,299	1,033	1,037	1,100	1,007	0,952	1,026	1,037	1,091	1,070	1,074	1,059	1,144	1,025	1,110	1,045	1,222	1,141	1,326	1,075	1,168	1,047	1,190	0,992	1,263	0,836	1,155	0,982	1,180	0,733	1,222	0,813	1,099	0,741	1,208	0,946	1,184	0,943	1,054	0,901	1,075	0,973	1,078	0,945	1,104	1,121	1,109	1,106	1,097
10:58:04	37,0	0,990	1,167	1,093	1,146	1,104	1,142	1,134	1,152	1,134	1,165	1,196	1,214	1,123	1,121	1,117	1,108	1,177	1,098	1,161	1,143	1,161	1,171	1,147	1,203	0,969	1,092	0,888	1,051	0,895	1,101	0,927	1,121	0,955	1,116	0,909	1,154	1,277	1,272	1,240	1,262	1,254	1,287	1,275	1,300	1,277	1,277	1,301	1,302	1,035	1,042	1,106	1,012	0,956	1,034	1,042	1,098	1,078	1,079	1,066	1,149	1,033	1,117	1,052	1,228	1,154	1,336	1,082	1,176	1,055	1,196	0,998	1,270	0,839	1,161	0,990	1,186	0,736	1,228	0,821	1,104	0,743	1,215	0,952	1,190	0,949	1,061	0,901	1,081	0,977	1,084	0,949	1,108	1,132	1,118	1,110	1,105
11:08:04	37,0	0,994	1,170	1,097	1,149	1,107	1,141	1,140	1,149	1,133	1,168	1,195	1,214	1,128	1,127	1,123	1,110	1,176	1,102	1,157	1,141	1,159	1,170	1,151	1,203	0,969	1,094	0,893	1,049	0,901	1,105	0,929	1,117	0,956	1,114	0,912	1,153	1,281	1,275	1,244	1,266	1,254	1,285	1,275	1,302	1,282	1,281	1,304	1,307	1,032	1,044	1,106	1,014	0,956	1,030	1,042	1,097	1,077	1,081	1,068	1,149	1,035	1,127	1,060	1,234	1,165	1,343	1,095	1,182	1,061	1,202	1,005	1,276	0,843	1,166	0,991	1,189	0,740	1,229	0,829	1,108	0,749	1,217	0,951	1,195	0,950	1,061	0,906	1,081	0,981	1,083	0,947	1,107	1,134	1,120	1,105	1,106
11:18:04	37,0	1,001	1,176	1,104	1,157	1,111	1,147	1,143	1,157	1,140	1,172	1,201	1,217	1,134	1,132	1,130	1,114	1,184	1,109	1,164	1,150	1,167	1,176	1,155	1,208	0,974	1,099	0,895	1,055	0,905	1,107	0,933	1,124	0,966	1,122	0,919	1,157	1,284	1,280	1,252	1,272	1,260	1,292	1,285	1,308	1,286	1,285	1,307	1,309	1,039	1,048	1,112	1,018	0,962	1,038	1,047	1,101	1,083	1,087	1,074	1,155	1,042	1,135	1,066	1,240	1,175	1,350	1,105	1,190	1,072	1,209	1,016	1,282	0,845	1,171	0,996	1,194	0,743	1,233	0,837	1,114	0,752	1,224	0,957	1,200	0,954	1,070	0,908	1,090	0,989	1,087	0,952	1,115	1,147	1,126	1,103	1,111
11:28:04	37,0	1,005	1,182	1,108	1,162	1,115	1,153	1,148	1,163	1,146	1,177	1,207	1,221	1,139	1,137	1,133	1,119	1,192	1,117	1,169	1,154	1,172	1,182	1,161	1,213	0,979	1,103	0,901	1,059	0,913	1,111	0,940	1,127	0,967	1,126	0,926	1,160	1,287	1,283	1,254	1,276	1,265	1,297	1,286	1,312	1,292	1,291	1,313	1,313	1,046	1,052	1,116	1,023	0,967	1,043	1,050	1,107	1,088	1,090	1,080	1,159	1,048	1,144	1,073	1,246	1,182	1,358	1,112	1,195	1,075	1,214	1,023	1,288	0,850	1,177	1,000	1,198	0,747	1,237	0,842	1,117	0,753	1,228	0,960	1,206	0,961	1,077	0,909	1,097	0,992	1,090	0,940	1,114	1,155	1,135	1,101	1,116
11:38:04	37,0	1,012	1,186	1,111	1,167	1,124	1,157	1,154	1,169	1,150	1,181	1,212	1,224	1,145	1,143	1,139	1,127	1,195	1,120	1,175	1,164	1,179	1,187	1,167	1,216	0,982	1,106	0,905	1,063	0,916	1,113	0,942	1,131	0,972	1,129	0,929	1,162	1,291	1,288	1,260	1,280	1,270	1,301	1,292	1,317	1,297	1,293	1,316	1,313	1,050	1,057	1,121	1,027	0,971	1,051	1,056	1,112	1,094	1,096	1,085	1,163	1,055	1,149	1,079	1,250	1,190	1,361	1,118	1,200	1,080	1,217	1,027	1,294	0,850	1,182	1,006	1,203	0,750	1,241	0,847	1,121	0,758	1,231	0,964	1,212	0,968	1,085	0,911	1,101	0,998	1,093	0,956	1,118	1,167	1,140	1,098	1,124
11:48:04	37,0	1,014	1,189	1,118	1,171	1,128	1,161	1,159	1,173	1,156	1,184	1,215	1,226	1,151	1,151	1,146	1,130	1,199	1,125	1,179	1,168	1,186	1,191	1,171	1,223	0,984	1,107	0,906	1,065	0,919	1,119	0,947	1,133	0,973	1,128	0,933	1,165	1,295	1,293	1,261	1,283	1,273	1,303	1,293	1,320	1,300	1,297	1,319	1,317	1,054	1,061	1,123	1,032	0,974	1,051	1,060	1,114	1,097	1,099	1,087	1,165	1,060	1,156	1,085	1,255	1,197	1,366	1,124	1,200	1,083	1,220	1,030	1,298	0,852	1,186	1,009	1,205	0,753	1,242	0,852	1,125	0,763	1,235	0,966	1,216	0,971	1,092	0,918	1,105	1,001	1,094	0,961	1,121	1,174	1,147	1,098	1,128
11:58:04	37,0	1,020	1,194	1,121	1,173	1,131	1,165	1,163	1,176	1,160	1,188	1,218	1,229	1,155	1,154	1,150	1,134	1,201	1,129	1,183	1,169	1,190	1,194	1,176	1,227	0,986	1,108	0,910	1,069	0,924	1,123	0,952	1,136	0,977	1,130	0,936	1,169	1,298	1,296	1,267	1,285	1,280	1,308	1,296	1,322	1,305	1,300	1,323	1,322	1,059	1,064	1,127	1,034	0,978	1,057	1,063	1,118	1,101	1,101	1,091	1,169	1,065	1,160	1,089	1,259	1,203	1,367	1,134	1,204	1,090	1,224	1,033	1,303	0,857	1,193	1,014	1,209	0,757	1,246	0,857	1,127	0,766	1,238	0,967	1,220	0,977	1,096	0,923	1,109	1,006	1,095	0,962	1,119	1,179	1,152	1,093	1,130
12:08:04	37,0	1,024	1,198	1,124	1,177	1,136	1,170	1,166	1,179	1,166	1,190	1,220	1,230	1,161	1,159	1,152	1,139	1,205	1,135	1,187	1,176	1,194	1,199	1,180	1,229	0,990	1,112	0,916	1,073	0,927	1,125	0,956	1,139	0,980	1,138	0,940	1,170	1,304	1,300	1,270	1,288	1,283	1,311	1,300	1,325	1,309	1,305	1,326	1,327	1,062	1,068	1,131	1,038	0,982	1,061	1,066	1,122	1,104	1,105	1,094	1,171	1,070	1,166	1,096	1,264	1,211	1,368	1,141	1,210	1,101	1,230	1,043	1,309	0,860	1,197	1,018	1,214	0,763	1,248	0,861	1,133	0,770	1,243	0,970	1,224	0,982	1,100	0,925	1,113	1,011	1,095	0,967	1,118	1,187	1,158	1,089	1,136
12:18:04	37,0	1,031	1,202	1,129	1,179	1,140	1,172	1,171	1,182	1,167	1,194	1,221	1,232	1,164	1,163	1,157	1,141	1,208	1,139	1,190	1,179	1,198	1,202	1,183	1,231	0,992	1,114	0,919	1,073	0,930	1,128	0,960	1,140	0,978	1,139	0,945	1,172	1,306	1,303	1,272	1,292	1,285	1,314	1,304	1,329	1,311	1,307	1,330	1,328	1,061	1,071	1,134	1,040	0,986	1,063	1,069	1,125	1,107	1,107	1,098	1,174	1,074	1,171	1,103	1,268	1,220	1,369	1,148	1,211	1,103	1,232	1,048	1,312	0,862	1,202	1,019	1,218	0,764	1,250	0,862	1,136	0,774	1,246	0,972	1,230	0,987	1,105	0,929	1,115	1,014	1,099	0,974	1,115	1,192	1,161	1,083	1,139
12:28:04	37,0	1,034	1,204	1,129	1,179	1,144	1,174	1,173	1,183	1,170	1,196	1,220	1,233	1,169	1,167	1,161	1,146	1,210	1,139	1,194	1,180	1,199	1,202	1,187	1,234	0,994	1,117	0,925	1,076	0,930	1,130	0,960	1,141	0,979	1,139	0,949	1,175	1,310	1,306	1,275	1,294	1,288	1,316	1,305	1,331	1,314	1,309	1,332	1,331	1,063	1,073	1,135	1,042	0,988	1,063	1,071	1,128	1,109	1,109	1,100	1,175	1,079	1,176	1,105	1,270	1,225	1,369	1,153	1,213	1,107	1,234	1,051	1,314	0,867	1,207	1,025	1,221	0,766	1,252	0,870	1,138	0,777	1,249	0,974	1,231	0,992	1,109	0,930	1,117	1,017	1,098	0,979	1,111	1,198	1,164	1,070	1,140
12:38:04	37,0	1,039	1,209	1,134	1,183	1,149	1,178	1,177	1,186	1,174	1,200	1,224	1,233	1,172	1,170	1,165	1,149	1,214	1,144	1,198	1,183	1,202	1,207	1,192	1,238	0,995	1,120	0,930	1,078	0,931	1,133	0,961	1,146	0,983	1,142	0,948	1,177	1,313	1,310	1,276	1,296	1,290	1,319	1,310	1,335	1,317	1,313	1,334	1,333	1,066	1,076	1,139	1,046	0,990	1,067	1,073	1,130	1,112	1,113	1,103	1,179	1,083	1,181	1,111	1,272	1,232	1,373	1,159	1,217	1,112	1,238	1,056	1,317	0,874	1,210	1,027	1,224	0,771	1,254	0,868	1,142	0,781	1,252	0,974	1,237	0,994	1,115	0,933	1,121	1,020	1,098	0,980	1,112	1,202	1,169	1,022	1,147
12:48:04	37,0	1,041	1,212	1,135	1,185	1,150	1,179	1,178	1,184	1,173	1,197	1,223	1,234	1,175	1,175	1,166	1,153	1,213	1,145	1,200	1,187	1,203	1,207	1,195	1,238	0,996	1,121	0,932	1,079	0,933	1,134	0,963	1,144	0,979	1,142	0,950	1,179	1,317	1,311	1,278	1,299	1,294	1,319	1,313	1,337	1,319	1,315	1,336	1,339	1,071	1,079	1,140	1,047	0,993	1,066	1,075	1,131	1,115	1,113	1,103	1,180	1,086	1,186	1,115	1,274	1,238	1,373	1,162	1,220	1,117	1,239	1,061	1,319	0,879	1,215	1,029	1,226	0,771	1,255	0,872	1,144	0,784	1,252	0,975	1,240	0,998	1,117	0,932	1,121	1,021	1,097	0,979	1,107	1,204	1,168	1,013	1,149
12:58:04	37,0	1,046	1,215	1,140	1,187	1,156	1,181	1,183	1,187	1,178	1,203	1,224	1,236	1,179	1,178	1,171	1,157	1,218	1,151	1,203	1,189	1,208	1,211	1,198	1,241	0,998	1,125	0,933	1,082	0,935	1,138	0,963	1,144	0,985	1,145	0,957	1,183	1,318	1,314	1,283	1,301	1,297	1,324	1,315	1,340	1,321	1,319	1,338	1,338	1,073	1,082	1,143	1,050	0,996	1,067	1,078	1,135	1,117	1,116	1,107	1,181	1,091	1,191	1,120	1,276	1,244	1,374	1,171	1,223	1,126	1,243	1,067	1,322	0,886	1,219	1,032	1,230	0,776	1,257	0,876	1,148	0,787	1,256	0,977	1,242	1,003	1,122	0,934	1,124	1,024	1,098	0,982	1,107	1,208	1,173	1,012	1,152
13:08:04	36,9	1,050	1,218	1,142	1,191	1,160	1,187	1,188	1,192	1,181	1,206	1,228	1,236	1,183	1,181	1,173	1,159	1,222	1,156	1,208	1,194	1,213	1,215	1,201	1,244	0,999	1,127	0,934	1,085	0,938	1,139	0,966	1,149	0,989	1,147	0,959	1,183	1,320	1,317	1,284	1,304	1,299	1,328	1,318	1,340	1,324	1,319	1,341	1,339	1,075	1,085	1,147	1,054	0,997	1,072	1,079	1,138	1,119	1,119	1,111	1,184	1,096	1,194	1,122	1,278	1,249	1,375	1,175	1,225	1,127	1,244	1,069	1,324	0,890	1,221	1,035	1,233	0,778	1,258	0,874	1,150	0,793	1,259	0,977	1,246	1,006	1,129	0,937	1,125	1,027	1,099	0,983	1,106	1,212	1,179	1,010	1,156
13:18:04	37,0	1,053	1,222	1,145	1,195	1,162	1,192	1,191	1,194	1,183	1,209	1,230	1,238	1,187	1,185	1,178	1,165	1,226	1,158	1,212	1,199	1,216	1,219	1,207	1,248	1,001	1,129	0,936	1,089	0,940	1,142	0,972	1,154	0,990	1,151	0,960	1,189	1,323	1,319	1,288	1,305	1,304	1,332	1,322	1,344	1,326	1,325	1,344	1,340	1,077	1,089	1,149	1,057	1,001	1,078	1,083	1,140	1,122	1,122	1,113	1,188	1,101	1,198	1,127	1,279	1,254	1,375	1,179	1,229	1,131	1,246	1,072	1,326	0,894	1,224	1,039	1,235	0,781	1,260	0,877	1,151	0,799	1,260	0,978	1,251	1,012	1,134	0,938	1,129	1,030	1,099	0,984	1,104	1,217	1,182	1,008	1,161
13:28:04	37,0	1,055	1,221	1,149	1,197	1,165	1,192	1,193	1,196	1,186	1,211	1,232	1,239	1,189	1,189	1,181	1,167	1,230	1,163	1,216	1,199	1,218	1,221	1,210	1,249	1,003	1,133	0,939	1,089	0,940	1,148	0,972	1,155	0,994	1,153	0,961	1,191	1,325	1,321	1,291	1,306	1,307	1,334	1,325	1,346	1,330	1,325	1,348	1,341	1,076	1,091	1,152	1,060	1,004	1,081	1,086	1,143	1,126	1,124	1,116	1,189	1,105	1,202	1,132	1,280	1,252	1,374	1,185	1,231	1,135	1,248	1,075	1,327	0,897	1,228	1,040	1,238	0,782	1,262	0,878	1,155	0,803	1,264	0,980	1,252	1,015	1,139	0,941	1,130	1,032	1,095	0,984	1,101	1,218	1,183	1,012	1,163
13:38:04	37,0	1,058	1,224	1,151	1,199	1,167	1,196	1,195	1,200	1,188	1,212	1,234	1,239	1,194	1,192	1,186	1,171	1,236	1,167	1,220	1,208	1,224	1,227	1,212	1,253	1,004	1,136	0,939	1,092	0,944	1,149	0,974	1,158	0,994	1,161	0,968	1,194	1,326	1,324	1,295	1,310	1,310	1,334	1,328	1,348	1,330	1,327	1,349	1,342	1,077	1,093	1,154	1,061	1,006	1,081	1,088	1,145	1,127	1,127	1,119	1,190	1,109	1,205	1,133	1,281	1,248	1,374	1,189	1,234	1,139	1,250	1,080	1,327	0,899	1,230	1,043	1,241	0,788	1,263	0,881	1,156	0,810	1,264	0,980	1,255	1,019	1,143	0,942	1,130	1,033	1,094	0,983	1,100	1,219	1,186	1,014	1,167
13:48:04	36,9	1,062	1,226	1,151	1,201	1,169	1,197	1,196	1,202	1,189	1,210	1,234	1,240	1,197	1,194	1,191	1,173	1,238	1,170	1,221	1,208	1,223	1,229	1,215	1,253	1,006	1,137	0,939	1,095	0,945	1,151	0,973	1,160	0,991	1,160	0,967	1,195	1,328	1,327	1,296	1,312	1,311	1,337	1,329	1,351	1,332	1,329	1,353	1,344	1,080	1,095	1,155	1,063	1,007	1,085	1,089	1,146	1,130	1,127	1,121	1,191	1,112	1,207	1,136	1,281	1,250	1,373	1,191	1,236	1,140	1,251	1,082	1,328	0,903	1,233	1,043	1,242	0,793	1,263	0,880	1,157	0,813	1,265	0,981	1,257	1,023	1,145	0,943	1,131	1,033	1,093	0,983	1,096	1,220	1,187	1,013	1,167
13:58:04	37,0	1,063	1,228	1,154	1,204	1,170	1,198	1,199	1,202	1,189	1,212	1,234	1,240	1,199	1,197	1,195	1,176	1,240	1,172	1,224	1,211	1,227	1,230	1,216	1,256	1,006	1,139	0,942	1,096	0,946	1,153	0,973	1,162	0,993	1,158	0,968	1,196	1,329	1,327	1,299	1,312	1,314	1,337	1,333	1,352	1,334	1,330	1,354	1,347	1,078	1,096	1,156	1,064	1,009	1,085	1,091	1,147	1,131	1,129	1,122	1,193	1,115	1,211	1,138	1,282	1,252	1,373	1,196	1,236	1,142	1,252	1,084	1,328	0,909	1,236	1,044	1,244	0,797	1,264	0,881	1,160	0,817	1,266	0,980	1,260	1,026	1,149	0,944	1,129	1,033	1,091	0,982	1,095	1,219	1,188	1,013	1,170
14:08:04	37,0	1,065	1,229	1,156	1,205	1,173	1,199	1,202	1,202	1,193	1,214	1,235	1,240	1,201	1,200	1,197	1,179	1,243	1,175	1,227	1,213	1,229	1,232	1,220	1,255	1,008	1,141	0,943	1,097	0,946	1,157	0,975	1,162	0,994	1,161	0,971	1,196	1,332	1,329	1,300	1,314	1,317	1,339	1,333	1,353	1,335	1,331	1,355	1,347	1,075	1,098	1,159	1,066	1,010	1,086	1,093	1,149	1,132	1,130	1,123	1,195	1,119	1,214	1,139	1,283	1,254	1,372	1,198	1,239	1,141	1,253	1,086	1,328	0,910	1,239	1,043	1,246	0,798	1,265	0,880	1,163	0,820	1,266	0,980	1,262	1,028	1,152	0,946	1,128	1,033	1,088	0,980	1,091	1,220	1,190	1,010	1,172
14:18:04	37,0	1,068	1,232	1,154	1,205	1,174	1,198	1,202	1,200	1,188	1,212	1,234	1,240	1,203	1,204	1,197	1,180	1,242	1,177	1,228	1,212	1,230	1,232	1,222	1,254	1,005	1,141	0,944	1,097	0,946	1,155	0,976	1,159	0,993	1,160	0,970	1,195	1,335	1,330	1,299	1,315	1,316	1,339	1,335	1,354	1,338	1,331	1,355	1,349	1,076	1,098	1,159	1,067	1,012	1,088	1,093	1,149	1,133	1,129	1,124	1,194	1,121	1,216	1,144	1,282	1,255	1,371	1,200	1,239	1,143	1,254	1,088	1,326	0,912	1,239	1,043	1,247	0,800	1,264	0,882	1,161	0,822	1,267	0,980	1,264	1,031	1,153	0,945	1,124	1,031	1,084	0,977	1,089	1,217	1,188	1,006	1,174
14:28:04	37,0	1,070	1,233	1,155	1,206	1,176	1,198	1,202	1,202	1,190	1,212	1,234	1,239	1,204	1,205	1,197	1,183	1,241	1,181	1,230	1,212	1,228	1,235	1,224	1,255	1,008	1,142	0,944	1,099	0,947	1,156	0,975	1,163	0,994	1,163	0,969	1,199	1,335	1,329	1,303	1,316	1,318	1,341	1,335	1,357	1,340	1,332	1,357	1,352	1,074	1,099	1,160	1,068	1,010	1,082	1,093	1,150	1,134	1,129	1,125	1,194	1,125	1,218	1,147	1,283	1,258	1,373	1,202	1,242	1,146	1,257	1,093	1,326	0,912	1,242	1,041	1,247	0,803	1,263	0,883	1,163	0,827	1,268	0,979	1,266	1,033	1,155	0,944	1,121	1,028	1,082	0,973	1,086	1,216	1,189	1,003	1,175
14:38:04	37,0	1,072	1,236	1,156	1,208	1,178	1,200	1,202	1,203	1,193	1,214	1,235	1,239	1,209	1,207	1,201	1,186	1,245	1,182	1,231	1,216	1,232	1,237	1,228	1,259	1,009	1,145	0,944	1,101	0,950	1,157	0,978	1,163	0,999	1,168	0,975	1,201	1,336	1,332	1,304	1,318	1,318	1,343	1,338	1,357	1,340	1,335	1,358	1,351	1,076	1,099	1,162	1,069	1,012	1,087	1,095	1,151	1,136	1,131	1,128	1,196	1,129	1,222	1,149	1,284	1,259	1,372	1,205	1,243	1,147	1,257	1,096	1,325	0,913	1,244	1,042	1,248	0,807	1,262	0,882	1,165	0,829	1,268	0,979	1,268	1,036	1,159	0,945	1,121	1,029	1,079	0,972	1,086	1,216	1,190	1,006	1,178
14:48:04	37,0	1,073	1,236	1,155	1,208	1,178	1,200	1,206	1,203	1,194	1,214	1,236	1,239	1,210	1,210	1,203	1,188	1,246	1,183	1,234	1,217	1,233	1,239	1,228	1,260	1,011	1,146	0,945	1,103	0,951	1,160	0,975	1,165	0,999	1,169	0,974	1,201	1,335	1,332	1,304	1,319	1,319	1,344	1,340	1,358	1,340	1,334	1,358	1,353	1,079	1,101	1,163	1,070	1,014	1,086	1,096	1,152	1,137	1,132	1,129	1,197	1,130	1,222	1,149	1,283	1,259	1,372	1,204	1,244	1,148	1,256	1,098	1,324	0,912	1,245	1,044	1,249	0,808	1,261	0,880	1,165	0,832	1,269	0,978	1,270	1,038	1,160	0,945	1,119	1,029	1,077	0,969	1,084	1,216	1,191	0,991	1,179
14:58:04	37,0	1,074	1,237	1,157	1,209	1,179	1,202	1,206	1,206	1,191	1,215	1,235	1,239	1,212	1,212	1,206	1,189	1,250	1,188	1,238	1,222	1,235	1,242	1,231	1,260	1,011	1,147	0,947	1,103	0,954	1,159	0,976	1,166	0,996	1,170	0,975	1,202	1,335	1,334	1,305	1,319	1,321	1,344	1,341	1,358	1,340	1,335	1,359	1,351	1,079	1,103	1,166	1,071	1,014	1,091	1,097	1,153	1,138	1,132	1,130	1,197	1,133	1,226	1,149	1,282	1,259	1,369	1,205	1,243	1,147	1,255	1,097	1,323	0,911	1,247	1,042	1,250	0,808	1,261	0,877	1,165	0,834	1,268	0,976	1,269	1,040	1,163	0,946	1,118	1,027	1,074	0,966	1,083	1,216	1,190	0,990	1,179
15:08:04	37,0	1,075	1,236	1,158	1,212	1,177	1,203	1,209	1,207	1,192	1,213	1,235	1,241	1,215	1,214	1,209	1,191	1,254	1,190	1,239	1,227	1,240	1,243	1,232	1,261	1,011	1,149	0,948	1,105	0,954	1,159	0,974	1,167	0,996	1,170	0,979	1,204	1,337	1,335	1,306	1,319	1,323	1,346	1,342	1,360	1,341	1,336	1,359	1,353	1,079	1,104	1,167	1,073	1,015	1,096	1,098	1,153	1,140	1,132	1,132	1,198	1,135	1,226	1,150	1,281	1,258	1,365	1,204	1,242	1,146	1,254	1,095	1,321	0,911	1,248	1,044	1,251	0,810	1,261	0,877	1,166	0,835	1,269	0,978	1,270	1,042	1,168	0,945	1,117	1,027	1,071	0,966	1,082	1,216	1,190	0,993	1,178
15:18:04	37,0	1,076	1,237	1,158	1,212	1,180	1,202	1,206	1,207	1,194	1,214	1,235	1,238	1,217	1,217	1,211	1,193	1,253	1,190	1,241	1,225	1,243	1,243	1,234	1,263	1,012	1,150	0,948	1,105	0,957	1,163	0,972	1,167	0,995	1,168	0,977	1,205	1,339	1,334	1,308	1,317	1,323	1,346	1,342	1,359	1,342	1,337	1,359	1,355	1,080	1,103	1,167	1,073	1,016	1,094	1,099	1,153	1,141	1,133	1,131	1,198	1,137	1,227	1,152	1,281	1,258	1,363	1,205	1,242	1,146	1,253	1,095	1,320	0,912	1,250	1,043	1,252	0,809	1,260	0,874	1,165	0,835	1,269	0,976	1,272	1,044	1,167	0,946	1,114	1,025	1,069	0,962	1,079	1,214	1,188	0,990	1,181
15:28:04	37,0	1,077	1,238	1,156	1,213	1,178	1,202	1,206	1,204	1,192	1,212	1,235	1,237	1,218	1,218	1,212	1,194	1,253	1,192	1,240	1,228	1,243	1,243	1,236	1,264	1,011	1,150	0,950	1,106	0,956	1,162	0,970	1,165	0,993	1,165	0,976	1,204	1,339	1,334	1,306	1,317	1,324	1,344	1,341	1,360	1,342	1,339	1,358	1,356	1,081	1,104	1,167	1,073	1,015	1,090	1,099	1,153	1,142	1,132	1,131	1,198	1,138	1,228	1,155	1,279	1,258	1,361	1,209	1,239	1,144	1,251	1,095	1,318	0,911	1,250	1,042	1,251	0,810	1,259	0,874	1,166	0,831	1,268	0,975	1,272	1,046	1,168	0,946	1,111	1,022	1,065	0,958	1,078	1,212	1,187	0,990	1,181
15:38:04	37,0	1,080	1,239	1,159	1,212	1,181	1,203	1,208	1,205	1,194	1,212	1,235	1,236	1,221	1,220	1,213	1,195	1,256	1,196	1,242	1,230	1,246	1,246	1,237	1,264	1,011	1,151	0,950	1,107	0,958	1,162	0,972	1,168	0,997	1,170	0,980	1,205	1,340	1,334	1,307	1,318	1,324	1,345	1,342	1,359	1,342	1,337	1,359	1,355	1,081	1,105	1,169	1,072	1,015	1,094	1,099	1,153	1,141	1,132	1,131	1,198	1,140	1,228	1,155	1,278	1,257	1,360	1,211	1,241	1,146	1,252	1,096	1,316	0,911	1,252	1,041	1,251	0,808	1,258	0,870	1,165	0,833	1,266	0,973	1,274	1,047	1,170	0,947	1,107	1,021	1,063	0,957	1,078	1,211	1,186	0,993	1,182
15:48:04	37,0	1,081	1,239	1,157	1,214	1,180	1,202	1,207	1,206	1,193	1,213	1,233	1,235	1,222	1,223	1,215	1,198	1,257	1,195	1,245	1,229	1,244	1,248	1,239	1,265	1,014	1,151	0,950	1,106	0,960	1,164	0,971	1,166	0,997	1,170	0,981	1,204	1,342	1,334	1,307	1,316	1,325	1,344	1,342	1,358	1,342	1,338	1,361	1,357	1,080	1,105	1,168	1,073	1,016	1,093	1,100	1,152	1,142	1,131	1,132	1,198	1,141	1,227	1,155	1,278	1,256	1,358	1,210	1,239	1,147	1,251	1,097	1,314	0,910	1,253	1,041	1,251	0,804	1,257	0,869	1,164	0,832	1,266	0,972	1,276	1,048	1,170	0,947	1,105	1,018	1,061	0,954	1,077	1,210	1,184	0,991	1,182
15:58:04	37,0	1,081	1,239	1,157	1,214	1,180	1,201	1,207	1,205	1,191	1,211	1,232	1,235	1,223	1,224	1,216	1,200	1,255	1,197	1,244	1,230	1,245	1,248	1,240	1,263	1,010	1,152	0,951	1,105	0,960	1,163	0,970	1,166	0,994	1,169	0,981	1,205	1,343	1,334	1,305	1,317	1,326	1,345	1,343	1,358	1,344	1,337	1,361	1,357	1,079	1,103	1,168	1,073	1,016	1,090	1,099	1,150	1,142	1,131	1,133	1,198	1,141	1,227	1,155	1,276	1,256	1,355	1,208	1,239	1,144	1,249	1,096	1,312	0,911	1,254	1,040	1,250	0,802	1,256	0,867	1,164	0,830	1,267	0,970	1,277	1,049	1,170	0,948	1,102	1,015	1,058	0,951	1,074	1,208	1,182	0,988	1,183
16:08:04	37,0	1,082	1,238	1,156	1,212	1,180	1,200	1,205	1,206	1,190	1,210	1,231	1,233	1,223	1,224	1,216	1,200	1,257	1,199	1,245	1,229	1,244	1,248	1,240	1,261	1,010	1,151	0,949	1,105	0,959	1,163	0,969	1,165	0,992	1,168	0,980	1,205	1,343	1,334	1,306	1,316	1,327	1,343	1,344	1,358	1,343	1,338	1,360	1,358	1,078	1,102	1,168	1,072	1,015	1,091	1,098	1,149	1,142	1,129	1,132	1,199	1,141	1,227	1,154	1,275	1,254	1,353	1,205	1,238	1,143	1,248	1,098	1,311	0,909	1,253	1,039	1,249	0,801	1,254	0,866	1,163	0,828	1,265	0,970	1,275	1,050	1,170	0,945	1,098	1,012	1,055	0,948	1,071	1,206	1,180	0,989	1,181
16:18:04	37,0	1,081	1,238	1,155	1,212	1,178	1,198	1,205	1,205	1,189	1,209	1,230	1,232	1,225	1,228	1,219	1,201	1,257	1,199	1,247	1,230	1,244	1,247	1,240	1,262	1,010	1,152	0,948	1,105	0,958	1,163	0,967	1,161	0,991	1,166	0,983	1,205	1,340	1,333	1,307	1,315	1,325	1,343	1,343	1,358	1,341	1,336	1,359	1,358	1,077	1,103	1,168	1,071	1,014	1,089	1,098	1,148	1,142	1,129	1,132	1,198	1,142	1,225	1,151	1,273	1,253	1,349	1,203	1,237	1,140	1,246	1,097	1,309	0,910	1,254	1,039	1,248	0,800	1,253	0,864	1,163	0,824	1,265	0,968	1,276	1,050	1,171	0,944	1,097	1,009	1,053	0,946	1,068	1,204	1,179	0,983	1,182
16:28:04	37,0	1,082	1,238	1,154	1,212	1,177	1,200	1,208	1,207	1,190	1,210	1,231	1,233	1,226	1,227	1,218	1,202	1,261	1,202	1,248	1,235	1,250	1,250	1,242	1,263	1,011	1,151	0,948	1,106	0,959	1,159	0,965	1,164	0,996	1,169	0,981	1,206	1,341	1,333	1,308	1,313	1,325	1,343	1,343	1,357	1,342	1,335	1,359	1,357	1,081	1,104	1,171	1,072	1,017	1,095	1,101	1,148	1,140	1,129	1,135	1,198	1,145	1,225	1,152	1,272	1,252	1,346	1,201	1,236	1,140	1,244	1,095	1,307	0,911	1,253	1,037	1,249	0,796	1,252	0,861	1,163	0,824	1,263	0,968	1,276	1,052	1,173	0,947	1,094	1,010	1,053	0,945	1,067	1,205	1,179	0,985	1,181
16:38:04	37,0	1,083	1,240	1,153	1,212	1,175	1,199	1,207	1,206	1,190	1,209	1,232	1,234	1,227	1,229	1,220	1,204	1,263	1,202	1,250	1,234	1,249	1,251	1,243	1,264	1,008	1,151	0,949	1,105	0,960	1,162	0,966	1,163	0,995	1,169	0,982	1,205	1,340	1,334	1,308	1,314	1,325	1,343	1,342	1,356	1,343	1,334	1,358	1,358	1,080	1,103	1,170	1,072	1,017	1,095	1,100	1,149	1,141	1,128	1,135	1,197	1,144	1,222	1,150	1,270	1,250	1,343	1,199	1,233	1,139	1,243	1,094	1,304	0,911	1,252	1,036	1,248	0,794	1,251	0,859	1,162	0,822	1,262	0,965	1,275	1,052	1,173	0,945	1,091	1,009	1,051	0,943	1,066	1,202	1,178	0,982	1,181
16:48:04	37,0	1,082	1,238	1,153	1,213	1,176	1,201	1,207	1,209	1,190	1,209	1,230	1,234	1,230	1,230	1,223	1,205	1,265	1,204	1,251	1,239	1,252	1,253	1,244	1,264	1,009	1,152	0,949	1,105	0,961	1,161	0,969	1,165	0,996	1,173	0,984	1,204	1,342	1,335	1,307	1,312	1,327	1,343	1,342	1,357	1,343	1,333	1,360	1,356	1,082	1,103	1,171	1,071	1,016	1,094	1,100	1,147	1,142	1,129	1,135	1,196	1,144	1,222	1,153	1,270	1,251	1,342	1,200	1,235	1,136	1,244	1,097	1,302	0,909	1,252	1,037	1,247	0,790	1,249	0,856	1,161	0,820	1,261	0,966	1,274	1,053	1,174	0,946	1,091	1,008	1,051	0,941	1,064	1,202	1,177	0,981	1,180
16:58:04	37,0	1,082	1,238	1,155	1,212	1,175	1,201	1,209	1,210	1,191	1,208	1,231	1,235	1,232	1,231	1,224	1,206	1,266	1,206	1,252	1,240	1,256	1,255	1,245	1,264	1,008	1,152	0,950	1,104	0,961	1,162	0,969	1,165	0,995	1,170	0,986	1,205	1,340	1,335	1,308	1,311	1,325	1,343	1,343	1,355	1,342	1,336	1,361	1,356	1,083	1,103	1,171	1,071	1,018	1,094	1,102	1,147	1,142	1,129	1,135	1,198	1,146	1,220	1,149	1,268	1,247	1,338	1,197	1,232	1,135	1,240	1,093	1,299	0,911	1,252	1,036	1,247	0,789	1,247	0,856	1,160	0,818	1,261	0,967	1,272	1,054	1,176	0,946	1,089	1,006	1,051	0,940	1,063	1,200	1,177	0,976	1,180
17:08:04	37,0	1,081	1,238	1,155	1,212	1,173	1,200	1,208	1,209	1,188	1,206	1,231	1,232	1,230	1,231	1,227	1,207	1,268	1,205	1,253	1,239	1,252	1,256	1,247	1,263	1,007	1,151	0,948	1,103	0,961	1,158	0,966	1,163	0,992	1,169	0,983	1,202	1,341	1,336	1,308	1,310	1,325	1,342	1,343	1,357	1,343	1,335	1,361	1,357	1,081	1,102	1,171	1,070	1,017	1,096	1,100	1,147	1,141	1,127	1,133	1,196	1,147	1,219	1,148	1,266	1,245	1,335	1,195	1,228	1,133	1,238	1,092	1,297	0,912	1,251	1,035	1,245	0,787	1,247	0,854	1,158	0,814	1,260	0,966	1,271	1,053	1,174	0,945	1,086	1,004	1,050	0,937	1,061	1,198	1,174	0,976	1,181
17:18:04	37,0	1,080	1,237	1,151	1,212	1,173	1,198	1,206	1,205	1,185	1,204	1,228	1,228	1,230	1,232	1,228	1,207	1,266	1,205	1,252	1,237	1,252	1,254	1,246	1,262	1,005	1,149	0,947	1,102	0,957	1,160	0,964	1,159	0,991	1,166	0,981	1,200	1,342	1,335	1,304	1,309	1,325	1,341	1,341	1,355	1,342	1,335	1,360	1,357	1,079	1,100	1,170	1,069	1,016	1,093	1,098	1,145	1,140	1,125	1,132	1,195	1,145	1,218	1,148	1,264	1,244	1,332	1,194	1,226	1,132	1,237	1,090	1,294	0,913	1,251	1,032	1,244	0,783	1,244	0,853	1,157	0,810	1,258	0,964	1,270	1,051	1,173	0,944	1,083	1,002	1,047	0,932	1,057	1,195	1,171	0,973	1,180
17:28:04	37,0	1,079	1,237	1,154	1,212	1,171	1,199	1,206	1,207	1,188	1,206	1,229	1,232	1,233	1,233	1,229	1,208	1,269	1,209	1,253	1,243	1,254	1,256	1,248	1,264	1,005	1,149	0,947	1,101	0,957	1,157	0,964	1,162	0,992	1,168	0,980	1,201	1,338	1,334	1,305	1,308	1,325	1,341	1,341	1,356	1,343	1,333	1,360	1,356	1,080	1,101	1,170	1,069	1,018	1,093	1,100	1,145	1,140	1,126	1,133	1,196	1,147	1,217	1,148	1,264	1,242	1,330	1,195	1,227	1,131	1,235	1,087	1,293	0,915	1,251	1,032	1,244	0,781	1,243	0,851	1,157	0,809	1,257	0,964	1,269	1,052	1,174	0,946	1,081	1,001	1,049	0,930	1,057	1,195	1,172	0,973	1,181
17:38:04	37,0	1,077	1,235	1,148	1,210	1,171	1,194	1,204	1,202	1,184	1,200	1,224	1,226	1,230	1,233	1,229	1,207	1,265	1,205	1,252	1,236	1,250	1,252	1,246	1,260	1,002	1,147	0,946	1,098	0,957	1,158	0,960	1,151	0,988	1,163	0,980	1,199	1,339	1,333	1,302	1,307	1,325	1,338	1,341	1,354	1,341	1,333	1,357	1,356	1,074	1,097	1,166	1,066	1,013	1,088	1,094	1,140	1,139	1,121	1,130	1,194	1,144	1,216	1,147	1,263	1,240	1,328	1,194	1,224	1,128	1,234	1,088	1,290	0,913	1,250	1,029	1,241	0,777	1,241	0,849	1,155	0,803	1,257	0,960	1,270	1,049	1,169	0,941	1,078	0,997	1,044	0,925	1,053	1,190	1,167	0,968	1,179
17:48:04	37,0	1,077	1,234	1,150	1,209	1,168	1,193	1,204	1,202	1,185	1,201	1,224	1,222	1,232	1,233	1,228	1,210	1,265	1,206	1,253	1,237	1,251	1,255	1,245	1,262	1,002	1,147	0,944	1,097	0,956	1,157	0,959	1,151	0,989	1,165	0,978	1,196	1,339	1,333	1,304	1,306	1,324	1,338	1,340	1,353	1,341	1,331	1,358	1,357	1,075	1,096	1,166	1,065	1,012	1,088	1,094	1,140	1,139	1,121	1,129	1,194	1,145	1,214	1,146	1,261	1,238	1,327	1,194	1,223	1,128	1,232	1,087	1,289	0,914	1,250	1,027	1,239	0,775	1,239	0,848	1,152	0,800	1,254	0,958	1,269	1,048	1,169	0,939	1,075	0,996	1,043	0,921	1,050	1,188	1,166	0,969	1,179
17:58:04	37,0	1,076	1,233	1,148	1,208	1,166	1,192	1,201	1,200	1,183	1,200	1,222	1,220	1,231	1,234	1,228	1,209	1,266	1,206	1,252	1,238	1,250	1,253	1,246	1,261	1,000	1,146	0,944	1,095	0,956	1,156	0,955	1,149	0,985	1,160	0,977	1,195	1,337	1,331	1,303	1,306	1,324	1,337	1,339	1,353	1,340	1,331	1,356	1,356	1,075	1,094	1,165	1,064	1,009	1,086	1,092	1,137	1,137	1,118	1,129	1,193	1,144	1,213	1,145	1,261	1,236	1,325	1,193	1,220	1,125	1,230	1,084	1,287	0,913	1,248	1,027	1,238	0,770	1,236	0,845	1,151	0,795	1,252	0,958	1,268	1,046	1,166	0,936	1,072	0,994	1,040	0,918	1,047	1,188	1,164	0,968	1,178
18:08:04	37,0	1,075	1,233	1,147	1,207	1,166	1,194	1,202	1,200	1,183	1,200	1,223	1,223	1,230	1,234	1,229	1,210	1,267	1,208	1,254	1,235	1,252	1,255	1,246	1,260	0,998	1,144	0,942	1,095	0,951	1,154	0,954	1,153	0,986	1,163	0,975	1,195	1,336	1,331	1,304	1,304	1,323	1,336	1,339	1,350	1,339	1,331	1,356	1,357	1,074	1,094	1,167	1,063	1,010	1,088	1,093	1,137	1,136	1,119	1,130	1,191	1,145	1,210	1,143	1,259	1,233	1,322	1,191	1,220	1,124	1,228	1,083	1,285	0,912	1,246	1,024	1,238	0,768	1,235	0,844	1,149	0,794	1,250	0,956	1,266	1,047	1,167	0,937	1,071	0,996	1,043	0,915	1,047	1,188	1,165	0,968	1,177
18:18:04	37,0	1,075	1,233	1,147	1,208	1,165	1,192	1,201	1,200	1,183	1,199	1,222	1,223	1,234	1,236	1,229	1,210	1,270	1,209	1,253	1,239	1,255	1,255	1,246	1,260	0,997	1,144	0,942	1,093	0,950	1,153	0,955	1,151	0,985	1,162	0,974	1,195	1,337	1,331	1,303	1,302	1,320	1,336	1,339	1,350	1,337	1,327	1,355	1,357	1,075	1,094	1,167	1,063	1,010	1,088	1,094	1,137	1,136	1,118	1,130	1,190	1,144	1,210	1,144	1,258	1,232	1,321	1,190	1,220	1,123	1,226	1,080	1,284	0,911	1,246	1,023	1,236	0,766	1,233	0,842	1,148	0,792	1,249	0,954	1,266	1,047	1,169	0,938	1,071	0,995	1,042	0,914	1,046	1,187	1,165	0,966	1,177
18:28:04	37,0	1,074	1,233	1,146	1,206	1,164	1,191	1,200	1,200	1,181	1,198	1,221	1,219	1,234	1,235	1,229	1,210	1,267	1,206	1,254	1,238	1,255	1,254	1,246	1,259	0,996	1,143	0,940	1,091	0,950	1,152	0,952	1,148	0,981	1,159	0,973	1,192	1,335	1,329	1,300	1,302	1,322	1,337	1,340	1,350	1,337	1,329	1,355	1,356	1,074	1,093	1,166	1,062	1,010	1,085	1,094	1,135	1,135	1,116	1,127	1,189	1,143	1,209	1,142	1,258	1,232	1,319	1,189	1,218	1,122	1,224	1,080	1,281	0,908	1,244	1,022	1,234	0,764	1,232	0,841	1,146	0,789	1,249	0,954	1,265	1,045	1,168	0,934	1,069	0,995	1,039	0,911	1,045	1,185	1,164	0,962	1,177
18:38:04	37,0	1,074	1,230	1,144	1,205	1,161	1,189	1,200	1,198	1,180	1,196	1,220	1,218	1,233	1,236	1,229	1,209	1,266	1,206	1,252	1,239	1,254	1,252	1,246	1,259	0,993	1,140	0,940	1,089	0,952	1,150	0,949	1,145	0,980	1,154	0,973	1,190	1,333	1,329	1,298	1,301	1,320	1,335	1,337	1,347	1,337	1,325	1,354	1,356	1,074	1,090	1,163	1,059	1,008	1,082	1,091	1,133	1,133	1,115	1,127	1,189	1,142	1,207	1,143	1,257	1,231	1,316	1,188	1,217	1,120	1,222	1,079	1,280	0,906	1,243	1,021	1,232	0,759	1,229	0,838	1,144	0,787	1,247	0,953	1,263	1,043	1,166	0,933	1,067	0,993	1,037	0,908	1,044	1,183	1,163	0,960	1,177
18:48:04	37,0	1,073	1,229	1,143	1,203	1,160	1,189	1,198	1,198	1,177	1,195	1,218	1,216	1,234	1,236	1,230	1,211	1,270	1,208	1,254	1,237	1,254	1,253	1,247	1,258	0,991	1,139	0,937	1,088	0,949	1,149	0,947	1,146	0,978	1,157	0,974	1,187	1,331	1,327	1,299	1,299	1,320	1,333	1,337	1,348	1,335	1,325	1,352	1,355	1,071	1,088	1,163	1,058	1,007	1,079	1,089	1,131	1,132	1,112	1,125	1,186	1,143	1,207	1,142	1,256	1,230	1,316	1,189	1,216	1,122	1,224	1,079	1,278	0,903	1,241	1,017	1,230	0,758	1,227	0,839	1,143	0,783	1,243	0,951	1,262	1,042	1,164	0,931	1,065	0,992	1,035	0,905	1,041	1,183	1,162	0,959	1,174
18:58:04	37,0	1,072	1,228	1,141	1,203	1,159	1,187	1,198	1,196	1,176	1,194	1,216	1,214	1,233	1,237	1,231	1,209	1,265	1,206	1,252	1,238	1,253	1,251	1,246	1,257	0,991	1,139	0,936	1,086	0,946	1,146	0,948	1,143	0,976	1,154	0,974	1,184	1,333	1,326	1,296	1,297	1,318	1,331	1,335	1,346	1,335	1,324	1,351	1,351	1,072	1,087	1,162	1,056	1,005	1,077	1,088	1,129	1,130	1,111	1,124	1,186	1,142	1,205	1,142	1,256	1,229	1,315	1,187	1,215	1,120	1,222	1,077	1,277	0,900	1,240	1,016	1,228	0,754	1,224	0,836	1,140	0,780	1,242	0,951	1,260	1,041	1,163	0,928	1,064	0,991	1,034	0,903	1,039	1,181	1,161	0,962	1,173
19:08:04	37,0	1,072	1,226	1,141	1,201	1,158	1,187	1,198	1,197	1,175	1,195	1,215	1,216	1,234	1,236	1,231	1,210	1,268	1,207	1,253	1,238	1,254	1,252	1,245	1,256	0,988	1,136	0,934	1,085	0,946	1,146	0,948	1,142	0,976	1,155	0,969	1,184	1,329	1,326	1,296	1,296	1,317	1,331	1,336	1,345	1,335	1,323	1,351	1,352	1,069	1,087	1,162	1,055	1,004	1,079	1,088	1,127	1,130	1,111	1,124	1,183	1,142	1,204	1,141	1,256	1,228	1,315	1,187	1,214	1,119	1,221	1,077	1,276	0,898	1,239	1,015	1,226	0,753	1,222	0,835	1,140	0,779	1,242	0,948	1,259	1,041	1,162	0,928	1,064	0,991	1,035	0,902	1,038	1,180	1,160	0,959	1,172
19:18:04	37,0	1,071	1,226	1,140	1,201	1,156	1,185	1,196	1,195	1,176	1,193	1,214	1,213	1,233	1,236	1,229	1,211	1,265	1,208	1,252	1,238	1,251	1,252	1,246	1,257	0,986	1,135	0,935	1,082	0,943	1,142	0,945	1,136	0,972	1,150	0,971	1,183	1,328	1,326	1,297	1,296	1,317	1,330	1,334	1,344	1,333	1,323	1,349	1,351	1,069	1,084	1,160	1,054	1,003	1,077	1,087	1,126	1,129	1,109	1,121	1,183	1,141	1,204	1,141	1,256	1,228	1,314	1,186	1,214	1,119	1,219	1,077	1,276	0,894	1,238	1,014	1,225	0,750	1,220	0,834	1,138	0,776	1,239	0,949	1,259	1,039	1,163	0,929	1,063	0,990	1,032	0,898	1,036	1,178	1,159	0,954	1,173
19:28:04	37,0	1,070	1,222	1,137	1,199	1,154	1,183	1,193	1,191	1,175	1,190	1,210	1,209	1,232	1,236	1,227	1,208	1,264	1,206	1,251	1,237	1,250	1,251	1,248	1,254	0,985	1,130	0,931	1,079	0,941	1,141	0,941	1,132	0,967	1,147	0,970	1,179	1,328	1,325	1,294	1,294	1,317	1,328	1,334	1,343	1,335	1,320	1,347	1,347	1,064	1,081	1,157	1,052	1,000	1,074	1,080	1,120	1,126	1,106	1,118	1,182	1,139	1,203	1,142	1,256	1,226	1,313	1,186	1,214	1,119	1,218	1,075	1,275	0,889	1,236	1,012	1,222	0,750	1,219	0,833	1,135	0,773	1,237	0,946	1,257	1,036	1,158	0,929	1,060	0,986	1,028	0,888	1,033	1,174	1,156	0,950	1,170
19:38:04	37,0	1,071	1,221	1,137	1,199	1,153	1,181	1,192	1,192	1,174	1,191	1,210	1,208	1,231	1,237	1,230	1,210	1,266	1,206	1,251	1,236	1,250	1,250	1,247	1,254	0,983	1,131	0,931	1,078	0,941	1,140	0,940	1,129	0,965	1,144	0,969	1,178	1,326	1,323	1,295	1,293	1,314	1,325	1,332	1,343	1,332	1,317	1,347	1,346	1,063	1,080	1,155	1,053	0,999	1,071	1,079	1,122	1,125	1,104	1,119	1,181	1,140	1,202	1,141	1,256	1,226	1,313	1,186	1,214	1,117	1,217	1,074	1,274	0,887	1,235	1,010	1,220	0,746	1,216	0,831	1,135	0,770	1,237	0,948	1,256	1,036	1,157	0,927	1,059	0,988	1,026	0,883	1,032	1,174	1,157	0,949	1,172
19:48:04	37,0	1,070	1,220	1,135	1,197	1,153	1,181	1,192	1,191	1,172	1,190	1,210	1,207	1,233	1,236	1,232	1,210	1,265	1,207	1,252	1,234	1,251	1,250	1,245	1,254	0,981	1,129	0,929	1,077	0,939	1,137	0,936	1,130	0,966	1,145	0,966	1,177	1,325	1,324	1,295	1,292	1,313	1,326	1,332	1,340	1,330	1,320	1,343	1,347	1,064	1,079	1,153	1,050	0,998	1,071	1,080	1,120	1,124	1,103	1,118	1,178	1,139	1,200	1,141	1,256	1,226	1,312	1,184	1,212	1,118	1,218	1,072	1,273	0,884	1,233	1,008	1,219	0,743	1,214	0,830	1,133	0,769	1,234	0,947	1,254	1,036	1,158	0,924	1,060	0,989	1,026	0,885	1,032	1,173	1,157	0,950	1,170
19:58:04	37,0	1,069	1,218	1,135	1,198	1,152	1,181	1,192	1,192	1,174	1,191	1,211	1,210	1,232	1,235	1,231	1,211	1,267	1,208	1,251	1,238	1,253	1,251	1,245	1,252	0,979	1,129	0,926	1,075	0,939	1,135	0,938	1,131	0,970	1,147	0,966	1,174	1,324	1,323	1,294	1,292	1,312	1,323	1,329	1,340	1,329	1,317	1,346	1,347	1,067	1,078	1,152	1,049	0,996	1,071	1,080	1,119	1,123	1,102	1,119	1,177	1,139	1,199	1,144	1,258	1,228	1,312	1,186	1,215	1,121	1,220	1,076	1,273	0,882	1,231	1,008	1,218	0,742	1,215	0,830	1,133	0,769	1,232	0,946	1,252	1,035	1,158	0,927	1,061	0,991	1,027	0,885	1,032	1,173	1,157	0,950	1,170
20:08:04	37,0	1,069	1,216	1,134	1,196	1,152	1,180	1,193	1,190	1,174	1,192	1,211	1,210	1,232	1,236	1,230	1,210	1,266	1,208	1,251	1,240	1,253	1,252	1,245	1,254	0,979	1,126	0,925	1,073	0,937	1,134	0,934	1,129	0,968	1,143	0,965	1,172	1,324	1,322	1,295	1,291	1,314	1,324	1,329	1,337	1,329	1,317	1,344	1,346	1,065	1,077	1,151	1,047	0,999	1,073	1,082	1,117	1,124	1,102	1,117	1,178	1,138	1,198	1,143	1,257	1,227	1,312	1,183	1,212	1,118	1,218	1,073	1,272	0,880	1,229	1,008	1,215	0,740	1,215	0,827	1,131	0,768	1,231	0,944	1,253	1,034	1,158	0,929	1,062	0,992	1,028	0,885	1,032	1,173	1,159	0,950	1,170
20:18:04	37,0	1,070	1,214	1,134	1,196	1,151	1,180	1,189	1,187	1,171	1,188	1,208	1,206	1,230	1,237	1,232	1,211	1,267	1,208	1,251	1,239	1,253	1,252	1,245	1,253	0,975	1,125	0,925	1,071	0,936	1,132	0,933	1,127	0,964	1,142	0,964	1,170	1,322	1,321	1,291	1,290	1,313	1,323	1,328	1,338	1,327	1,318	1,344	1,345	1,062	1,076	1,151	1,045	0,997	1,072	1,081	1,117	1,122	1,102	1,117	1,174	1,139	1,198	1,142	1,258	1,227	1,312	1,183	1,212	1,119	1,219	1,074	1,272	0,877	1,230	1,008	1,214	0,739	1,213	0,829	1,129	0,767	1,229	0,947	1,251	1,033	1,157	0,928	1,060	0,991	1,026	0,881	1,031	1,170	1,157	0,949	1,170
20:28:04	37,0	1,069	1,213	1,132	1,194	1,149	1,177	1,187	1,186	1,169	1,187	1,208	1,202	1,230	1,236	1,230	1,210	1,267	1,206	1,249	1,238	1,252	1,250	1,244	1,251	0,971	1,123	0,923	1,069	0,933	1,130	0,932	1,122	0,960	1,137	0,960	1,168	1,322	1,321	1,291	1,288	1,311	1,323	1,326	1,336	1,326	1,315	1,342	1,343	1,058	1,073	1,148	1,043	0,993	1,068	1,078	1,114	1,120	1,099	1,115	1,174	1,139	1,196	1,142	1,258	1,226	1,311	1,182	1,212	1,117	1,218	1,072	1,271	0,875	1,227	1,006	1,212	0,738	1,211	0,828	1,127	0,764	1,228	0,945	1,249	1,032	1,157	0,927	1,059	0,989	1,022	0,869	1,030	1,167	1,155	0,946	1,169
20:38:04	37,0	1,070	1,210	1,131	1,194	1,151	1,179	1,189	1,189	1,170	1,187	1,206	1,205	1,230	1,237	1,230	1,209	1,267	1,208	1,250	1,242	1,253	1,252	1,245	1,251	0,972	1,121	0,921	1,066	0,936	1,128	0,931	1,125	0,964	1,138	0,963	1,165	1,323	1,319	1,290	1,288	1,309	1,322	1,326	1,332	1,326	1,315	1,340	1,343	1,060	1,073	1,146	1,042	0,993	1,068	1,079	1,114	1,120	1,099	1,116	1,174	1,139	1,197	1,142	1,258	1,227	1,311	1,183	1,212	1,119	1,218	1,071	1,271	0,873	1,226	1,004	1,211	0,737	1,212	0,828	1,126	0,764	1,227	0,947	1,248	1,033	1,157	0,925	1,060	0,991	1,028	0,864	1,031	1,168	1,158	0,948	1,169
20:48:04	37,0	1,069	1,209	1,130	1,192	1,147	1,175	1,186	1,184	1,167	1,185	1,205	1,200	1,230	1,235	1,229	1,208	1,266	1,206	1,248	1,237	1,250	1,250	1,244	1,249	0,969	1,119	0,918	1,064	0,932	1,125	0,929	1,118	0,959	1,135	0,959	1,163	1,320	1,320	1,290	1,286	1,310	1,320	1,324	1,335	1,325	1,313	1,340	1,341	1,059	1,071	1,144	1,041	0,993	1,066	1,077	1,113	1,118	1,097	1,113	1,171	1,140	1,196	1,144	1,258	1,227	1,311	1,183	1,210	1,118	1,220	1,072	1,270	0,869	1,224	1,003	1,208	0,736	1,209	0,828	1,124	0,761	1,225	0,945	1,246	1,031	1,155	0,925	1,057	0,989	1,026	0,868	1,030	1,165	1,156	0,945	1,169
20:58:04	37,0	1,069	1,209	1,129	1,192	1,146	1,174	1,184	1,185	1,166	1,183	1,202	1,198	1,228	1,235	1,229	1,210	1,263	1,204	1,248	1,237	1,250	1,249	1,245	1,249	0,967	1,117	0,918	1,061	0,931	1,122	0,927	1,114	0,956	1,133	0,956	1,160	1,320	1,318	1,286	1,284	1,309	1,319	1,323	1,333	1,323	1,314	1,339	1,340	1,058	1,068	1,142	1,040	0,991	1,063	1,075	1,112	1,117	1,095	1,112	1,170	1,139	1,196	1,143	1,259	1,227	1,311	1,183	1,212	1,119	1,220	1,073	1,269	0,868	1,224	1,002	1,207	0,734	1,206	0,826	1,123	0,761	1,224	0,945	1,247	1,030	1,154	0,925	1,056	0,988	1,023	0,869	1,030	1,163	1,155	0,944	1,168
21:08:04	37,0	1,069	1,207	1,127	1,189	1,144	1,173	1,184	1,182	1,163	1,181	1,202	1,194	1,227	1,234	1,229	1,209	1,260	1,202	1,247	1,236	1,247	1,248	1,243	1,247	0,966	1,115	0,916	1,058	0,928	1,120	0,923	1,111	0,953	1,128	0,957	1,157	1,320	1,316	1,286	1,284	1,309	1,317	1,323	1,332	1,323	1,312	1,335	1,339	1,055	1,067	1,140	1,038	0,985	1,060	1,070	1,109	1,115	1,093	1,111	1,167	1,140	1,197	1,144	1,260	1,228	1,311	1,183	1,211	1,119	1,220	1,071	1,268	0,866	1,221	1,001	1,205	0,733	1,205	0,826	1,121	0,758	1,222	0,945	1,245	1,029	1,152	0,924	1,052	0,986	1,018	0,868	1,028	1,160	1,154	0,941	1,166
21:18:04	37,0	1,070	1,206	1,127	1,187	1,143	1,172	1,181	1,183	1,163	1,181	1,199	1,195	1,226	1,235	1,226	1,209	1,263	1,204	1,247	1,235	1,250	1,247	1,243	1,248	0,963	1,113	0,915	1,057	0,926	1,118	0,923	1,109	0,953	1,130	0,954	1,155	1,316	1,316	1,284	1,283	1,307	1,315	1,320	1,330	1,321	1,309	1,337	1,337	1,055	1,065	1,139	1,038	0,987	1,061	1,071	1,111	1,114	1,093	1,111	1,166	1,141	1,196	1,144	1,259	1,227	1,311	1,183	1,212	1,118	1,220	1,072	1,270	0,863	1,220	0,999	1,203	0,731	1,205	0,827	1,120	0,759	1,222	0,942	1,244	1,029	1,152	0,924	1,053	0,986	1,018	0,869	1,029	1,158	1,153	0,942	1,166
21:28:04	37,0	1,070	1,204	1,125	1,188	1,142	1,171	1,181	1,181	1,163	1,179	1,199	1,192	1,226	1,235	1,226	1,209	1,261	1,204	1,248	1,235	1,248	1,246	1,244	1,246	0,964	1,111	0,913	1,055	0,926	1,117	0,919	1,107	0,951	1,124	0,952	1,152	1,317	1,313	1,284	1,282	1,304	1,313	1,320	1,330	1,321	1,309	1,334	1,334	1,053	1,062	1,136	1,037	0,983	1,058	1,068	1,107	1,113	1,091	1,109	1,165	1,140	1,196	1,147	1,260	1,228	1,311	1,183	1,211	1,120	1,221	1,072	1,269	0,862	1,218	0,999	1,202	0,730	1,204	0,827	1,119	0,755	1,221	0,943	1,244	1,028	1,152	0,924	1,051	0,985	1,019	0,870	1,029	1,157	1,153	0,941	1,166
21:38:04	37,0	1,070	1,203	1,125	1,186	1,143	1,171	1,181	1,181	1,164	1,181	1,199	1,194	1,227	1,234	1,227	1,210	1,263	1,204	1,246	1,234	1,248	1,247	1,242	1,245	0,960	1,110	0,911	1,054	0,925	1,113	0,918	1,109	0,952	1,127	0,951	1,151	1,316	1,314	1,283	1,281	1,303	1,315	1,319	1,329	1,319	1,306	1,334	1,334	1,053	1,063	1,135	1,034	0,984	1,060	1,069	1,109	1,112	1,091	1,108	1,164	1,141	1,196	1,147	1,261	1,228	1,313	1,184	1,214	1,119	1,222	1,070	1,268	0,860	1,217	0,997	1,200	0,729	1,203	0,826	1,118	0,755	1,220	0,943	1,242	1,029	1,151	0,925	1,052	0,988	1,019	0,870	1,030	1,156	1,153	0,942	1,167
21:48:04	37,0	1,071	1,203	1,124	1,186	1,143	1,171	1,181	1,181	1,164	1,181	1,198	1,192	1,226	1,233	1,228	1,209	1,263	1,203	1,246	1,236	1,251	1,248	1,244	1,246	0,960	1,109	0,909	1,052	0,923	1,112	0,919	1,107	0,950	1,125	0,950	1,150	1,315	1,313	1,284	1,281	1,302	1,313	1,319	1,326	1,319	1,307	1,333	1,333	1,053	1,063	1,135	1,034	0,984	1,062	1,070	1,107	1,111	1,090	1,109	1,163	1,142	1,196	1,148	1,261	1,228	1,313	1,185	1,214	1,119	1,221	1,072	1,268	0,858	1,216	0,999	1,199	0,728	1,203	0,826	1,117	0,755	1,219	0,943	1,240	1,029	1,153	0,924	1,050	0,988	1,022	0,864	1,029	1,157	1,153	0,942	1,168
21:58:04	37,0	1,072	1,199	1,124	1,185	1,140	1,170	1,178	1,178	1,162	1,177	1,196	1,188	1,225	1,234	1,228	1,208	1,262	1,200	1,246	1,232	1,249	1,248	1,242	1,243	0,960	1,107	0,909	1,049	0,922	1,109	0,917	1,103	0,948	1,123	0,950	1,145	1,314	1,313	1,281	1,281	1,302	1,313	1,317	1,325	1,317	1,306	1,332	1,333	1,052	1,060	1,133	1,032	0,982	1,060	1,068	1,107	1,110	1,088	1,105	1,160	1,140	1,195	1,149	1,262	1,229	1,313	1,185	1,214	1,121	1,223	1,073	1,268	0,857	1,215	0,997	1,198	0,727	1,202	0,827	1,116	0,754	1,218	0,942	1,241	1,028	1,150	0,924	1,048	0,986	1,021	0,860	1,030	1,154	1,151	0,941	1,167
22:08:04	37,0	1,071	1,200	1,122	1,184	1,138	1,169	1,177	1,179	1,161	1,176	1,195	1,186	1,222	1,233	1,227	1,207	1,262	1,203	1,244	1,234	1,246	1,246	1,242	1,245	0,957	1,105	0,906	1,047	0,920	1,108	0,915	1,099	0,944	1,119	0,947	1,143	1,314	1,311	1,281	1,278	1,300	1,311	1,315	1,323	1,317	1,306	1,331	1,331	1,048	1,060	1,131	1,032	0,979	1,057	1,067	1,104	1,108	1,087	1,105	1,159	1,139	1,195	1,148	1,262	1,229	1,313	1,185	1,215	1,121	1,221	1,070	1,268	0,855	1,214	0,997	1,197	0,727	1,201	0,827	1,114	0,753	1,217	0,942	1,239	1,028	1,151	0,924	1,047	0,985	1,021	0,860	1,029	1,153	1,150	0,940	1,167

