Time	T∞ Optical Density:600	A1	A2	A3	A4	A5	A6	A7	A8	A9	A10	A11	A12	B1	B2	B3	B4	B5	B6	B7	B8	B9	B10	B11	B12	C1	C2	C3	C4	C5	C6	C7	C8	C9	C10	C11	C12	D1	D2	D3	D4	D5	D6	D7	D8	D9	D10	D11	D12	E1	E2	E3	E4	E5	E6	E7	E8	E9	E10	E11	E12	F1	F2	F3	F4	F5	F6	F7	F8	F9	F10	F11	F12	G1	G2	G3	G4	G5	G6	G7	G8	G9	G10	G11	G12	H1	H2	H3	H4	H5	H6	H7	H8	H9	H10	H11	H12
0:08:04	37,0	0,116	0,146	0,115	0,156	0,124	0,147	0,121	0,120	0,119	0,131	0,110	0,143	0,119	0,139	0,141	0,174	0,170	0,130	0,127	0,129	0,113	0,106	0,130	0,104	0,114	0,113	0,125	0,193	0,150	0,116	0,120	0,123	0,145	0,131	0,127	0,125	0,119	0,129	0,162	0,136	0,151	0,149	0,148	0,142	0,151	0,151	0,139	0,127	0,123	0,118	0,127	0,130	0,114	0,132	0,119	0,129	0,107	0,111	0,108	0,111	0,130	0,101	0,124	0,103	0,134	0,099	0,162	0,099	0,105	0,099	0,102	0,102	0,127	0,121	0,127	0,142	0,118	0,127	0,103	0,130	0,099	0,124	0,101	0,106	0,132	0,133	0,133	0,149	0,139	0,126	0,128	0,120	0,118	0,140	0,124	0,110
0:18:04	36,9	0,118	0,143	0,115	0,159	0,126	0,152	0,122	0,121	0,117	0,138	0,115	0,146	0,121	0,139	0,136	0,191	0,159	0,133	0,127	0,129	0,111	0,105	0,123	0,103	0,112	0,111	0,132	0,184	0,147	0,117	0,127	0,129	0,152	0,151	0,131	0,131	0,135	0,116	0,143	0,134	0,141	0,147	0,145	0,140	0,150	0,144	0,145	0,128	0,124	0,119	0,119	0,130	0,115	0,122	0,117	0,131	0,107	0,112	0,111	0,115	0,126	0,102	0,121	0,102	0,131	0,099	0,153	0,101	0,108	0,100	0,104	0,102	0,124	0,128	0,130	0,148	0,119	0,135	0,103	0,132	0,099	0,127	0,101	0,108	0,129	0,138	0,134	0,146	0,143	0,125	0,129	0,123	0,119	0,138	0,124	0,112
0:28:04	37,0	0,121	0,145	0,117	0,162	0,130	0,155	0,126	0,125	0,119	0,148	0,123	0,150	0,125	0,144	0,142	0,198	0,165	0,138	0,130	0,134	0,113	0,109	0,134	0,105	0,113	0,115	0,131	0,188	0,151	0,119	0,131	0,134	0,156	0,162	0,134	0,133	0,124	0,119	0,144	0,138	0,144	0,150	0,149	0,141	0,156	0,155	0,147	0,130	0,126	0,122	0,123	0,126	0,119	0,126	0,119	0,129	0,109	0,118	0,114	0,111	0,128	0,103	0,123	0,103	0,134	0,099	0,157	0,101	0,113	0,101	0,104	0,103	0,126	0,133	0,135	0,154	0,122	0,144	0,104	0,135	0,099	0,130	0,102	0,108	0,131	0,141	0,135	0,153	0,146	0,127	0,129	0,126	0,121	0,141	0,126	0,116
0:38:04	37,0	0,125	0,150	0,122	0,169	0,135	0,158	0,131	0,129	0,123	0,158	0,115	0,158	0,131	0,151	0,146	0,208	0,174	0,145	0,137	0,141	0,116	0,110	0,133	0,106	0,115	0,119	0,136	0,194	0,158	0,126	0,134	0,139	0,161	0,172	0,136	0,140	0,137	0,128	0,150	0,144	0,152	0,157	0,157	0,147	0,165	0,167	0,155	0,134	0,130	0,127	0,128	0,138	0,122	0,137	0,124	0,135	0,113	0,120	0,119	0,115	0,131	0,105	0,128	0,105	0,140	0,101	0,160	0,103	0,109	0,102	0,106	0,104	0,132	0,138	0,140	0,162	0,127	0,150	0,106	0,139	0,101	0,135	0,103	0,111	0,135	0,147	0,138	0,174	0,148	0,132	0,131	0,129	0,123	0,145	0,128	0,120
0:48:04	37,0	0,132	0,159	0,128	0,181	0,144	0,170	0,139	0,137	0,130	0,169	0,123	0,170	0,139	0,165	0,157	0,226	0,188	0,156	0,144	0,153	0,121	0,111	0,144	0,109	0,119	0,124	0,144	0,207	0,165	0,127	0,138	0,147	0,168	0,184	0,141	0,139	0,137	0,129	0,162	0,153	0,169	0,166	0,173	0,157	0,178	0,182	0,166	0,142	0,137	0,133	0,134	0,139	0,128	0,154	0,130	0,145	0,116	0,132	0,123	0,123	0,136	0,108	0,134	0,107	0,146	0,104	0,165	0,106	0,113	0,105	0,109	0,107	0,141	0,144	0,147	0,168	0,133	0,155	0,109	0,145	0,103	0,142	0,106	0,112	0,139	0,154	0,141	0,203	0,153	0,149	0,135	0,143	0,127	0,151	0,132	0,127
0:58:04	37,0	0,141	0,172	0,138	0,196	0,157	0,185	0,151	0,148	0,139	0,186	0,127	0,187	0,150	0,180	0,171	0,248	0,204	0,170	0,155	0,166	0,129	0,116	0,154	0,115	0,124	0,133	0,146	0,227	0,176	0,134	0,144	0,157	0,178	0,201	0,147	0,152	0,148	0,136	0,177	0,165	0,201	0,181	0,186	0,173	0,199	0,197	0,180	0,155	0,145	0,141	0,143	0,155	0,136	0,152	0,139	0,157	0,121	0,139	0,130	0,125	0,142	0,112	0,142	0,112	0,151	0,107	0,173	0,108	0,118	0,108	0,114	0,111	0,153	0,156	0,158	0,185	0,142	0,165	0,114	0,153	0,106	0,150	0,111	0,118	0,148	0,166	0,146	0,190	0,158	0,174	0,139	0,142	0,131	0,159	0,137	0,137
1:08:04	37,0	0,155	0,193	0,150	0,215	0,172	0,216	0,168	0,163	0,151	0,207	0,144	0,207	0,168	0,202	0,188	0,274	0,225	0,190	0,170	0,184	0,139	0,123	0,169	0,120	0,132	0,146	0,155	0,249	0,197	0,145	0,152	0,172	0,188	0,221	0,155	0,168	0,163	0,151	0,195	0,181	0,227	0,198	0,202	0,190	0,230	0,215	0,201	0,172	0,157	0,152	0,154	0,168	0,146	0,169	0,151	0,170	0,130	0,146	0,143	0,134	0,152	0,118	0,152	0,117	0,158	0,112	0,184	0,115	0,126	0,114	0,121	0,117	0,168	0,167	0,172	0,202	0,153	0,177	0,120	0,163	0,110	0,162	0,118	0,125	0,155	0,176	0,153	0,211	0,165	0,199	0,144	0,149	0,137	0,168	0,144	0,150
1:18:04	37,0	0,170	0,213	0,167	0,238	0,193	0,239	0,188	0,183	0,168	0,231	0,147	0,231	0,191	0,227	0,212	0,306	0,247	0,212	0,191	0,208	0,154	0,133	0,190	0,131	0,144	0,165	0,168	0,278	0,223	0,160	0,164	0,189	0,209	0,246	0,166	0,184	0,184	0,165	0,222	0,204	0,259	0,221	0,231	0,213	0,267	0,241	0,224	0,193	0,172	0,169	0,169	0,184	0,160	0,190	0,166	0,187	0,141	0,159	0,157	0,145	0,165	0,127	0,165	0,126	0,165	0,120	0,198	0,121	0,137	0,121	0,130	0,126	0,186	0,185	0,191	0,228	0,171	0,194	0,131	0,177	0,117	0,177	0,127	0,135	0,166	0,193	0,163	0,234	0,174	0,210	0,152	0,158	0,145	0,180	0,154	0,171
1:28:04	37,0	0,189	0,246	0,189	0,262	0,217	0,255	0,212	0,205	0,189	0,255	0,170	0,254	0,212	0,253	0,235	0,338	0,270	0,236	0,213	0,231	0,174	0,147	0,213	0,146	0,161	0,191	0,185	0,308	0,239	0,181	0,178	0,212	0,235	0,272	0,181	0,205	0,200	0,183	0,242	0,229	0,285	0,245	0,246	0,229	0,297	0,263	0,245	0,213	0,193	0,191	0,188	0,206	0,179	0,216	0,186	0,209	0,154	0,177	0,176	0,162	0,183	0,141	0,180	0,138	0,178	0,132	0,215	0,133	0,150	0,132	0,144	0,142	0,211	0,207	0,214	0,254	0,191	0,211	0,144	0,197	0,126	0,200	0,140	0,149	0,184	0,206	0,176	0,270	0,187	0,223	0,162	0,171	0,157	0,196	0,169	0,196
1:38:04	37,0	0,208	0,272	0,212	0,286	0,238	0,281	0,235	0,223	0,214	0,283	0,203	0,279	0,243	0,279	0,260	0,364	0,294	0,264	0,238	0,254	0,198	0,168	0,244	0,165	0,181	0,208	0,209	0,335	0,259	0,206	0,197	0,237	0,259	0,300	0,202	0,228	0,224	0,200	0,286	0,260	0,345	0,271	0,273	0,254	0,326	0,285	0,277	0,238	0,216	0,215	0,214	0,231	0,203	0,245	0,211	0,238	0,172	0,203	0,197	0,182	0,208	0,160	0,199	0,154	0,195	0,146	0,239	0,147	0,170	0,146	0,164	0,160	0,234	0,234	0,243	0,288	0,212	0,227	0,163	0,224	0,140	0,227	0,155	0,167	0,204	0,235	0,192	0,305	0,204	0,251	0,178	0,188	0,174	0,215	0,188	0,228
1:48:04	37,0	0,230	0,307	0,239	0,313	0,264	0,325	0,260	0,249	0,237	0,311	0,213	0,306	0,271	0,307	0,288	0,395	0,313	0,289	0,264	0,283	0,225	0,188	0,274	0,185	0,200	0,240	0,233	0,366	0,314	0,228	0,216	0,264	0,279	0,323	0,223	0,255	0,255	0,228	0,313	0,290	0,401	0,307	0,305	0,288	0,371	0,325	0,308	0,269	0,244	0,242	0,241	0,263	0,231	0,272	0,237	0,266	0,192	0,234	0,223	0,203	0,238	0,182	0,221	0,176	0,212	0,167	0,262	0,167	0,196	0,166	0,186	0,182	0,262	0,267	0,272	0,321	0,237	0,257	0,183	0,248	0,155	0,259	0,174	0,192	0,229	0,262	0,213	0,350	0,226	0,270	0,198	0,209	0,196	0,238	0,213	0,264
1:58:04	37,0	0,254	0,340	0,263	0,337	0,291	0,333	0,290	0,275	0,266	0,338	0,256	0,334	0,299	0,339	0,318	0,422	0,334	0,320	0,305	0,313	0,253	0,213	0,304	0,212	0,224	0,260	0,257	0,394	0,368	0,255	0,237	0,289	0,301	0,345	0,247	0,281	0,289	0,260	0,351	0,314	0,446	0,354	0,342	0,314	0,399	0,355	0,345	0,304	0,270	0,273	0,272	0,296	0,263	0,297	0,265	0,296	0,217	0,264	0,250	0,232	0,269	0,210	0,244	0,201	0,233	0,191	0,288	0,191	0,226	0,193	0,213	0,208	0,289	0,303	0,306	0,358	0,262	0,330	0,201	0,280	0,176	0,297	0,194	0,223	0,257	0,295	0,239	0,398	0,251	0,308	0,222	0,235	0,222	0,263	0,242	0,300
2:08:04	37,0	0,276	0,370	0,295	0,361	0,317	0,366	0,322	0,300	0,294	0,367	0,264	0,364	0,334	0,373	0,347	0,446	0,364	0,350	0,332	0,343	0,277	0,242	0,340	0,239	0,245	0,287	0,281	0,433	0,404	0,277	0,257	0,313	0,321	0,369	0,271	0,306	0,326	0,285	0,389	0,358	0,500	0,398	0,398	0,361	0,468	0,421	0,384	0,344	0,296	0,301	0,298	0,332	0,295	0,324	0,295	0,325	0,243	0,295	0,275	0,255	0,305	0,238	0,268	0,233	0,257	0,219	0,315	0,219	0,260	0,222	0,243	0,234	0,314	0,339	0,345	0,414	0,291	0,360	0,224	0,319	0,197	0,336	0,214	0,262	0,286	0,329	0,266	0,445	0,280	0,352	0,248	0,267	0,249	0,291	0,277	0,341
2:18:04	37,0	0,300	0,406	0,324	0,384	0,346	0,395	0,352	0,326	0,321	0,395	0,313	0,393	0,369	0,405	0,376	0,470	0,395	0,377	0,374	0,376	0,310	0,272	0,378	0,271	0,266	0,311	0,303	0,460	0,468	0,303	0,276	0,338	0,345	0,394	0,291	0,334	0,366	0,327	0,435	0,416	0,564	0,445	0,458	0,417	0,514	0,468	0,434	0,388	0,323	0,336	0,327	0,382	0,325	0,354	0,327	0,364	0,272	0,331	0,304	0,286	0,338	0,270	0,291	0,263	0,282	0,250	0,340	0,250	0,296	0,256	0,274	0,266	0,339	0,384	0,383	0,474	0,321	0,360	0,248	0,370	0,221	0,380	0,235	0,307	0,312	0,374	0,293	0,489	0,312	0,398	0,279	0,296	0,281	0,326	0,311	0,394
2:28:04	37,0	0,323	0,452	0,356	0,402	0,372	0,418	0,381	0,354	0,354	0,420	0,336	0,419	0,401	0,440	0,402	0,493	0,427	0,404	0,411	0,403	0,349	0,307	0,419	0,309	0,289	0,339	0,326	0,481	0,526	0,331	0,298	0,359	0,372	0,420	0,322	0,368	0,411	0,369	0,475	0,457	0,599	0,482	0,516	0,471	0,566	0,528	0,471	0,424	0,353	0,369	0,361	0,438	0,365	0,384	0,360	0,405	0,300	0,364	0,344	0,320	0,371	0,298	0,320	0,295	0,310	0,281	0,381	0,282	0,332	0,280	0,306	0,296	0,363	0,430	0,420	0,531	0,347	0,443	0,269	0,392	0,244	0,425	0,255	0,353	0,345	0,423	0,324	0,555	0,340	0,452	0,307	0,339	0,314	0,367	0,339	0,448
2:38:04	37,0	0,346	0,489	0,388	0,420	0,399	0,438	0,412	0,376	0,380	0,443	0,384	0,443	0,431	0,468	0,432	0,530	0,457	0,432	0,433	0,432	0,386	0,345	0,463	0,352	0,318	0,379	0,348	0,510	0,542	0,356	0,332	0,383	0,396	0,453	0,357	0,398	0,462	0,410	0,529	0,508	0,653	0,509	0,564	0,494	0,616	0,576	0,496	0,459	0,387	0,408	0,413	0,511	0,396	0,412	0,396	0,441	0,330	0,410	0,390	0,360	0,406	0,340	0,359	0,330	0,338	0,320	0,424	0,316	0,376	0,323	0,353	0,337	0,390	0,462	0,458	0,567	0,376	0,467	0,289	0,428	0,273	0,468	0,275	0,404	0,384	0,458	0,357	0,605	0,375	0,523	0,343	0,383	0,348	0,393	0,388	0,501
2:48:04	37,0	0,367	0,532	0,417	0,440	0,423	0,457	0,435	0,399	0,403	0,467	0,408	0,466	0,460	0,502	0,464	0,551	0,483	0,459	0,468	0,459	0,420	0,387	0,503	0,401	0,342	0,413	0,369	0,558	0,531	0,392	0,358	0,419	0,421	0,499	0,398	0,435	0,519	0,430	0,562	0,520	0,690	0,533	0,612	0,514	0,667	0,607	0,518	0,509	0,415	0,435	0,453	0,538	0,422	0,441	0,431	0,468	0,368	0,451	0,427	0,406	0,439	0,383	0,395	0,375	0,370	0,358	0,457	0,357	0,419	0,363	0,399	0,382	0,412	0,486	0,490	0,571	0,400	0,419	0,308	0,451	0,301	0,494	0,297	0,452	0,433	0,475	0,402	0,617	0,413	0,567	0,378	0,413	0,387	0,423	0,428	0,537
2:58:04	37,0	0,388	0,562	0,444	0,460	0,451	0,477	0,460	0,416	0,423	0,487	0,435	0,491	0,488	0,527	0,490	0,572	0,511	0,483	0,501	0,480	0,455	0,431	0,546	0,455	0,370	0,455	0,391	0,574	0,559	0,405	0,400	0,436	0,445	0,535	0,432	0,480	0,554	0,486	0,596	0,552	0,728	0,533	0,658	0,565	0,706	0,667	0,571	0,537	0,436	0,462	0,463	0,570	0,439	0,467	0,459	0,495	0,410	0,480	0,462	0,451	0,459	0,424	0,436	0,420	0,400	0,402	0,484	0,406	0,465	0,411	0,442	0,432	0,436	0,508	0,517	0,589	0,427	0,432	0,328	0,501	0,327	0,514	0,319	0,481	0,471	0,490	0,446	0,572	0,450	0,597	0,421	0,437	0,425	0,441	0,473	0,568
3:08:04	37,0	0,405	0,598	0,471	0,480	0,479	0,497	0,487	0,437	0,442	0,512	0,464	0,519	0,520	0,559	0,509	0,586	0,540	0,506	0,519	0,499	0,491	0,469	0,583	0,500	0,393	0,493	0,410	0,590	0,574	0,425	0,434	0,457	0,468	0,563	0,460	0,566	0,577	0,520	0,625	0,597	0,750	0,574	0,692	0,616	0,735	0,698	0,638	0,569	0,457	0,488	0,477	0,575	0,469	0,494	0,482	0,521	0,447	0,511	0,501	0,486	0,478	0,437	0,452	0,452	0,422	0,445	0,506	0,443	0,495	0,449	0,472	0,463	0,465	0,530	0,541	0,605	0,449	0,444	0,346	0,492	0,357	0,532	0,344	0,505	0,501	0,509	0,471	0,630	0,472	0,631	0,465	0,473	0,458	0,464	0,504	0,618
3:18:04	37,0	0,425	0,625	0,499	0,498	0,495	0,516	0,512	0,456	0,461	0,523	0,484	0,539	0,553	0,589	0,533	0,601	0,565	0,532	0,539	0,513	0,522	0,507	0,608	0,541	0,412	0,548	0,427	0,611	0,580	0,449	0,482	0,480	0,497	0,585	0,486	0,610	0,606	0,559	0,658	0,646	0,775	0,641	0,727	0,661	0,762	0,723	0,686	0,605	0,483	0,529	0,500	0,598	0,487	0,518	0,500	0,534	0,472	0,543	0,528	0,513	0,493	0,469	0,467	0,469	0,440	0,469	0,537	0,467	0,524	0,475	0,503	0,485	0,476	0,548	0,566	0,619	0,474	0,453	0,365	0,604	0,385	0,547	0,366	0,531	0,527	0,530	0,490	0,656	0,490	0,658	0,505	0,508	0,481	0,490	0,526	0,643
3:28:04	37,0	0,445	0,650	0,530	0,517	0,506	0,534	0,528	0,471	0,482	0,535	0,508	0,558	0,586	0,611	0,564	0,625	0,590	0,568	0,569	0,532	0,548	0,535	0,627	0,569	0,431	0,571	0,447	0,622	0,572	0,480	0,507	0,503	0,530	0,603	0,494	0,632	0,634	0,600	0,692	0,697	0,797	0,690	0,762	0,697	0,803	0,755	0,730	0,653	0,507	0,546	0,513	0,603	0,501	0,547	0,503	0,557	0,487	0,573	0,554	0,540	0,505	0,490	0,480	0,488	0,454	0,491	0,554	0,492	0,546	0,494	0,526	0,503	0,491	0,564	0,582	0,629	0,491	0,465	0,380	0,630	0,408	0,561	0,392	0,556	0,546	0,559	0,508	0,689	0,509	0,692	0,522	0,547	0,495	0,511	0,548	0,672
3:38:04	37,0	0,462	0,666	0,545	0,532	0,519	0,553	0,541	0,486	0,507	0,555	0,541	0,577	0,617	0,632	0,600	0,645	0,609	0,596	0,601	0,553	0,581	0,563	0,655	0,599	0,454	0,592	0,470	0,634	0,577	0,509	0,526	0,540	0,555	0,627	0,517	0,646	0,657	0,638	0,725	0,765	0,825	0,737	0,802	0,735	0,843	0,789	0,781	0,697	0,528	0,579	0,527	0,637	0,513	0,570	0,509	0,581	0,497	0,604	0,581	0,570	0,516	0,514	0,491	0,503	0,461	0,516	0,574	0,509	0,563	0,508	0,552	0,525	0,508	0,587	0,594	0,644	0,506	0,477	0,398	0,643	0,439	0,609	0,416	0,583	0,571	0,594	0,526	0,736	0,518	0,727	0,535	0,598	0,520	0,554	0,566	0,704
3:48:04	37,0	0,479	0,685	0,563	0,547	0,530	0,575	0,550	0,498	0,527	0,574	0,558	0,590	0,641	0,650	0,620	0,660	0,624	0,617	0,619	0,570	0,609	0,582	0,675	0,620	0,472	0,612	0,484	0,641	0,579	0,535	0,546	0,569	0,568	0,650	0,522	0,659	0,682	0,680	0,757	0,813	0,850	0,787	0,836	0,772	0,873	0,823	0,819	0,734	0,549	0,589	0,555	0,662	0,530	0,589	0,516	0,591	0,503	0,633	0,609	0,597	0,526	0,532	0,511	0,516	0,470	0,533	0,612	0,527	0,579	0,525	0,574	0,540	0,519	0,601	0,616	0,658	0,525	0,486	0,413	0,658	0,467	0,626	0,439	0,604	0,599	0,643	0,543	0,762	0,543	0,756	0,543	0,621	0,550	0,595	0,587	0,716
3:58:04	37,0	0,494	0,694	0,583	0,567	0,538	0,593	0,559	0,512	0,540	0,593	0,573	0,602	0,664	0,670	0,639	0,674	0,631	0,639	0,639	0,584	0,636	0,607	0,700	0,648	0,485	0,625	0,496	0,649	0,577	0,559	0,561	0,590	0,583	0,662	0,530	0,673	0,718	0,718	0,786	0,861	0,872	0,826	0,868	0,803	0,901	0,851	0,850	0,769	0,565	0,593	0,570	0,670	0,543	0,614	0,523	0,617	0,517	0,665	0,634	0,621	0,537	0,561	0,511	0,527	0,486	0,549	0,630	0,546	0,600	0,538	0,612	0,554	0,528	0,617	0,631	0,674	0,536	0,500	0,427	0,669	0,484	0,643	0,453	0,629	0,628	0,700	0,568	0,793	0,570	0,795	0,567	0,664	0,566	0,650	0,616	0,755
4:08:04	37,0	0,509	0,703	0,599	0,584	0,552	0,619	0,568	0,526	0,557	0,607	0,592	0,614	0,689	0,692	0,660	0,689	0,636	0,660	0,658	0,601	0,655	0,622	0,725	0,667	0,505	0,636	0,510	0,661	0,576	0,584	0,578	0,604	0,592	0,676	0,538	0,696	0,755	0,761	0,819	0,889	0,897	0,859	0,906	0,839	0,934	0,883	0,884	0,815	0,584	0,604	0,595	0,690	0,572	0,634	0,535	0,634	0,528	0,689	0,666	0,655	0,552	0,579	0,516	0,537	0,511	0,559	0,641	0,565	0,622	0,549	0,636	0,572	0,535	0,638	0,649	0,689	0,552	0,508	0,436	0,684	0,510	0,662	0,466	0,657	0,659	0,714	0,591	0,823	0,598	0,829	0,587	0,704	0,594	0,684	0,632	0,778
4:18:04	37,0	0,529	0,713	0,613	0,600	0,568	0,640	0,579	0,539	0,574	0,625	0,609	0,629	0,716	0,716	0,682	0,704	0,640	0,680	0,681	0,619	0,667	0,636	0,752	0,689	0,527	0,648	0,525	0,671	0,578	0,607	0,593	0,613	0,604	0,691	0,551	0,711	0,791	0,795	0,849	0,923	0,917	0,895	0,941	0,871	0,962	0,908	0,913	0,851	0,602	0,625	0,620	0,699	0,599	0,664	0,550	0,661	0,547	0,726	0,695	0,682	0,567	0,586	0,526	0,547	0,539	0,569	0,666	0,577	0,639	0,564	0,660	0,586	0,543	0,662	0,658	0,699	0,561	0,519	0,444	0,699	0,514	0,682	0,479	0,685	0,686	0,712	0,603	0,853	0,619	0,871	0,603	0,734	0,616	0,718	0,665	0,802
4:28:04	37,0	0,544	0,719	0,626	0,620	0,582	0,664	0,586	0,552	0,592	0,644	0,629	0,647	0,749	0,739	0,703	0,720	0,646	0,697	0,708	0,632	0,695	0,647	0,777	0,707	0,548	0,660	0,542	0,682	0,580	0,627	0,605	0,623	0,619	0,705	0,571	0,733	0,825	0,827	0,879	0,953	0,942	0,921	0,967	0,903	0,983	0,933	0,935	0,878	0,625	0,647	0,641	0,719	0,623	0,690	0,566	0,685	0,562	0,752	0,727	0,715	0,583	0,607	0,534	0,557	0,571	0,581	0,692	0,588	0,654	0,581	0,691	0,605	0,551	0,678	0,670	0,714	0,566	0,530	0,451	0,715	0,524	0,702	0,492	0,712	0,712	0,730	0,619	0,885	0,633	0,909	0,622	0,761	0,638	0,743	0,705	0,830
4:38:04	36,9	0,560	0,727	0,636	0,638	0,594	0,689	0,601	0,569	0,611	0,664	0,653	0,666	0,778	0,762	0,727	0,736	0,652	0,717	0,734	0,653	0,717	0,661	0,807	0,723	0,567	0,670	0,560	0,694	0,580	0,646	0,620	0,633	0,629	0,722	0,589	0,753	0,858	0,856	0,905	0,978	0,961	0,946	0,993	0,935	1,005	0,956	0,965	0,902	0,645	0,662	0,664	0,743	0,652	0,701	0,582	0,706	0,581	0,783	0,752	0,742	0,601	0,619	0,547	0,568	0,596	0,600	0,727	0,604	0,671	0,594	0,717	0,620	0,557	0,701	0,676	0,727	0,570	0,544	0,458	0,732	0,522	0,722	0,502	0,736	0,735	0,753	0,640	0,913	0,641	0,935	0,641	0,787	0,644	0,770	0,725	0,852
4:48:04	37,0	0,580	0,742	0,647	0,658	0,608	0,717	0,619	0,587	0,632	0,689	0,675	0,678	0,810	0,785	0,750	0,751	0,660	0,737	0,759	0,671	0,745	0,674	0,831	0,744	0,583	0,681	0,577	0,708	0,584	0,665	0,633	0,643	0,638	0,745	0,607	0,774	0,892	0,883	0,932	1,000	0,977	0,968	1,017	0,960	1,027	0,977	0,988	0,930	0,671	0,681	0,684	0,755	0,670	0,718	0,598	0,726	0,603	0,811	0,780	0,773	0,624	0,628	0,563	0,582	0,618	0,620	0,767	0,620	0,691	0,609	0,750	0,643	0,564	0,723	0,685	0,744	0,576	0,557	0,469	0,746	0,527	0,743	0,512	0,762	0,759	0,777	0,656	0,939	0,662	0,956	0,670	0,812	0,659	0,796	0,754	0,895
4:58:04	37,0	0,596	0,755	0,660	0,674	0,620	0,741	0,637	0,605	0,649	0,712	0,700	0,707	0,845	0,807	0,772	0,768	0,668	0,755	0,781	0,681	0,772	0,696	0,860	0,766	0,596	0,696	0,594	0,719	0,587	0,684	0,648	0,652	0,648	0,766	0,624	0,795	0,923	0,909	0,958	1,026	0,992	0,992	1,039	0,985	1,045	0,996	1,011	0,951	0,695	0,694	0,700	0,762	0,688	0,731	0,613	0,740	0,623	0,839	0,806	0,808	0,647	0,654	0,579	0,595	0,623	0,634	0,795	0,636	0,714	0,626	0,776	0,669	0,571	0,744	0,698	0,758	0,580	0,571	0,478	0,763	0,533	0,766	0,522	0,789	0,782	0,805	0,673	0,964	0,689	0,974	0,691	0,836	0,676	0,819	0,776	0,912
5:08:04	37,0	0,615	0,775	0,678	0,694	0,634	0,768	0,657	0,632	0,669	0,741	0,756	0,727	0,877	0,829	0,790	0,788	0,677	0,778	0,808	0,701	0,808	0,714	0,889	0,791	0,608	0,716	0,613	0,736	0,591	0,705	0,664	0,663	0,658	0,792	0,638	0,816	0,949	0,936	0,979	1,042	1,009	1,007	1,058	1,005	1,069	1,013	1,033	0,973	0,721	0,706	0,713	0,776	0,708	0,744	0,632	0,762	0,642	0,863	0,827	0,836	0,670	0,680	0,601	0,609	0,628	0,654	0,809	0,652	0,739	0,649	0,804	0,712	0,577	0,763	0,707	0,775	0,584	0,585	0,487	0,777	0,541	0,793	0,534	0,810	0,802	0,833	0,690	0,989	0,698	0,922	0,711	0,863	0,700	0,846	0,793	0,932
5:18:04	37,0	0,631	0,797	0,692	0,713	0,644	0,788	0,673	0,660	0,685	0,759	0,790	0,754	0,899	0,850	0,820	0,801	0,680	0,797	0,830	0,714	0,823	0,739	0,911	0,814	0,620	0,735	0,623	0,749	0,593	0,723	0,680	0,677	0,671	0,817	0,655	0,834	0,976	0,960	1,000	1,065	1,029	1,028	1,078	1,021	1,087	1,028	1,051	0,988	0,743	0,719	0,719	0,779	0,727	0,754	0,656	0,770	0,656	0,883	0,853	0,857	0,699	0,705	0,629	0,630	0,652	0,666	0,838	0,668	0,756	0,675	0,834	0,742	0,583	0,784	0,720	0,790	0,588	0,599	0,496	0,796	0,547	0,811	0,546	0,836	0,823	0,858	0,706	1,011	0,711	0,914	0,729	0,884	0,704	0,867	0,803	0,950
5:28:04	37,0	0,648	0,829	0,710	0,728	0,656	0,810	0,691	0,698	0,704	0,791	0,820	0,773	0,918	0,871	0,837	0,816	0,689	0,815	0,857	0,725	0,853	0,761	0,938	0,840	0,631	0,755	0,639	0,763	0,597	0,744	0,701	0,692	0,682	0,833	0,671	0,853	0,999	0,978	1,020	1,086	1,040	1,048	1,094	1,037	1,100	1,043	1,067	1,008	0,763	0,729	0,727	0,776	0,746	0,761	0,675	0,786	0,670	0,905	0,872	0,883	0,727	0,724	0,652	0,648	0,675	0,679	0,868	0,686	0,777	0,712	0,857	0,772	0,591	0,804	0,732	0,803	0,593	0,611	0,505	0,813	0,551	0,831	0,558	0,861	0,841	0,878	0,721	1,033	0,718	0,911	0,744	0,907	0,716	0,890	0,813	0,968
5:38:04	37,0	0,663	0,851	0,735	0,744	0,670	0,831	0,706	0,732	0,718	0,803	0,808	0,781	0,937	0,888	0,857	0,833	0,696	0,835	0,881	0,749	0,880	0,787	0,956	0,866	0,641	0,771	0,656	0,777	0,601	0,766	0,722	0,704	0,693	0,854	0,685	0,870	1,019	1,000	1,038	1,103	1,055	1,066	1,113	1,055	1,118	1,062	1,085	1,026	0,781	0,741	0,736	0,779	0,772	0,772	0,692	0,805	0,685	0,920	0,894	0,904	0,750	0,746	0,664	0,670	0,688	0,696	0,897	0,709	0,803	0,735	0,881	0,794	0,598	0,820	0,745	0,819	0,598	0,625	0,515	0,831	0,556	0,851	0,571	0,884	0,860	0,901	0,733	1,050	0,728	0,917	0,757	0,926	0,732	0,912	0,823	0,985
5:48:04	37,0	0,679	0,873	0,752	0,760	0,675	0,852	0,714	0,762	0,731	0,829	0,866	0,812	0,952	0,906	0,876	0,848	0,701	0,854	0,902	0,765	0,902	0,805	0,972	0,889	0,652	0,787	0,667	0,789	0,606	0,783	0,738	0,719	0,708	0,877	0,696	0,887	1,042	1,019	1,053	1,121	1,066	1,083	1,127	1,069	1,133	1,073	1,100	1,041	0,799	0,755	0,742	0,790	0,794	0,778	0,715	0,817	0,701	0,940	0,912	0,920	0,772	0,764	0,681	0,685	0,704	0,717	0,918	0,736	0,821	0,759	0,904	0,815	0,605	0,834	0,757	0,839	0,603	0,640	0,525	0,851	0,561	0,874	0,585	0,907	0,875	0,918	0,746	1,067	0,733	0,925	0,771	0,945	0,744	0,933	0,834	1,001
5:58:04	37,0	0,696	0,902	0,775	0,775	0,692	0,873	0,743	0,795	0,748	0,844	0,892	0,820	0,968	0,923	0,890	0,869	0,711	0,875	0,923	0,790	0,923	0,821	0,986	0,909	0,663	0,802	0,678	0,807	0,611	0,809	0,764	0,732	0,724	0,903	0,711	0,903	1,058	1,036	1,070	1,137	1,077	1,097	1,144	1,086	1,148	1,092	1,116	1,058	0,817	0,768	0,751	0,801	0,819	0,786	0,737	0,834	0,718	0,956	0,931	0,941	0,791	0,783	0,692	0,704	0,719	0,740	0,935	0,765	0,838	0,781	0,924	0,846	0,612	0,857	0,769	0,852	0,607	0,655	0,536	0,867	0,567	0,896	0,601	0,928	0,890	0,935	0,755	1,082	0,745	0,937	0,781	0,961	0,758	0,949	0,843	1,020
6:08:04	37,0	0,713	0,918	0,781	0,789	0,709	0,893	0,752	0,825	0,764	0,880	0,890	0,854	0,979	0,938	0,914	0,885	0,719	0,893	0,943	0,795	0,935	0,841	1,002	0,932	0,677	0,820	0,695	0,815	0,617	0,824	0,782	0,748	0,736	0,923	0,724	0,918	1,081	1,056	1,087	1,154	1,093	1,113	1,158	1,100	1,160	1,103	1,131	1,073	0,838	0,783	0,759	0,818	0,836	0,797	0,761	0,848	0,731	0,973	0,945	0,958	0,808	0,801	0,713	0,728	0,732	0,763	0,954	0,790	0,860	0,808	0,947	0,868	0,619	0,875	0,781	0,866	0,613	0,669	0,547	0,883	0,574	0,916	0,619	0,946	0,904	0,954	0,767	1,097	0,753	0,949	0,792	0,978	0,768	0,969	0,855	1,035
6:18:04	37,0	0,729	0,941	0,798	0,806	0,718	0,910	0,772	0,854	0,776	0,882	0,924	0,864	0,993	0,954	0,923	0,899	0,729	0,904	0,958	0,815	0,954	0,867	1,018	0,945	0,694	0,839	0,707	0,827	0,626	0,838	0,794	0,764	0,752	0,937	0,738	0,932	1,096	1,072	1,100	1,169	1,104	1,130	1,173	1,115	1,176	1,117	1,145	1,088	0,855	0,799	0,769	0,830	0,850	0,805	0,780	0,861	0,746	0,989	0,960	0,973	0,826	0,819	0,718	0,749	0,744	0,779	0,970	0,818	0,876	0,825	0,964	0,890	0,625	0,888	0,792	0,882	0,619	0,684	0,558	0,902	0,581	0,934	0,635	0,963	0,917	0,970	0,779	1,111	0,763	0,957	0,801	0,995	0,780	0,986	0,862	1,048
6:28:04	37,0	0,742	0,958	0,819	0,820	0,730	0,933	0,796	0,876	0,793	0,907	0,954	0,884	1,009	0,967	0,938	0,913	0,736	0,919	0,970	0,830	0,975	0,883	1,031	0,960	0,711	0,852	0,719	0,845	0,637	0,857	0,818	0,782	0,768	0,955	0,755	0,947	1,111	1,089	1,116	1,186	1,115	1,143	1,187	1,131	1,189	1,132	1,161	1,102	0,875	0,815	0,784	0,841	0,866	0,813	0,796	0,874	0,761	1,002	0,975	0,989	0,846	0,834	0,733	0,769	0,769	0,797	0,981	0,844	0,891	0,846	0,986	0,915	0,632	0,906	0,806	0,901	0,624	0,700	0,571	0,918	0,587	0,952	0,650	0,981	0,932	0,986	0,791	1,127	0,772	0,966	0,811	1,012	0,791	0,999	0,872	1,061
6:38:04	37,0	0,757	0,978	0,838	0,837	0,743	0,948	0,800	0,904	0,809	0,933	0,972	0,896	1,024	0,979	0,952	0,925	0,742	0,932	0,983	0,854	0,989	0,893	1,044	0,976	0,729	0,867	0,732	0,857	0,647	0,876	0,830	0,796	0,780	0,970	0,771	0,960	1,124	1,103	1,130	1,197	1,125	1,160	1,200	1,141	1,205	1,144	1,173	1,118	0,894	0,830	0,797	0,852	0,881	0,824	0,809	0,888	0,776	1,016	0,990	1,004	0,867	0,848	0,748	0,791	0,773	0,814	0,994	0,871	0,910	0,866	1,004	0,936	0,639	0,924	0,818	0,914	0,628	0,715	0,584	0,934	0,595	0,967	0,666	0,996	0,944	1,001	0,803	1,142	0,780	0,974	0,821	1,028	0,800	1,015	0,882	1,075
6:48:04	37,0	0,770	0,994	0,862	0,854	0,762	0,962	0,840	0,933	0,824	0,939	0,978	0,912	1,038	0,991	0,966	0,936	0,750	0,953	0,999	0,875	1,004	0,906	1,057	0,991	0,746	0,882	0,747	0,872	0,656	0,893	0,857	0,814	0,796	0,986	0,786	0,973	1,139	1,118	1,145	1,210	1,135	1,170	1,211	1,156	1,216	1,159	1,186	1,133	0,912	0,844	0,811	0,861	0,896	0,837	0,821	0,900	0,789	1,031	1,004	1,018	0,884	0,863	0,761	0,808	0,785	0,832	1,002	0,898	0,930	0,886	1,023	0,959	0,645	0,941	0,830	0,933	0,633	0,731	0,598	0,951	0,602	0,982	0,682	1,011	0,956	1,012	0,815	1,163	0,791	0,984	0,829	1,043	0,812	1,027	0,890	1,086
6:58:04	37,0	0,783	1,009	0,880	0,873	0,778	0,979	0,827	0,943	0,844	0,957	0,987	0,923	1,056	1,006	0,981	0,947	0,762	0,963	1,016	0,879	1,021	0,919	1,070	1,007	0,768	0,899	0,769	0,877	0,663	0,905	0,870	0,829	0,811	1,006	0,801	0,984	1,151	1,135	1,157	1,222	1,149	1,187	1,225	1,171	1,229	1,174	1,200	1,145	0,925	0,862	0,829	0,872	0,907	0,851	0,835	0,915	0,805	1,044	1,019	1,035	0,904	0,881	0,778	0,823	0,800	0,853	1,013	0,917	0,946	0,908	1,041	0,981	0,653	0,960	0,845	0,942	0,637	0,747	0,612	0,966	0,609	0,998	0,698	1,024	0,969	1,026	0,828	1,182	0,799	0,992	0,840	1,056	0,822	1,040	0,901	1,099
7:08:04	37,0	0,796	1,024	0,897	0,892	0,790	0,993	0,860	0,976	0,859	0,974	1,004	0,939	1,068	1,018	0,992	0,960	0,773	0,975	1,029	0,895	1,032	0,933	1,083	1,019	0,784	0,908	0,776	0,889	0,678	0,918	0,888	0,847	0,823	1,023	0,814	0,997	1,162	1,147	1,169	1,237	1,155	1,198	1,236	1,185	1,240	1,183	1,210	1,158	0,938	0,876	0,841	0,881	0,920	0,860	0,848	0,924	0,818	1,055	1,032	1,046	0,920	0,901	0,789	0,845	0,809	0,872	1,025	0,940	0,959	0,931	1,056	1,003	0,659	0,971	0,856	0,956	0,643	0,764	0,623	0,978	0,615	1,009	0,717	1,040	0,978	1,037	0,838	1,198	0,805	0,999	0,846	1,067	0,830	1,050	0,903	1,110
7:18:04	37,0	0,810	1,039	0,895	0,906	0,797	1,004	0,857	0,982	0,877	0,985	1,020	0,949	1,078	1,029	1,001	0,974	0,782	0,985	1,039	0,903	1,041	0,947	1,095	1,028	0,799	0,921	0,788	0,899	0,691	0,932	0,895	0,862	0,834	1,034	0,825	1,007	1,174	1,160	1,180	1,247	1,165	1,208	1,246	1,193	1,247	1,190	1,216	1,168	0,951	0,887	0,850	0,887	0,928	0,865	0,861	0,931	0,830	1,066	1,041	1,058	0,939	0,917	0,805	0,861	0,824	0,892	1,036	0,958	0,973	0,943	1,074	1,023	0,665	0,987	0,868	0,967	0,648	0,779	0,634	0,991	0,622	1,021	0,733	1,050	0,987	1,046	0,845	1,210	0,812	1,007	0,851	1,070	0,837	1,061	0,907	1,122
7:28:04	37,0	0,822	1,054	0,911	0,921	0,817	1,029	0,875	0,996	0,894	1,000	1,036	0,962	1,091	1,038	1,016	0,983	0,789	0,999	1,054	0,917	1,062	0,957	1,107	1,042	0,819	0,933	0,802	0,914	0,703	0,947	0,913	0,878	0,849	1,052	0,839	1,020	1,185	1,172	1,189	1,256	1,176	1,219	1,256	1,203	1,258	1,204	1,230	1,180	0,962	0,901	0,867	0,897	0,938	0,874	0,872	0,943	0,846	1,079	1,053	1,072	0,957	0,935	0,816	0,883	0,837	0,913	1,050	0,979	0,991	0,966	1,095	1,047	0,671	1,004	0,880	0,980	0,651	0,794	0,647	1,002	0,629	1,036	0,749	1,065	0,996	1,056	0,854	1,230	0,819	1,010	0,858	1,085	0,843	1,071	0,912	1,131
7:38:04	37,0	0,833	1,064	0,923	0,939	0,829	1,042	0,902	1,013	0,905	1,010	1,048	0,975	1,102	1,049	1,026	0,996	0,800	1,007	1,066	0,928	1,071	0,970	1,118	1,051	0,833	0,943	0,812	0,926	0,717	0,955	0,928	0,892	0,861	1,066	0,847	1,030	1,192	1,183	1,200	1,268	1,181	1,229	1,265	1,216	1,266	1,212	1,235	1,190	0,975	0,912	0,875	0,902	0,947	0,880	0,885	0,952	0,857	1,089	1,064	1,081	0,971	0,951	0,829	0,896	0,854	0,927	1,061	0,999	1,001	0,984	1,109	1,067	0,678	1,013	0,890	0,990	0,655	0,809	0,654	1,015	0,635	1,047	0,766	1,076	1,005	1,063	0,860	1,235	0,824	1,018	0,860	1,028	0,851	1,082	0,914	1,142
7:48:04	37,0	0,845	1,073	0,936	0,948	0,840	1,045	0,919	1,025	0,921	1,026	1,059	0,987	1,113	1,058	1,036	1,004	0,810	1,019	1,074	0,940	1,082	0,980	1,127	1,060	0,846	0,953	0,824	0,933	0,731	0,968	0,934	0,904	0,873	1,073	0,854	1,040	1,204	1,193	1,208	1,275	1,188	1,239	1,273	1,224	1,272	1,222	1,242	1,198	0,987	0,921	0,885	0,909	0,953	0,886	0,893	0,959	0,868	1,096	1,073	1,093	0,987	0,968	0,840	0,918	0,865	0,953	1,077	1,011	1,017	1,005	1,124	1,088	0,686	1,024	0,899	1,001	0,660	0,824	0,667	1,026	0,643	1,060	0,781	1,088	1,013	1,073	0,872	1,234	0,831	1,024	0,865	1,039	0,859	1,091	0,916	1,151
7:58:04	37,0	0,855	1,082	0,943	0,962	0,848	1,051	0,909	1,038	0,932	1,030	1,068	0,998	1,123	1,069	1,045	1,017	0,819	1,026	1,080	0,947	1,087	0,992	1,134	1,067	0,856	0,964	0,833	0,940	0,735	0,981	0,955	0,909	0,876	1,082	0,862	1,047	1,212	1,204	1,215	1,283	1,193	1,248	1,276	1,232	1,279	1,227	1,249	1,201	0,993	0,928	0,892	0,912	0,959	0,892	0,900	0,965	0,876	1,104	1,079	1,099	1,002	0,982	0,852	0,933	0,879	0,965	1,086	1,025	1,027	1,017	1,136	1,105	0,691	1,031	0,908	1,009	0,663	0,835	0,682	1,037	0,650	1,069	0,793	1,098	1,017	1,080	0,879	1,226	0,828	1,025	0,867	1,048	0,866	1,097	0,914	1,159
8:08:04	37,0	0,868	1,095	0,959	0,985	0,869	1,074	0,925	1,062	0,945	1,048	1,078	1,009	1,134	1,076	1,056	1,031	0,834	1,036	1,093	0,960	1,097	1,003	1,142	1,076	0,869	0,977	0,839	0,951	0,752	0,990	0,961	0,919	0,892	1,097	0,871	1,057	1,221	1,209	1,224	1,289	1,199	1,255	1,285	1,239	1,285	1,236	1,256	1,215	1,005	0,942	0,901	0,920	0,967	0,900	0,909	0,975	0,885	1,111	1,091	1,110	1,018	1,001	0,862	0,949	0,892	0,990	1,092	1,045	1,041	1,034	1,153	1,122	0,699	1,041	0,917	1,020	0,667	0,851	0,698	1,047	0,655	1,083	0,807	1,109	1,026	1,090	0,886	1,219	0,836	1,033	0,871	1,089	0,872	1,106	0,919	1,169
8:18:04	37,0	0,876	1,105	0,967	0,996	0,873	1,080	0,953	1,067	0,957	1,061	1,087	1,020	1,143	1,085	1,066	1,040	0,845	1,048	1,104	0,978	1,108	1,014	1,149	1,085	0,880	0,984	0,854	0,962	0,760	1,003	0,972	0,933	0,905	1,110	0,882	1,065	1,225	1,217	1,232	1,298	1,207	1,262	1,294	1,250	1,291	1,244	1,263	1,222	1,014	0,952	0,911	0,927	0,975	0,907	0,918	0,984	0,893	1,118	1,102	1,120	1,036	1,015	0,873	0,965	0,913	1,004	1,104	1,059	1,052	1,052	1,168	1,139	0,704	1,050	0,926	1,031	0,671	0,861	0,709	1,056	0,663	1,093	0,824	1,120	1,032	1,098	0,891	1,168	0,841	1,040	0,872	1,085	0,877	1,113	0,920	1,177
8:28:04	37,0	0,886	1,114	0,987	1,003	0,889	1,085	0,947	1,079	0,978	1,077	1,096	1,029	1,153	1,094	1,076	1,050	0,853	1,057	1,114	0,985	1,119	1,020	1,158	1,097	0,895	0,993	0,863	0,977	0,766	1,015	0,986	0,942	0,915	1,119	0,892	1,074	1,234	1,229	1,242	1,306	1,218	1,269	1,302	1,255	1,299	1,252	1,270	1,229	1,025	0,959	0,922	0,935	0,986	0,914	0,927	0,995	0,904	1,128	1,110	1,129	1,052	1,026	0,888	0,987	0,926	1,024	1,116	1,076	1,064	1,065	1,183	1,153	0,710	1,060	0,934	1,041	0,675	0,872	0,722	1,069	0,671	1,101	0,840	1,130	1,039	1,107	0,896	1,168	0,849	1,051	0,876	1,100	0,882	1,122	0,923	1,187
8:38:04	37,0	0,897	1,122	0,986	1,017	0,909	1,099	0,960	1,094	0,989	1,094	1,103	1,042	1,161	1,104	1,089	1,053	0,868	1,071	1,128	0,993	1,137	1,029	1,167	1,111	0,908	1,004	0,874	0,984	0,777	1,022	0,997	0,955	0,926	1,130	0,903	1,082	1,242	1,236	1,250	1,310	1,224	1,276	1,310	1,266	1,310	1,264	1,282	1,237	1,037	0,969	0,933	0,942	0,995	0,921	0,936	1,003	0,916	1,137	1,119	1,139	1,068	1,043	0,896	1,002	0,938	1,038	1,125	1,091	1,077	1,087	1,193	1,163	0,714	1,070	0,943	1,048	0,681	0,881	0,733	1,079	0,677	1,111	0,854	1,141	1,046	1,115	0,903	1,168	0,856	1,064	0,880	1,100	0,887	1,130	0,925	1,194
8:48:04	37,0	0,906	1,127	1,002	1,021	0,915	1,104	0,967	1,097	0,998	1,104	1,110	1,049	1,170	1,112	1,095	1,065	0,870	1,078	1,135	0,997	1,139	1,039	1,173	1,117	0,918	1,009	0,879	0,993	0,787	1,030	1,002	0,965	0,935	1,139	0,909	1,089	1,250	1,244	1,258	1,321	1,230	1,284	1,316	1,273	1,312	1,269	1,286	1,245	1,043	0,979	0,938	0,947	1,000	0,926	0,943	1,010	0,923	1,143	1,124	1,144	1,080	1,056	0,911	1,021	0,950	1,049	1,132	1,102	1,087	1,099	1,201	1,173	0,722	1,079	0,947	1,059	0,684	0,891	0,745	1,089	0,684	1,121	0,864	1,149	1,052	1,119	0,907	1,141	0,863	1,073	0,879	1,104	0,891	1,135	0,921	1,202
8:58:04	37,0	0,916	1,135	1,022	1,042	0,920	1,113	0,993	1,111	1,005	1,109	1,117	1,057	1,177	1,120	1,110	1,073	0,878	1,087	1,144	1,010	1,152	1,047	1,180	1,126	0,931	1,020	0,891	1,003	0,793	1,038	1,018	0,975	0,947	1,149	0,918	1,094	1,258	1,252	1,265	1,323	1,237	1,289	1,323	1,277	1,324	1,276	1,293	1,252	1,052	0,987	0,948	0,954	1,008	0,935	0,953	1,019	0,931	1,150	1,130	1,154	1,097	1,070	0,924	1,035	0,964	1,064	1,135	1,113	1,100	1,116	1,211	1,181	0,726	1,089	0,955	1,071	0,688	0,901	0,757	1,099	0,691	1,130	0,873	1,159	1,059	1,130	0,913	1,118	0,869	1,090	0,882	1,106	0,896	1,139	0,924	1,207
9:08:04	37,0	0,925	1,142	1,017	1,040	0,930	1,120	0,992	1,119	1,024	1,118	1,123	1,063	1,182	1,129	1,117	1,079	0,890	1,096	1,152	1,023	1,159	1,057	1,186	1,134	0,941	1,028	0,900	1,010	0,800	1,045	1,027	0,985	0,956	1,158	0,925	1,099	1,263	1,257	1,272	1,328	1,244	1,297	1,331	1,285	1,327	1,284	1,298	1,256	1,060	0,996	0,956	0,960	1,015	0,942	0,960	1,028	0,939	1,156	1,137	1,160	1,109	1,082	0,934	1,049	0,978	1,082	1,144	1,127	1,111	1,125	1,216	1,188	0,732	1,099	0,961	1,077	0,694	0,911	0,767	1,110	0,698	1,139	0,881	1,167	1,064	1,137	0,917	1,139	0,876	1,094	0,883	1,107	0,900	1,146	0,924	1,211
9:18:04	37,0	0,934	1,146	1,021	1,063	0,946	1,123	0,998	1,120	1,040	1,120	1,130	1,067	1,190	1,136	1,122	1,089	0,894	1,105	1,158	1,033	1,168	1,068	1,192	1,142	0,951	1,032	0,904	1,014	0,816	1,051	1,035	0,993	0,965	1,163	0,934	1,103	1,269	1,267	1,279	1,338	1,248	1,303	1,336	1,289	1,335	1,290	1,304	1,263	1,068	1,002	0,963	0,966	1,021	0,946	0,967	1,034	0,947	1,162	1,142	1,166	1,118	1,096	0,943	1,069	0,991	1,097	1,150	1,138	1,120	1,135	1,221	1,195	0,738	1,106	0,968	1,087	0,699	0,919	0,778	1,120	0,703	1,147	0,887	1,174	1,070	1,143	0,922	1,151	0,879	1,103	0,883	1,105	0,903	1,150	0,924	1,217
9:28:04	37,0	0,942	1,153	1,032	1,064	0,957	1,135	1,019	1,128	1,050	1,127	1,136	1,076	1,196	1,142	1,132	1,096	0,903	1,113	1,164	1,039	1,172	1,075	1,198	1,147	0,957	1,038	0,911	1,020	0,819	1,056	1,044	0,998	0,971	1,171	0,938	1,109	1,276	1,272	1,284	1,341	1,253	1,308	1,339	1,297	1,338	1,295	1,309	1,268	1,075	1,007	0,969	0,971	1,028	0,950	0,972	1,039	0,954	1,166	1,147	1,168	1,127	1,108	0,953	1,079	1,001	1,107	1,157	1,145	1,130	1,148	1,229	1,201	0,742	1,113	0,974	1,092	0,702	0,928	0,790	1,126	0,711	1,156	0,893	1,180	1,075	1,150	0,927	1,145	0,881	1,158	0,880	1,106	0,904	1,153	0,923	1,222
9:38:04	37,0	0,950	1,159	1,039	1,080	0,966	1,138	1,035	1,130	1,057	1,131	1,141	1,077	1,202	1,149	1,134	1,101	0,909	1,119	1,170	1,044	1,178	1,083	1,205	1,153	0,964	1,041	0,915	1,024	0,828	1,058	1,050	1,006	0,976	1,178	0,942	1,112	1,282	1,277	1,288	1,345	1,255	1,313	1,344	1,302	1,343	1,300	1,313	1,270	1,081	1,014	0,975	0,975	1,034	0,954	0,977	1,044	0,959	1,172	1,150	1,171	1,135	1,124	0,960	1,091	1,011	1,115	1,155	1,155	1,138	1,156	1,234	1,207	0,747	1,119	0,979	1,102	0,706	0,935	0,799	1,133	0,718	1,164	0,897	1,187	1,078	1,156	0,930	1,138	0,883	1,175	0,879	1,107	0,908	1,155	0,920	1,227
9:48:04	37,0	0,957	1,164	1,055	1,081	0,977	1,139	1,021	1,137	1,061	1,136	1,145	1,080	1,207	1,154	1,140	1,109	0,913	1,126	1,174	1,053	1,182	1,090	1,210	1,156	0,970	1,045	0,917	1,028	0,844	1,064	1,058	1,013	0,982	1,181	0,947	1,115	1,285	1,284	1,293	1,348	1,260	1,316	1,348	1,306	1,345	1,305	1,315	1,277	1,087	1,020	0,981	0,980	1,039	0,958	0,982	1,049	0,966	1,177	1,154	1,176	1,145	1,131	0,968	1,099	1,022	1,130	1,159	1,164	1,144	1,165	1,238	1,212	0,751	1,126	0,984	1,108	0,712	0,942	0,810	1,140	0,725	1,169	0,903	1,193	1,081	1,162	0,935	1,135	0,884	1,178	0,877	1,106	0,911	1,155	0,919	1,231
9:58:04	37,0	0,965	1,166	1,076	1,094	0,986	1,151	1,031	1,144	1,068	1,144	1,149	1,084	1,214	1,159	1,148	1,120	0,924	1,135	1,180	1,065	1,190	1,096	1,217	1,162	0,976	1,052	0,922	1,034	0,842	1,071	1,068	1,018	0,989	1,190	0,952	1,120	1,289	1,289	1,298	1,352	1,262	1,321	1,352	1,310	1,349	1,311	1,321	1,281	1,093	1,027	0,989	0,986	1,045	0,964	0,988	1,057	0,972	1,181	1,159	1,181	1,155	1,142	0,980	1,110	1,028	1,141	1,161	1,173	1,154	1,174	1,244	1,218	0,757	1,134	0,990	1,115	0,713	0,951	0,819	1,146	0,730	1,177	0,908	1,198	1,084	1,168	0,940	1,134	0,887	1,178	0,873	1,106	0,914	1,157	0,919	1,235
10:08:04	37,0	0,972	1,171	1,073	1,100	0,994	1,155	1,043	1,150	1,077	1,150	1,152	1,089	1,218	1,165	1,155	1,124	0,931	1,142	1,187	1,071	1,197	1,107	1,221	1,169	0,982	1,056	0,930	1,041	0,846	1,079	1,074	1,022	0,996	1,194	0,956	1,123	1,295	1,292	1,303	1,355	1,268	1,323	1,358	1,315	1,353	1,315	1,324	1,287	1,101	1,034	0,994	0,991	1,051	0,969	0,993	1,064	0,979	1,187	1,165	1,186	1,164	1,153	0,987	1,121	1,038	1,155	1,163	1,181	1,160	1,180	1,250	1,224	0,761	1,140	0,996	1,122	0,717	0,958	0,823	1,154	0,734	1,181	0,913	1,204	1,088	1,172	0,944	1,133	0,889	1,186	0,875	1,106	0,915	1,158	0,920	1,237
10:18:04	37,0	0,977	1,178	1,073	1,105	0,995	1,154	1,048	1,152	1,082	1,153	1,161	1,093	1,223	1,170	1,157	1,131	0,935	1,147	1,192	1,074	1,200	1,110	1,226	1,173	0,985	1,058	0,936	1,043	0,856	1,080	1,079	1,025	0,997	1,198	0,958	1,125	1,300	1,296	1,307	1,358	1,270	1,328	1,359	1,322	1,357	1,319	1,326	1,287	1,105	1,038	0,998	0,995	1,054	0,971	0,997	1,063	0,983	1,190	1,166	1,185	1,171	1,161	0,997	1,132	1,046	1,166	1,165	1,187	1,165	1,186	1,254	1,230	0,767	1,143	0,999	1,126	0,721	0,963	0,829	1,158	0,740	1,187	0,915	1,208	1,090	1,178	0,950	1,129	0,892	1,187	0,873	1,103	0,918	1,155	0,917	1,239
10:28:04	37,0	0,983	1,180	1,075	1,111	1,001	1,158	1,054	1,153	1,087	1,155	1,165	1,097	1,228	1,174	1,161	1,135	0,941	1,151	1,197	1,080	1,202	1,115	1,230	1,176	0,989	1,062	0,943	1,046	0,865	1,082	1,085	1,031	1,000	1,202	0,961	1,126	1,302	1,301	1,310	1,361	1,275	1,331	1,361	1,324	1,358	1,321	1,330	1,290	1,110	1,044	1,002	0,998	1,058	0,974	1,001	1,069	0,988	1,193	1,169	1,188	1,178	1,169	1,002	1,140	1,054	1,170	1,169	1,192	1,170	1,193	1,259	1,236	0,770	1,148	1,002	1,132	0,724	0,971	0,835	1,163	0,745	1,191	0,919	1,213	1,091	1,183	0,953	1,127	0,893	1,189	0,871	1,104	0,918	1,154	0,912	1,240
10:38:04	37,0	0,989	1,188	1,080	1,117	1,011	1,165	1,062	1,159	1,095	1,160	1,168	1,101	1,233	1,179	1,169	1,145	0,949	1,158	1,199	1,092	1,211	1,123	1,233	1,180	0,993	1,067	0,947	1,051	0,870	1,087	1,094	1,038	1,006	1,210	0,965	1,131	1,307	1,303	1,314	1,365	1,277	1,334	1,365	1,329	1,362	1,327	1,332	1,295	1,115	1,051	1,008	1,003	1,065	0,979	1,007	1,077	0,992	1,197	1,173	1,194	1,187	1,181	1,009	1,148	1,064	1,175	1,176	1,198	1,177	1,201	1,266	1,242	0,774	1,152	1,007	1,139	0,728	0,977	0,837	1,167	0,749	1,196	0,923	1,218	1,094	1,185	0,955	1,125	0,895	1,189	0,869	1,104	0,918	1,152	0,914	1,244
10:48:04	37,0	0,996	1,188	1,086	1,118	1,014	1,167	1,066	1,165	1,098	1,163	1,169	1,104	1,239	1,183	1,175	1,148	0,954	1,163	1,205	1,098	1,215	1,130	1,238	1,182	0,998	1,070	0,949	1,053	0,875	1,090	1,102	1,040	1,009	1,212	0,968	1,133	1,308	1,307	1,319	1,368	1,284	1,338	1,369	1,332	1,366	1,330	1,336	1,296	1,121	1,056	1,012	1,007	1,068	0,982	1,010	1,079	0,998	1,202	1,175	1,196	1,193	1,189	1,018	1,159	1,069	1,176	1,185	1,205	1,181	1,206	1,266	1,246	0,779	1,157	1,011	1,144	0,731	0,982	0,842	1,168	0,755	1,201	0,925	1,220	1,098	1,189	0,961	1,123	0,897	1,187	0,870	1,101	0,919	1,150	0,911	1,246
10:58:04	37,0	1,001	1,191	1,093	1,125	1,020	1,171	1,073	1,169	1,102	1,166	1,172	1,106	1,244	1,187	1,179	1,153	0,965	1,170	1,211	1,109	1,221	1,134	1,244	1,184	1,001	1,074	0,951	1,057	0,875	1,093	1,104	1,045	1,013	1,217	0,971	1,137	1,311	1,312	1,323	1,370	1,286	1,341	1,372	1,334	1,369	1,334	1,340	1,300	1,124	1,063	1,017	1,011	1,073	0,987	1,014	1,083	1,002	1,204	1,177	1,199	1,200	1,195	1,027	1,165	1,079	1,180	1,191	1,210	1,185	1,210	1,270	1,251	0,785	1,161	1,014	1,150	0,734	0,988	0,845	1,173	0,758	1,204	0,929	1,225	1,101	1,191	0,962	1,122	0,899	1,187	0,867	1,100	0,919	1,149	0,909	1,245
11:08:04	37,0	1,008	1,192	1,098	1,130	1,025	1,171	1,076	1,173	1,106	1,172	1,172	1,111	1,248	1,192	1,184	1,156	0,971	1,173	1,214	1,110	1,229	1,141	1,247	1,192	1,003	1,076	0,954	1,058	0,875	1,097	1,111	1,049	1,017	1,219	0,975	1,140	1,315	1,317	1,327	1,373	1,292	1,346	1,376	1,337	1,373	1,339	1,344	1,306	1,128	1,067	1,022	1,015	1,077	0,991	1,019	1,090	1,006	1,208	1,184	1,204	1,208	1,201	1,035	1,175	1,085	1,183	1,198	1,213	1,189	1,215	1,270	1,251	0,788	1,166	1,017	1,156	0,736	0,993	0,847	1,176	0,762	1,206	0,932	1,229	1,103	1,194	0,966	1,120	0,901	1,187	0,868	1,100	0,920	1,148	0,912	1,246
11:18:04	37,0	1,012	1,196	1,105	1,136	1,028	1,179	1,083	1,175	1,111	1,175	1,173	1,115	1,252	1,196	1,187	1,161	0,977	1,179	1,218	1,117	1,232	1,145	1,252	1,194	1,007	1,077	0,957	1,063	0,877	1,099	1,114	1,051	1,018	1,222	0,977	1,142	1,316	1,318	1,329	1,377	1,295	1,348	1,380	1,339	1,376	1,343	1,348	1,307	1,131	1,070	1,025	1,018	1,083	0,994	1,022	1,094	1,011	1,212	1,186	1,206	1,213	1,208	1,043	1,185	1,094	1,190	1,200	1,217	1,192	1,219	1,271	1,253	0,794	1,169	1,021	1,159	0,740	0,997	0,850	1,180	0,771	1,209	0,935	1,231	1,103	1,196	0,968	1,119	0,902	1,190	0,867	1,097	0,921	1,147	0,909	1,246
11:28:04	37,0	1,017	1,198	1,109	1,139	1,030	1,183	1,089	1,180	1,115	1,176	1,178	1,117	1,256	1,200	1,190	1,165	0,981	1,181	1,221	1,119	1,237	1,147	1,257	1,194	1,010	1,079	0,960	1,065	0,882	1,102	1,122	1,053	1,022	1,227	0,979	1,144	1,319	1,321	1,331	1,378	1,295	1,351	1,381	1,343	1,378	1,345	1,350	1,310	1,135	1,074	1,029	1,022	1,085	0,996	1,025	1,097	1,013	1,214	1,188	1,209	1,218	1,213	1,047	1,193	1,101	1,196	1,200	1,220	1,194	1,223	1,272	1,258	0,799	1,171	1,022	1,162	0,743	1,000	0,852	1,183	0,776	1,211	0,937	1,235	1,104	1,200	0,970	1,117	0,903	1,189	0,863	1,097	0,919	1,146	0,907	1,245
11:38:04	37,0	1,022	1,202	1,114	1,146	1,041	1,187	1,093	1,183	1,120	1,181	1,181	1,121	1,260	1,204	1,195	1,169	0,992	1,186	1,227	1,129	1,241	1,155	1,261	1,201	1,015	1,084	0,963	1,067	0,886	1,107	1,127	1,058	1,026	1,230	0,984	1,147	1,325	1,324	1,339	1,379	1,300	1,353	1,386	1,348	1,381	1,350	1,353	1,313	1,138	1,082	1,034	1,025	1,088	1,002	1,030	1,101	1,021	1,217	1,193	1,215	1,223	1,218	1,054	1,202	1,105	1,200	1,196	1,225	1,198	1,227	1,272	1,259	0,807	1,174	1,027	1,167	0,745	1,006	0,854	1,185	0,782	1,214	0,940	1,238	1,106	1,202	0,973	1,117	0,905	1,189	0,864	1,099	0,921	1,145	0,909	1,245
11:48:04	37,0	1,026	1,203	1,120	1,148	1,040	1,190	1,097	1,186	1,125	1,183	1,182	1,123	1,263	1,210	1,201	1,176	0,995	1,190	1,231	1,130	1,246	1,160	1,265	1,203	1,017	1,084	0,962	1,070	0,889	1,109	1,130	1,059	1,028	1,232	0,989	1,150	1,325	1,329	1,342	1,383	1,303	1,357	1,387	1,349	1,385	1,351	1,357	1,315	1,141	1,083	1,036	1,027	1,092	1,002	1,033	1,102	1,025	1,220	1,193	1,215	1,228	1,226	1,060	1,208	1,111	1,204	1,202	1,228	1,200	1,228	1,272	1,259	0,816	1,177	1,029	1,171	0,748	1,010	0,857	1,187	0,786	1,216	0,942	1,241	1,106	1,205	0,975	1,115	0,907	1,189	0,861	1,097	0,921	1,143	0,907	1,243
11:58:04	36,9	1,030	1,204	1,122	1,149	1,042	1,192	1,101	1,187	1,128	1,184	1,185	1,126	1,266	1,211	1,200	1,179	0,999	1,194	1,234	1,133	1,249	1,161	1,270	1,205	1,019	1,085	0,964	1,071	0,892	1,109	1,134	1,060	1,028	1,234	0,990	1,151	1,328	1,328	1,343	1,386	1,305	1,358	1,389	1,350	1,386	1,353	1,357	1,317	1,143	1,085	1,038	1,030	1,094	1,003	1,035	1,104	1,026	1,222	1,192	1,216	1,230	1,230	1,063	1,213	1,116	1,208	1,207	1,230	1,201	1,229	1,270	1,258	0,823	1,179	1,031	1,174	0,751	1,013	0,858	1,189	0,795	1,217	0,943	1,242	1,103	1,205	0,978	1,113	0,907	1,188	0,858	1,094	0,919	1,138	0,902	1,243
12:08:04	37,0	1,034	1,206	1,127	1,154	1,047	1,194	1,106	1,188	1,132	1,185	1,187	1,128	1,271	1,215	1,206	1,183	1,004	1,196	1,237	1,136	1,254	1,164	1,272	1,209	1,021	1,086	0,966	1,073	0,895	1,111	1,138	1,061	1,030	1,236	0,991	1,152	1,328	1,331	1,345	1,388	1,306	1,360	1,391	1,352	1,386	1,356	1,359	1,317	1,145	1,089	1,040	1,032	1,096	1,004	1,037	1,105	1,030	1,222	1,196	1,216	1,232	1,235	1,067	1,217	1,118	1,210	1,212	1,232	1,201	1,232	1,270	1,258	0,829	1,181	1,032	1,178	0,755	1,015	0,860	1,190	0,801	1,219	0,945	1,245	1,102	1,205	0,979	1,111	0,907	1,186	0,856	1,092	0,916	1,137	0,900	1,243
12:18:04	37,0	1,038	1,205	1,124	1,152	1,042	1,191	1,105	1,185	1,130	1,186	1,187	1,125	1,273	1,216	1,208	1,186	1,008	1,199	1,238	1,137	1,252	1,165	1,274	1,210	1,023	1,087	0,966	1,072	0,893	1,112	1,137	1,062	1,027	1,237	0,991	1,153	1,331	1,331	1,345	1,388	1,304	1,360	1,389	1,351	1,388	1,356	1,357	1,314	1,146	1,086	1,040	1,032	1,096	1,004	1,038	1,103	1,029	1,222	1,194	1,214	1,234	1,239	1,071	1,222	1,121	1,212	1,216	1,233	1,201	1,231	1,268	1,256	0,835	1,181	1,033	1,179	0,755	1,018	0,861	1,190	0,805	1,218	0,943	1,244	1,102	1,205	0,977	1,108	0,904	1,183	0,852	1,089	0,911	1,132	0,892	1,238
12:28:04	37,0	1,040	1,208	1,132	1,158	1,051	1,193	1,110	1,190	1,134	1,189	1,188	1,128	1,278	1,220	1,210	1,188	1,016	1,203	1,243	1,144	1,255	1,171	1,277	1,209	1,024	1,089	0,967	1,074	0,897	1,114	1,144	1,063	1,028	1,238	0,992	1,157	1,331	1,333	1,347	1,389	1,307	1,362	1,393	1,356	1,389	1,359	1,362	1,319	1,148	1,090	1,043	1,035	1,098	1,006	1,041	1,106	1,032	1,225	1,196	1,218	1,237	1,244	1,078	1,227	1,119	1,217	1,222	1,237	1,205	1,234	1,271	1,259	0,836	1,183	1,035	1,184	0,761	1,021	0,860	1,191	0,808	1,221	0,945	1,245	1,101	1,208	0,978	1,105	0,905	1,182	0,852	1,087	0,911	1,130	0,893	1,239
12:38:04	37,0	1,044	1,209	1,135	1,160	1,056	1,196	1,114	1,193	1,139	1,190	1,189	1,131	1,280	1,222	1,214	1,192	1,022	1,205	1,246	1,147	1,261	1,175	1,280	1,213	1,027	1,092	0,971	1,076	0,896	1,118	1,147	1,067	1,032	1,240	0,995	1,158	1,333	1,335	1,349	1,391	1,309	1,365	1,394	1,355	1,391	1,360	1,361	1,319	1,151	1,093	1,046	1,038	1,101	1,009	1,044	1,109	1,036	1,226	1,198	1,219	1,240	1,246	1,080	1,230	1,119	1,217	1,224	1,236	1,205	1,234	1,270	1,255	0,841	1,185	1,036	1,186	0,763	1,024	0,861	1,190	0,813	1,221	0,945	1,247	1,101	1,207	0,978	1,104	0,906	1,182	0,850	1,085	0,911	1,128	0,891	1,237
12:48:04	37,0	1,047	1,210	1,139	1,162	1,057	1,197	1,117	1,194	1,140	1,191	1,189	1,132	1,282	1,224	1,215	1,193	1,025	1,209	1,249	1,150	1,264	1,177	1,283	1,214	1,027	1,093	0,970	1,079	0,899	1,119	1,150	1,068	1,031	1,243	0,999	1,160	1,335	1,337	1,351	1,394	1,313	1,364	1,394	1,358	1,391	1,359	1,363	1,320	1,151	1,094	1,047	1,040	1,102	1,009	1,045	1,110	1,038	1,228	1,198	1,220	1,242	1,246	1,083	1,234	1,120	1,220	1,227	1,239	1,206	1,236	1,270	1,255	0,840	1,187	1,037	1,188	0,766	1,026	0,860	1,191	0,815	1,222	0,946	1,249	1,099	1,208	0,979	1,100	0,906	1,180	0,848	1,085	0,909	1,126	0,888	1,235
12:58:04	37,0	1,050	1,212	1,142	1,163	1,062	1,198	1,119	1,198	1,143	1,193	1,190	1,133	1,285	1,227	1,220	1,196	1,027	1,211	1,252	1,152	1,268	1,189	1,286	1,216	1,029	1,095	0,970	1,081	0,897	1,122	1,153	1,071	1,032	1,244	0,997	1,160	1,335	1,337	1,354	1,392	1,316	1,367	1,396	1,360	1,394	1,361	1,364	1,322	1,153	1,098	1,050	1,042	1,105	1,012	1,048	1,111	1,040	1,227	1,200	1,222	1,242	1,248	1,088	1,237	1,121	1,217	1,228	1,237	1,204	1,234	1,266	1,253	0,842	1,188	1,038	1,190	0,768	1,028	0,861	1,192	0,816	1,221	0,946	1,248	1,098	1,206	0,978	1,097	0,905	1,178	0,846	1,084	0,907	1,123	0,887	1,233
13:08:04	37,0	1,053	1,211	1,145	1,165	1,064	1,200	1,121	1,197	1,147	1,192	1,191	1,132	1,288	1,229	1,221	1,197	1,031	1,211	1,256	1,153	1,269	1,185	1,289	1,220	1,030	1,095	0,972	1,081	0,895	1,122	1,154	1,073	1,033	1,247	0,999	1,161	1,335	1,340	1,357	1,393	1,316	1,367	1,397	1,359	1,395	1,364	1,363	1,324	1,155	1,098	1,050	1,045	1,107	1,014	1,049	1,112	1,042	1,229	1,202	1,221	1,243	1,249	1,090	1,240	1,123	1,218	1,229	1,237	1,201	1,234	1,265	1,252	0,841	1,190	1,038	1,192	0,772	1,030	0,860	1,192	0,817	1,220	0,946	1,250	1,095	1,205	0,980	1,095	0,905	1,177	0,843	1,084	0,906	1,120	0,884	1,231
13:18:04	37,0	1,055	1,211	1,145	1,167	1,068	1,201	1,126	1,199	1,148	1,195	1,191	1,134	1,290	1,233	1,223	1,201	1,035	1,214	1,256	1,158	1,274	1,190	1,292	1,219	1,033	1,098	0,972	1,083	0,895	1,125	1,158	1,075	1,034	1,248	0,998	1,164	1,338	1,341	1,361	1,396	1,318	1,368	1,401	1,361	1,396	1,367	1,366	1,325	1,158	1,100	1,054	1,048	1,109	1,015	1,050	1,114	1,044	1,230	1,202	1,223	1,244	1,248	1,092	1,241	1,124	1,219	1,231	1,237	1,202	1,234	1,263	1,250	0,843	1,191	1,038	1,194	0,775	1,032	0,860	1,191	0,817	1,221	0,947	1,250	1,094	1,203	0,979	1,093	0,904	1,175	0,842	1,081	0,904	1,119	0,882	1,229
13:28:04	37,0	1,057	1,212	1,145	1,168	1,068	1,202	1,128	1,201	1,149	1,194	1,190	1,135	1,292	1,234	1,227	1,202	1,039	1,216	1,260	1,161	1,278	1,191	1,293	1,223	1,033	1,100	0,972	1,083	0,894	1,125	1,157	1,075	1,035	1,250	0,999	1,164	1,337	1,339	1,359	1,396	1,319	1,369	1,401	1,363	1,397	1,367	1,367	1,327	1,157	1,101	1,054	1,049	1,109	1,016	1,052	1,117	1,045	1,230	1,202	1,222	1,244	1,250	1,094	1,241	1,126	1,220	1,232	1,236	1,202	1,233	1,261	1,249	0,843	1,192	1,038	1,196	0,779	1,034	0,859	1,190	0,814	1,220	0,946	1,251	1,093	1,201	0,979	1,090	0,903	1,175	0,841	1,077	0,902	1,116	0,880	1,227
13:38:04	37,0	1,060	1,214	1,149	1,169	1,069	1,201	1,129	1,200	1,151	1,196	1,191	1,134	1,294	1,237	1,225	1,205	1,041	1,217	1,262	1,163	1,279	1,195	1,293	1,225	1,034	1,100	0,972	1,086	0,893	1,127	1,159	1,076	1,035	1,252	0,999	1,165	1,338	1,342	1,361	1,398	1,321	1,370	1,402	1,363	1,399	1,369	1,367	1,327	1,158	1,101	1,056	1,049	1,110	1,017	1,052	1,116	1,045	1,230	1,202	1,222	1,243	1,248	1,096	1,242	1,126	1,218	1,232	1,235	1,199	1,230	1,260	1,246	0,843	1,192	1,039	1,198	0,783	1,035	0,857	1,188	0,815	1,220	0,945	1,251	1,089	1,202	0,976	1,087	0,903	1,173	0,838	1,076	0,899	1,112	0,878	1,225
13:48:04	37,0	1,061	1,214	1,148	1,170	1,068	1,200	1,130	1,201	1,153	1,196	1,191	1,133	1,295	1,237	1,230	1,207	1,043	1,219	1,266	1,166	1,281	1,196	1,296	1,224	1,036	1,099	0,973	1,087	0,892	1,130	1,161	1,075	1,036	1,251	1,001	1,166	1,338	1,342	1,364	1,398	1,321	1,370	1,402	1,362	1,397	1,369	1,367	1,325	1,156	1,102	1,056	1,048	1,110	1,015	1,052	1,116	1,046	1,231	1,200	1,220	1,242	1,248	1,097	1,242	1,124	1,217	1,231	1,234	1,197	1,230	1,257	1,244	0,844	1,191	1,040	1,198	0,788	1,036	0,858	1,187	0,818	1,218	0,944	1,249	1,087	1,200	0,976	1,083	0,901	1,171	0,835	1,073	0,897	1,112	0,877	1,222
13:58:04	37,0	1,062	1,214	1,151	1,170	1,069	1,201	1,133	1,201	1,154	1,195	1,190	1,132	1,298	1,240	1,233	1,209	1,047	1,223	1,266	1,169	1,284	1,198	1,295	1,225	1,039	1,101	0,973	1,086	0,893	1,130	1,162	1,076	1,037	1,252	1,002	1,165	1,339	1,343	1,365	1,399	1,323	1,368	1,402	1,364	1,398	1,369	1,364	1,324	1,159	1,103	1,057	1,049	1,110	1,016	1,053	1,116	1,044	1,229	1,201	1,219	1,242	1,247	1,098	1,243	1,125	1,215	1,231	1,233	1,196	1,230	1,255	1,243	0,843	1,192	1,040	1,198	0,792	1,037	0,857	1,189	0,815	1,218	0,944	1,250	1,086	1,199	0,973	1,080	0,899	1,170	0,832	1,071	0,895	1,111	0,876	1,220
14:08:04	37,0	1,063	1,216	1,152	1,169	1,069	1,198	1,133	1,201	1,154	1,195	1,189	1,131	1,299	1,243	1,233	1,210	1,046	1,222	1,269	1,170	1,286	1,200	1,299	1,227	1,039	1,100	0,974	1,086	0,894	1,131	1,163	1,077	1,036	1,251	1,002	1,165	1,337	1,343	1,365	1,399	1,321	1,370	1,403	1,363	1,398	1,368	1,365	1,323	1,159	1,102	1,056	1,049	1,110	1,015	1,053	1,117	1,044	1,229	1,201	1,217	1,242	1,245	1,100	1,241	1,123	1,214	1,230	1,232	1,193	1,227	1,253	1,239	0,844	1,192	1,038	1,198	0,795	1,037	0,856	1,188	0,814	1,218	0,942	1,249	1,084	1,194	0,973	1,077	0,898	1,169	0,829	1,068	0,892	1,108	0,873	1,218
14:18:04	37,0	1,064	1,217	1,155	1,170	1,073	1,205	1,134	1,203	1,156	1,196	1,191	1,133	1,303	1,244	1,235	1,211	1,050	1,225	1,271	1,174	1,288	1,200	1,300	1,230	1,041	1,105	0,973	1,087	0,894	1,131	1,167	1,079	1,038	1,252	1,003	1,166	1,338	1,344	1,369	1,398	1,324	1,371	1,402	1,365	1,400	1,372	1,367	1,325	1,159	1,104	1,060	1,050	1,112	1,017	1,055	1,117	1,044	1,230	1,202	1,219	1,241	1,245	1,101	1,240	1,121	1,212	1,229	1,230	1,191	1,226	1,252	1,236	0,844	1,191	1,040	1,198	0,798	1,039	0,854	1,185	0,809	1,216	0,942	1,250	1,083	1,193	0,971	1,075	0,900	1,169	0,828	1,067	0,892	1,106	0,872	1,216
14:28:04	37,0	1,065	1,217	1,155	1,171	1,074	1,206	1,137	1,202	1,158	1,197	1,193	1,132	1,303	1,246	1,240	1,213	1,051	1,226	1,272	1,176	1,290	1,205	1,302	1,229	1,042	1,103	0,975	1,089	0,894	1,131	1,166	1,079	1,036	1,254	1,004	1,167	1,340	1,343	1,368	1,397	1,325	1,373	1,402	1,363	1,399	1,372	1,366	1,325	1,159	1,103	1,058	1,050	1,112	1,017	1,054	1,118	1,043	1,228	1,202	1,218	1,239	1,243	1,100	1,238	1,120	1,210	1,228	1,228	1,190	1,224	1,249	1,234	0,843	1,190	1,039	1,199	0,801	1,040	0,853	1,184	0,809	1,214	0,941	1,249	1,080	1,191	0,969	1,072	0,899	1,170	0,827	1,065	0,890	1,106	0,871	1,214
14:38:04	37,0	1,066	1,216	1,153	1,169	1,072	1,200	1,137	1,202	1,158	1,195	1,190	1,131	1,303	1,249	1,240	1,215	1,053	1,230	1,275	1,176	1,289	1,203	1,303	1,232	1,041	1,102	0,977	1,088	0,897	1,132	1,166	1,078	1,036	1,254	1,004	1,166	1,337	1,342	1,366	1,397	1,322	1,370	1,401	1,361	1,397	1,370	1,365	1,324	1,158	1,103	1,058	1,049	1,111	1,016	1,054	1,116	1,043	1,227	1,199	1,214	1,238	1,241	1,101	1,237	1,118	1,207	1,226	1,226	1,187	1,221	1,246	1,231	0,843	1,190	1,038	1,198	0,804	1,040	0,853	1,183	0,805	1,212	0,940	1,248	1,077	1,187	0,968	1,069	0,896	1,167	0,822	1,063	0,887	1,103	0,867	1,212
14:48:04	37,0	1,068	1,216	1,154	1,169	1,073	1,201	1,138	1,204	1,159	1,196	1,190	1,131	1,305	1,250	1,239	1,217	1,056	1,230	1,275	1,179	1,295	1,209	1,305	1,232	1,045	1,105	0,973	1,088	0,895	1,132	1,166	1,080	1,037	1,254	1,006	1,165	1,337	1,344	1,369	1,397	1,325	1,370	1,402	1,363	1,398	1,371	1,366	1,324	1,157	1,104	1,058	1,051	1,112	1,017	1,055	1,118	1,042	1,226	1,200	1,213	1,236	1,239	1,099	1,236	1,115	1,204	1,226	1,224	1,185	1,219	1,246	1,229	0,843	1,188	1,037	1,197	0,808	1,040	0,852	1,181	0,800	1,212	0,940	1,248	1,077	1,185	0,967	1,067	0,895	1,165	0,822	1,060	0,885	1,102	0,866	1,210
14:58:04	37,0	1,068	1,215	1,154	1,170	1,071	1,198	1,137	1,203	1,159	1,196	1,191	1,129	1,306	1,251	1,242	1,217	1,056	1,231	1,278	1,182	1,294	1,211	1,306	1,233	1,044	1,104	0,975	1,089	0,895	1,132	1,169	1,077	1,036	1,253	1,004	1,166	1,336	1,342	1,367	1,396	1,323	1,369	1,401	1,363	1,397	1,369	1,364	1,323	1,156	1,102	1,057	1,051	1,110	1,015	1,054	1,115	1,041	1,226	1,197	1,211	1,235	1,236	1,098	1,234	1,113	1,202	1,225	1,221	1,184	1,217	1,243	1,227	0,844	1,188	1,037	1,198	0,809	1,040	0,852	1,178	0,799	1,210	0,938	1,246	1,074	1,185	0,966	1,065	0,894	1,164	0,818	1,060	0,882	1,100	0,864	1,209
15:08:04	37,0	1,069	1,215	1,153	1,167	1,072	1,195	1,134	1,204	1,160	1,195	1,189	1,128	1,306	1,252	1,244	1,217	1,059	1,232	1,276	1,181	1,295	1,210	1,307	1,234	1,044	1,104	0,973	1,088	0,895	1,131	1,166	1,079	1,035	1,253	1,005	1,164	1,334	1,342	1,368	1,397	1,322	1,366	1,400	1,363	1,397	1,368	1,362	1,323	1,155	1,100	1,058	1,051	1,110	1,016	1,054	1,116	1,038	1,224	1,196	1,209	1,234	1,234	1,096	1,232	1,111	1,198	1,225	1,220	1,180	1,215	1,241	1,225	0,845	1,188	1,034	1,197	0,810	1,041	0,847	1,175	0,797	1,208	0,937	1,244	1,072	1,183	0,963	1,063	0,893	1,163	0,816	1,057	0,879	1,096	0,860	1,204
15:18:04	37,0	1,068	1,215	1,157	1,168	1,076	1,202	1,137	1,205	1,163	1,197	1,191	1,128	1,307	1,253	1,244	1,219	1,063	1,232	1,278	1,184	1,296	1,211	1,307	1,235	1,047	1,105	0,973	1,088	0,894	1,131	1,167	1,080	1,037	1,255	1,006	1,166	1,335	1,345	1,371	1,395	1,325	1,367	1,400	1,367	1,397	1,369	1,363	1,323	1,156	1,104	1,059	1,051	1,109	1,016	1,056	1,118	1,040	1,223	1,196	1,211	1,233	1,234	1,095	1,230	1,107	1,196	1,223	1,218	1,180	1,213	1,240	1,222	0,844	1,187	1,036	1,197	0,811	1,042	0,846	1,174	0,794	1,206	0,936	1,244	1,072	1,181	0,961	1,061	0,894	1,162	0,816	1,055	0,881	1,096	0,860	1,202
15:28:04	37,0	1,068	1,215	1,153	1,168	1,074	1,198	1,138	1,205	1,162	1,194	1,189	1,126	1,308	1,255	1,244	1,219	1,061	1,232	1,279	1,184	1,298	1,214	1,308	1,234	1,046	1,105	0,972	1,085	0,891	1,129	1,167	1,079	1,034	1,254	1,006	1,163	1,335	1,343	1,369	1,396	1,321	1,368	1,400	1,362	1,396	1,369	1,361	1,321	1,155	1,102	1,058	1,050	1,109	1,014	1,054	1,114	1,038	1,220	1,194	1,206	1,232	1,231	1,094	1,228	1,106	1,192	1,222	1,214	1,175	1,211	1,236	1,218	0,844	1,185	1,034	1,196	0,811	1,042	0,846	1,173	0,792	1,204	0,934	1,243	1,070	1,177	0,961	1,058	0,892	1,158	0,813	1,054	0,878	1,092	0,857	1,200
15:38:04	37,0	1,068	1,214	1,153	1,167	1,073	1,197	1,135	1,205	1,160	1,193	1,187	1,124	1,307	1,255	1,249	1,221	1,064	1,234	1,280	1,183	1,298	1,212	1,308	1,234	1,046	1,105	0,973	1,085	0,888	1,130	1,164	1,076	1,032	1,252	1,004	1,162	1,333	1,341	1,368	1,395	1,321	1,367	1,399	1,361	1,395	1,367	1,359	1,319	1,151	1,101	1,057	1,050	1,107	1,012	1,053	1,114	1,036	1,218	1,191	1,204	1,230	1,228	1,092	1,226	1,103	1,187	1,222	1,212	1,173	1,208	1,233	1,216	0,845	1,185	1,032	1,196	0,809	1,042	0,845	1,170	0,787	1,204	0,932	1,241	1,068	1,175	0,959	1,056	0,890	1,156	0,809	1,050	0,875	1,089	0,854	1,198
15:48:04	37,0	1,066	1,213	1,154	1,168	1,075	1,200	1,137	1,205	1,161	1,195	1,189	1,126	1,311	1,258	1,248	1,224	1,063	1,235	1,281	1,186	1,299	1,216	1,308	1,234	1,048	1,106	0,972	1,085	0,888	1,129	1,167	1,078	1,034	1,252	1,006	1,162	1,333	1,345	1,370	1,393	1,324	1,365	1,397	1,361	1,396	1,368	1,360	1,320	1,154	1,104	1,059	1,050	1,108	1,012	1,054	1,112	1,037	1,220	1,193	1,206	1,229	1,227	1,090	1,223	1,103	1,186	1,220	1,211	1,173	1,207	1,233	1,215	0,843	1,183	1,035	1,193	0,809	1,042	0,842	1,168	0,787	1,201	0,932	1,241	1,069	1,175	0,958	1,055	0,892	1,155	0,810	1,052	0,876	1,086	0,853	1,197
15:58:04	37,0	1,066	1,214	1,153	1,167	1,073	1,198	1,138	1,204	1,161	1,194	1,189	1,124	1,311	1,259	1,247	1,223	1,067	1,235	1,283	1,186	1,299	1,218	1,310	1,235	1,048	1,106	0,970	1,085	0,885	1,129	1,168	1,077	1,033	1,253	1,008	1,160	1,332	1,342	1,369	1,393	1,323	1,366	1,399	1,361	1,396	1,366	1,360	1,318	1,154	1,101	1,056	1,048	1,108	1,011	1,053	1,111	1,035	1,218	1,191	1,202	1,227	1,223	1,090	1,220	1,101	1,182	1,219	1,209	1,170	1,203	1,231	1,211	0,842	1,181	1,033	1,193	0,804	1,042	0,841	1,165	0,784	1,198	0,931	1,240	1,067	1,173	0,957	1,053	0,890	1,151	0,807	1,048	0,874	1,084	0,851	1,196
16:08:04	37,0	1,065	1,212	1,152	1,165	1,071	1,195	1,136	1,204	1,160	1,192	1,187	1,123	1,311	1,259	1,247	1,224	1,066	1,235	1,283	1,187	1,299	1,218	1,310	1,236	1,047	1,106	0,969	1,083	0,885	1,125	1,163	1,073	1,032	1,251	1,008	1,159	1,332	1,342	1,369	1,393	1,321	1,365	1,397	1,359	1,395	1,365	1,358	1,316	1,152	1,099	1,055	1,047	1,107	1,010	1,052	1,111	1,033	1,216	1,189	1,200	1,225	1,220	1,088	1,218	1,099	1,178	1,219	1,206	1,168	1,202	1,228	1,208	0,841	1,179	1,031	1,192	0,803	1,041	0,840	1,162	0,781	1,195	0,929	1,238	1,067	1,170	0,956	1,050	0,888	1,149	0,804	1,046	0,871	1,082	0,849	1,194
16:18:04	37,0	1,065	1,211	1,153	1,165	1,071	1,196	1,136	1,203	1,160	1,192	1,187	1,122	1,310	1,260	1,247	1,222	1,066	1,236	1,283	1,186	1,300	1,219	1,309	1,236	1,046	1,105	0,969	1,081	0,884	1,124	1,167	1,073	1,031	1,251	1,007	1,157	1,331	1,340	1,367	1,391	1,320	1,364	1,395	1,358	1,393	1,364	1,358	1,314	1,151	1,099	1,056	1,047	1,106	1,009	1,051	1,110	1,033	1,212	1,186	1,198	1,223	1,219	1,087	1,216	1,098	1,175	1,218	1,205	1,167	1,199	1,227	1,206	0,839	1,178	1,030	1,189	0,801	1,041	0,838	1,159	0,778	1,193	0,928	1,237	1,064	1,167	0,955	1,049	0,886	1,141	0,803	1,044	0,871	1,080	0,847	1,192
16:28:04	37,0	1,064	1,210	1,152	1,163	1,069	1,190	1,133	1,200	1,159	1,189	1,183	1,118	1,309	1,258	1,248	1,222	1,065	1,237	1,282	1,188	1,301	1,217	1,310	1,234	1,045	1,101	0,966	1,080	0,882	1,123	1,165	1,070	1,026	1,248	1,005	1,155	1,329	1,339	1,365	1,393	1,318	1,363	1,393	1,357	1,390	1,362	1,355	1,310	1,146	1,094	1,055	1,045	1,103	1,006	1,048	1,106	1,029	1,210	1,183	1,194	1,222	1,216	1,085	1,215	1,093	1,173	1,216	1,203	1,165	1,197	1,224	1,201	0,838	1,176	1,027	1,188	0,797	1,039	0,838	1,156	0,775	1,190	0,925	1,234	1,062	1,164	0,954	1,045	0,884	1,135	0,798	1,042	0,867	1,076	0,842	1,191
16:38:04	37,0	1,063	1,210	1,152	1,164	1,072	1,194	1,134	1,203	1,159	1,189	1,184	1,121	1,310	1,261	1,248	1,223	1,068	1,237	1,285	1,190	1,302	1,218	1,309	1,236	1,046	1,100	0,967	1,081	0,882	1,122	1,169	1,071	1,027	1,250	1,006	1,154	1,328	1,340	1,364	1,391	1,319	1,361	1,393	1,358	1,391	1,362	1,356	1,310	1,146	1,095	1,054	1,043	1,103	1,007	1,048	1,105	1,029	1,210	1,184	1,195	1,222	1,215	1,084	1,212	1,092	1,170	1,211	1,202	1,165	1,199	1,225	1,204	0,836	1,174	1,028	1,186	0,792	1,039	0,835	1,154	0,774	1,188	0,925	1,233	1,063	1,163	0,955	1,043	0,886	1,135	0,799	1,041	0,869	1,076	0,843	1,190
16:48:04	37,0	1,062	1,209	1,151	1,164	1,070	1,192	1,134	1,202	1,160	1,187	1,183	1,119	1,311	1,260	1,248	1,223	1,067	1,238	1,285	1,188	1,303	1,217	1,311	1,236	1,045	1,100	0,964	1,075	0,881	1,120	1,166	1,068	1,024	1,248	1,005	1,153	1,329	1,340	1,364	1,390	1,319	1,362	1,393	1,355	1,389	1,360	1,354	1,308	1,145	1,092	1,052	1,044	1,103	1,003	1,048	1,105	1,028	1,208	1,181	1,193	1,221	1,213	1,083	1,210	1,092	1,167	1,209	1,201	1,165	1,196	1,224	1,201	0,833	1,172	1,027	1,185	0,789	1,039	0,835	1,152	0,770	1,187	0,924	1,231	1,061	1,159	0,953	1,042	0,885	1,134	0,798	1,039	0,867	1,073	0,841	1,188
16:58:04	37,0	1,060	1,208	1,149	1,162	1,070	1,191	1,131	1,202	1,158	1,186	1,181	1,117	1,310	1,260	1,253	1,224	1,067	1,238	1,286	1,191	1,300	1,219	1,311	1,234	1,044	1,097	0,964	1,075	0,878	1,119	1,165	1,066	1,023	1,246	1,004	1,150	1,325	1,336	1,363	1,387	1,316	1,359	1,391	1,356	1,386	1,358	1,352	1,306	1,143	1,092	1,051	1,042	1,100	1,003	1,047	1,103	1,025	1,206	1,177	1,192	1,219	1,212	1,082	1,210	1,091	1,167	1,209	1,200	1,165	1,194	1,224	1,200	0,831	1,170	1,026	1,183	0,786	1,038	0,833	1,149	0,770	1,184	0,923	1,230	1,059	1,161	0,952	1,040	0,885	1,133	0,797	1,037	0,866	1,072	0,839	1,187
17:08:04	37,0	1,060	1,206	1,151	1,162	1,068	1,191	1,131	1,201	1,158	1,186	1,181	1,116	1,311	1,260	1,250	1,223	1,068	1,236	1,285	1,190	1,304	1,220	1,311	1,234	1,043	1,096	0,960	1,074	0,878	1,117	1,163	1,064	1,021	1,247	1,004	1,149	1,325	1,336	1,363	1,386	1,316	1,359	1,390	1,352	1,387	1,358	1,351	1,304	1,141	1,091	1,050	1,040	1,099	1,002	1,045	1,101	1,024	1,204	1,178	1,191	1,219	1,211	1,081	1,208	1,088	1,162	1,208	1,198	1,165	1,195	1,222	1,198	0,827	1,168	1,026	1,181	0,783	1,037	0,832	1,147	0,767	1,182	0,922	1,228	1,060	1,160	0,951	1,039	0,883	1,132	0,796	1,036	0,865	1,071	0,837	1,185
17:18:04	37,0	1,058	1,204	1,150	1,161	1,069	1,189	1,131	1,201	1,160	1,185	1,182	1,116	1,311	1,260	1,248	1,223	1,069	1,236	1,286	1,187	1,302	1,219	1,310	1,235	1,043	1,095	0,960	1,071	0,875	1,115	1,165	1,062	1,021	1,246	1,003	1,147	1,323	1,335	1,362	1,385	1,316	1,356	1,389	1,352	1,385	1,358	1,351	1,304	1,139	1,091	1,049	1,040	1,098	1,000	1,045	1,101	1,023	1,201	1,176	1,189	1,218	1,208	1,080	1,205	1,088	1,159	1,207	1,197	1,164	1,193	1,222	1,197	0,826	1,166	1,024	1,180	0,779	1,036	0,831	1,144	0,764	1,179	0,921	1,226	1,059	1,158	0,951	1,038	0,882	1,130	0,795	1,035	0,865	1,067	0,836	1,184
17:28:04	37,0	1,057	1,203	1,148	1,159	1,065	1,190	1,126	1,200	1,158	1,184	1,181	1,114	1,311	1,258	1,252	1,223	1,068	1,238	1,286	1,190	1,302	1,219	1,309	1,234	1,041	1,094	0,958	1,070	0,874	1,112	1,158	1,060	1,017	1,244	1,001	1,144	1,321	1,337	1,363	1,385	1,315	1,356	1,387	1,349	1,384	1,355	1,348	1,302	1,138	1,087	1,048	1,039	1,097	1,000	1,044	1,099	1,021	1,199	1,174	1,186	1,216	1,208	1,081	1,204	1,087	1,156	1,205	1,197	1,164	1,192	1,220	1,194	0,823	1,164	1,023	1,178	0,775	1,035	0,829	1,142	0,763	1,176	0,921	1,224	1,057	1,155	0,951	1,036	0,882	1,128	0,793	1,034	0,863	1,066	0,835	1,183
17:38:04	37,0	1,056	1,203	1,149	1,158	1,064	1,186	1,125	1,201	1,158	1,182	1,181	1,112	1,310	1,260	1,252	1,224	1,067	1,238	1,287	1,189	1,301	1,220	1,309	1,234	1,040	1,091	0,957	1,068	0,872	1,110	1,155	1,059	1,015	1,244	1,000	1,143	1,321	1,334	1,360	1,384	1,315	1,355	1,386	1,349	1,382	1,353	1,346	1,301	1,136	1,086	1,048	1,038	1,095	1,000	1,042	1,098	1,020	1,197	1,171	1,183	1,216	1,206	1,079	1,203	1,087	1,154	1,206	1,198	1,165	1,193	1,221	1,195	0,821	1,162	1,022	1,177	0,773	1,038	0,829	1,140	0,761	1,173	0,919	1,223	1,056	1,155	0,949	1,034	0,881	1,126	0,792	1,032	0,864	1,065	0,834	1,182
17:48:04	37,0	1,055	1,201	1,147	1,158	1,064	1,188	1,126	1,200	1,157	1,183	1,179	1,113	1,311	1,259	1,249	1,223	1,069	1,238	1,288	1,191	1,301	1,218	1,307	1,233	1,038	1,091	0,956	1,063	0,869	1,106	1,156	1,056	1,013	1,242	0,999	1,139	1,319	1,333	1,360	1,383	1,312	1,353	1,385	1,346	1,382	1,353	1,346	1,299	1,135	1,085	1,046	1,039	1,094	0,999	1,041	1,097	1,018	1,196	1,170	1,182	1,214	1,204	1,078	1,202	1,086	1,152	1,202	1,198	1,164	1,192	1,220	1,194	0,818	1,159	1,021	1,175	0,768	1,036	0,827	1,138	0,759	1,172	0,918	1,221	1,055	1,155	0,949	1,034	0,881	1,126	0,791	1,033	0,863	1,063	0,831	1,182
17:58:04	37,0	1,054	1,201	1,147	1,157	1,062	1,184	1,123	1,201	1,156	1,182	1,179	1,111	1,310	1,259	1,250	1,222	1,067	1,236	1,285	1,190	1,301	1,221	1,308	1,232	1,038	1,088	0,952	1,063	0,868	1,105	1,153	1,054	1,013	1,241	0,996	1,137	1,318	1,332	1,359	1,381	1,311	1,351	1,385	1,344	1,380	1,350	1,345	1,296	1,133	1,082	1,044	1,036	1,093	0,996	1,040	1,095	1,017	1,193	1,168	1,181	1,214	1,203	1,075	1,201	1,085	1,151	1,201	1,197	1,164	1,191	1,219	1,192	0,817	1,158	1,021	1,173	0,766	1,035	0,827	1,136	0,758	1,169	0,916	1,219	1,054	1,153	0,947	1,032	0,880	1,127	0,789	1,031	0,862	1,061	0,830	1,183
18:08:04	37,0	1,053	1,199	1,146	1,155	1,061	1,181	1,120	1,199	1,155	1,180	1,177	1,109	1,310	1,259	1,250	1,221	1,068	1,237	1,286	1,190	1,301	1,218	1,308	1,232	1,036	1,083	0,951	1,063	0,867	1,102	1,157	1,050	1,011	1,240	0,995	1,136	1,316	1,332	1,357	1,381	1,310	1,351	1,382	1,343	1,379	1,349	1,343	1,294	1,134	1,080	1,044	1,034	1,089	0,996	1,039	1,093	1,015	1,190	1,165	1,178	1,213	1,201	1,076	1,200	1,085	1,149	1,200	1,197	1,164	1,192	1,218	1,192	0,816	1,156	1,019	1,171	0,763	1,034	0,825	1,133	0,756	1,166	0,915	1,218	1,053	1,151	0,947	1,031	0,879	1,125	0,787	1,030	0,861	1,060	0,829	1,180
18:18:04	37,0	1,052	1,200	1,146	1,155	1,063	1,183	1,121	1,199	1,154	1,179	1,177	1,109	1,311	1,260	1,250	1,223	1,067	1,235	1,283	1,190	1,301	1,218	1,307	1,231	1,035	1,082	0,949	1,060	0,862	1,101	1,156	1,048	1,008	1,239	0,994	1,134	1,317	1,330	1,359	1,379	1,309	1,351	1,379	1,343	1,376	1,349	1,342	1,292	1,129	1,080	1,043	1,032	1,089	0,996	1,038	1,091	1,014	1,188	1,163	1,179	1,212	1,201	1,076	1,200	1,087	1,149	1,200	1,198	1,165	1,192	1,220	1,192	0,814	1,154	1,018	1,169	0,760	1,032	0,824	1,132	0,754	1,164	0,914	1,216	1,052	1,154	0,946	1,031	0,879	1,124	0,786	1,029	0,861	1,059	0,828	1,180
18:28:04	37,0	1,051	1,198	1,145	1,153	1,059	1,182	1,120	1,198	1,152	1,179	1,176	1,105	1,310	1,258	1,252	1,221	1,067	1,237	1,284	1,191	1,300	1,216	1,306	1,231	1,033	1,079	0,949	1,057	0,862	1,099	1,157	1,046	1,007	1,238	0,992	1,131	1,313	1,329	1,354	1,375	1,306	1,348	1,379	1,341	1,375	1,347	1,339	1,291	1,129	1,078	1,040	1,031	1,088	0,993	1,036	1,090	1,012	1,186	1,160	1,176	1,211	1,200	1,077	1,201	1,086	1,149	1,200	1,200	1,169	1,192	1,220	1,192	0,813	1,152	1,017	1,168	0,756	1,032	0,824	1,130	0,754	1,161	0,914	1,214	1,052	1,151	0,946	1,029	0,879	1,123	0,785	1,028	0,860	1,057	0,826	1,180
18:38:04	37,0	1,050	1,197	1,143	1,152	1,059	1,183	1,119	1,197	1,151	1,176	1,175	1,105	1,311	1,258	1,249	1,222	1,068	1,235	1,285	1,189	1,301	1,220	1,306	1,229	1,033	1,079	0,945	1,054	0,860	1,097	1,155	1,044	1,005	1,238	0,992	1,129	1,313	1,328	1,356	1,375	1,306	1,347	1,377	1,339	1,373	1,344	1,339	1,288	1,126	1,078	1,040	1,030	1,087	0,992	1,035	1,088	1,010	1,185	1,160	1,175	1,210	1,198	1,076	1,199	1,085	1,145	1,198	1,199	1,167	1,192	1,219	1,192	0,811	1,150	1,017	1,165	0,753	1,030	0,823	1,129	0,753	1,160	0,914	1,213	1,050	1,151	0,945	1,028	0,879	1,122	0,785	1,027	0,861	1,057	0,825	1,181
18:48:04	37,0	1,049	1,196	1,141	1,152	1,056	1,181	1,117	1,196	1,150	1,177	1,173	1,103	1,309	1,257	1,252	1,221	1,067	1,235	1,284	1,189	1,300	1,217	1,306	1,229	1,030	1,076	0,943	1,054	0,858	1,093	1,155	1,041	1,002	1,237	0,990	1,125	1,310	1,327	1,353	1,373	1,304	1,347	1,376	1,337	1,371	1,342	1,337	1,286	1,127	1,075	1,036	1,028	1,086	0,992	1,033	1,088	1,008	1,183	1,157	1,173	1,209	1,197	1,076	1,200	1,085	1,144	1,198	1,200	1,167	1,193	1,220	1,191	0,811	1,148	1,016	1,165	0,753	1,030	0,823	1,127	0,751	1,158	0,913	1,211	1,050	1,150	0,944	1,026	0,877	1,120	0,783	1,025	0,861	1,055	0,824	1,179
18:58:04	37,0	1,048	1,195	1,140	1,149	1,054	1,176	1,113	1,196	1,149	1,176	1,172	1,103	1,309	1,256	1,252	1,218	1,066	1,235	1,284	1,188	1,301	1,216	1,304	1,228	1,028	1,073	0,941	1,052	0,855	1,090	1,153	1,039	1,001	1,236	0,989	1,125	1,309	1,324	1,351	1,373	1,302	1,345	1,374	1,335	1,370	1,340	1,335	1,285	1,125	1,073	1,036	1,027	1,083	0,990	1,033	1,085	1,007	1,180	1,154	1,170	1,208	1,197	1,078	1,198	1,084	1,143	1,198	1,202	1,167	1,194	1,221	1,191	0,810	1,147	1,014	1,163	0,749	1,029	0,821	1,125	0,750	1,154	0,912	1,210	1,049	1,151	0,943	1,025	0,877	1,118	0,783	1,023	0,860	1,054	0,822	1,179
19:08:04	37,0	1,047	1,194	1,138	1,149	1,055	1,175	1,112	1,194	1,148	1,176	1,172	1,100	1,309	1,258	1,251	1,218	1,065	1,234	1,283	1,188	1,300	1,215	1,304	1,227	1,027	1,070	0,939	1,049	0,853	1,089	1,154	1,036	0,998	1,234	0,986	1,122	1,309	1,324	1,350	1,371	1,300	1,344	1,371	1,333	1,369	1,339	1,334	1,284	1,122	1,071	1,034	1,025	1,080	0,989	1,032	1,084	1,005	1,178	1,152	1,167	1,208	1,195	1,077	1,199	1,085	1,143	1,197	1,203	1,170	1,194	1,221	1,190	0,809	1,145	1,013	1,162	0,748	1,028	0,821	1,132	0,749	1,153	0,910	1,209	1,049	1,149	0,943	1,024	0,877	1,117	0,782	1,023	0,859	1,054	0,820	1,180
19:18:04	37,0	1,047	1,192	1,138	1,149	1,054	1,178	1,114	1,194	1,147	1,173	1,169	1,101	1,308	1,257	1,248	1,218	1,067	1,234	1,285	1,187	1,299	1,215	1,304	1,226	1,026	1,070	0,936	1,046	0,850	1,086	1,151	1,033	0,997	1,234	0,987	1,119	1,308	1,324	1,349	1,369	1,299	1,341	1,372	1,331	1,368	1,338	1,332	1,282	1,122	1,070	1,033	1,024	1,080	0,988	1,030	1,083	1,004	1,176	1,153	1,167	1,208	1,194	1,078	1,199	1,084	1,141	1,197	1,204	1,169	1,194	1,222	1,191	0,807	1,143	1,014	1,160	0,746	1,027	0,820	1,129	0,748	1,153	0,911	1,207	1,047	1,152	0,941	1,024	0,876	1,117	0,781	1,024	0,860	1,053	0,820	1,179
19:28:04	37,0	1,047	1,192	1,137	1,147	1,053	1,174	1,111	1,195	1,147	1,173	1,168	1,100	1,308	1,256	1,250	1,217	1,065	1,234	1,282	1,186	1,298	1,213	1,304	1,228	1,026	1,066	0,935	1,046	0,849	1,084	1,149	1,030	0,995	1,232	0,985	1,119	1,308	1,321	1,349	1,368	1,298	1,341	1,369	1,330	1,366	1,337	1,331	1,281	1,118	1,069	1,032	1,023	1,078	0,987	1,030	1,083	1,002	1,174	1,148	1,165	1,207	1,195	1,078	1,199	1,085	1,141	1,197	1,205	1,169	1,194	1,222	1,191	0,807	1,141	1,012	1,158	0,744	1,026	0,820	1,127	0,747	1,150	0,910	1,206	1,047	1,150	0,942	1,022	0,876	1,116	0,780	1,022	0,858	1,053	0,818	1,178
19:38:04	37,0	1,046	1,190	1,134	1,145	1,051	1,175	1,110	1,193	1,145	1,173	1,169	1,097	1,307	1,257	1,249	1,219	1,065	1,232	1,282	1,186	1,298	1,216	1,303	1,226	1,023	1,065	0,933	1,041	0,846	1,079	1,147	1,030	0,992	1,232	0,983	1,115	1,305	1,321	1,347	1,368	1,296	1,338	1,369	1,328	1,365	1,334	1,328	1,276	1,117	1,065	1,031	1,020	1,078	0,986	1,027	1,079	0,999	1,172	1,147	1,162	1,207	1,193	1,079	1,199	1,085	1,140	1,196	1,206	1,170	1,195	1,222	1,190	0,806	1,139	1,009	1,157	0,741	1,025	0,819	1,126	0,746	1,149	0,910	1,205	1,046	1,148	0,941	1,023	0,876	1,114	0,779	1,021	0,858	1,052	0,817	1,176
19:48:04	37,0	1,045	1,191	1,133	1,144	1,050	1,171	1,109	1,193	1,146	1,171	1,166	1,099	1,306	1,255	1,244	1,219	1,065	1,231	1,282	1,186	1,298	1,214	1,303	1,225	1,024	1,065	0,929	1,040	0,844	1,079	1,145	1,028	0,991	1,231	0,982	1,112	1,305	1,320	1,345	1,366	1,295	1,337	1,367	1,328	1,364	1,334	1,328	1,276	1,117	1,065	1,028	1,018	1,076	0,985	1,026	1,078	0,999	1,171	1,147	1,164	1,208	1,193	1,080	1,199	1,085	1,139	1,193	1,207	1,171	1,196	1,221	1,191	0,805	1,138	1,009	1,155	0,740	1,025	0,819	1,125	0,745	1,147	0,910	1,204	1,046	1,147	0,940	1,021	0,878	1,113	0,778	1,020	0,859	1,052	0,817	1,176
19:58:04	37,0	1,045	1,189	1,132	1,143	1,053	1,175	1,109	1,194	1,144	1,171	1,166	1,099	1,306	1,256	1,244	1,218	1,064	1,232	1,282	1,185	1,297	1,215	1,303	1,225	1,023	1,062	0,929	1,036	0,842	1,078	1,145	1,027	0,991	1,230	0,982	1,111	1,302	1,322	1,343	1,365	1,294	1,337	1,366	1,326	1,363	1,332	1,325	1,275	1,116	1,063	1,027	1,018	1,075	0,986	1,026	1,075	0,998	1,169	1,146	1,161	1,208	1,193	1,081	1,199	1,086	1,141	1,194	1,210	1,173	1,198	1,223	1,192	0,807	1,137	1,009	1,154	0,737	1,024	0,818	1,124	0,744	1,147	0,910	1,202	1,046	1,149	0,939	1,022	0,879	1,114	0,779	1,020	0,859	1,053	0,817	1,177
20:08:04	37,0	1,045	1,188	1,131	1,143	1,051	1,172	1,107	1,194	1,143	1,172	1,166	1,096	1,306	1,255	1,245	1,217	1,064	1,230	1,283	1,185	1,297	1,214	1,301	1,225	1,022	1,061	0,926	1,034	0,839	1,073	1,145	1,024	0,988	1,229	0,981	1,108	1,302	1,319	1,343	1,364	1,293	1,335	1,364	1,325	1,363	1,333	1,326	1,274	1,113	1,062	1,025	1,016	1,073	0,985	1,025	1,077	0,996	1,167	1,144	1,160	1,207	1,192	1,083	1,199	1,086	1,139	1,193	1,210	1,171	1,197	1,222	1,191	0,806	1,136	1,009	1,152	0,737	1,024	0,819	1,123	0,744	1,145	0,910	1,202	1,044	1,150	0,939	1,021	0,878	1,112	0,778	1,019	0,858	1,053	0,816	1,177
20:18:04	37,0	1,045	1,188	1,129	1,140	1,049	1,174	1,107	1,193	1,142	1,172	1,165	1,097	1,306	1,255	1,248	1,216	1,065	1,230	1,283	1,186	1,297	1,214	1,301	1,225	1,020	1,059	0,925	1,034	0,838	1,072	1,141	1,023	0,988	1,229	0,980	1,105	1,300	1,320	1,343	1,363	1,291	1,334	1,364	1,324	1,361	1,331	1,324	1,273	1,112	1,060	1,026	1,015	1,072	0,984	1,024	1,074	0,996	1,165	1,143	1,159	1,207	1,192	1,082	1,199	1,086	1,140	1,194	1,210	1,173	1,198	1,223	1,192	0,805	1,134	1,009	1,151	0,734	1,024	0,819	1,123	0,743	1,144	0,910	1,201	1,044	1,151	0,937	1,020	0,880	1,111	0,779	1,018	0,858	1,052	0,814	1,178
20:28:04	37,0	1,045	1,185	1,127	1,136	1,046	1,167	1,105	1,189	1,136	1,168	1,160	1,088	1,303	1,252	1,245	1,216	1,061	1,231	1,278	1,181	1,294	1,210	1,302	1,221	1,016	1,054	0,922	1,032	0,834	1,068	1,140	1,018	0,980	1,224	0,979	1,102	1,299	1,316	1,339	1,361	1,287	1,331	1,361	1,319	1,357	1,326	1,322	1,266	1,108	1,055	1,022	1,013	1,070	0,979	1,020	1,070	0,992	1,161	1,138	1,154	1,206	1,191	1,082	1,199	1,085	1,140	1,193	1,211	1,174	1,199	1,221	1,189	0,803	1,132	1,006	1,150	0,733	1,023	0,818	1,119	0,743	1,141	0,909	1,198	1,041	1,145	0,934	1,020	0,875	1,108	0,776	1,018	0,852	1,051	0,810	1,174
20:38:04	37,0	1,045	1,185	1,126	1,136	1,047	1,171	1,102	1,188	1,137	1,169	1,162	1,091	1,304	1,251	1,247	1,215	1,062	1,230	1,282	1,183	1,296	1,211	1,300	1,222	1,017	1,051	0,921	1,030	0,833	1,068	1,142	1,017	0,981	1,226	0,978	1,101	1,297	1,315	1,337	1,361	1,287	1,331	1,360	1,321	1,356	1,327	1,319	1,266	1,108	1,055	1,021	1,012	1,068	0,980	1,018	1,071	0,992	1,159	1,138	1,154	1,206	1,191	1,083	1,202	1,086	1,142	1,194	1,213	1,174	1,200	1,223	1,190	0,805	1,131	1,005	1,148	0,732	1,022	0,817	1,119	0,742	1,141	0,909	1,198	1,042	1,148	0,935	1,019	0,877	1,106	0,779	1,017	0,854	1,053	0,811	1,175
20:48:04	37,0	1,045	1,184	1,125	1,138	1,047	1,168	1,103	1,189	1,137	1,169	1,159	1,091	1,305	1,253	1,243	1,216	1,060	1,229	1,281	1,183	1,297	1,211	1,300	1,223	1,016	1,050	0,919	1,026	0,832	1,066	1,139	1,014	0,980	1,224	0,976	1,098	1,295	1,314	1,337	1,359	1,285	1,330	1,358	1,320	1,357	1,326	1,321	1,265	1,108	1,055	1,019	1,011	1,068	0,978	1,019	1,069	0,990	1,159	1,137	1,154	1,206	1,191	1,083	1,202	1,088	1,143	1,195	1,214	1,177	1,201	1,225	1,192	0,804	1,129	1,006	1,148	0,731	1,022	0,817	1,117	0,742	1,140	0,909	1,198	1,041	1,149	0,934	1,019	0,878	1,093	0,781	1,015	0,854	1,053	0,812	1,175
20:58:04	37,0	1,045	1,182	1,124	1,137	1,046	1,166	1,101	1,189	1,138	1,170	1,159	1,090	1,303	1,253	1,246	1,214	1,061	1,228	1,280	1,184	1,295	1,210	1,300	1,222	1,016	1,048	0,917	1,026	0,831	1,063	1,141	1,013	0,979	1,224	0,975	1,097	1,294	1,314	1,337	1,359	1,285	1,330	1,359	1,318	1,354	1,325	1,321	1,264	1,105	1,055	1,019	1,010	1,065	0,977	1,017	1,069	0,991	1,159	1,134	1,153	1,206	1,191	1,086	1,202	1,088	1,143	1,194	1,215	1,177	1,202	1,226	1,192	0,805	1,129	1,004	1,146	0,730	1,021	0,818	1,117	0,741	1,141	0,909	1,197	1,040	1,149	0,934	1,018	0,878	1,083	0,782	1,016	0,854	1,053	0,812	1,173
21:08:04	37,0	1,047	1,182	1,124	1,137	1,048	1,168	1,099	1,192	1,136	1,166	1,160	1,089	1,304	1,252	1,245	1,213	1,067	1,227	1,279	1,182	1,295	1,211	1,300	1,221	1,016	1,046	0,915	1,022	0,831	1,064	1,139	1,012	0,978	1,225	0,976	1,095	1,292	1,314	1,335	1,357	1,282	1,329	1,357	1,318	1,355	1,326	1,319	1,260	1,106	1,055	1,019	1,008	1,065	0,979	1,018	1,068	0,989	1,158	1,135	1,153	1,206	1,192	1,088	1,202	1,088	1,143	1,195	1,216	1,179	1,204	1,226	1,191	0,806	1,128	1,005	1,145	0,725	1,022	0,817	1,117	0,741	1,139	0,909	1,195	1,040	1,151	0,935	1,018	0,879	1,090	0,778	1,017	0,856	1,052	0,813	1,173
21:18:04	37,0	1,047	1,181	1,120	1,131	1,046	1,165	1,099	1,189	1,135	1,166	1,157	1,087	1,301	1,252	1,244	1,213	1,061	1,228	1,278	1,181	1,292	1,208	1,300	1,222	1,013	1,044	0,914	1,023	0,827	1,059	1,137	1,008	0,976	1,222	0,972	1,092	1,292	1,312	1,333	1,357	1,281	1,327	1,356	1,316	1,352	1,323	1,317	1,262	1,104	1,052	1,016	1,008	1,063	0,976	1,017	1,067	0,988	1,158	1,132	1,151	1,206	1,190	1,087	1,203	1,089	1,144	1,195	1,218	1,178	1,204	1,224	1,191	0,806	1,128	1,003	1,144	0,726	1,021	0,817	1,116	0,741	1,136	0,909	1,195	1,039	1,149	0,933	1,016	0,876	1,074	0,777	1,014	0,853	1,053	0,810	1,174
21:28:04	37,0	1,047	1,180	1,120	1,131	1,045	1,163	1,098	1,188	1,133	1,166	1,156	1,085	1,302	1,252	1,244	1,213	1,062	1,227	1,279	1,181	1,293	1,209	1,299	1,221	1,012	1,042	0,911	1,019	0,824	1,058	1,137	1,006	0,975	1,221	0,972	1,090	1,290	1,312	1,332	1,356	1,281	1,326	1,355	1,314	1,352	1,322	1,317	1,259	1,103	1,053	1,016	1,007	1,063	0,974	1,016	1,066	0,988	1,155	1,131	1,149	1,205	1,191	1,089	1,204	1,088	1,143	1,195	1,220	1,178	1,206	1,226	1,192	0,806	1,127	1,003	1,143	0,726	1,022	0,817	1,116	0,741	1,136	0,910	1,195	1,039	1,150	0,934	1,016	0,877	1,074	0,777	1,015	0,853	1,052	0,810	1,173
21:38:04	37,0	1,048	1,180	1,119	1,132	1,045	1,162	1,099	1,188	1,134	1,165	1,156	1,085	1,301	1,251	1,245	1,212	1,064	1,226	1,280	1,183	1,292	1,209	1,299	1,220	1,012	1,041	0,910	1,017	0,824	1,057	1,134	1,006	0,974	1,223	0,971	1,088	1,286	1,312	1,332	1,356	1,279	1,325	1,354	1,313	1,351	1,321	1,315	1,258	1,102	1,052	1,015	1,004	1,062	0,976	1,015	1,066	0,987	1,153	1,131	1,148	1,206	1,191	1,091	1,206	1,090	1,144	1,197	1,220	1,179	1,208	1,226	1,192	0,807	1,125	1,004	1,143	0,725	1,021	0,817	1,115	0,740	1,137	0,910	1,195	1,039	1,150	0,935	1,017	0,876	1,077	0,776	1,014	0,852	1,054	0,810	1,174
21:48:04	37,0	1,049	1,179	1,118	1,131	1,045	1,162	1,097	1,187	1,133	1,165	1,155	1,083	1,302	1,252	1,245	1,211	1,063	1,227	1,280	1,181	1,291	1,209	1,297	1,219	1,011	1,039	0,908	1,015	0,822	1,052	1,134	1,004	0,973	1,221	0,970	1,085	1,288	1,310	1,330	1,354	1,278	1,323	1,353	1,314	1,349	1,322	1,314	1,258	1,102	1,051	1,014	1,002	1,060	0,976	1,015	1,065	0,986	1,151	1,130	1,149	1,205	1,192	1,091	1,206	1,090	1,145	1,197	1,221	1,179	1,208	1,225	1,193	0,808	1,125	1,003	1,142	0,725	1,022	0,817	1,115	0,740	1,136	0,910	1,194	1,038	1,150	0,935	1,018	0,877	1,076	0,777	1,016	0,853	1,055	0,809	1,173
21:58:04	37,0	1,050	1,177	1,119	1,131	1,046	1,162	1,093	1,187	1,132	1,163	1,154	1,082	1,301	1,249	1,245	1,210	1,061	1,227	1,281	1,180	1,293	1,212	1,297	1,220	1,010	1,037	0,909	1,014	0,821	1,052	1,134	1,002	0,972	1,221	0,967	1,083	1,285	1,308	1,330	1,353	1,276	1,323	1,353	1,312	1,348	1,319	1,313	1,256	1,099	1,050	1,012	1,002	1,060	0,976	1,014	1,064	0,986	1,151	1,129	1,147	1,206	1,191	1,093	1,207	1,091	1,146	1,199	1,223	1,179	1,210	1,226	1,193	0,808	1,125	1,002	1,141	0,724	1,021	0,817	1,114	0,741	1,135	0,911	1,193	1,038	1,150	0,933	1,018	0,876	1,077	0,778	1,017	0,853	1,055	0,810	1,174
22:08:04	37,0	1,051	1,177	1,117	1,127	1,042	1,159	1,094	1,185	1,131	1,161	1,152	1,079	1,301	1,252	1,244	1,210	1,061	1,226	1,279	1,179	1,292	1,209	1,297	1,220	1,009	1,036	0,905	1,012	0,818	1,049	1,132	1,000	0,970	1,219	0,967	1,081	1,284	1,308	1,328	1,353	1,274	1,323	1,351	1,310	1,348	1,320	1,315	1,255	1,098	1,049	1,012	1,003	1,058	0,973	1,013	1,063	0,985	1,150	1,126	1,146	1,205	1,192	1,093	1,207	1,090	1,147	1,199	1,224	1,181	1,211	1,226	1,194	0,809	1,124	1,003	1,141	0,724	1,022	0,817	1,113	0,740	1,134	0,910	1,194	1,037	1,152	0,934	1,018	0,874	1,077	0,778	1,015	0,850	1,053	0,809	1,174

