Time	T∞ Optical Density:600	A1	A2	A3	A4	A5	A6	A7	A8	A9	A10	A11	A12	B1	B2	B3	B4	B5	B6	B7	B8	B9	B10	B11	B12	C1	C2	C3	C4	C5	C6	C7	C8	C9	C10	C11	C12	D1	D2	D3	D4	D5	D6	D7	D8	D9	D10	D11	D12	E1	E2	E3	E4	E5	E6	E7	E8	E9	E10	E11	E12	F1	F2	F3	F4	F5	F6	F7	F8	F9	F10	F11	F12	G1	G2	G3	G4	G5	G6	G7	G8	G9	G10	G11	G12	H1	H2	H3	H4	H5	H6	H7	H8	H9	H10	H11	H12
0:08:04	37,0	0,108	0,132	0,110	0,152	0,140	0,115	0,138	0,125	0,133	0,130	0,159	0,151	0,132	0,111	0,145	0,146	0,122	0,166	0,160	0,167	0,143	0,130	0,106	0,145	0,135	0,130	0,116	0,138	0,127	0,117	0,117	0,128	0,103	0,105	0,101	0,099	0,115	0,111	0,113	0,118	0,119	0,131	0,123	0,124	0,124	0,119	0,128	0,112	0,122	0,122	0,118	0,130	0,119	0,119	0,116	0,123	0,133	0,129	0,124	0,132	0,117	0,132	0,122	0,132	0,121	0,144	0,192	0,131	0,137	0,107	0,124	0,099	0,105	0,116	0,161	0,142	0,116	0,122	0,112	0,117	0,107	0,145	0,101	0,141	0,115	0,114	0,149	0,123	0,137	0,121	0,142	0,135	0,127	0,119	0,123	0,132
0:18:04	37,0	0,107	0,133	0,110	0,154	0,147	0,117	0,150	0,128	0,141	0,132	0,167	0,153	0,142	0,116	0,160	0,159	0,132	0,165	0,174	0,173	0,131	0,142	0,106	0,146	0,141	0,129	0,118	0,142	0,126	0,117	0,115	0,132	0,103	0,105	0,100	0,098	0,117	0,115	0,111	0,121	0,125	0,131	0,116	0,136	0,127	0,119	0,135	0,113	0,123	0,125	0,119	0,132	0,118	0,119	0,118	0,121	0,144	0,141	0,123	0,135	0,116	0,137	0,122	0,136	0,123	0,147	0,187	0,133	0,141	0,108	0,127	0,098	0,106	0,116	0,161	0,143	0,119	0,124	0,112	0,124	0,110	0,146	0,101	0,138	0,116	0,116	0,153	0,130	0,137	0,120	0,146	0,132	0,130	0,123	0,124	0,133
0:28:04	37,0	0,109	0,137	0,112	0,158	0,154	0,120	0,158	0,132	0,148	0,135	0,177	0,158	0,150	0,116	0,169	0,170	0,144	0,170	0,180	0,174	0,130	0,147	0,108	0,150	0,147	0,129	0,121	0,146	0,132	0,121	0,119	0,135	0,103	0,107	0,101	0,100	0,118	0,117	0,113	0,124	0,136	0,141	0,118	0,143	0,128	0,122	0,137	0,114	0,127	0,127	0,123	0,135	0,122	0,122	0,123	0,125	0,149	0,147	0,125	0,141	0,117	0,143	0,125	0,140	0,129	0,150	0,190	0,139	0,147	0,110	0,130	0,100	0,108	0,117	0,165	0,146	0,122	0,128	0,115	0,128	0,111	0,148	0,102	0,142	0,118	0,119	0,154	0,134	0,139	0,123	0,149	0,136	0,134	0,126	0,127	0,137
0:38:04	37,0	0,111	0,142	0,114	0,166	0,164	0,122	0,168	0,136	0,157	0,140	0,186	0,164	0,164	0,120	0,181	0,180	0,158	0,180	0,192	0,180	0,134	0,155	0,110	0,156	0,157	0,133	0,124	0,149	0,135	0,123	0,123	0,140	0,104	0,109	0,102	0,101	0,121	0,120	0,116	0,126	0,139	0,146	0,121	0,153	0,133	0,124	0,141	0,116	0,132	0,131	0,127	0,136	0,126	0,126	0,127	0,129	0,162	0,155	0,129	0,147	0,119	0,148	0,127	0,143	0,136	0,157	0,201	0,154	0,156	0,112	0,134	0,101	0,111	0,117	0,168	0,149	0,126	0,131	0,118	0,129	0,114	0,152	0,103	0,148	0,120	0,122	0,157	0,141	0,142	0,127	0,151	0,140	0,136	0,131	0,129	0,142
0:48:04	37,0	0,115	0,152	0,117	0,177	0,176	0,127	0,181	0,143	0,168	0,147	0,200	0,174	0,177	0,126	0,196	0,192	0,172	0,193	0,204	0,191	0,141	0,166	0,113	0,168	0,168	0,141	0,129	0,154	0,141	0,127	0,129	0,147	0,106	0,114	0,103	0,103	0,128	0,125	0,120	0,132	0,145	0,153	0,127	0,162	0,142	0,128	0,149	0,119	0,140	0,135	0,132	0,140	0,131	0,133	0,133	0,133	0,175	0,164	0,134	0,157	0,123	0,158	0,131	0,152	0,141	0,165	0,211	0,159	0,156	0,116	0,141	0,103	0,116	0,119	0,173	0,154	0,133	0,134	0,123	0,134	0,118	0,156	0,107	0,157	0,124	0,128	0,160	0,148	0,146	0,135	0,156	0,146	0,140	0,139	0,132	0,149
0:58:04	37,0	0,119	0,166	0,121	0,194	0,194	0,133	0,198	0,150	0,182	0,156	0,218	0,189	0,196	0,134	0,215	0,207	0,187	0,208	0,221	0,207	0,149	0,178	0,118	0,182	0,179	0,152	0,135	0,162	0,148	0,132	0,135	0,154	0,108	0,121	0,105	0,106	0,136	0,131	0,127	0,139	0,153	0,158	0,134	0,170	0,151	0,135	0,161	0,122	0,148	0,140	0,137	0,145	0,136	0,138	0,137	0,140	0,185	0,172	0,140	0,170	0,127	0,168	0,138	0,158	0,147	0,176	0,223	0,173	0,163	0,121	0,151	0,109	0,122	0,123	0,178	0,158	0,140	0,137	0,130	0,138	0,124	0,163	0,111	0,168	0,129	0,134	0,165	0,157	0,150	0,145	0,162	0,155	0,144	0,150	0,137	0,160
1:08:04	37,0	0,127	0,184	0,128	0,215	0,215	0,142	0,221	0,162	0,200	0,170	0,244	0,208	0,215	0,146	0,240	0,226	0,204	0,227	0,238	0,226	0,163	0,195	0,126	0,200	0,193	0,167	0,145	0,175	0,158	0,140	0,144	0,164	0,112	0,131	0,108	0,111	0,148	0,139	0,137	0,149	0,166	0,168	0,142	0,181	0,164	0,144	0,176	0,132	0,161	0,146	0,145	0,153	0,145	0,147	0,144	0,148	0,201	0,183	0,153	0,188	0,134	0,180	0,146	0,167	0,155	0,190	0,240	0,189	0,173	0,130	0,164	0,113	0,132	0,126	0,184	0,166	0,151	0,143	0,140	0,144	0,133	0,173	0,118	0,183	0,135	0,146	0,173	0,172	0,156	0,161	0,171	0,168	0,151	0,168	0,143	0,175
1:18:04	37,0	0,137	0,208	0,139	0,240	0,241	0,156	0,246	0,178	0,225	0,188	0,270	0,230	0,245	0,165	0,268	0,249	0,229	0,252	0,262	0,253	0,178	0,216	0,138	0,223	0,214	0,188	0,158	0,193	0,172	0,149	0,156	0,176	0,118	0,144	0,113	0,118	0,164	0,151	0,151	0,161	0,184	0,182	0,156	0,199	0,180	0,159	0,195	0,141	0,177	0,156	0,155	0,168	0,156	0,157	0,154	0,161	0,221	0,197	0,168	0,210	0,146	0,197	0,157	0,179	0,165	0,205	0,257	0,209	0,184	0,141	0,180	0,122	0,147	0,131	0,195	0,175	0,166	0,149	0,153	0,155	0,147	0,186	0,128	0,205	0,147	0,162	0,184	0,192	0,166	0,182	0,186	0,184	0,160	0,195	0,154	0,193
1:28:04	37,0	0,151	0,230	0,154	0,262	0,267	0,174	0,269	0,198	0,251	0,209	0,303	0,255	0,278	0,179	0,292	0,271	0,254	0,277	0,283	0,281	0,197	0,238	0,152	0,247	0,235	0,211	0,175	0,216	0,189	0,164	0,173	0,192	0,126	0,162	0,120	0,127	0,183	0,166	0,167	0,178	0,201	0,202	0,170	0,219	0,199	0,175	0,212	0,154	0,202	0,170	0,168	0,191	0,169	0,172	0,167	0,176	0,244	0,213	0,186	0,236	0,159	0,216	0,175	0,196	0,179	0,225	0,280	0,230	0,198	0,157	0,200	0,136	0,166	0,141	0,206	0,189	0,183	0,159	0,170	0,166	0,163	0,204	0,142	0,230	0,162	0,180	0,199	0,211	0,180	0,205	0,205	0,203	0,175	0,225	0,171	0,215
1:38:04	37,0	0,170	0,257	0,172	0,289	0,293	0,194	0,294	0,214	0,274	0,228	0,334	0,275	0,311	0,205	0,321	0,297	0,281	0,311	0,311	0,320	0,218	0,259	0,172	0,276	0,267	0,241	0,194	0,244	0,209	0,181	0,192	0,210	0,138	0,179	0,130	0,147	0,199	0,186	0,184	0,199	0,221	0,223	0,192	0,247	0,218	0,195	0,236	0,171	0,226	0,186	0,184	0,215	0,184	0,189	0,184	0,193	0,268	0,231	0,209	0,267	0,179	0,240	0,197	0,213	0,199	0,249	0,306	0,257	0,217	0,176	0,224	0,154	0,189	0,153	0,219	0,203	0,203	0,175	0,189	0,182	0,182	0,229	0,160	0,262	0,182	0,202	0,219	0,237	0,199	0,231	0,228	0,222	0,194	0,259	0,191	0,243
1:48:04	37,0	0,191	0,284	0,192	0,318	0,321	0,214	0,318	0,236	0,297	0,253	0,366	0,301	0,334	0,232	0,352	0,328	0,310	0,363	0,365	0,353	0,243	0,285	0,191	0,310	0,291	0,272	0,214	0,272	0,230	0,201	0,209	0,232	0,151	0,191	0,146	0,165	0,221	0,202	0,200	0,215	0,246	0,246	0,209	0,270	0,240	0,209	0,267	0,188	0,254	0,205	0,204	0,235	0,203	0,209	0,201	0,213	0,295	0,253	0,234	0,301	0,199	0,268	0,217	0,236	0,217	0,274	0,338	0,291	0,236	0,199	0,250	0,185	0,210	0,170	0,247	0,230	0,224	0,194	0,207	0,201	0,203	0,249	0,183	0,292	0,202	0,230	0,240	0,265	0,221	0,264	0,260	0,249	0,216	0,297	0,218	0,277
1:58:04	37,0	0,210	0,311	0,214	0,351	0,348	0,239	0,345	0,260	0,327	0,279	0,395	0,333	0,360	0,261	0,383	0,359	0,345	0,420	0,403	0,395	0,270	0,312	0,217	0,339	0,319	0,307	0,240	0,307	0,250	0,222	0,229	0,254	0,167	0,210	0,162	0,179	0,241	0,233	0,220	0,237	0,275	0,271	0,230	0,299	0,273	0,229	0,294	0,207	0,287	0,227	0,226	0,254	0,224	0,231	0,230	0,241	0,320	0,276	0,261	0,337	0,226	0,296	0,244	0,261	0,242	0,300	0,375	0,322	0,262	0,226	0,280	0,207	0,234	0,193	0,277	0,247	0,246	0,228	0,229	0,224	0,225	0,286	0,201	0,327	0,230	0,263	0,265	0,296	0,245	0,298	0,291	0,280	0,242	0,332	0,248	0,307
2:08:04	37,0	0,234	0,344	0,239	0,387	0,377	0,268	0,372	0,285	0,355	0,307	0,421	0,365	0,385	0,293	0,414	0,393	0,379	0,464	0,445	0,427	0,299	0,340	0,242	0,377	0,344	0,344	0,264	0,340	0,272	0,245	0,252	0,277	0,181	0,229	0,179	0,201	0,271	0,257	0,248	0,261	0,301	0,300	0,253	0,338	0,299	0,245	0,336	0,229	0,308	0,253	0,248	0,276	0,247	0,251	0,264	0,263	0,348	0,297	0,291	0,378	0,255	0,328	0,272	0,287	0,265	0,329	0,399	0,356	0,287	0,252	0,310	0,246	0,261	0,228	0,295	0,310	0,274	0,260	0,252	0,253	0,251	0,307	0,223	0,368	0,255	0,301	0,293	0,333	0,270	0,334	0,324	0,305	0,270	0,373	0,280	0,344
2:18:04	37,0	0,261	0,373	0,268	0,418	0,402	0,296	0,397	0,313	0,378	0,337	0,447	0,395	0,433	0,330	0,440	0,423	0,411	0,502	0,516	0,464	0,333	0,364	0,275	0,406	0,370	0,386	0,293	0,375	0,296	0,267	0,271	0,298	0,198	0,253	0,198	0,221	0,306	0,290	0,276	0,283	0,334	0,338	0,278	0,370	0,336	0,270	0,365	0,244	0,345	0,281	0,271	0,302	0,270	0,279	0,305	0,282	0,371	0,327	0,320	0,427	0,285	0,364	0,302	0,321	0,291	0,361	0,428	0,393	0,314	0,280	0,346	0,286	0,288	0,245	0,360	0,325	0,298	0,320	0,274	0,314	0,283	0,351	0,248	0,409	0,287	0,341	0,319	0,368	0,298	0,379	0,348	0,340	0,301	0,423	0,313	0,385
2:28:04	37,0	0,285	0,402	0,300	0,457	0,422	0,330	0,418	0,343	0,406	0,366	0,469	0,425	0,468	0,378	0,467	0,456	0,445	0,537	0,544	0,491	0,363	0,391	0,311	0,436	0,398	0,426	0,324	0,408	0,319	0,292	0,298	0,322	0,218	0,277	0,220	0,246	0,338	0,329	0,319	0,307	0,369	0,368	0,311	0,427	0,376	0,293	0,401	0,261	0,378	0,309	0,295	0,331	0,295	0,317	0,344	0,307	0,397	0,356	0,351	0,467	0,314	0,401	0,337	0,352	0,321	0,388	0,468	0,427	0,343	0,312	0,384	0,326	0,314	0,283	0,368	0,381	0,321	0,317	0,294	0,323	0,309	0,410	0,275	0,446	0,325	0,389	0,347	0,410	0,331	0,424	0,384	0,381	0,339	0,472	0,347	0,433
2:38:04	37,0	0,310	0,428	0,335	0,485	0,443	0,364	0,437	0,368	0,423	0,394	0,501	0,453	0,498	0,424	0,491	0,485	0,478	0,571	0,565	0,515	0,397	0,419	0,342	0,468	0,426	0,474	0,352	0,443	0,346	0,316	0,328	0,343	0,241	0,308	0,241	0,268	0,373	0,360	0,359	0,344	0,408	0,419	0,356	0,473	0,400	0,361	0,423	0,293	0,421	0,343	0,323	0,359	0,325	0,360	0,387	0,344	0,416	0,386	0,389	0,505	0,347	0,435	0,379	0,385	0,349	0,411	0,503	0,465	0,377	0,351	0,421	0,334	0,341	0,323	0,397	0,418	0,346	0,390	0,314	0,368	0,337	0,473	0,299	0,472	0,363	0,440	0,385	0,441	0,365	0,461	0,421	0,413	0,379	0,509	0,384	0,460
2:48:04	37,0	0,334	0,454	0,366	0,512	0,464	0,396	0,459	0,393	0,446	0,418	0,526	0,480	0,542	0,469	0,518	0,507	0,507	0,583	0,584	0,549	0,434	0,443	0,383	0,495	0,444	0,514	0,373	0,484	0,365	0,342	0,367	0,363	0,265	0,346	0,264	0,305	0,423	0,381	0,398	0,371	0,440	0,472	0,390	0,522	0,427	0,405	0,457	0,327	0,464	0,380	0,352	0,378	0,354	0,396	0,427	0,381	0,429	0,398	0,424	0,534	0,383	0,469	0,420	0,408	0,390	0,429	0,524	0,493	0,407	0,394	0,454	0,378	0,366	0,371	0,441	0,480	0,370	0,399	0,338	0,411	0,366	0,473	0,324	0,496	0,414	0,479	0,409	0,465	0,409	0,483	0,463	0,435	0,427	0,532	0,426	0,485
2:58:04	37,0	0,359	0,485	0,396	0,552	0,486	0,432	0,479	0,414	0,469	0,439	0,549	0,504	0,571	0,507	0,531	0,534	0,532	0,595	0,600	0,573	0,469	0,469	0,418	0,525	0,482	0,540	0,396	0,526	0,388	0,365	0,402	0,382	0,300	0,387	0,290	0,344	0,459	0,427	0,418	0,406	0,467	0,519	0,439	0,548	0,461	0,442	0,485	0,366	0,497	0,414	0,369	0,411	0,374	0,418	0,458	0,413	0,432	0,418	0,454	0,574	0,420	0,502	0,456	0,428	0,416	0,450	0,535	0,518	0,434	0,424	0,470	0,500	0,389	0,427	0,459	0,509	0,394	0,434	0,359	0,440	0,394	0,493	0,346	0,511	0,454	0,514	0,428	0,489	0,443	0,501	0,496	0,460	0,467	0,554	0,469	0,506
3:08:04	37,0	0,382	0,513	0,427	0,575	0,505	0,465	0,500	0,434	0,484	0,461	0,568	0,526	0,599	0,534	0,547	0,560	0,554	0,612	0,615	0,589	0,501	0,498	0,456	0,560	0,516	0,580	0,419	0,555	0,407	0,387	0,434	0,400	0,336	0,426	0,315	0,382	0,474	0,441	0,450	0,449	0,502	0,521	0,469	0,584	0,481	0,482	0,515	0,404	0,526	0,440	0,382	0,425	0,398	0,440	0,475	0,447	0,442	0,438	0,500	0,608	0,453	0,526	0,473	0,446	0,432	0,469	0,546	0,539	0,467	0,440	0,483	0,474	0,413	0,459	0,487	0,487	0,416	0,455	0,378	0,462	0,420	0,537	0,368	0,535	0,491	0,543	0,446	0,514	0,465	0,522	0,516	0,484	0,493	0,569	0,491	0,558
3:18:04	37,0	0,401	0,535	0,451	0,590	0,524	0,491	0,519	0,450	0,504	0,480	0,583	0,547	0,618	0,571	0,566	0,583	0,574	0,628	0,629	0,607	0,527	0,534	0,488	0,596	0,518	0,605	0,446	0,584	0,431	0,412	0,464	0,426	0,376	0,466	0,339	0,439	0,490	0,470	0,481	0,472	0,545	0,559	0,478	0,599	0,499	0,519	0,543	0,445	0,556	0,465	0,393	0,448	0,426	0,458	0,495	0,474	0,472	0,456	0,568	0,622	0,481	0,549	0,486	0,465	0,441	0,484	0,563	0,551	0,485	0,459	0,502	0,489	0,438	0,489	0,508	0,505	0,438	0,474	0,394	0,484	0,445	0,533	0,391	0,557	0,507	0,590	0,471	0,527	0,484	0,541	0,536	0,505	0,510	0,587	0,506	0,586
3:28:04	36,9	0,422	0,565	0,484	0,602	0,542	0,519	0,537	0,471	0,520	0,500	0,602	0,571	0,639	0,598	0,592	0,611	0,595	0,642	0,642	0,623	0,556	0,562	0,518	0,619	0,542	0,628	0,478	0,607	0,450	0,442	0,491	0,458	0,414	0,487	0,364	0,502	0,515	0,492	0,493	0,498	0,576	0,568	0,497	0,627	0,521	0,537	0,564	0,468	0,577	0,492	0,409	0,467	0,454	0,475	0,508	0,507	0,499	0,483	0,602	0,650	0,509	0,572	0,495	0,482	0,453	0,500	0,581	0,552	0,521	0,474	0,521	0,519	0,464	0,511	0,531	0,523	0,458	0,493	0,413	0,507	0,471	0,554	0,410	0,579	0,523	0,625	0,501	0,542	0,508	0,559	0,551	0,520	0,527	0,601	0,522	0,608
3:38:04	37,0	0,447	0,592	0,513	0,617	0,564	0,554	0,555	0,490	0,537	0,522	0,619	0,590	0,664	0,623	0,614	0,628	0,622	0,654	0,649	0,640	0,588	0,593	0,544	0,648	0,561	0,642	0,508	0,626	0,472	0,471	0,515	0,489	0,452	0,507	0,386	0,538	0,542	0,510	0,496	0,517	0,591	0,592	0,513	0,642	0,537	0,553	0,579	0,492	0,601	0,524	0,438	0,485	0,496	0,530	0,537	0,545	0,524	0,516	0,649	0,662	0,529	0,590	0,501	0,498	0,467	0,514	0,609	0,562	0,548	0,492	0,532	0,538	0,481	0,530	0,553	0,538	0,468	0,509	0,427	0,532	0,491	0,564	0,432	0,600	0,545	0,648	0,530	0,560	0,522	0,573	0,569	0,537	0,541	0,618	0,534	0,630
3:48:04	37,0	0,464	0,613	0,533	0,634	0,586	0,585	0,576	0,513	0,551	0,547	0,639	0,613	0,683	0,648	0,632	0,649	0,640	0,659	0,655	0,658	0,611	0,618	0,563	0,670	0,576	0,660	0,527	0,641	0,489	0,493	0,535	0,520	0,479	0,528	0,403	0,562	0,570	0,531	0,508	0,538	0,618	0,589	0,533	0,651	0,554	0,578	0,611	0,526	0,623	0,550	0,466	0,512	0,540	0,568	0,547	0,558	0,591	0,538	0,681	0,696	0,541	0,609	0,522	0,515	0,483	0,528	0,587	0,578	0,574	0,509	0,547	0,563	0,498	0,549	0,574	0,553	0,482	0,533	0,438	0,555	0,508	0,583	0,452	0,618	0,567	0,675	0,550	0,575	0,544	0,598	0,581	0,558	0,550	0,633	0,548	0,657
3:58:04	37,0	0,486	0,636	0,550	0,650	0,604	0,610	0,596	0,532	0,566	0,569	0,662	0,636	0,700	0,673	0,650	0,667	0,650	0,658	0,660	0,674	0,631	0,645	0,584	0,689	0,593	0,678	0,543	0,656	0,508	0,516	0,561	0,554	0,496	0,556	0,421	0,585	0,596	0,559	0,524	0,559	0,642	0,603	0,549	0,670	0,587	0,604	0,646	0,552	0,646	0,578	0,508	0,537	0,602	0,602	0,582	0,570	0,638	0,577	0,699	0,723	0,555	0,628	0,532	0,534	0,495	0,545	0,593	0,588	0,585	0,525	0,559	0,586	0,510	0,568	0,595	0,568	0,495	0,549	0,452	0,579	0,525	0,599	0,468	0,639	0,595	0,722	0,572	0,593	0,562	0,623	0,595	0,573	0,563	0,650	0,562	0,692
4:08:04	37,0	0,506	0,654	0,569	0,666	0,624	0,631	0,616	0,552	0,582	0,591	0,682	0,659	0,719	0,697	0,667	0,684	0,659	0,659	0,664	0,694	0,652	0,661	0,602	0,712	0,612	0,694	0,560	0,674	0,529	0,546	0,592	0,588	0,515	0,590	0,441	0,623	0,626	0,586	0,548	0,593	0,666	0,642	0,590	0,697	0,613	0,636	0,678	0,592	0,679	0,605	0,551	0,588	0,630	0,623	0,619	0,657	0,691	0,603	0,719	0,725	0,567	0,647	0,551	0,552	0,508	0,564	0,612	0,602	0,606	0,544	0,585	0,609	0,523	0,580	0,616	0,585	0,507	0,567	0,465	0,595	0,536	0,614	0,480	0,660	0,619	0,752	0,599	0,620	0,589	0,642	0,607	0,595	0,569	0,666	0,574	0,731
4:18:04	37,0	0,525	0,668	0,594	0,682	0,644	0,656	0,636	0,574	0,600	0,612	0,706	0,678	0,739	0,722	0,682	0,700	0,669	0,664	0,672	0,702	0,670	0,681	0,624	0,724	0,627	0,711	0,582	0,696	0,547	0,577	0,628	0,612	0,539	0,629	0,455	0,656	0,653	0,626	0,587	0,626	0,700	0,665	0,619	0,723	0,648	0,664	0,710	0,617	0,707	0,629	0,579	0,574	0,661	0,639	0,664	0,650	0,723	0,625	0,736	0,759	0,583	0,670	0,565	0,572	0,522	0,584	0,613	0,625	0,612	0,574	0,626	0,632	0,531	0,599	0,633	0,602	0,513	0,583	0,475	0,617	0,543	0,629	0,493	0,683	0,646	0,788	0,626	0,647	0,612	0,664	0,620	0,622	0,578	0,686	0,589	0,779
4:28:04	37,0	0,549	0,690	0,611	0,700	0,667	0,680	0,653	0,594	0,616	0,633	0,718	0,697	0,757	0,744	0,701	0,716	0,679	0,668	0,678	0,722	0,686	0,691	0,640	0,750	0,642	0,732	0,602	0,712	0,572	0,605	0,661	0,637	0,567	0,661	0,472	0,683	0,687	0,666	0,606	0,655	0,722	0,693	0,655	0,749	0,679	0,718	0,740	0,658	0,733	0,642	0,604	0,604	0,687	0,659	0,693	0,657	0,741	0,649	0,739	0,773	0,602	0,696	0,579	0,589	0,542	0,604	0,620	0,644	0,623	0,597	0,647	0,660	0,540	0,620	0,654	0,612	0,516	0,595	0,482	0,632	0,551	0,643	0,500	0,704	0,671	0,826	0,653	0,667	0,631	0,682	0,633	0,649	0,592	0,700	0,603	0,809
4:38:04	37,0	0,562	0,709	0,629	0,718	0,683	0,693	0,671	0,618	0,637	0,651	0,741	0,718	0,776	0,771	0,720	0,733	0,689	0,674	0,685	0,736	0,704	0,709	0,653	0,767	0,655	0,746	0,624	0,728	0,588	0,631	0,682	0,658	0,604	0,695	0,482	0,709	0,723	0,712	0,639	0,693	0,751	0,723	0,685	0,784	0,708	0,747	0,769	0,698	0,758	0,690	0,623	0,610	0,701	0,685	0,726	0,688	0,757	0,664	0,760	0,789	0,623	0,723	0,609	0,602	0,563	0,626	0,641	0,667	0,628	0,616	0,657	0,688	0,549	0,636	0,670	0,625	0,522	0,611	0,487	0,652	0,555	0,652	0,510	0,728	0,696	0,862	0,682	0,684	0,645	0,700	0,645	0,679	0,600	0,731	0,619	0,828
4:48:04	36,9	0,581	0,732	0,646	0,740	0,699	0,709	0,687	0,640	0,656	0,666	0,757	0,734	0,794	0,791	0,736	0,747	0,700	0,682	0,693	0,751	0,721	0,727	0,673	0,783	0,668	0,761	0,641	0,738	0,605	0,660	0,712	0,678	0,639	0,728	0,498	0,738	0,755	0,751	0,670	0,716	0,782	0,753	0,727	0,814	0,743	0,780	0,797	0,734	0,775	0,719	0,654	0,618	0,722	0,714	0,733	0,698	0,763	0,688	0,774	0,804	0,644	0,746	0,616	0,619	0,580	0,647	0,653	0,691	0,638	0,639	0,671	0,714	0,555	0,659	0,695	0,640	0,525	0,623	0,493	0,671	0,562	0,667	0,518	0,753	0,725	0,896	0,707	0,706	0,665	0,718	0,659	0,706	0,610	0,751	0,637	0,852
4:58:04	37,0	0,604	0,754	0,664	0,757	0,720	0,721	0,709	0,663	0,673	0,683	0,766	0,751	0,817	0,818	0,754	0,762	0,709	0,689	0,700	0,765	0,749	0,739	0,688	0,796	0,681	0,779	0,661	0,753	0,624	0,689	0,743	0,699	0,678	0,761	0,504	0,752	0,786	0,779	0,701	0,753	0,805	0,779	0,761	0,834	0,765	0,805	0,826	0,764	0,794	0,746	0,688	0,636	0,739	0,725	0,748	0,707	0,772	0,701	0,785	0,814	0,668	0,762	0,655	0,649	0,596	0,674	0,677	0,721	0,638	0,660	0,686	0,742	0,566	0,676	0,717	0,655	0,532	0,647	0,500	0,686	0,566	0,683	0,528	0,775	0,750	0,926	0,728	0,728	0,682	0,747	0,672	0,742	0,623	0,770	0,657	0,867
5:08:04	37,0	0,624	0,774	0,681	0,773	0,741	0,739	0,727	0,685	0,702	0,712	0,786	0,772	0,841	0,852	0,769	0,783	0,723	0,702	0,712	0,782	0,754	0,773	0,710	0,813	0,704	0,797	0,687	0,763	0,636	0,728	0,774	0,720	0,713	0,799	0,539	0,806	0,824	0,815	0,737	0,787	0,833	0,808	0,804	0,867	0,798	0,831	0,849	0,801	0,803	0,773	0,722	0,650	0,768	0,739	0,764	0,721	0,796	0,727	0,805	0,832	0,691	0,788	0,669	0,688	0,601	0,699	0,700	0,754	0,665	0,687	0,703	0,766	0,574	0,702	0,743	0,670	0,537	0,662	0,508	0,713	0,573	0,706	0,539	0,801	0,779	0,957	0,758	0,756	0,705	0,778	0,686	0,769	0,632	0,797	0,675	0,888
5:18:04	37,0	0,641	0,806	0,703	0,793	0,755	0,754	0,740	0,706	0,716	0,731	0,803	0,788	0,865	0,864	0,786	0,799	0,736	0,713	0,722	0,798	0,771	0,788	0,727	0,826	0,720	0,814	0,702	0,779	0,655	0,758	0,799	0,735	0,746	0,831	0,560	0,836	0,852	0,842	0,769	0,816	0,854	0,833	0,826	0,897	0,826	0,866	0,873	0,859	0,827	0,796	0,744	0,660	0,789	0,746	0,778	0,730	0,814	0,740	0,816	0,847	0,716	0,810	0,686	0,718	0,619	0,727	0,724	0,787	0,682	0,705	0,714	0,794	0,582	0,725	0,765	0,689	0,541	0,679	0,516	0,732	0,580	0,721	0,551	0,826	0,802	0,981	0,779	0,781	0,719	0,806	0,692	0,803	0,648	0,819	0,695	0,906
5:28:04	37,0	0,658	0,816	0,721	0,811	0,775	0,769	0,757	0,729	0,739	0,745	0,823	0,801	0,886	0,887	0,799	0,810	0,742	0,719	0,725	0,813	0,785	0,800	0,741	0,845	0,738	0,830	0,721	0,794	0,666	0,785	0,820	0,756	0,790	0,845	0,588	0,862	0,883	0,870	0,786	0,837	0,877	0,854	0,843	0,916	0,851	0,890	0,909	0,863	0,863	0,817	0,752	0,675	0,804	0,761	0,789	0,740	0,827	0,765	0,826	0,859	0,743	0,827	0,722	0,759	0,634	0,755	0,750	0,821	0,696	0,736	0,726	0,822	0,591	0,750	0,786	0,706	0,547	0,704	0,524	0,752	0,585	0,736	0,561	0,853	0,821	1,005	0,795	0,803	0,739	0,831	0,702	0,833	0,672	0,838	0,715	0,920
5:38:04	37,0	0,675	0,849	0,741	0,829	0,796	0,787	0,783	0,747	0,759	0,769	0,835	0,816	0,911	0,906	0,814	0,825	0,751	0,727	0,737	0,829	0,801	0,821	0,759	0,855	0,759	0,846	0,740	0,810	0,681	0,809	0,841	0,774	0,804	0,867	0,610	0,894	0,909	0,892	0,811	0,854	0,900	0,879	0,870	0,941	0,873	0,912	0,926	0,894	0,884	0,841	0,773	0,691	0,823	0,775	0,807	0,756	0,845	0,776	0,838	0,872	0,773	0,854	0,736	0,791	0,654	0,783	0,774	0,854	0,711	0,762	0,743	0,853	0,601	0,779	0,809	0,724	0,552	0,718	0,533	0,775	0,592	0,753	0,576	0,881	0,844	1,026	0,814	0,830	0,756	0,860	0,714	0,858	0,695	0,860	0,730	0,935
5:48:04	37,0	0,692	0,868	0,760	0,850	0,811	0,797	0,799	0,765	0,781	0,796	0,846	0,830	0,928	0,925	0,827	0,840	0,763	0,738	0,746	0,846	0,819	0,841	0,777	0,867	0,775	0,862	0,757	0,822	0,701	0,835	0,868	0,793	0,825	0,887	0,631	0,912	0,933	0,916	0,840	0,878	0,922	0,903	0,908	0,957	0,894	0,941	0,942	0,921	0,905	0,860	0,785	0,708	0,834	0,789	0,819	0,760	0,861	0,795	0,847	0,889	0,804	0,882	0,756	0,825	0,671	0,815	0,794	0,881	0,727	0,775	0,757	0,885	0,609	0,796	0,832	0,742	0,558	0,735	0,543	0,803	0,598	0,773	0,592	0,903	0,864	1,041	0,829	0,854	0,771	0,881	0,725	0,880	0,718	0,879	0,745	0,951
5:58:04	37,0	0,710	0,880	0,780	0,863	0,829	0,811	0,815	0,782	0,797	0,801	0,861	0,843	0,948	0,944	0,844	0,855	0,770	0,747	0,752	0,860	0,847	0,855	0,788	0,881	0,796	0,875	0,777	0,838	0,709	0,859	0,903	0,816	0,859	0,908	0,636	0,938	0,958	0,934	0,860	0,898	0,950	0,918	0,916	0,972	0,916	0,958	0,966	0,948	0,921	0,880	0,803	0,726	0,856	0,802	0,835	0,776	0,878	0,821	0,858	0,903	0,831	0,905	0,778	0,855	0,686	0,845	0,813	0,914	0,744	0,793	0,771	0,914	0,618	0,823	0,852	0,758	0,565	0,757	0,553	0,825	0,604	0,791	0,609	0,925	0,884	1,058	0,849	0,878	0,786	0,903	0,739	0,904	0,730	0,896	0,756	0,965
6:08:04	37,0	0,724	0,909	0,796	0,877	0,846	0,825	0,829	0,796	0,817	0,816	0,871	0,857	0,966	0,961	0,856	0,871	0,783	0,758	0,765	0,877	0,859	0,868	0,804	0,897	0,817	0,890	0,797	0,852	0,735	0,878	0,916	0,840	0,873	0,921	0,657	0,954	0,980	0,957	0,881	0,923	0,968	0,944	0,921	0,992	0,933	0,981	0,984	0,977	0,936	0,905	0,822	0,739	0,873	0,814	0,850	0,783	0,892	0,833	0,870	0,919	0,856	0,930	0,800	0,894	0,699	0,867	0,834	0,940	0,763	0,811	0,784	0,946	0,625	0,848	0,874	0,775	0,570	0,777	0,566	0,846	0,613	0,809	0,625	0,943	0,902	1,076	0,865	0,900	0,798	0,919	0,752	0,928	0,750	0,914	0,770	0,984
6:18:04	37,0	0,739	0,921	0,812	0,895	0,860	0,839	0,854	0,813	0,829	0,845	0,888	0,870	0,981	0,976	0,868	0,886	0,789	0,769	0,774	0,891	0,870	0,882	0,824	0,903	0,837	0,904	0,813	0,858	0,739	0,899	0,944	0,860	0,885	0,937	0,678	0,972	1,005	0,977	0,902	0,945	0,988	0,962	0,951	1,012	0,955	1,001	1,002	0,998	0,950	0,922	0,836	0,753	0,888	0,829	0,865	0,791	0,904	0,848	0,883	0,930	0,877	0,954	0,821	0,924	0,714	0,891	0,856	0,966	0,777	0,826	0,796	0,976	0,634	0,872	0,892	0,795	0,577	0,791	0,577	0,868	0,619	0,828	0,645	0,960	0,916	1,092	0,882	0,923	0,811	0,938	0,760	0,948	0,761	0,931	0,783	1,001
6:28:04	37,0	0,755	0,939	0,835	0,912	0,878	0,854	0,874	0,831	0,847	0,860	0,905	0,884	1,000	0,999	0,882	0,901	0,798	0,775	0,784	0,907	0,898	0,904	0,841	0,922	0,857	0,920	0,836	0,874	0,756	0,919	0,963	0,875	0,907	0,959	0,701	0,986	1,028	1,000	0,913	0,963	1,004	0,987	0,979	1,020	0,970	1,023	1,019	1,026	0,962	0,933	0,854	0,766	0,907	0,841	0,882	0,810	0,927	0,868	0,898	0,947	0,904	0,981	0,846	0,963	0,730	0,922	0,876	0,986	0,790	0,847	0,814	1,005	0,641	0,891	0,909	0,812	0,583	0,809	0,588	0,887	0,626	0,842	0,661	0,977	0,928	1,106	0,896	0,943	0,824	0,955	0,773	0,965	0,774	0,956	0,795	1,014
6:38:04	37,0	0,767	0,961	0,851	0,927	0,897	0,866	0,888	0,844	0,858	0,865	0,914	0,896	1,013	1,006	0,895	0,916	0,803	0,784	0,797	0,922	0,904	0,911	0,854	0,938	0,874	0,935	0,849	0,892	0,772	0,931	0,979	0,894	0,924	0,973	0,708	0,992	1,044	1,014	0,932	0,978	1,018	1,000	0,993	1,035	0,993	1,039	1,034	1,047	0,978	0,950	0,867	0,777	0,920	0,852	0,896	0,813	0,934	0,877	0,910	0,959	0,928	1,010	0,876	0,996	0,743	0,948	0,898	1,008	0,809	0,869	0,828	1,031	0,648	0,907	0,925	0,828	0,590	0,829	0,600	0,904	0,633	0,864	0,678	0,992	0,941	1,120	0,907	0,966	0,835	0,971	0,782	0,977	0,791	0,968	0,801	1,024
6:48:04	37,0	0,781	0,967	0,866	0,941	0,904	0,876	0,905	0,854	0,866	0,888	0,926	0,906	1,024	1,020	0,899	0,926	0,815	0,796	0,811	0,939	0,916	0,924	0,864	0,939	0,889	0,942	0,857	0,895	0,782	0,940	0,994	0,918	0,938	0,992	0,725	1,001	1,056	1,028	0,945	0,991	1,032	1,018	1,002	1,047	1,014	1,061	1,053	1,062	0,989	0,963	0,878	0,785	0,924	0,859	0,904	0,818	0,942	0,887	0,917	0,958	0,950	1,031	0,895	1,025	0,760	0,980	0,923	1,030	0,822	0,885	0,841	1,058	0,655	0,919	0,939	0,841	0,593	0,841	0,610	0,918	0,642	0,880	0,689	1,005	0,950	1,132	0,915	0,987	0,840	0,990	0,791	0,990	0,798	0,973	0,803	1,031
6:58:04	37,0	0,795	0,991	0,882	0,949	0,921	0,892	0,922	0,870	0,882	0,898	0,937	0,920	1,038	1,032	0,913	0,945	0,834	0,822	0,823	0,944	0,920	0,945	0,886	0,950	0,907	0,958	0,879	0,915	0,803	0,958	1,027	0,917	0,949	1,030	0,769	1,014	1,076	1,046	0,987	1,010	1,046	1,033	1,025	1,065	1,030	1,078	1,064	1,084	1,013	0,974	0,896	0,802	0,946	0,875	0,922	0,830	0,957	0,907	0,933	0,971	0,975	1,064	0,917	1,054	0,781	1,008	0,947	1,054	0,838	0,901	0,855	1,086	0,660	0,942	0,953	0,853	0,600	0,861	0,623	0,935	0,650	0,896	0,713	1,022	0,957	1,140	0,926	1,002	0,852	1,001	0,799	1,009	0,806	0,990	0,820	1,043
7:08:04	37,0	0,809	1,003	0,896	0,968	0,938	0,904	0,940	0,883	0,902	0,919	0,949	0,936	1,055	1,044	0,925	0,958	0,844	0,830	0,838	0,953	0,930	0,963	0,900	0,963	0,922	0,968	0,892	0,930	0,817	0,977	1,041	0,927	0,964	1,032	0,772	1,034	1,094	1,067	0,997	1,030	1,068	1,053	1,036	1,089	1,051	1,094	1,083	1,104	1,024	0,990	0,913	0,817	0,959	0,913	0,940	0,838	0,973	0,913	0,945	0,986	0,995	1,088	0,934	1,081	0,798	1,033	0,967	1,072	0,852	0,915	0,874	1,108	0,669	0,952	0,968	0,868	0,606	0,876	0,639	0,952	0,657	0,913	0,733	1,037	0,966	1,153	0,938	1,016	0,863	1,016	0,811	1,022	0,820	1,008	0,834	1,056
7:18:04	37,0	0,822	1,014	0,911	0,980	0,957	0,917	0,955	0,896	0,914	0,938	0,959	0,946	1,070	1,065	0,938	0,969	0,856	0,849	0,857	0,967	0,949	0,974	0,911	0,977	0,938	0,984	0,908	0,944	0,827	0,995	1,056	0,943	0,980	1,050	0,799	1,046	1,111	1,083	1,005	1,051	1,090	1,066	1,055	1,099	1,062	1,115	1,095	1,124	1,033	1,004	0,926	0,828	0,973	0,925	0,954	0,847	0,986	0,925	0,958	0,997	1,017	1,113	0,954	1,101	0,813	1,054	0,983	1,090	0,868	0,930	0,889	1,131	0,676	0,967	0,982	0,884	0,610	0,892	0,651	0,965	0,665	0,927	0,750	1,050	0,971	1,166	0,943	1,029	0,871	1,030	0,823	1,035	0,827	1,021	0,841	1,064
7:28:04	37,0	0,834	1,040	0,934	0,994	0,973	0,929	0,962	0,909	0,925	0,957	0,971	0,963	1,083	1,075	0,951	0,981	0,865	0,859	0,872	0,979	0,961	0,982	0,921	0,984	0,952	0,995	0,920	0,958	0,849	1,006	1,071	0,956	0,992	1,062	0,803	1,059	1,123	1,097	1,023	1,066	1,104	1,090	1,075	1,110	1,080	1,131	1,113	1,137	1,043	1,013	0,939	0,842	0,982	0,933	0,969	0,860	0,997	0,942	0,969	1,005	1,035	1,137	0,972	1,128	0,826	1,076	1,001	1,105	0,879	0,947	0,897	1,150	0,683	0,980	0,996	0,897	0,617	0,902	0,661	0,976	0,673	0,942	0,769	1,066	0,978	1,175	0,951	1,038	0,878	1,044	0,830	1,051	0,839	1,033	0,846	1,073
7:38:04	37,0	0,846	1,049	0,946	1,007	0,982	0,943	0,977	0,917	0,935	0,974	0,982	0,972	1,096	1,087	0,964	0,992	0,876	0,866	0,883	0,992	0,981	0,987	0,936	0,995	0,962	1,012	0,935	0,964	0,860	1,016	1,087	0,975	1,002	1,075	0,815	1,065	1,136	1,110	1,035	1,080	1,114	1,105	1,081	1,124	1,093	1,139	1,120	1,151	1,054	1,025	0,950	0,852	0,988	0,941	0,978	0,872	1,007	0,949	0,978	1,010	1,051	1,162	0,991	1,143	0,837	1,099	1,016	1,115	0,891	0,964	0,913	1,169	0,690	0,990	1,007	0,907	0,622	0,919	0,672	0,997	0,680	0,956	0,785	1,076	0,982	1,186	0,959	1,047	0,882	1,056	0,842	1,061	0,847	1,046	0,845	1,081
7:48:04	37,0	0,857	1,054	0,958	1,019	0,993	0,955	0,999	0,930	0,948	0,974	0,998	0,986	1,109	1,095	0,970	1,002	0,884	0,877	0,895	1,003	0,993	0,999	0,949	1,000	0,978	1,021	0,945	0,978	0,868	1,028	1,103	0,985	1,019	1,088	0,842	1,078	1,148	1,124	1,052	1,093	1,135	1,120	1,092	1,136	1,107	1,155	1,137	1,163	1,049	1,035	0,962	0,867	1,003	0,954	0,992	0,881	1,020	0,954	0,992	1,020	1,070	1,188	1,007	1,165	0,850	1,122	1,030	1,127	0,906	0,982	0,925	1,191	0,696	1,004	1,020	0,919	0,626	0,930	0,683	1,009	0,689	0,969	0,801	1,091	0,985	1,192	0,968	1,054	0,888	1,070	0,853	1,074	0,853	1,063	0,851	1,090
7:58:04	37,0	0,867	1,076	0,970	1,030	1,001	0,967	1,011	0,943	0,962	0,989	1,007	0,994	1,121	1,109	0,983	1,013	0,890	0,887	0,910	1,010	1,000	1,008	0,956	1,011	0,988	1,032	0,958	0,985	0,891	1,040	1,116	1,000	1,026	1,101	0,848	1,085	1,158	1,135	1,065	1,107	1,143	1,127	1,106	1,147	1,121	1,170	1,147	1,176	1,059	1,045	0,972	0,876	1,010	0,962	1,000	0,889	1,027	0,961	1,002	1,027	1,086	1,205	1,022	1,179	0,873	1,138	1,050	1,140	0,917	1,002	0,940	1,209	0,704	1,013	1,028	0,934	0,632	0,941	0,694	1,024	0,697	0,981	0,820	1,102	0,987	1,200	0,971	1,061	0,891	1,077	0,858	1,083	0,859	1,077	0,853	1,098
8:08:04	37,0	0,877	1,091	0,981	1,040	1,024	0,979	1,025	0,954	0,973	1,005	1,018	1,008	1,133	1,118	0,993	1,021	0,899	0,896	0,925	1,020	1,011	1,018	0,968	1,018	0,998	1,044	0,969	0,997	0,900	1,052	1,129	1,010	1,037	1,111	0,858	1,090	1,171	1,147	1,077	1,118	1,152	1,136	1,123	1,159	1,133	1,177	1,159	1,187	1,084	1,051	0,982	0,885	1,019	0,971	1,013	0,899	1,040	0,970	1,014	1,037	1,103	1,220	1,036	1,196	0,888	1,156	1,066	1,154	0,931	1,014	0,954	1,225	0,710	1,023	1,039	0,943	0,637	0,955	0,702	1,041	0,703	0,994	0,838	1,112	0,988	1,206	0,977	1,065	0,896	1,084	0,866	1,092	0,863	1,092	0,854	1,107
8:18:04	37,0	0,887	1,102	0,992	1,051	1,035	0,991	1,031	0,963	0,983	1,014	1,029	1,017	1,143	1,129	1,002	1,030	0,910	0,904	0,936	1,028	1,019	1,028	0,977	1,028	1,008	1,052	0,978	1,008	0,903	1,062	1,140	1,020	1,042	1,122	0,873	1,097	1,182	1,157	1,085	1,127	1,165	1,144	1,135	1,167	1,141	1,194	1,165	1,197	1,080	1,062	0,991	0,896	1,030	0,980	1,023	0,906	1,050	0,976	1,024	1,045	1,122	1,233	1,051	1,210	0,902	1,175	1,087	1,165	0,943	1,033	0,970	1,236	0,718	1,031	1,049	0,957	0,641	0,967	0,712	1,051	0,711	1,005	0,852	1,123	0,989	1,212	0,981	1,070	0,900	1,100	0,871	1,102	0,868	1,105	0,855	1,116
8:28:04	37,0	0,896	1,111	1,004	1,065	1,041	1,004	1,037	0,974	0,998	1,022	1,037	1,027	1,152	1,134	1,010	1,041	0,924	0,920	0,949	1,040	1,030	1,038	0,989	1,037	1,018	1,060	0,986	1,022	0,912	1,072	1,152	1,033	1,048	1,132	0,886	1,106	1,192	1,170	1,100	1,140	1,180	1,158	1,140	1,176	1,153	1,204	1,177	1,209	1,103	1,069	1,000	0,905	1,036	0,987	1,033	0,916	1,059	0,984	1,035	1,052	1,139	1,244	1,062	1,222	0,913	1,194	1,107	1,176	0,953	1,048	0,985	1,248	0,726	1,039	1,057	0,967	0,646	0,980	0,724	1,065	0,718	1,018	0,868	1,133	0,990	1,217	0,985	1,074	0,903	1,115	0,876	1,109	0,872	1,119	0,857	1,124
8:38:04	37,0	0,907	1,117	1,016	1,076	1,046	1,018	1,046	0,985	1,005	1,038	1,048	1,038	1,161	1,145	1,019	1,050	0,931	0,929	0,960	1,047	1,044	1,045	0,997	1,050	1,023	1,073	0,997	1,033	0,929	1,083	1,164	1,039	1,053	1,141	0,891	1,112	1,202	1,178	1,111	1,153	1,186	1,166	1,155	1,186	1,163	1,212	1,187	1,215	1,111	1,079	1,008	0,913	1,044	0,994	1,041	0,925	1,067	0,994	1,042	1,061	1,154	1,252	1,076	1,229	0,951	1,201	1,120	1,191	0,966	1,063	0,999	1,257	0,731	1,048	1,066	0,976	0,653	0,991	0,733	1,079	0,724	1,028	0,882	1,142	0,991	1,222	0,986	1,076	0,907	1,126	0,879	1,117	0,870	1,130	0,857	1,130
8:48:04	37,0	0,918	1,120	1,027	1,085	1,063	1,026	1,060	0,995	1,016	1,049	1,060	1,052	1,170	1,151	1,026	1,060	0,942	0,950	0,977	1,059	1,051	1,061	1,013	1,054	1,032	1,081	1,002	1,042	0,933	1,089	1,179	1,043	1,065	1,158	0,905	1,120	1,211	1,190	1,125	1,165	1,197	1,180	1,165	1,197	1,177	1,225	1,198	1,228	1,108	1,086	1,015	0,923	1,051	1,002	1,048	0,934	1,077	1,003	1,053	1,068	1,170	1,265	1,088	1,237	0,961	1,223	1,139	1,203	0,978	1,081	1,014	1,264	0,737	1,056	1,074	0,988	0,657	1,002	0,750	1,092	0,734	1,043	0,893	1,151	0,992	1,224	0,990	1,078	0,910	1,147	0,883	1,125	0,877	1,142	0,858	1,138
8:58:04	37,0	0,928	1,138	1,040	1,093	1,078	1,041	1,072	1,007	1,029	1,059	1,071	1,062	1,179	1,161	1,035	1,068	0,951	0,956	0,985	1,068	1,061	1,070	1,020	1,064	1,040	1,087	1,009	1,051	0,952	1,096	1,188	1,058	1,073	1,170	0,914	1,127	1,220	1,199	1,132	1,174	1,206	1,192	1,171	1,204	1,189	1,232	1,206	1,235	1,124	1,094	1,023	0,931	1,062	1,008	1,058	0,940	1,085	1,006	1,064	1,077	1,179	1,273	1,098	1,249	0,971	1,232	1,149	1,211	0,986	1,096	1,024	1,267	0,744	1,062	1,081	0,997	0,662	1,010	0,760	1,103	0,739	1,053	0,905	1,160	0,991	1,231	0,994	1,079	0,912	1,154	0,887	1,133	0,876	1,155	0,857	1,146
9:08:04	37,0	0,936	1,149	1,051	1,100	1,086	1,051	1,083	1,018	1,039	1,073	1,083	1,072	1,188	1,170	1,042	1,077	0,958	0,969	0,998	1,075	1,065	1,079	1,025	1,068	1,048	1,094	1,018	1,058	0,956	1,101	1,197	1,059	1,079	1,177	0,923	1,134	1,229	1,206	1,141	1,184	1,219	1,199	1,181	1,214	1,197	1,243	1,214	1,244	1,131	1,100	1,029	0,941	1,069	1,015	1,066	0,947	1,094	1,015	1,072	1,083	1,190	1,282	1,107	1,253	0,983	1,247	1,160	1,221	0,997	1,112	1,038	1,270	0,750	1,069	1,089	1,007	0,668	1,022	0,775	1,115	0,748	1,065	0,914	1,169	0,991	1,235	0,996	1,080	0,913	1,166	0,891	1,143	0,879	1,169	0,858	1,152
9:18:04	37,0	0,945	1,154	1,060	1,105	1,094	1,062	1,092	1,027	1,050	1,079	1,089	1,081	1,195	1,175	1,051	1,085	0,968	0,978	1,009	1,083	1,075	1,085	1,039	1,079	1,053	1,100	1,025	1,060	0,966	1,109	1,209	1,072	1,086	1,186	0,935	1,139	1,236	1,217	1,148	1,196	1,228	1,207	1,190	1,221	1,206	1,252	1,222	1,252	1,142	1,108	1,035	0,945	1,072	1,022	1,068	0,954	1,099	1,021	1,080	1,089	1,200	1,289	1,114	1,260	0,993	1,258	1,161	1,228	1,007	1,123	1,049	1,263	0,756	1,074	1,094	1,018	0,672	1,030	0,787	1,123	0,755	1,075	0,923	1,176	0,991	1,239	0,998	1,079	0,915	1,169	0,893	1,148	0,879	1,184	0,857	1,157
9:28:04	37,0	0,953	1,159	1,069	1,112	1,101	1,073	1,101	1,038	1,057	1,092	1,099	1,088	1,200	1,185	1,059	1,092	0,976	0,986	1,020	1,089	1,083	1,092	1,047	1,090	1,058	1,107	1,031	1,071	0,976	1,116	1,217	1,080	1,089	1,193	0,944	1,144	1,244	1,226	1,159	1,202	1,239	1,214	1,201	1,226	1,211	1,260	1,228	1,259	1,140	1,115	1,043	0,951	1,076	1,026	1,079	0,960	1,106	1,026	1,087	1,096	1,209	1,297	1,122	1,270	1,000	1,269	1,169	1,235	1,013	1,138	1,060	1,267	0,762	1,079	1,099	1,025	0,678	1,038	0,797	1,132	0,762	1,085	0,930	1,185	0,990	1,243	0,997	1,079	0,916	1,174	0,895	1,155	0,881	1,192	0,854	1,159
9:38:04	37,0	0,959	1,162	1,074	1,115	1,104	1,076	1,110	1,047	1,059	1,095	1,107	1,093	1,203	1,193	1,068	1,099	0,983	0,995	1,029	1,094	1,089	1,099	1,055	1,091	1,065	1,113	1,035	1,080	0,981	1,121	1,222	1,093	1,094	1,202	0,950	1,150	1,248	1,233	1,167	1,210	1,248	1,219	1,209	1,235	1,223	1,267	1,233	1,264	1,153	1,120	1,045	0,953	1,078	1,030	1,082	0,964	1,111	1,034	1,092	1,098	1,217	1,302	1,131	1,278	1,000	1,272	1,180	1,242	1,020	1,151	1,073	1,273	0,767	1,082	1,106	1,032	0,679	1,044	0,807	1,142	0,770	1,091	0,934	1,190	0,988	1,243	0,999	1,079	0,915	1,176	0,896	1,156	0,881	1,196	0,855	1,161
9:48:04	37,0	0,965	1,164	1,079	1,121	1,107	1,084	1,117	1,058	1,070	1,102	1,111	1,098	1,209	1,198	1,074	1,107	0,992	1,002	1,040	1,097	1,097	1,104	1,064	1,094	1,068	1,117	1,040	1,080	0,987	1,123	1,228	1,092	1,094	1,210	0,955	1,153	1,253	1,237	1,170	1,217	1,251	1,223	1,212	1,241	1,227	1,272	1,238	1,267	1,145	1,127	1,049	0,955	1,083	1,033	1,087	0,967	1,116	1,037	1,097	1,103	1,224	1,306	1,138	1,285	1,007	1,274	1,189	1,246	1,030	1,165	1,084	1,281	0,772	1,085	1,108	1,040	0,683	1,050	0,817	1,149	0,776	1,099	0,939	1,194	0,985	1,245	0,998	1,077	0,915	1,179	0,896	1,157	0,883	1,257	0,853	1,164
9:58:04	37,0	0,973	1,176	1,084	1,129	1,114	1,095	1,121	1,065	1,077	1,110	1,121	1,104	1,216	1,204	1,082	1,113	1,001	1,012	1,051	1,107	1,106	1,109	1,073	1,104	1,073	1,125	1,048	1,083	0,997	1,128	1,238	1,101	1,102	1,218	0,960	1,158	1,261	1,244	1,177	1,225	1,261	1,233	1,218	1,250	1,235	1,277	1,238	1,272	1,153	1,132	1,054	0,962	1,091	1,038	1,094	0,972	1,123	1,046	1,105	1,109	1,232	1,310	1,144	1,292	1,011	1,278	1,201	1,248	1,037	1,175	1,094	1,286	0,776	1,089	1,112	1,047	0,688	1,059	0,827	1,149	0,782	1,109	0,943	1,200	0,982	1,246	0,999	1,079	0,917	1,181	0,898	1,159	0,885	1,217	0,849	1,166
10:08:04	37,0	0,983	1,186	1,092	1,137	1,120	1,096	1,129	1,072	1,086	1,116	1,127	1,111	1,223	1,209	1,089	1,120	1,011	1,024	1,060	1,116	1,127	1,119	1,084	1,113	1,080	1,129	1,053	1,092	1,000	1,135	1,246	1,107	1,107	1,225	0,966	1,164	1,268	1,252	1,189	1,232	1,268	1,242	1,225	1,254	1,243	1,284	1,251	1,282	1,163	1,136	1,059	0,970	1,099	1,044	1,101	0,978	1,129	1,051	1,113	1,122	1,240	1,317	1,152	1,295	1,023	1,281	1,210	1,253	1,048	1,186	1,099	1,292	0,781	1,095	1,116	1,055	0,691	1,067	0,840	1,146	0,790	1,116	0,949	1,208	0,980	1,247	0,999	1,079	0,916	1,186	0,900	1,158	0,885	1,269	0,848	1,170
10:18:04	37,0	0,986	1,191	1,096	1,141	1,125	1,103	1,136	1,078	1,093	1,121	1,133	1,115	1,228	1,214	1,096	1,128	1,016	1,030	1,067	1,118	1,124	1,124	1,088	1,115	1,082	1,135	1,059	1,101	1,008	1,137	1,251	1,110	1,112	1,230	0,974	1,168	1,274	1,257	1,191	1,235	1,272	1,245	1,232	1,265	1,248	1,291	1,256	1,287	1,169	1,140	1,064	0,974	1,101	1,048	1,105	0,983	1,132	1,055	1,118	1,124	1,246	1,319	1,159	1,299	1,030	1,284	1,208	1,256	1,051	1,195	1,112	1,299	0,786	1,097	1,118	1,061	0,695	1,073	0,847	1,150	0,797	1,119	0,954	1,211	0,978	1,248	0,997	1,078	0,917	1,183	0,902	1,155	0,884	1,272	0,845	1,173
10:28:04	37,0	0,993	1,198	1,102	1,148	1,130	1,109	1,144	1,087	1,099	1,132	1,140	1,121	1,235	1,218	1,103	1,133	1,025	1,040	1,075	1,124	1,135	1,133	1,099	1,121	1,085	1,138	1,061	1,105	1,011	1,140	1,257	1,117	1,118	1,235	0,974	1,173	1,278	1,262	1,199	1,240	1,279	1,256	1,238	1,263	1,252	1,296	1,262	1,296	1,191	1,145	1,069	0,978	1,106	1,052	1,110	0,986	1,137	1,061	1,124	1,128	1,253	1,322	1,165	1,305	1,035	1,296	1,207	1,258	1,059	1,206	1,122	1,304	0,792	1,100	1,120	1,065	0,699	1,077	0,854	1,155	0,805	1,125	0,958	1,218	0,975	1,248	0,998	1,078	0,917	1,180	0,902	1,165	0,883	1,276	0,844	1,173
10:38:04	37,0	0,999	1,200	1,106	1,149	1,134	1,111	1,149	1,090	1,102	1,134	1,143	1,122	1,238	1,226	1,109	1,140	1,029	1,045	1,083	1,129	1,137	1,138	1,105	1,120	1,087	1,140	1,065	1,105	1,018	1,143	1,262	1,118	1,116	1,241	0,981	1,173	1,280	1,268	1,203	1,246	1,282	1,256	1,246	1,269	1,257	1,302	1,264	1,295	1,166	1,148	1,073	0,980	1,107	1,053	1,114	0,988	1,142	1,063	1,125	1,129	1,254	1,323	1,169	1,310	1,045	1,300	1,216	1,264	1,066	1,214	1,132	1,308	0,796	1,101	1,119	1,072	0,702	1,082	0,858	1,159	0,812	1,133	0,960	1,220	0,971	1,248	0,995	1,078	0,916	1,177	0,901	1,120	0,881	1,279	0,840	1,173
10:48:04	37,0	1,005	1,207	1,111	1,158	1,140	1,123	1,155	1,101	1,112	1,141	1,151	1,128	1,244	1,229	1,113	1,144	1,040	1,057	1,094	1,134	1,139	1,148	1,113	1,129	1,092	1,143	1,071	1,114	1,018	1,148	1,270	1,122	1,121	1,249	0,985	1,179	1,286	1,273	1,214	1,251	1,289	1,262	1,249	1,270	1,262	1,308	1,272	1,304	1,180	1,152	1,077	0,986	1,113	1,060	1,122	0,991	1,148	1,071	1,133	1,137	1,260	1,327	1,174	1,313	1,063	1,310	1,218	1,268	1,071	1,219	1,140	1,315	0,802	1,104	1,119	1,079	0,705	1,089	0,864	1,167	0,821	1,141	0,966	1,226	0,970	1,249	0,996	1,077	0,919	1,173	0,901	1,122	0,882	1,283	0,838	1,175
10:58:04	37,0	1,009	1,211	1,115	1,161	1,145	1,128	1,159	1,106	1,116	1,146	1,153	1,134	1,248	1,236	1,120	1,149	1,044	1,065	1,103	1,141	1,144	1,153	1,116	1,135	1,095	1,144	1,074	1,114	1,025	1,149	1,276	1,125	1,125	1,254	0,993	1,183	1,291	1,274	1,219	1,258	1,299	1,272	1,254	1,276	1,267	1,313	1,274	1,309	1,181	1,155	1,081	0,990	1,118	1,062	1,125	0,996	1,151	1,073	1,137	1,141	1,263	1,328	1,178	1,316	1,071	1,316	1,224	1,273	1,076	1,226	1,146	1,319	0,807	1,106	1,123	1,084	0,708	1,094	0,868	1,166	0,830	1,148	0,970	1,230	0,967	1,248	0,992	1,078	0,920	1,162	0,901	1,117	0,882	1,280	0,838	1,174
11:08:04	37,0	1,014	1,215	1,120	1,165	1,149	1,134	1,165	1,111	1,120	1,152	1,161	1,139	1,253	1,238	1,126	1,153	1,051	1,070	1,110	1,146	1,151	1,156	1,120	1,141	1,096	1,151	1,078	1,127	1,032	1,155	1,279	1,131	1,128	1,259	0,996	1,185	1,295	1,279	1,226	1,264	1,304	1,274	1,258	1,279	1,271	1,315	1,278	1,314	1,179	1,158	1,084	0,992	1,118	1,066	1,129	0,998	1,152	1,078	1,139	1,144	1,266	1,329	1,182	1,319	1,079	1,320	1,228	1,277	1,079	1,232	1,151	1,321	0,814	1,107	1,119	1,091	0,711	1,096	0,870	1,170	0,839	1,151	0,971	1,233	0,962	1,246	0,994	1,076	0,921	1,160	0,900	1,113	0,880	1,267	0,837	1,172
11:18:04	37,0	1,019	1,216	1,123	1,167	1,152	1,137	1,168	1,114	1,124	1,157	1,164	1,141	1,257	1,241	1,131	1,157	1,056	1,075	1,114	1,149	1,159	1,160	1,130	1,143	1,097	1,156	1,081	1,125	1,036	1,160	1,282	1,135	1,128	1,261	0,998	1,188	1,296	1,283	1,228	1,266	1,305	1,275	1,260	1,286	1,277	1,315	1,280	1,315	1,182	1,162	1,086	0,993	1,123	1,067	1,132	1,002	1,155	1,082	1,143	1,147	1,266	1,330	1,183	1,320	1,082	1,322	1,236	1,279	1,081	1,235	1,155	1,323	0,820	1,108	1,121	1,094	0,716	1,100	0,873	1,176	0,845	1,156	0,975	1,236	0,960	1,245	0,991	1,074	0,920	1,156	0,901	1,109	0,879	1,256	0,834	1,168
11:28:04	37,0	1,024	1,221	1,127	1,173	1,156	1,142	1,174	1,123	1,129	1,163	1,171	1,146	1,263	1,246	1,134	1,163	1,065	1,083	1,124	1,154	1,164	1,167	1,134	1,145	1,099	1,158	1,084	1,130	1,040	1,161	1,289	1,137	1,131	1,269	1,001	1,192	1,299	1,287	1,233	1,268	1,306	1,280	1,263	1,288	1,282	1,320	1,286	1,319	1,201	1,163	1,089	0,997	1,126	1,072	1,135	1,005	1,159	1,082	1,148	1,152	1,268	1,329	1,187	1,320	1,084	1,325	1,243	1,283	1,085	1,242	1,161	1,325	0,828	1,111	1,121	1,099	0,717	1,104	0,875	1,182	0,852	1,161	0,976	1,239	0,958	1,245	0,987	1,073	0,920	1,154	0,901	1,106	0,878	1,253	0,831	1,168
11:38:04	37,0	1,028	1,222	1,131	1,176	1,160	1,141	1,178	1,126	1,133	1,167	1,175	1,149	1,265	1,251	1,140	1,167	1,071	1,090	1,129	1,158	1,174	1,171	1,144	1,149	1,100	1,161	1,086	1,133	1,041	1,161	1,293	1,139	1,134	1,273	1,006	1,193	1,302	1,289	1,238	1,274	1,316	1,288	1,268	1,290	1,281	1,324	1,285	1,322	1,202	1,166	1,091	0,999	1,129	1,073	1,137	1,006	1,161	1,088	1,149	1,153	1,269	1,328	1,191	1,320	1,085	1,327	1,249	1,288	1,088	1,249	1,166	1,326	0,834	1,111	1,122	1,108	0,721	1,107	0,875	1,184	0,855	1,161	0,981	1,241	0,956	1,241	0,988	1,073	0,918	1,151	0,901	1,103	0,877	1,264	0,829	1,167
11:48:04	37,0	1,031	1,225	1,135	1,177	1,165	1,144	1,181	1,130	1,138	1,172	1,180	1,154	1,268	1,252	1,145	1,171	1,077	1,095	1,135	1,161	1,178	1,175	1,149	1,155	1,102	1,163	1,088	1,137	1,043	1,167	1,296	1,143	1,135	1,277	1,004	1,196	1,303	1,293	1,242	1,277	1,312	1,288	1,269	1,298	1,289	1,326	1,289	1,324	1,203	1,169	1,093	1,001	1,131	1,076	1,141	1,010	1,164	1,089	1,154	1,154	1,270	1,326	1,193	1,320	1,089	1,326	1,256	1,289	1,091	1,250	1,170	1,325	0,838	1,112	1,121	1,112	0,725	1,109	0,877	1,187	0,858	1,163	0,984	1,242	0,954	1,240	0,984	1,071	0,917	1,147	0,901	1,099	0,875	1,230	0,825	1,165
11:58:04	37,0	1,036	1,228	1,138	1,183	1,169	1,148	1,186	1,128	1,141	1,177	1,184	1,157	1,272	1,256	1,149	1,174	1,084	1,102	1,138	1,164	1,183	1,178	1,153	1,159	1,104	1,166	1,092	1,139	1,045	1,168	1,298	1,148	1,138	1,280	1,006	1,199	1,307	1,297	1,244	1,280	1,316	1,294	1,273	1,298	1,289	1,328	1,292	1,329	1,199	1,171	1,095	1,004	1,132	1,078	1,146	1,011	1,165	1,091	1,158	1,157	1,270	1,325	1,194	1,319	1,092	1,326	1,258	1,291	1,091	1,255	1,174	1,325	0,847	1,114	1,122	1,119	0,727	1,112	0,877	1,187	0,860	1,165	0,985	1,245	0,953	1,240	0,983	1,068	0,917	1,145	0,901	1,098	0,873	1,228	0,821	1,162
12:08:04	37,0	1,039	1,229	1,141	1,183	1,172	1,152	1,188	1,133	1,144	1,180	1,187	1,159	1,275	1,262	1,152	1,175	1,088	1,108	1,143	1,166	1,189	1,183	1,157	1,160	1,105	1,168	1,093	1,139	1,048	1,170	1,301	1,150	1,139	1,283	1,008	1,199	1,307	1,296	1,245	1,283	1,320	1,294	1,275	1,297	1,290	1,330	1,297	1,329	1,199	1,172	1,095	1,005	1,134	1,080	1,146	1,013	1,167	1,092	1,160	1,159	1,270	1,323	1,195	1,318	1,093	1,327	1,260	1,292	1,093	1,259	1,176	1,323	0,850	1,114	1,121	1,124	0,732	1,115	0,877	1,186	0,859	1,168	0,988	1,246	0,951	1,236	0,981	1,066	0,915	1,142	0,901	1,096	0,872	1,223	0,820	1,168
12:18:04	37,0	1,042	1,229	1,142	1,185	1,172	1,155	1,189	1,135	1,145	1,182	1,188	1,159	1,276	1,268	1,155	1,180	1,094	1,113	1,145	1,167	1,184	1,183	1,157	1,162	1,103	1,168	1,095	1,141	1,049	1,172	1,302	1,150	1,142	1,287	1,007	1,196	1,308	1,300	1,249	1,282	1,319	1,293	1,276	1,302	1,294	1,330	1,295	1,327	1,199	1,173	1,097	1,004	1,133	1,080	1,147	1,013	1,168	1,093	1,161	1,158	1,268	1,321	1,197	1,316	1,097	1,325	1,262	1,291	1,091	1,261	1,179	1,321	0,854	1,113	1,120	1,128	0,732	1,116	0,876	1,187	0,860	1,168	0,989	1,246	0,949	1,232	0,980	1,064	0,911	1,139	0,897	1,094	0,869	1,220	0,818	1,159
12:28:04	37,0	1,047	1,230	1,146	1,186	1,177	1,158	1,193	1,140	1,147	1,185	1,192	1,161	1,278	1,266	1,158	1,181	1,098	1,116	1,149	1,171	1,188	1,186	1,161	1,163	1,105	1,172	1,096	1,146	1,048	1,171	1,303	1,153	1,143	1,288	1,009	1,200	1,309	1,298	1,250	1,285	1,323	1,295	1,277	1,303	1,294	1,333	1,296	1,332	1,200	1,173	1,098	1,006	1,135	1,083	1,150	1,015	1,169	1,094	1,164	1,160	1,269	1,319	1,197	1,315	1,098	1,324	1,263	1,290	1,092	1,263	1,181	1,321	0,855	1,113	1,118	1,129	0,737	1,117	0,876	1,190	0,861	1,170	0,991	1,248	0,947	1,230	0,978	1,061	0,910	1,137	0,898	1,093	0,867	1,215	0,813	1,155
12:38:04	37,0	1,050	1,231	1,147	1,190	1,178	1,162	1,195	1,144	1,151	1,187	1,194	1,164	1,280	1,272	1,161	1,184	1,103	1,122	1,154	1,172	1,193	1,189	1,166	1,167	1,106	1,175	1,100	1,151	1,051	1,175	1,307	1,155	1,144	1,292	1,010	1,200	1,311	1,303	1,255	1,288	1,323	1,298	1,279	1,304	1,294	1,335	1,298	1,330	1,200	1,173	1,100	1,008	1,137	1,084	1,153	1,017	1,173	1,097	1,166	1,161	1,268	1,317	1,198	1,313	1,100	1,326	1,266	1,290	1,093	1,265	1,182	1,321	0,858	1,113	1,119	1,130	0,741	1,118	0,875	1,192	0,861	1,169	0,994	1,248	0,946	1,230	0,979	1,058	0,907	1,136	0,896	1,092	0,866	1,212	0,813	1,152
12:48:04	37,0	1,052	1,233	1,152	1,193	1,179	1,163	1,200	1,150	1,154	1,192	1,196	1,166	1,283	1,272	1,163	1,187	1,107	1,123	1,157	1,175	1,191	1,195	1,167	1,168	1,109	1,178	1,099	1,154	1,053	1,175	1,310	1,157	1,149	1,292	1,012	1,207	1,313	1,304	1,259	1,286	1,323	1,298	1,283	1,309	1,299	1,338	1,303	1,338	1,198	1,171	1,100	1,011	1,139	1,086	1,157	1,019	1,174	1,101	1,169	1,165	1,269	1,315	1,200	1,310	1,103	1,325	1,268	1,290	1,091	1,265	1,183	1,320	0,857	1,113	1,118	1,137	0,747	1,120	0,874	1,193	0,863	1,170	0,994	1,249	0,945	1,228	0,978	1,059	0,907	1,129	0,898	1,091	0,866	1,210	0,813	1,152
12:58:04	37,0	1,054	1,232	1,153	1,193	1,180	1,166	1,201	1,152	1,157	1,194	1,198	1,168	1,284	1,277	1,167	1,189	1,111	1,127	1,159	1,175	1,203	1,195	1,178	1,170	1,106	1,179	1,103	1,155	1,051	1,179	1,310	1,160	1,146	1,295	1,011	1,202	1,315	1,306	1,261	1,289	1,329	1,302	1,282	1,308	1,300	1,338	1,304	1,338	1,197	1,175	1,101	1,009	1,136	1,084	1,155	1,019	1,176	1,103	1,168	1,165	1,266	1,310	1,199	1,306	1,104	1,322	1,266	1,288	1,092	1,265	1,182	1,313	0,857	1,113	1,117	1,137	0,750	1,121	0,875	1,192	0,862	1,168	0,996	1,249	0,943	1,223	0,972	1,057	0,903	1,124	0,892	1,091	0,863	1,204	0,811	1,147
13:08:04	37,0	1,055	1,229	1,152	1,193	1,182	1,169	1,201	1,152	1,158	1,196	1,200	1,169	1,287	1,282	1,169	1,192	1,113	1,132	1,163	1,176	1,204	1,198	1,181	1,173	1,105	1,180	1,103	1,155	1,054	1,178	1,311	1,161	1,149	1,297	1,013	1,201	1,313	1,307	1,263	1,289	1,332	1,308	1,283	1,306	1,299	1,338	1,305	1,337	1,197	1,174	1,102	1,009	1,135	1,083	1,157	1,018	1,174	1,100	1,169	1,165	1,263	1,308	1,199	1,305	1,107	1,321	1,265	1,288	1,093	1,266	1,182	1,310	0,858	1,111	1,115	1,135	0,753	1,121	0,874	1,190	0,861	1,168	0,995	1,249	0,939	1,218	0,969	1,055	0,899	1,121	0,893	1,087	0,858	1,200	0,808	1,143
13:18:04	37,0	1,056	1,228	1,155	1,192	1,183	1,172	1,202	1,155	1,157	1,198	1,200	1,172	1,289	1,282	1,171	1,193	1,116	1,135	1,165	1,176	1,204	1,198	1,182	1,173	1,105	1,182	1,105	1,158	1,054	1,179	1,310	1,164	1,149	1,298	1,015	1,200	1,313	1,305	1,263	1,286	1,328	1,304	1,285	1,310	1,301	1,338	1,304	1,334	1,196	1,173	1,100	1,008	1,137	1,083	1,157	1,019	1,176	1,100	1,171	1,165	1,261	1,305	1,198	1,298	1,107	1,318	1,264	1,284	1,091	1,263	1,181	1,306	0,856	1,110	1,113	1,133	0,758	1,121	0,872	1,190	0,861	1,167	0,995	1,247	0,936	1,216	0,968	1,051	0,897	1,119	0,888	1,084	0,856	1,196	0,805	1,140
13:28:04	37,0	1,056	1,228	1,155	1,192	1,183	1,173	1,203	1,157	1,158	1,200	1,201	1,173	1,290	1,285	1,174	1,195	1,117	1,138	1,166	1,176	1,206	1,200	1,184	1,175	1,103	1,181	1,107	1,159	1,054	1,180	1,309	1,165	1,147	1,296	1,013	1,204	1,314	1,307	1,262	1,288	1,330	1,302	1,280	1,310	1,299	1,338	1,305	1,336	1,193	1,172	1,100	1,008	1,138	1,083	1,158	1,019	1,175	1,100	1,173	1,164	1,260	1,301	1,195	1,295	1,105	1,313	1,262	1,281	1,089	1,262	1,179	1,303	0,857	1,109	1,112	1,132	0,758	1,121	0,872	1,186	0,860	1,167	0,994	1,248	0,934	1,212	0,968	1,047	0,894	1,115	0,888	1,081	0,853	1,194	0,805	1,136
13:38:04	37,0	1,058	1,228	1,158	1,195	1,186	1,175	1,205	1,162	1,163	1,204	1,204	1,175	1,293	1,284	1,176	1,198	1,121	1,140	1,169	1,181	1,215	1,203	1,187	1,180	1,105	1,184	1,107	1,158	1,056	1,179	1,310	1,166	1,149	1,298	1,012	1,208	1,316	1,308	1,261	1,288	1,328	1,305	1,278	1,310	1,301	1,342	1,306	1,342	1,193	1,173	1,102	1,011	1,140	1,086	1,159	1,020	1,174	1,099	1,175	1,166	1,259	1,299	1,195	1,292	1,105	1,311	1,261	1,278	1,087	1,260	1,177	1,300	0,857	1,109	1,110	1,131	0,763	1,121	0,874	1,184	0,861	1,167	0,996	1,250	0,932	1,210	0,968	1,047	0,893	1,115	0,890	1,084	0,853	1,192	0,803	1,135
13:48:04	37,0	1,058	1,226	1,159	1,195	1,188	1,176	1,206	1,164	1,163	1,206	1,205	1,176	1,294	1,287	1,178	1,199	1,127	1,145	1,175	1,183	1,214	1,207	1,189	1,181	1,103	1,185	1,109	1,161	1,057	1,180	1,313	1,166	1,153	1,297	1,014	1,208	1,317	1,308	1,265	1,288	1,328	1,308	1,283	1,309	1,302	1,342	1,308	1,344	1,193	1,170	1,101	1,010	1,141	1,087	1,160	1,021	1,173	1,103	1,175	1,167	1,258	1,298	1,195	1,291	1,107	1,312	1,265	1,276	1,088	1,259	1,177	1,297	0,856	1,108	1,108	1,130	0,767	1,121	0,875	1,184	0,863	1,167	0,997	1,250	0,929	1,208	0,966	1,046	0,889	1,110	0,886	1,082	0,852	1,188	0,804	1,134
13:58:04	37,0	1,057	1,226	1,160	1,193	1,188	1,177	1,207	1,165	1,165	1,207	1,205	1,178	1,296	1,290	1,179	1,200	1,126	1,146	1,173	1,182	1,212	1,208	1,190	1,181	1,101	1,185	1,109	1,163	1,055	1,182	1,312	1,165	1,150	1,300	1,012	1,208	1,317	1,310	1,266	1,287	1,329	1,304	1,279	1,312	1,300	1,340	1,307	1,340	1,191	1,169	1,101	1,009	1,140	1,085	1,159	1,023	1,176	1,100	1,175	1,165	1,255	1,294	1,194	1,285	1,106	1,306	1,263	1,273	1,084	1,256	1,172	1,294	0,856	1,106	1,107	1,128	0,768	1,121	0,874	1,182	0,860	1,164	0,994	1,248	0,927	1,203	0,964	1,043	0,887	1,109	0,884	1,077	0,848	1,184	0,801	1,128
14:08:04	37,0	1,058	1,225	1,161	1,196	1,188	1,179	1,208	1,167	1,164	1,207	1,206	1,179	1,298	1,290	1,182	1,203	1,130	1,147	1,176	1,185	1,218	1,212	1,193	1,185	1,101	1,186	1,110	1,163	1,055	1,180	1,312	1,169	1,153	1,299	1,011	1,209	1,317	1,310	1,266	1,288	1,329	1,304	1,282	1,314	1,303	1,344	1,309	1,343	1,188	1,168	1,100	1,009	1,140	1,088	1,159	1,020	1,174	1,098	1,176	1,167	1,254	1,291	1,193	1,283	1,106	1,305	1,262	1,270	1,084	1,253	1,170	1,289	0,856	1,105	1,106	1,126	0,771	1,121	0,876	1,181	0,864	1,164	0,993	1,249	0,924	1,202	0,965	1,042	0,885	1,106	0,884	1,071	0,847	1,181	0,800	1,127
14:18:04	37,0	1,058	1,224	1,161	1,194	1,186	1,179	1,207	1,168	1,163	1,208	1,205	1,179	1,299	1,289	1,184	1,202	1,133	1,149	1,178	1,184	1,222	1,210	1,196	1,185	1,098	1,185	1,109	1,162	1,054	1,178	1,311	1,168	1,153	1,300	1,012	1,208	1,316	1,308	1,264	1,289	1,328	1,303	1,284	1,314	1,304	1,343	1,310	1,342	1,187	1,166	1,098	1,008	1,138	1,085	1,159	1,018	1,172	1,100	1,175	1,166	1,251	1,288	1,192	1,280	1,107	1,302	1,260	1,268	1,083	1,251	1,168	1,284	0,856	1,103	1,103	1,124	0,772	1,120	0,876	1,178	0,863	1,162	0,991	1,247	0,921	1,198	0,960	1,040	0,882	1,107	0,881	1,063	0,844	1,175	0,796	1,125
14:28:04	37,0	1,057	1,222	1,161	1,197	1,185	1,179	1,208	1,168	1,165	1,208	1,206	1,179	1,301	1,293	1,184	1,205	1,134	1,153	1,180	1,184	1,218	1,213	1,197	1,183	1,096	1,186	1,110	1,162	1,054	1,178	1,311	1,171	1,152	1,299	1,012	1,206	1,317	1,312	1,264	1,290	1,328	1,305	1,285	1,310	1,301	1,342	1,306	1,342	1,185	1,163	1,097	1,006	1,137	1,084	1,159	1,017	1,173	1,095	1,175	1,164	1,248	1,285	1,190	1,276	1,107	1,298	1,258	1,264	1,082	1,249	1,166	1,281	0,854	1,101	1,101	1,121	0,774	1,119	0,877	1,176	0,862	1,161	0,991	1,246	0,919	1,195	0,958	1,038	0,880	1,107	0,880	1,058	0,842	1,175	0,794	1,122
14:38:04	37,0	1,055	1,220	1,160	1,192	1,185	1,180	1,208	1,168	1,163	1,209	1,206	1,182	1,302	1,299	1,187	1,205	1,136	1,152	1,180	1,184	1,218	1,212	1,200	1,186	1,096	1,185	1,109	1,167	1,054	1,180	1,309	1,168	1,152	1,299	1,011	1,208	1,315	1,309	1,264	1,289	1,327	1,302	1,282	1,316	1,303	1,344	1,308	1,339	1,182	1,162	1,096	1,004	1,135	1,081	1,159	1,018	1,170	1,093	1,176	1,163	1,247	1,282	1,189	1,272	1,108	1,294	1,259	1,261	1,077	1,247	1,165	1,277	0,854	1,098	1,099	1,120	0,773	1,119	0,877	1,173	0,861	1,159	0,986	1,244	0,915	1,190	0,956	1,036	0,878	1,101	0,877	1,056	0,840	1,172	0,790	1,120
14:48:04	37,0	1,054	1,220	1,161	1,197	1,184	1,180	1,210	1,172	1,167	1,210	1,207	1,183	1,302	1,296	1,189	1,206	1,140	1,157	1,184	1,187	1,226	1,218	1,202	1,185	1,096	1,185	1,110	1,165	1,056	1,179	1,313	1,169	1,156	1,298	1,016	1,213	1,317	1,308	1,265	1,288	1,328	1,305	1,284	1,313	1,305	1,345	1,312	1,344	1,182	1,158	1,095	1,006	1,137	1,082	1,160	1,018	1,172	1,096	1,177	1,165	1,248	1,281	1,188	1,271	1,110	1,292	1,258	1,259	1,079	1,243	1,164	1,276	0,853	1,098	1,098	1,119	0,774	1,118	0,876	1,173	0,863	1,159	0,987	1,246	0,914	1,189	0,959	1,037	0,877	1,101	0,878	1,055	0,839	1,171	0,791	1,120
14:58:04	37,0	1,054	1,219	1,160	1,193	1,183	1,181	1,210	1,173	1,166	1,211	1,209	1,183	1,303	1,300	1,187	1,207	1,142	1,158	1,185	1,186	1,223	1,220	1,204	1,190	1,090	1,185	1,110	1,165	1,056	1,179	1,311	1,168	1,156	1,298	1,013	1,211	1,316	1,310	1,267	1,290	1,328	1,306	1,280	1,307	1,302	1,344	1,314	1,343	1,180	1,157	1,091	1,004	1,135	1,080	1,161	1,016	1,168	1,094	1,176	1,164	1,246	1,278	1,187	1,268	1,112	1,289	1,257	1,257	1,078	1,242	1,163	1,272	0,853	1,096	1,096	1,116	0,772	1,118	0,877	1,169	0,861	1,157	0,984	1,244	0,911	1,187	0,956	1,036	0,875	1,099	0,875	1,051	0,838	1,169	0,787	1,118
15:08:04	37,0	1,053	1,218	1,159	1,191	1,184	1,180	1,208	1,172	1,165	1,212	1,207	1,182	1,301	1,300	1,190	1,207	1,142	1,158	1,185	1,185	1,227	1,220	1,203	1,189	1,089	1,186	1,108	1,166	1,055	1,179	1,311	1,167	1,151	1,298	1,011	1,210	1,314	1,308	1,264	1,288	1,329	1,306	1,283	1,313	1,306	1,343	1,310	1,345	1,179	1,154	1,089	1,002	1,133	1,077	1,158	1,016	1,168	1,092	1,175	1,163	1,244	1,276	1,185	1,266	1,111	1,285	1,255	1,254	1,077	1,238	1,161	1,267	0,853	1,093	1,095	1,113	0,772	1,117	0,875	1,165	0,859	1,154	0,981	1,242	0,907	1,183	0,954	1,034	0,873	1,096	0,874	1,047	0,835	1,168	0,786	1,115
15:18:04	37,0	1,050	1,216	1,159	1,191	1,183	1,181	1,207	1,173	1,164	1,211	1,208	1,183	1,303	1,299	1,190	1,209	1,145	1,160	1,186	1,187	1,232	1,221	1,207	1,190	1,086	1,183	1,107	1,163	1,055	1,177	1,312	1,168	1,152	1,299	1,013	1,212	1,316	1,310	1,265	1,289	1,329	1,305	1,284	1,313	1,305	1,342	1,308	1,344	1,178	1,152	1,089	1,000	1,131	1,076	1,159	1,016	1,166	1,091	1,174	1,161	1,242	1,274	1,184	1,264	1,112	1,284	1,255	1,252	1,076	1,237	1,159	1,267	0,852	1,092	1,093	1,110	0,771	1,116	0,873	1,163	0,858	1,153	0,980	1,240	0,904	1,180	0,953	1,033	0,871	1,095	0,873	1,045	0,834	1,166	0,783	1,116
15:28:04	37,0	1,049	1,214	1,157	1,190	1,179	1,180	1,206	1,170	1,162	1,208	1,205	1,179	1,304	1,303	1,191	1,210	1,143	1,158	1,187	1,185	1,226	1,220	1,209	1,185	1,083	1,183	1,110	1,159	1,055	1,177	1,310	1,166	1,149	1,299	1,013	1,207	1,315	1,309	1,262	1,288	1,328	1,302	1,283	1,312	1,302	1,341	1,308	1,342	1,175	1,151	1,085	0,997	1,128	1,073	1,156	1,012	1,164	1,089	1,173	1,159	1,239	1,271	1,183	1,261	1,114	1,280	1,252	1,248	1,074	1,233	1,156	1,262	0,850	1,089	1,090	1,107	0,768	1,114	0,870	1,160	0,854	1,150	0,976	1,237	0,901	1,177	0,949	1,031	0,865	1,089	0,872	1,039	0,829	1,165	0,779	1,111
15:38:04	37,0	1,046	1,212	1,156	1,187	1,180	1,178	1,206	1,172	1,159	1,208	1,204	1,177	1,304	1,304	1,191	1,209	1,142	1,159	1,183	1,185	1,222	1,219	1,211	1,188	1,082	1,182	1,108	1,159	1,051	1,174	1,307	1,160	1,145	1,296	1,009	1,207	1,312	1,308	1,264	1,285	1,328	1,299	1,277	1,313	1,301	1,340	1,307	1,337	1,173	1,148	1,087	0,994	1,128	1,071	1,156	1,012	1,164	1,089	1,172	1,159	1,237	1,267	1,180	1,257	1,114	1,274	1,248	1,246	1,070	1,229	1,154	1,260	0,850	1,086	1,088	1,104	0,766	1,112	0,865	1,156	0,849	1,148	0,974	1,235	0,898	1,176	0,945	1,030	0,863	1,087	0,871	1,036	0,827	1,161	0,775	1,109
15:48:04	37,0	1,045	1,211	1,156	1,189	1,179	1,179	1,207	1,173	1,159	1,207	1,206	1,180	1,306	1,303	1,194	1,211	1,145	1,160	1,187	1,186	1,231	1,220	1,210	1,191	1,083	1,181	1,108	1,161	1,052	1,173	1,308	1,161	1,146	1,296	1,010	1,207	1,311	1,308	1,262	1,286	1,326	1,299	1,274	1,312	1,301	1,341	1,308	1,339	1,173	1,148	1,085	0,995	1,129	1,073	1,155	1,012	1,161	1,087	1,173	1,157	1,237	1,266	1,179	1,255	1,115	1,271	1,244	1,242	1,070	1,225	1,151	1,257	0,848	1,085	1,086	1,102	0,761	1,111	0,862	1,154	0,848	1,147	0,973	1,235	0,897	1,176	0,945	1,029	0,864	1,086	0,872	1,033	0,827	1,160	0,775	1,110
15:58:04	37,0	1,043	1,210	1,157	1,188	1,178	1,178	1,206	1,172	1,160	1,209	1,204	1,181	1,306	1,301	1,193	1,211	1,147	1,161	1,187	1,186	1,233	1,223	1,210	1,194	1,079	1,181	1,105	1,159	1,054	1,174	1,308	1,161	1,147	1,296	1,010	1,208	1,310	1,306	1,260	1,283	1,326	1,300	1,277	1,312	1,300	1,340	1,306	1,339	1,170	1,143	1,083	0,992	1,128	1,070	1,154	1,011	1,160	1,088	1,172	1,156	1,237	1,266	1,177	1,253	1,118	1,272	1,244	1,241	1,072	1,223	1,150	1,255	0,847	1,081	1,084	1,100	0,759	1,109	0,861	1,152	0,846	1,145	0,971	1,234	0,895	1,172	0,945	1,028	0,861	1,084	0,870	1,031	0,826	1,156	0,773	1,110
16:08:04	37,0	1,042	1,208	1,156	1,188	1,178	1,177	1,206	1,172	1,160	1,210	1,204	1,181	1,307	1,303	1,196	1,212	1,145	1,162	1,188	1,186	1,236	1,223	1,213	1,193	1,078	1,181	1,105	1,161	1,052	1,169	1,307	1,159	1,143	1,294	1,009	1,207	1,312	1,305	1,260	1,282	1,325	1,300	1,276	1,310	1,301	1,342	1,305	1,341	1,168	1,140	1,083	0,992	1,127	1,067	1,153	1,011	1,158	1,086	1,171	1,154	1,236	1,264	1,177	1,249	1,120	1,268	1,241	1,238	1,071	1,220	1,148	1,254	0,846	1,079	1,081	1,097	0,756	1,108	0,861	1,149	0,843	1,143	0,971	1,233	0,893	1,170	0,944	1,028	0,861	1,082	0,868	1,029	0,824	1,155	0,772	1,109
16:18:04	37,0	1,040	1,207	1,154	1,184	1,175	1,177	1,205	1,171	1,156	1,208	1,203	1,180	1,306	1,303	1,195	1,210	1,148	1,160	1,188	1,186	1,234	1,223	1,214	1,190	1,075	1,179	1,105	1,157	1,048	1,167	1,307	1,158	1,145	1,293	1,010	1,206	1,310	1,308	1,259	1,281	1,323	1,297	1,277	1,308	1,299	1,342	1,307	1,338	1,165	1,140	1,081	0,990	1,123	1,064	1,151	1,007	1,156	1,083	1,169	1,155	1,234	1,261	1,175	1,246	1,120	1,266	1,238	1,236	1,071	1,218	1,145	1,249	0,843	1,076	1,079	1,095	0,753	1,107	0,856	1,148	0,841	1,140	0,970	1,231	0,891	1,169	0,942	1,026	0,857	1,079	0,867	1,026	0,823	1,151	0,768	1,106
16:28:04	37,0	1,038	1,206	1,153	1,183	1,174	1,175	1,204	1,171	1,155	1,207	1,203	1,178	1,305	1,303	1,194	1,211	1,149	1,161	1,188	1,185	1,233	1,223	1,216	1,190	1,074	1,177	1,103	1,158	1,048	1,165	1,306	1,155	1,140	1,294	1,010	1,206	1,307	1,305	1,259	1,282	1,323	1,296	1,278	1,306	1,299	1,337	1,308	1,336	1,162	1,134	1,078	0,988	1,123	1,062	1,150	1,006	1,153	1,082	1,167	1,152	1,233	1,261	1,174	1,245	1,121	1,266	1,237	1,235	1,071	1,217	1,144	1,248	0,841	1,074	1,077	1,093	0,749	1,105	0,854	1,145	0,836	1,138	0,967	1,229	0,887	1,166	0,940	1,024	0,855	1,077	0,867	1,023	0,820	1,147	0,766	1,105
16:38:04	37,0	1,036	1,204	1,152	1,184	1,172	1,175	1,202	1,170	1,155	1,208	1,201	1,179	1,305	1,303	1,194	1,210	1,150	1,163	1,189	1,186	1,224	1,225	1,211	1,188	1,070	1,176	1,100	1,154	1,049	1,164	1,307	1,151	1,143	1,292	1,008	1,204	1,307	1,301	1,255	1,282	1,324	1,298	1,272	1,309	1,297	1,338	1,303	1,335	1,161	1,133	1,076	0,987	1,121	1,060	1,147	1,005	1,153	1,077	1,164	1,151	1,232	1,260	1,173	1,243	1,124	1,267	1,238	1,236	1,072	1,216	1,145	1,247	0,837	1,072	1,076	1,090	0,747	1,103	0,851	1,143	0,834	1,136	0,965	1,227	0,886	1,163	0,937	1,024	0,855	1,075	0,863	1,020	0,819	1,145	0,762	1,103
16:48:04	37,0	1,035	1,203	1,151	1,182	1,173	1,173	1,203	1,169	1,155	1,208	1,203	1,177	1,304	1,306	1,195	1,212	1,150	1,159	1,188	1,185	1,231	1,224	1,214	1,189	1,070	1,175	1,101	1,152	1,047	1,162	1,307	1,153	1,140	1,293	1,009	1,202	1,304	1,299	1,258	1,281	1,321	1,295	1,274	1,303	1,298	1,340	1,306	1,333	1,160	1,131	1,075	0,984	1,120	1,059	1,148	1,004	1,152	1,077	1,165	1,148	1,232	1,259	1,172	1,241	1,125	1,265	1,236	1,234	1,071	1,216	1,143	1,246	0,837	1,070	1,074	1,088	0,744	1,103	0,848	1,141	0,833	1,135	0,964	1,225	0,885	1,163	0,939	1,023	0,851	1,073	0,865	1,019	0,819	1,143	0,762	1,103
16:58:04	37,0	1,033	1,201	1,151	1,181	1,169	1,173	1,202	1,169	1,151	1,206	1,201	1,176	1,304	1,304	1,195	1,212	1,150	1,161	1,188	1,186	1,232	1,226	1,216	1,192	1,067	1,173	1,100	1,149	1,046	1,160	1,307	1,151	1,138	1,292	1,009	1,201	1,304	1,301	1,258	1,280	1,320	1,294	1,273	1,304	1,295	1,339	1,304	1,333	1,155	1,128	1,073	0,983	1,118	1,056	1,146	1,002	1,149	1,075	1,164	1,147	1,231	1,258	1,171	1,240	1,126	1,263	1,234	1,233	1,071	1,212	1,141	1,243	0,835	1,067	1,073	1,086	0,742	1,100	0,846	1,139	0,830	1,132	0,964	1,224	0,882	1,161	0,937	1,023	0,849	1,070	0,864	1,018	0,818	1,141	0,760	1,099
17:08:04	37,0	1,031	1,199	1,149	1,179	1,168	1,172	1,201	1,169	1,151	1,207	1,201	1,176	1,304	1,305	1,194	1,211	1,148	1,161	1,187	1,183	1,230	1,225	1,216	1,190	1,065	1,170	1,098	1,151	1,043	1,158	1,304	1,147	1,133	1,286	1,004	1,201	1,302	1,301	1,254	1,278	1,319	1,294	1,269	1,306	1,293	1,335	1,304	1,330	1,151	1,125	1,071	0,982	1,116	1,055	1,145	1,002	1,148	1,074	1,162	1,146	1,230	1,256	1,169	1,240	1,126	1,258	1,230	1,231	1,071	1,210	1,140	1,242	0,833	1,065	1,070	1,083	0,738	1,098	0,845	1,136	0,827	1,129	0,963	1,221	0,881	1,159	0,936	1,023	0,846	1,069	0,865	1,015	0,818	1,139	0,758	1,099
17:18:04	37,0	1,029	1,200	1,150	1,180	1,169	1,172	1,200	1,169	1,151	1,208	1,199	1,180	1,304	1,304	1,196	1,212	1,151	1,165	1,190	1,188	1,237	1,227	1,218	1,192	1,065	1,171	1,096	1,149	1,043	1,159	1,307	1,147	1,139	1,292	1,006	1,199	1,302	1,298	1,257	1,280	1,324	1,296	1,270	1,304	1,296	1,339	1,302	1,335	1,150	1,123	1,070	0,981	1,116	1,053	1,144	1,001	1,148	1,073	1,159	1,146	1,230	1,258	1,169	1,241	1,128	1,262	1,233	1,233	1,075	1,209	1,141	1,244	0,831	1,063	1,069	1,083	0,737	1,099	0,844	1,136	0,827	1,129	0,964	1,219	0,881	1,158	0,936	1,025	0,847	1,067	0,864	1,014	0,819	1,139	0,759	1,097
17:28:04	37,0	1,027	1,197	1,148	1,175	1,165	1,171	1,199	1,169	1,152	1,206	1,198	1,175	1,301	1,303	1,194	1,212	1,148	1,162	1,187	1,184	1,230	1,224	1,218	1,189	1,061	1,169	1,094	1,146	1,039	1,155	1,304	1,143	1,132	1,289	1,006	1,198	1,300	1,296	1,254	1,276	1,322	1,291	1,270	1,302	1,295	1,334	1,302	1,329	1,148	1,121	1,066	0,979	1,112	1,051	1,142	0,999	1,143	1,069	1,158	1,143	1,228	1,254	1,167	1,239	1,128	1,256	1,228	1,232	1,074	1,207	1,139	1,241	0,827	1,061	1,067	1,079	0,734	1,097	0,842	1,132	0,823	1,126	0,961	1,217	0,877	1,157	0,932	1,024	0,844	1,063	0,862	1,011	0,816	1,135	0,755	1,094
17:38:04	37,0	1,025	1,195	1,145	1,173	1,164	1,170	1,198	1,167	1,148	1,203	1,195	1,170	1,304	1,303	1,194	1,210	1,147	1,161	1,186	1,181	1,227	1,223	1,217	1,185	1,057	1,162	1,095	1,144	1,036	1,152	1,302	1,140	1,131	1,286	1,004	1,195	1,296	1,295	1,251	1,274	1,319	1,288	1,266	1,304	1,290	1,332	1,300	1,327	1,145	1,119	1,063	0,974	1,109	1,050	1,139	0,997	1,142	1,068	1,155	1,141	1,227	1,253	1,166	1,240	1,124	1,255	1,227	1,231	1,073	1,206	1,137	1,240	0,825	1,058	1,066	1,076	0,732	1,095	0,838	1,129	0,819	1,124	0,959	1,215	0,874	1,154	0,928	1,022	0,842	1,061	0,861	1,007	0,813	1,132	0,751	1,091
17:48:04	37,0	1,023	1,193	1,143	1,173	1,162	1,169	1,196	1,165	1,147	1,202	1,195	1,170	1,304	1,304	1,194	1,213	1,147	1,160	1,186	1,182	1,235	1,222	1,217	1,188	1,058	1,163	1,091	1,142	1,034	1,149	1,300	1,138	1,129	1,285	1,001	1,195	1,295	1,294	1,249	1,271	1,316	1,286	1,266	1,301	1,291	1,332	1,302	1,326	1,141	1,116	1,063	0,973	1,108	1,049	1,138	0,995	1,139	1,066	1,154	1,140	1,226	1,254	1,165	1,239	1,124	1,256	1,226	1,230	1,075	1,206	1,137	1,241	0,825	1,056	1,064	1,074	0,730	1,094	0,836	1,127	0,817	1,122	0,958	1,212	0,873	1,154	0,928	1,023	0,842	1,058	0,858	1,006	0,813	1,130	0,751	1,089
17:58:04	37,0	1,022	1,192	1,144	1,174	1,162	1,169	1,196	1,165	1,144	1,204	1,196	1,172	1,304	1,300	1,193	1,212	1,150	1,163	1,188	1,184	1,237	1,224	1,219	1,191	1,055	1,161	1,089	1,140	1,035	1,149	1,303	1,138	1,133	1,286	1,004	1,192	1,294	1,294	1,250	1,273	1,321	1,290	1,264	1,299	1,290	1,333	1,302	1,328	1,140	1,114	1,062	0,972	1,107	1,048	1,136	0,994	1,137	1,064	1,153	1,140	1,227	1,255	1,165	1,241	1,128	1,261	1,230	1,232	1,078	1,208	1,138	1,241	0,823	1,056	1,062	1,073	0,727	1,093	0,835	1,127	0,818	1,121	0,960	1,212	0,872	1,154	0,928	1,024	0,841	1,056	0,859	1,004	0,812	1,129	0,751	1,088
18:08:04	36,9	1,020	1,192	1,144	1,170	1,160	1,166	1,194	1,164	1,143	1,203	1,196	1,169	1,303	1,300	1,193	1,210	1,148	1,163	1,185	1,185	1,236	1,224	1,218	1,189	1,053	1,163	1,086	1,138	1,031	1,147	1,301	1,135	1,128	1,287	1,000	1,191	1,293	1,293	1,250	1,271	1,317	1,286	1,263	1,298	1,289	1,330	1,298	1,325	1,138	1,113	1,060	0,972	1,105	1,044	1,135	0,993	1,135	1,062	1,150	1,138	1,226	1,254	1,165	1,239	1,129	1,259	1,228	1,232	1,079	1,206	1,137	1,242	0,821	1,054	1,061	1,072	0,727	1,092	0,834	1,125	0,815	1,119	0,957	1,210	0,870	1,153	0,927	1,024	0,839	1,056	0,858	1,003	0,811	1,125	0,750	1,086
18:18:04	37,0	1,018	1,188	1,142	1,169	1,159	1,163	1,193	1,163	1,144	1,201	1,194	1,165	1,301	1,302	1,193	1,212	1,147	1,160	1,185	1,183	1,231	1,220	1,218	1,188	1,052	1,159	1,086	1,135	1,029	1,144	1,300	1,132	1,125	1,284	0,999	1,189	1,290	1,288	1,248	1,270	1,316	1,286	1,264	1,298	1,290	1,331	1,298	1,321	1,134	1,110	1,059	0,969	1,103	1,042	1,134	0,991	1,134	1,059	1,149	1,135	1,225	1,255	1,165	1,238	1,130	1,260	1,228	1,233	1,082	1,206	1,136	1,241	0,822	1,052	1,060	1,070	0,724	1,090	0,833	1,123	0,813	1,116	0,956	1,208	0,868	1,152	0,926	1,022	0,837	1,054	0,855	1,000	0,808	1,124	0,748	1,085
18:28:04	37,0	1,016	1,187	1,140	1,168	1,157	1,164	1,191	1,164	1,142	1,199	1,191	1,164	1,301	1,302	1,194	1,209	1,146	1,158	1,183	1,183	1,228	1,222	1,218	1,184	1,051	1,156	1,084	1,133	1,026	1,144	1,297	1,129	1,123	1,284	0,997	1,185	1,291	1,290	1,245	1,268	1,312	1,283	1,260	1,292	1,284	1,327	1,294	1,319	1,132	1,107	1,056	0,969	1,101	1,039	1,131	0,989	1,131	1,057	1,146	1,133	1,224	1,254	1,165	1,238	1,129	1,258	1,227	1,233	1,083	1,206	1,137	1,241	0,819	1,050	1,059	1,067	0,722	1,089	0,832	1,120	0,812	1,114	0,954	1,206	0,866	1,149	0,925	1,022	0,834	1,048	0,853	0,998	0,807	1,122	0,746	1,083
18:38:04	37,0	1,015	1,186	1,138	1,166	1,155	1,162	1,190	1,161	1,140	1,197	1,191	1,160	1,302	1,300	1,191	1,211	1,146	1,160	1,184	1,183	1,234	1,221	1,218	1,185	1,048	1,153	1,081	1,132	1,025	1,139	1,299	1,127	1,122	1,282	0,998	1,184	1,288	1,290	1,246	1,268	1,314	1,286	1,258	1,295	1,284	1,328	1,297	1,319	1,129	1,105	1,055	0,965	1,099	1,039	1,131	0,987	1,129	1,057	1,145	1,132	1,225	1,254	1,165	1,238	1,129	1,260	1,228	1,235	1,086	1,207	1,137	1,242	0,818	1,048	1,058	1,066	0,722	1,089	0,831	1,119	0,811	1,113	0,954	1,204	0,865	1,149	0,924	1,021	0,833	1,045	0,852	0,997	0,805	1,120	0,746	1,081
18:48:04	37,0	1,014	1,184	1,138	1,163	1,154	1,161	1,190	1,161	1,140	1,197	1,193	1,162	1,301	1,300	1,191	1,210	1,145	1,161	1,185	1,183	1,238	1,222	1,218	1,185	1,046	1,150	1,081	1,128	1,022	1,138	1,297	1,124	1,122	1,282	0,996	1,182	1,288	1,288	1,244	1,266	1,312	1,286	1,259	1,290	1,282	1,325	1,294	1,320	1,126	1,103	1,055	0,964	1,098	1,038	1,130	0,986	1,126	1,055	1,143	1,130	1,226	1,255	1,165	1,238	1,131	1,261	1,227	1,236	1,089	1,208	1,137	1,243	0,817	1,046	1,056	1,065	0,720	1,088	0,830	1,118	0,809	1,112	0,952	1,203	0,864	1,149	0,922	1,022	0,833	1,047	0,851	0,996	0,804	1,118	0,745	1,080
18:58:04	37,0	1,012	1,182	1,136	1,162	1,152	1,159	1,189	1,159	1,137	1,194	1,186	1,159	1,301	1,301	1,190	1,210	1,142	1,159	1,181	1,181	1,226	1,220	1,216	1,180	1,045	1,149	1,079	1,127	1,019	1,137	1,294	1,122	1,115	1,280	0,994	1,180	1,285	1,286	1,243	1,264	1,310	1,283	1,260	1,295	1,283	1,323	1,292	1,317	1,126	1,101	1,053	0,960	1,096	1,035	1,128	0,984	1,125	1,054	1,141	1,127	1,225	1,255	1,165	1,238	1,131	1,260	1,225	1,236	1,089	1,207	1,135	1,243	0,816	1,044	1,056	1,063	0,719	1,087	0,829	1,117	0,806	1,110	0,952	1,200	0,862	1,147	0,921	1,021	0,832	1,044	0,849	0,995	0,802	1,115	0,744	1,079
19:08:04	37,0	1,010	1,182	1,135	1,161	1,151	1,158	1,188	1,160	1,136	1,192	1,189	1,157	1,300	1,298	1,190	1,210	1,142	1,157	1,179	1,178	1,224	1,218	1,215	1,181	1,042	1,147	1,076	1,122	1,017	1,135	1,292	1,118	1,112	1,278	0,991	1,177	1,283	1,286	1,240	1,265	1,308	1,281	1,259	1,293	1,281	1,322	1,289	1,314	1,122	1,100	1,051	0,958	1,094	1,034	1,127	0,983	1,124	1,052	1,139	1,127	1,225	1,255	1,165	1,238	1,128	1,260	1,223	1,236	1,091	1,208	1,135	1,243	0,817	1,043	1,055	1,061	0,717	1,087	0,827	1,114	0,805	1,107	0,950	1,199	0,861	1,147	0,920	1,020	0,831	1,044	0,847	0,993	0,800	1,113	0,743	1,079
19:18:04	37,0	1,008	1,179	1,134	1,160	1,150	1,157	1,186	1,159	1,135	1,192	1,187	1,155	1,299	1,299	1,189	1,210	1,137	1,155	1,179	1,177	1,225	1,216	1,216	1,179	1,039	1,145	1,074	1,121	1,015	1,133	1,292	1,117	1,110	1,278	0,990	1,175	1,282	1,286	1,241	1,263	1,308	1,281	1,256	1,293	1,280	1,320	1,288	1,312	1,121	1,097	1,049	0,956	1,093	1,033	1,126	0,981	1,121	1,051	1,138	1,126	1,225	1,255	1,165	1,238	1,127	1,260	1,223	1,237	1,093	1,210	1,134	1,244	0,815	1,042	1,053	1,059	0,716	1,085	0,825	1,113	0,803	1,105	0,950	1,197	0,860	1,146	0,919	1,019	0,829	1,044	0,845	0,991	0,799	1,111	0,742	1,078
19:28:04	37,0	1,007	1,180	1,133	1,159	1,150	1,156	1,185	1,159	1,134	1,191	1,183	1,157	1,300	1,298	1,191	1,209	1,144	1,159	1,180	1,181	1,236	1,218	1,216	1,183	1,038	1,143	1,071	1,117	1,016	1,128	1,294	1,116	1,118	1,282	0,990	1,176	1,282	1,284	1,243	1,263	1,310	1,282	1,253	1,291	1,283	1,323	1,289	1,312	1,118	1,096	1,047	0,953	1,092	1,033	1,123	0,981	1,119	1,051	1,136	1,124	1,226	1,257	1,166	1,242	1,130	1,266	1,226	1,241	1,097	1,212	1,136	1,247	0,815	1,040	1,051	1,060	0,715	1,086	0,826	1,113	0,805	1,106	0,952	1,196	0,860	1,148	0,919	1,020	0,830	1,043	0,845	0,992	0,798	1,111	0,744	1,079
19:38:04	37,0	1,005	1,178	1,132	1,159	1,148	1,154	1,185	1,157	1,135	1,191	1,184	1,156	1,300	1,297	1,189	1,210	1,141	1,157	1,180	1,180	1,229	1,219	1,217	1,185	1,038	1,141	1,070	1,117	1,013	1,127	1,293	1,112	1,109	1,285	0,991	1,174	1,281	1,285	1,241	1,264	1,306	1,277	1,257	1,290	1,282	1,321	1,288	1,311	1,117	1,096	1,045	0,955	1,091	1,032	1,123	0,980	1,119	1,052	1,135	1,124	1,226	1,257	1,166	1,242	1,129	1,263	1,222	1,240	1,101	1,211	1,136	1,247	0,816	1,039	1,051	1,058	0,716	1,085	0,827	1,112	0,803	1,105	0,951	1,196	0,860	1,147	0,920	1,021	0,830	1,042	0,844	0,992	0,798	1,111	0,745	1,076
19:48:04	37,0	1,004	1,176	1,131	1,156	1,148	1,152	1,183	1,156	1,133	1,190	1,184	1,154	1,300	1,296	1,190	1,209	1,141	1,158	1,178	1,180	1,226	1,217	1,216	1,182	1,036	1,138	1,070	1,115	1,011	1,126	1,293	1,110	1,111	1,279	0,988	1,171	1,281	1,284	1,241	1,262	1,304	1,275	1,255	1,289	1,279	1,324	1,289	1,311	1,115	1,095	1,045	0,955	1,091	1,031	1,124	0,978	1,116	1,049	1,132	1,123	1,226	1,257	1,167	1,242	1,129	1,266	1,224	1,241	1,103	1,213	1,136	1,246	0,816	1,038	1,050	1,057	0,714	1,085	0,826	1,110	0,805	1,103	0,952	1,195	0,858	1,147	0,919	1,020	0,829	1,039	0,841	0,991	0,797	1,111	0,744	1,076
19:58:04	37,0	1,003	1,174	1,129	1,153	1,146	1,149	1,181	1,154	1,129	1,188	1,181	1,151	1,299	1,298	1,189	1,207	1,139	1,156	1,178	1,180	1,224	1,217	1,216	1,179	1,034	1,136	1,067	1,110	1,008	1,121	1,291	1,106	1,107	1,275	0,988	1,168	1,277	1,282	1,238	1,260	1,298	1,274	1,254	1,289	1,275	1,318	1,286	1,310	1,113	1,092	1,043	0,953	1,087	1,030	1,121	0,977	1,114	1,044	1,131	1,119	1,226	1,257	1,166	1,242	1,131	1,266	1,224	1,242	1,104	1,213	1,135	1,247	0,816	1,038	1,049	1,055	0,713	1,084	0,829	1,110	0,804	1,101	0,950	1,193	0,858	1,144	0,917	1,020	0,829	1,038	0,841	0,989	0,795	1,109	0,743	1,075
20:08:04	37,0	1,002	1,173	1,127	1,153	1,144	1,149	1,181	1,156	1,127	1,185	1,181	1,149	1,297	1,299	1,188	1,207	1,139	1,155	1,176	1,178	1,222	1,215	1,214	1,177	1,035	1,133	1,064	1,111	1,005	1,119	1,289	1,104	1,105	1,273	0,986	1,165	1,277	1,282	1,237	1,259	1,302	1,273	1,255	1,285	1,276	1,319	1,282	1,310	1,110	1,090	1,042	0,951	1,085	1,025	1,119	0,973	1,112	1,040	1,127	1,118	1,226	1,258	1,166	1,242	1,131	1,266	1,224	1,244	1,106	1,215	1,135	1,247	0,815	1,035	1,048	1,054	0,713	1,083	0,828	1,108	0,802	1,100	0,948	1,191	0,855	1,140	0,916	1,018	0,827	1,037	0,837	0,987	0,793	1,105	0,740	1,075
20:18:04	37,0	1,001	1,171	1,126	1,152	1,143	1,147	1,179	1,153	1,127	1,185	1,180	1,146	1,297	1,296	1,188	1,207	1,138	1,154	1,175	1,177	1,221	1,216	1,213	1,176	1,031	1,133	1,062	1,108	1,004	1,117	1,288	1,102	1,105	1,272	0,985	1,163	1,275	1,281	1,236	1,258	1,302	1,272	1,254	1,284	1,274	1,318	1,283	1,308	1,108	1,091	1,040	0,949	1,084	1,027	1,119	0,973	1,110	1,042	1,128	1,117	1,225	1,257	1,167	1,243	1,131	1,266	1,224	1,244	1,108	1,217	1,135	1,247	0,816	1,034	1,047	1,053	0,713	1,083	0,829	1,107	0,803	1,099	0,949	1,190	0,854	1,142	0,915	1,019	0,826	1,037	0,838	0,988	0,792	1,105	0,742	1,075
20:28:04	37,0	0,999	1,169	1,124	1,150	1,141	1,145	1,180	1,152	1,125	1,182	1,179	1,143	1,296	1,295	1,187	1,207	1,136	1,153	1,175	1,177	1,218	1,214	1,214	1,173	1,030	1,131	1,062	1,105	1,001	1,117	1,288	1,100	1,100	1,271	0,982	1,161	1,276	1,281	1,234	1,257	1,301	1,273	1,251	1,289	1,273	1,315	1,280	1,306	1,110	1,088	1,039	0,949	1,083	1,024	1,117	0,973	1,108	1,042	1,126	1,116	1,226	1,257	1,167	1,244	1,131	1,266	1,225	1,245	1,108	1,217	1,136	1,249	0,816	1,034	1,046	1,052	0,712	1,082	0,827	1,106	0,801	1,098	0,949	1,188	0,854	1,141	0,915	1,018	0,826	1,036	0,837	0,987	0,793	1,106	0,741	1,074
20:38:04	37,0	0,998	1,166	1,122	1,147	1,141	1,143	1,175	1,150	1,123	1,180	1,178	1,140	1,296	1,294	1,187	1,206	1,132	1,151	1,171	1,176	1,219	1,211	1,212	1,170	1,026	1,128	1,060	1,103	0,998	1,113	1,285	1,095	1,099	1,269	0,979	1,157	1,274	1,283	1,234	1,256	1,300	1,272	1,248	1,284	1,269	1,310	1,283	1,305	1,107	1,086	1,038	0,946	1,081	1,022	1,116	0,971	1,107	1,040	1,124	1,114	1,226	1,258	1,168	1,244	1,132	1,267	1,226	1,246	1,109	1,218	1,134	1,248	0,817	1,032	1,045	1,050	0,711	1,081	0,827	1,104	0,802	1,096	0,946	1,188	0,851	1,140	0,914	1,018	0,824	1,037	0,835	0,985	0,791	1,104	0,739	1,071
20:48:04	37,0	0,998	1,164	1,122	1,146	1,138	1,143	1,177	1,148	1,123	1,179	1,176	1,139	1,296	1,296	1,185	1,206	1,134	1,149	1,171	1,174	1,215	1,210	1,212	1,169	1,024	1,127	1,057	1,100	0,995	1,111	1,285	1,093	1,095	1,267	0,977	1,155	1,272	1,282	1,235	1,257	1,299	1,270	1,247	1,285	1,268	1,315	1,281	1,304	1,108	1,085	1,037	0,944	1,079	1,020	1,115	0,970	1,105	1,039	1,123	1,112	1,225	1,257	1,166	1,246	1,132	1,267	1,226	1,246	1,111	1,219	1,133	1,249	0,816	1,032	1,044	1,049	0,710	1,081	0,826	1,103	0,800	1,095	0,947	1,187	0,850	1,138	0,912	1,018	0,824	1,034	0,833	0,984	0,790	1,102	0,739	1,074
20:58:04	37,0	0,997	1,163	1,120	1,145	1,137	1,141	1,174	1,148	1,121	1,176	1,178	1,139	1,295	1,293	1,185	1,204	1,134	1,149	1,172	1,174	1,217	1,210	1,211	1,171	1,022	1,127	1,056	1,098	0,996	1,109	1,287	1,094	1,096	1,266	0,977	1,153	1,270	1,280	1,233	1,257	1,297	1,270	1,249	1,286	1,268	1,315	1,279	1,303	1,106	1,085	1,034	0,944	1,078	1,022	1,114	0,969	1,104	1,037	1,123	1,112	1,227	1,259	1,167	1,247	1,133	1,269	1,229	1,247	1,114	1,222	1,134	1,251	0,817	1,032	1,044	1,049	0,708	1,081	0,825	1,103	0,801	1,095	0,946	1,186	0,850	1,140	0,913	1,018	0,825	1,035	0,832	0,985	0,790	1,103	0,739	1,075
21:08:04	37,0	0,995	1,161	1,120	1,144	1,136	1,141	1,172	1,148	1,121	1,178	1,175	1,142	1,296	1,294	1,187	1,206	1,134	1,151	1,173	1,174	1,226	1,211	1,211	1,170	1,022	1,123	1,053	1,099	0,995	1,106	1,287	1,091	1,097	1,267	0,972	1,153	1,270	1,277	1,236	1,255	1,299	1,272	1,248	1,282	1,270	1,317	1,280	1,300	1,104	1,083	1,034	0,943	1,079	1,022	1,114	0,969	1,102	1,038	1,123	1,112	1,228	1,259	1,168	1,249	1,135	1,274	1,232	1,251	1,117	1,224	1,135	1,252	0,817	1,032	1,044	1,050	0,709	1,081	0,827	1,103	0,803	1,094	0,948	1,186	0,850	1,143	0,912	1,019	0,825	1,034	0,831	0,986	0,790	1,105	0,741	1,074
21:18:04	37,0	0,995	1,160	1,119	1,143	1,137	1,138	1,171	1,147	1,121	1,176	1,172	1,139	1,294	1,294	1,185	1,206	1,133	1,151	1,172	1,175	1,218	1,212	1,211	1,170	1,019	1,120	1,054	1,095	0,993	1,104	1,286	1,089	1,090	1,265	0,976	1,151	1,269	1,279	1,233	1,255	1,299	1,267	1,250	1,285	1,271	1,313	1,277	1,300	1,103	1,082	1,034	0,943	1,078	1,021	1,114	0,968	1,102	1,038	1,121	1,111	1,228	1,260	1,169	1,250	1,135	1,273	1,234	1,251	1,118	1,222	1,134	1,252	0,818	1,031	1,043	1,048	0,710	1,081	0,827	1,103	0,804	1,093	0,946	1,185	0,848	1,140	0,914	1,019	0,825	1,034	0,831	0,987	0,789	1,103	0,742	1,075
21:28:04	37,0	0,994	1,160	1,118	1,141	1,135	1,137	1,170	1,147	1,119	1,176	1,171	1,138	1,294	1,293	1,186	1,204	1,133	1,150	1,171	1,175	1,221	1,210	1,211	1,169	1,021	1,120	1,051	1,091	0,991	1,102	1,285	1,088	1,093	1,266	0,972	1,150	1,268	1,278	1,233	1,255	1,298	1,267	1,249	1,282	1,271	1,314	1,279	1,300	1,103	1,082	1,031	0,942	1,077	1,020	1,112	0,966	1,101	1,035	1,119	1,110	1,229	1,260	1,170	1,250	1,136	1,275	1,236	1,253	1,119	1,225	1,135	1,253	0,820	1,032	1,043	1,048	0,710	1,081	0,828	1,103	0,805	1,093	0,948	1,185	0,848	1,140	0,914	1,018	0,824	1,032	0,830	0,986	0,789	1,104	0,741	1,075
21:38:04	37,0	0,993	1,157	1,116	1,140	1,134	1,135	1,170	1,145	1,120	1,174	1,170	1,136	1,292	1,290	1,185	1,206	1,132	1,149	1,171	1,174	1,221	1,210	1,211	1,168	1,018	1,115	1,050	1,090	0,988	1,100	1,285	1,085	1,087	1,263	0,972	1,147	1,266	1,276	1,232	1,254	1,296	1,269	1,249	1,281	1,272	1,314	1,277	1,298	1,101	1,080	1,030	0,941	1,076	1,017	1,111	0,965	1,100	1,034	1,117	1,108	1,229	1,261	1,170	1,250	1,136	1,275	1,237	1,253	1,122	1,226	1,135	1,254	0,820	1,037	1,042	1,048	0,711	1,080	0,829	1,102	0,805	1,093	0,948	1,184	0,846	1,141	0,913	1,018	0,824	1,034	0,828	0,984	0,788	1,103	0,741	1,075
21:48:04	37,0	0,994	1,156	1,113	1,136	1,132	1,131	1,167	1,143	1,115	1,171	1,167	1,128	1,292	1,292	1,184	1,204	1,129	1,147	1,168	1,174	1,215	1,208	1,209	1,165	1,017	1,113	1,049	1,091	0,985	1,097	1,286	1,082	1,087	1,264	0,970	1,144	1,263	1,280	1,231	1,255	1,298	1,264	1,251	1,285	1,266	1,313	1,279	1,301	1,101	1,079	1,030	0,941	1,072	1,019	1,110	0,962	1,097	1,031	1,115	1,106	1,228	1,262	1,171	1,251	1,136	1,275	1,237	1,253	1,123	1,227	1,135	1,252	0,821	1,036	1,042	1,047	0,711	1,081	0,829	1,102	0,806	1,091	0,948	1,183	0,843	1,140	0,913	1,016	0,821	1,032	0,827	0,981	0,785	1,103	0,739	1,072
21:58:04	37,0	0,993	1,156	1,113	1,137	1,132	1,133	1,168	1,146	1,118	1,172	1,168	1,132	1,294	1,291	1,184	1,205	1,130	1,147	1,170	1,175	1,218	1,209	1,211	1,167	1,015	1,113	1,048	1,087	0,984	1,095	1,285	1,082	1,085	1,264	0,969	1,143	1,263	1,279	1,233	1,256	1,297	1,265	1,249	1,285	1,268	1,313	1,279	1,299	1,101	1,080	1,030	0,939	1,073	1,020	1,110	0,964	1,097	1,031	1,116	1,107	1,231	1,262	1,172	1,253	1,137	1,276	1,239	1,256	1,125	1,229	1,136	1,255	0,823	1,035	1,042	1,048	0,711	1,081	0,829	1,102	0,806	1,091	0,946	1,183	0,843	1,141	0,913	1,017	0,824	1,035	0,827	0,984	0,786	1,104	0,742	1,076
22:08:04	37,0	0,993	1,155	1,112	1,136	1,131	1,130	1,167	1,144	1,116	1,170	1,167	1,129	1,293	1,291	1,185	1,206	1,131	1,147	1,169	1,174	1,219	1,208	1,210	1,167	1,014	1,111	1,046	1,085	0,984	1,094	1,286	1,080	1,083	1,263	0,967	1,142	1,263	1,277	1,232	1,256	1,297	1,265	1,249	1,284	1,268	1,313	1,274	1,296	1,099	1,079	1,030	0,939	1,073	1,019	1,110	0,964	1,095	1,032	1,115	1,106	1,231	1,263	1,173	1,253	1,137	1,277	1,240	1,257	1,127	1,230	1,137	1,257	0,824	1,034	1,042	1,048	0,711	1,081	0,830	1,101	0,808	1,091	0,948	1,182	0,842	1,139	0,913	1,016	0,824	1,033	0,825	0,984	0,787	1,105	0,742	1,076

