Time	T∞ Optical Density:600	A1	A2	A3	A4	A5	A6	A7	A8	A9	A10	A11	A12	B1	B2	B3	B4	B5	B6	B7	B8	B9	B10	B11	B12	C1	C2	C3	C4	C5	C6	C7	C8	C9	C10	C11	C12	D1	D2	D3	D4	D5	D6	D7	D8	D9	D10	D11	D12	E1	E2	E3	E4	E5	E6	E7	E8	E9	E10	E11	E12	F1	F2	F3	F4	F5	F6	F7	F8	F9	F10	F11	F12	G1	G2	G3	G4	G5	G6	G7	G8	G9	G10	G11	G12	H1	H2	H3	H4	H5	H6	H7	H8	H9	H10	H11	H12
0:08:04	37,0	0,092	0,091	0,092	0,093	0,092	0,094	0,092	0,102	0,092	0,092	0,090	0,092	0,096	0,093	0,093	0,093	0,097	0,100	0,093	0,096	0,093	0,092	0,097	0,090	0,093	0,093	0,091	0,109	0,092	0,101	0,091	0,094	0,092	0,091	0,091	0,097	0,094	0,096	0,096	0,092	0,092	0,091	0,096	0,096	0,092	0,093	0,092	0,091	0,093	0,093	0,091	0,092	0,091	0,091	0,090	0,098	0,096	0,095	0,092	0,091	0,093	0,093	0,093	0,094	0,091	0,091	0,091	0,091	0,092	0,090	0,091	0,091	0,092	0,093	0,095	0,094	0,094	0,093	0,091	0,093	0,091	0,089	0,092	0,099	0,094	0,098	0,090	0,093	0,092	0,092	0,091	0,092	0,092	0,088	0,091	0,095
0:18:04	36,9	0,092	0,091	0,092	0,093	0,092	0,094	0,092	0,102	0,091	0,092	0,090	0,091	0,096	0,092	0,093	0,092	0,097	0,101	0,094	0,096	0,093	0,093	0,097	0,089	0,093	0,092	0,091	0,110	0,092	0,103	0,090	0,093	0,092	0,091	0,091	0,097	0,094	0,096	0,096	0,092	0,091	0,091	0,095	0,096	0,092	0,093	0,091	0,090	0,093	0,092	0,091	0,092	0,091	0,091	0,090	0,098	0,095	0,095	0,091	0,091	0,093	0,093	0,093	0,093	0,091	0,091	0,091	0,091	0,092	0,089	0,091	0,090	0,092	0,092	0,095	0,094	0,093	0,092	0,091	0,093	0,091	0,089	0,092	0,101	0,093	0,096	0,090	0,093	0,092	0,092	0,091	0,092	0,091	0,088	0,091	0,095
0:28:04	37,0	0,092	0,091	0,091	0,092	0,091	0,095	0,092	0,105	0,091	0,092	0,090	0,091	0,096	0,092	0,093	0,093	0,098	0,102	0,094	0,097	0,093	0,093	0,099	0,089	0,093	0,092	0,091	0,111	0,092	0,104	0,090	0,093	0,092	0,091	0,091	0,098	0,094	0,096	0,097	0,091	0,091	0,091	0,095	0,096	0,092	0,092	0,091	0,090	0,093	0,092	0,091	0,092	0,091	0,091	0,090	0,099	0,095	0,096	0,091	0,091	0,093	0,093	0,093	0,093	0,091	0,091	0,091	0,091	0,092	0,089	0,091	0,090	0,092	0,092	0,095	0,093	0,093	0,092	0,091	0,093	0,091	0,088	0,092	0,103	0,093	0,097	0,090	0,093	0,092	0,091	0,091	0,092	0,091	0,088	0,091	0,095
0:38:04	37,0	0,092	0,091	0,092	0,093	0,092	0,095	0,092	0,109	0,092	0,092	0,090	0,091	0,096	0,093	0,094	0,093	0,100	0,105	0,095	0,099	0,094	0,094	0,101	0,090	0,093	0,092	0,091	0,114	0,091	0,107	0,090	0,093	0,092	0,091	0,091	0,100	0,094	0,095	0,098	0,091	0,091	0,091	0,095	0,096	0,092	0,092	0,091	0,090	0,093	0,092	0,091	0,092	0,091	0,091	0,090	0,100	0,095	0,098	0,091	0,091	0,093	0,093	0,093	0,094	0,091	0,091	0,091	0,091	0,092	0,089	0,091	0,091	0,092	0,092	0,095	0,093	0,094	0,093	0,091	0,093	0,091	0,089	0,092	0,107	0,093	0,098	0,090	0,093	0,092	0,092	0,091	0,092	0,091	0,088	0,091	0,095
0:48:04	37,0	0,092	0,091	0,092	0,092	0,092	0,096	0,092	0,116	0,092	0,092	0,090	0,092	0,097	0,093	0,095	0,095	0,102	0,110	0,097	0,102	0,095	0,095	0,103	0,090	0,093	0,092	0,091	0,117	0,092	0,111	0,090	0,093	0,092	0,091	0,091	0,102	0,094	0,096	0,099	0,091	0,091	0,091	0,095	0,096	0,092	0,093	0,091	0,090	0,093	0,093	0,091	0,092	0,091	0,091	0,090	0,103	0,095	0,101	0,091	0,091	0,093	0,093	0,093	0,094	0,091	0,091	0,090	0,091	0,092	0,089	0,091	0,091	0,092	0,092	0,095	0,093	0,094	0,093	0,091	0,093	0,091	0,089	0,093	0,113	0,093	0,100	0,090	0,093	0,092	0,092	0,090	0,092	0,091	0,088	0,091	0,095
0:58:04	37,0	0,092	0,091	0,092	0,092	0,092	0,097	0,092	0,125	0,091	0,093	0,090	0,092	0,097	0,093	0,096	0,095	0,105	0,116	0,099	0,105	0,096	0,097	0,108	0,090	0,093	0,092	0,091	0,121	0,092	0,116	0,090	0,093	0,091	0,092	0,091	0,104	0,094	0,095	0,102	0,091	0,091	0,090	0,095	0,096	0,092	0,093	0,091	0,090	0,093	0,093	0,091	0,092	0,091	0,091	0,090	0,106	0,095	0,104	0,091	0,091	0,093	0,093	0,093	0,094	0,091	0,091	0,090	0,091	0,092	0,089	0,091	0,091	0,092	0,092	0,095	0,094	0,096	0,093	0,091	0,093	0,091	0,089	0,093	0,121	0,093	0,103	0,090	0,093	0,092	0,092	0,090	0,092	0,091	0,089	0,091	0,095
1:08:04	37,0	0,092	0,091	0,092	0,093	0,092	0,098	0,092	0,138	0,092	0,093	0,090	0,092	0,097	0,093	0,098	0,095	0,110	0,125	0,102	0,110	0,097	0,099	0,114	0,090	0,093	0,092	0,091	0,128	0,092	0,122	0,090	0,094	0,092	0,092	0,091	0,108	0,095	0,096	0,106	0,092	0,091	0,091	0,095	0,096	0,092	0,093	0,092	0,090	0,093	0,094	0,091	0,092	0,091	0,092	0,090	0,112	0,095	0,110	0,091	0,092	0,094	0,094	0,094	0,096	0,091	0,091	0,091	0,091	0,092	0,089	0,091	0,092	0,093	0,093	0,096	0,094	0,097	0,094	0,091	0,093	0,091	0,089	0,093	0,133	0,093	0,107	0,090	0,093	0,092	0,092	0,090	0,092	0,091	0,089	0,091	0,095
1:18:04	37,0	0,092	0,092	0,092	0,092	0,092	0,101	0,092	0,153	0,092	0,094	0,090	0,093	0,098	0,093	0,101	0,095	0,117	0,137	0,106	0,117	0,100	0,103	0,123	0,091	0,093	0,092	0,091	0,135	0,091	0,130	0,090	0,094	0,092	0,092	0,091	0,113	0,095	0,096	0,112	0,091	0,091	0,091	0,095	0,096	0,092	0,093	0,092	0,091	0,093	0,096	0,091	0,093	0,091	0,092	0,090	0,120	0,095	0,118	0,091	0,093	0,094	0,094	0,094	0,097	0,091	0,091	0,091	0,091	0,092	0,090	0,092	0,093	0,093	0,093	0,097	0,094	0,099	0,095	0,092	0,093	0,091	0,089	0,094	0,149	0,093	0,113	0,090	0,093	0,092	0,093	0,091	0,092	0,091	0,089	0,091	0,095
1:28:04	37,0	0,092	0,092	0,092	0,093	0,092	0,104	0,092	0,175	0,092	0,095	0,091	0,094	0,099	0,093	0,105	0,095	0,126	0,154	0,111	0,127	0,104	0,108	0,136	0,092	0,093	0,093	0,091	0,144	0,092	0,140	0,090	0,095	0,092	0,093	0,091	0,120	0,096	0,096	0,119	0,092	0,091	0,091	0,095	0,096	0,093	0,093	0,093	0,091	0,093	0,098	0,091	0,093	0,091	0,092	0,090	0,132	0,095	0,130	0,091	0,094	0,095	0,095	0,095	0,099	0,092	0,091	0,091	0,092	0,093	0,090	0,093	0,094	0,094	0,093	0,098	0,095	0,102	0,096	0,092	0,093	0,092	0,090	0,095	0,173	0,093	0,121	0,090	0,093	0,092	0,094	0,091	0,093	0,091	0,090	0,091	0,096
1:38:04	37,0	0,092	0,092	0,092	0,093	0,092	0,109	0,092	0,198	0,092	0,096	0,091	0,095	0,100	0,093	0,111	0,096	0,138	0,177	0,119	0,142	0,109	0,116	0,152	0,093	0,093	0,092	0,091	0,156	0,092	0,155	0,090	0,095	0,092	0,094	0,091	0,129	0,097	0,096	0,131	0,092	0,092	0,091	0,095	0,096	0,093	0,094	0,094	0,091	0,093	0,101	0,091	0,095	0,091	0,093	0,090	0,149	0,095	0,148	0,092	0,096	0,095	0,096	0,096	0,102	0,092	0,092	0,091	0,092	0,094	0,091	0,094	0,096	0,094	0,094	0,100	0,095	0,105	0,097	0,093	0,093	0,093	0,091	0,097	0,204	0,093	0,132	0,090	0,093	0,092	0,095	0,091	0,093	0,091	0,091	0,091	0,097
1:48:04	37,0	0,092	0,093	0,092	0,093	0,092	0,117	0,092	0,227	0,093	0,098	0,092	0,097	0,101	0,093	0,118	0,096	0,155	0,204	0,131	0,162	0,116	0,127	0,176	0,095	0,093	0,093	0,091	0,172	0,092	0,172	0,090	0,096	0,092	0,095	0,091	0,142	0,099	0,097	0,147	0,092	0,092	0,091	0,095	0,096	0,093	0,094	0,095	0,092	0,093	0,105	0,091	0,096	0,091	0,094	0,090	0,171	0,095	0,170	0,092	0,099	0,096	0,098	0,097	0,106	0,093	0,092	0,091	0,093	0,095	0,092	0,095	0,099	0,095	0,094	0,103	0,096	0,111	0,100	0,093	0,093	0,094	0,092	0,098	0,242	0,093	0,147	0,090	0,093	0,092	0,096	0,091	0,094	0,091	0,092	0,091	0,097
1:58:04	37,0	0,093	0,094	0,093	0,094	0,092	0,126	0,092	0,256	0,093	0,101	0,092	0,100	0,103	0,094	0,129	0,096	0,178	0,234	0,146	0,187	0,126	0,142	0,208	0,097	0,093	0,093	0,091	0,190	0,091	0,192	0,090	0,096	0,091	0,096	0,091	0,158	0,101	0,097	0,168	0,092	0,092	0,092	0,095	0,096	0,094	0,095	0,097	0,093	0,093	0,111	0,091	0,098	0,091	0,095	0,090	0,197	0,095	0,199	0,092	0,103	0,098	0,100	0,100	0,113	0,093	0,092	0,091	0,093	0,097	0,094	0,098	0,103	0,096	0,095	0,106	0,097	0,118	0,103	0,094	0,093	0,095	0,093	0,101	0,281	0,093	0,169	0,090	0,094	0,092	0,098	0,091	0,095	0,091	0,093	0,091	0,099
2:08:04	37,0	0,093	0,095	0,094	0,094	0,093	0,143	0,093	0,290	0,094	0,105	0,093	0,104	0,106	0,094	0,144	0,097	0,207	0,267	0,169	0,218	0,140	0,164	0,247	0,101	0,093	0,093	0,091	0,211	0,092	0,215	0,091	0,098	0,092	0,099	0,091	0,177	0,105	0,098	0,194	0,092	0,093	0,092	0,096	0,097	0,095	0,096	0,100	0,094	0,093	0,119	0,091	0,102	0,091	0,098	0,090	0,230	0,096	0,231	0,092	0,109	0,100	0,104	0,103	0,121	0,095	0,093	0,092	0,095	0,099	0,097	0,101	0,110	0,098	0,096	0,111	0,100	0,129	0,108	0,096	0,094	0,098	0,096	0,105	0,321	0,093	0,197	0,090	0,094	0,092	0,102	0,091	0,096	0,091	0,096	0,091	0,101
2:18:04	37,0	0,093	0,097	0,094	0,095	0,093	0,164	0,092	0,327	0,095	0,112	0,095	0,110	0,110	0,095	0,163	0,098	0,236	0,306	0,197	0,251	0,159	0,192	0,291	0,106	0,093	0,093	0,091	0,237	0,092	0,238	0,091	0,100	0,092	0,101	0,091	0,202	0,109	0,098	0,225	0,092	0,093	0,093	0,096	0,097	0,097	0,098	0,104	0,095	0,093	0,132	0,091	0,107	0,091	0,101	0,090	0,267	0,096	0,268	0,092	0,117	0,103	0,109	0,108	0,134	0,097	0,094	0,092	0,096	0,103	0,100	0,106	0,117	0,100	0,097	0,117	0,102	0,142	0,116	0,098	0,094	0,100	0,098	0,111	0,359	0,093	0,229	0,090	0,095	0,092	0,106	0,090	0,098	0,091	0,098	0,091	0,103
2:28:04	37,0	0,094	0,100	0,095	0,096	0,093	0,194	0,093	0,368	0,097	0,121	0,097	0,119	0,115	0,096	0,190	0,100	0,268	0,349	0,233	0,286	0,184	0,226	0,339	0,113	0,093	0,094	0,091	0,264	0,092	0,261	0,091	0,102	0,092	0,106	0,091	0,231	0,116	0,100	0,258	0,093	0,094	0,094	0,097	0,098	0,099	0,100	0,110	0,097	0,093	0,148	0,091	0,114	0,091	0,106	0,090	0,306	0,096	0,311	0,093	0,129	0,107	0,117	0,115	0,154	0,100	0,095	0,093	0,099	0,109	0,104	0,114	0,128	0,104	0,099	0,126	0,106	0,161	0,125	0,101	0,095	0,104	0,103	0,119	0,403	0,093	0,260	0,090	0,096	0,092	0,113	0,090	0,100	0,091	0,102	0,091	0,107
2:38:04	37,0	0,095	0,104	0,097	0,098	0,094	0,230	0,093	0,406	0,099	0,135	0,100	0,132	0,122	0,098	0,217	0,102	0,301	0,398	0,270	0,324	0,217	0,267	0,389	0,124	0,093	0,095	0,091	0,292	0,092	0,286	0,091	0,106	0,092	0,112	0,091	0,263	0,126	0,102	0,294	0,094	0,096	0,096	0,097	0,098	0,102	0,103	0,118	0,101	0,093	0,170	0,091	0,124	0,091	0,112	0,090	0,348	0,096	0,356	0,094	0,146	0,113	0,127	0,125	0,169	0,105	0,097	0,095	0,103	0,118	0,110	0,126	0,142	0,108	0,102	0,139	0,111	0,185	0,138	0,105	0,096	0,110	0,108	0,130	0,453	0,093	0,297	0,090	0,098	0,092	0,123	0,091	0,104	0,091	0,108	0,091	0,112
2:48:04	37,0	0,096	0,109	0,099	0,100	0,095	0,264	0,094	0,427	0,103	0,156	0,105	0,151	0,133	0,099	0,247	0,105	0,339	0,448	0,310	0,365	0,254	0,308	0,447	0,139	0,093	0,095	0,090	0,321	0,092	0,307	0,091	0,111	0,091	0,120	0,091	0,294	0,140	0,104	0,328	0,095	0,099	0,098	0,098	0,099	0,106	0,107	0,131	0,105	0,092	0,194	0,091	0,138	0,091	0,122	0,090	0,397	0,097	0,422	0,096	0,168	0,120	0,142	0,138	0,191	0,112	0,100	0,097	0,108	0,129	0,118	0,141	0,163	0,114	0,105	0,155	0,117	0,213	0,156	0,110	0,097	0,118	0,114	0,145	0,500	0,093	0,330	0,090	0,100	0,092	0,136	0,090	0,109	0,091	0,115	0,091	0,119
2:58:04	36,9	0,098	0,118	0,102	0,104	0,097	0,301	0,095	0,445	0,108	0,185	0,112	0,179	0,147	0,103	0,279	0,110	0,381	0,482	0,353	0,412	0,294	0,346	0,505	0,158	0,093	0,097	0,091	0,349	0,092	0,325	0,091	0,118	0,092	0,132	0,091	0,326	0,161	0,109	0,372	0,096	0,102	0,101	0,100	0,100	0,113	0,114	0,150	0,111	0,093	0,223	0,091	0,156	0,091	0,135	0,091	0,453	0,098	0,502	0,098	0,193	0,131	0,164	0,154	0,223	0,121	0,104	0,100	0,117	0,144	0,129	0,163	0,179	0,122	0,110	0,176	0,125	0,237	0,178	0,117	0,098	0,129	0,123	0,163	0,530	0,093	0,362	0,090	0,103	0,092	0,154	0,091	0,117	0,091	0,127	0,091	0,130
3:08:04	37,0	0,101	0,130	0,107	0,109	0,099	0,333	0,095	0,463	0,115	0,220	0,122	0,214	0,166	0,106	0,315	0,117	0,425	0,512	0,400	0,454	0,334	0,388	0,553	0,184	0,092	0,098	0,091	0,372	0,092	0,345	0,091	0,128	0,091	0,146	0,091	0,350	0,189	0,114	0,421	0,098	0,107	0,105	0,102	0,102	0,122	0,122	0,174	0,119	0,093	0,255	0,092	0,179	0,092	0,152	0,091	0,502	0,098	0,564	0,101	0,226	0,146	0,179	0,175	0,263	0,133	0,111	0,105	0,128	0,165	0,146	0,192	0,216	0,133	0,115	0,200	0,136	0,263	0,204	0,127	0,100	0,143	0,134	0,188	0,552	0,093	0,403	0,090	0,107	0,092	0,178	0,090	0,127	0,091	0,141	0,090	0,144
3:18:04	37,0	0,106	0,147	0,114	0,117	0,102	0,369	0,097	0,483	0,127	0,259	0,137	0,249	0,191	0,113	0,354	0,126	0,460	0,544	0,454	0,483	0,377	0,432	0,586	0,214	0,093	0,102	0,091	0,395	0,092	0,364	0,092	0,141	0,092	0,164	0,091	0,377	0,225	0,121	0,466	0,101	0,115	0,111	0,106	0,105	0,136	0,134	0,209	0,132	0,093	0,291	0,093	0,208	0,092	0,175	0,092	0,537	0,101	0,607	0,106	0,263	0,165	0,203	0,197	0,297	0,148	0,120	0,114	0,142	0,191	0,158	0,227	0,247	0,149	0,123	0,228	0,150	0,291	0,236	0,141	0,103	0,161	0,150	0,221	0,576	0,093	0,452	0,090	0,114	0,092	0,207	0,091	0,142	0,091	0,162	0,091	0,162
3:28:04	37,0	0,112	0,170	0,123	0,128	0,107	0,414	0,100	0,511	0,143	0,301	0,157	0,285	0,221	0,120	0,396	0,139	0,480	0,575	0,506	0,511	0,425	0,475	0,614	0,248	0,093	0,105	0,091	0,420	0,092	0,381	0,092	0,157	0,092	0,183	0,091	0,403	0,259	0,132	0,492	0,105	0,126	0,120	0,111	0,108	0,154	0,150	0,252	0,149	0,093	0,328	0,093	0,245	0,092	0,200	0,092	0,559	0,103	0,639	0,114	0,301	0,183	0,234	0,224	0,333	0,167	0,132	0,124	0,160	0,222	0,178	0,268	0,274	0,168	0,133	0,255	0,169	0,321	0,268	0,158	0,106	0,183	0,168	0,256	0,595	0,093	0,496	0,090	0,122	0,092	0,243	0,090	0,160	0,091	0,189	0,091	0,184
3:38:04	37,0	0,121	0,200	0,138	0,144	0,114	0,458	0,103	0,547	0,165	0,338	0,183	0,321	0,254	0,132	0,436	0,157	0,498	0,602	0,544	0,536	0,474	0,507	0,642	0,287	0,093	0,111	0,091	0,439	0,092	0,397	0,092	0,177	0,092	0,210	0,091	0,427	0,294	0,146	0,513	0,111	0,141	0,131	0,119	0,114	0,177	0,171	0,299	0,171	0,094	0,366	0,095	0,285	0,093	0,231	0,093	0,581	0,106	0,668	0,124	0,335	0,207	0,273	0,253	0,363	0,190	0,147	0,139	0,190	0,264	0,208	0,314	0,313	0,193	0,146	0,286	0,191	0,355	0,299	0,181	0,110	0,211	0,192	0,293	0,612	0,093	0,514	0,090	0,134	0,092	0,280	0,091	0,184	0,091	0,225	0,091	0,213
3:48:04	37,0	0,133	0,234	0,157	0,166	0,124	0,480	0,109	0,588	0,195	0,377	0,216	0,356	0,290	0,148	0,459	0,182	0,514	0,625	0,580	0,559	0,510	0,537	0,663	0,332	0,093	0,118	0,091	0,457	0,092	0,413	0,092	0,199	0,092	0,240	0,091	0,449	0,327	0,165	0,532	0,119	0,163	0,148	0,131	0,121	0,207	0,196	0,340	0,198	0,094	0,410	0,097	0,329	0,095	0,262	0,095	0,600	0,112	0,685	0,137	0,377	0,234	0,308	0,282	0,399	0,212	0,170	0,157	0,210	0,303	0,245	0,349	0,358	0,218	0,163	0,317	0,218	0,392	0,332	0,203	0,116	0,241	0,222	0,335	0,627	0,093	0,532	0,090	0,151	0,092	0,320	0,090	0,213	0,091	0,262	0,091	0,249
3:58:04	37,0	0,150	0,265	0,184	0,196	0,139	0,491	0,116	0,628	0,232	0,428	0,252	0,404	0,329	0,169	0,476	0,213	0,530	0,645	0,608	0,577	0,537	0,566	0,685	0,380	0,093	0,128	0,091	0,476	0,093	0,428	0,093	0,229	0,092	0,275	0,091	0,472	0,362	0,190	0,547	0,130	0,193	0,170	0,147	0,132	0,239	0,224	0,377	0,233	0,095	0,453	0,100	0,374	0,096	0,295	0,097	0,622	0,119	0,707	0,154	0,429	0,262	0,363	0,310	0,457	0,241	0,181	0,181	0,233	0,348	0,285	0,387	0,405	0,247	0,184	0,348	0,248	0,430	0,365	0,232	0,124	0,274	0,255	0,375	0,641	0,093	0,545	0,090	0,173	0,092	0,357	0,090	0,247	0,091	0,305	0,091	0,291
4:08:04	37,0	0,173	0,302	0,214	0,231	0,159	0,500	0,128	0,672	0,267	0,483	0,287	0,457	0,370	0,196	0,491	0,252	0,544	0,667	0,634	0,598	0,559	0,596	0,706	0,433	0,093	0,139	0,091	0,494	0,093	0,442	0,093	0,257	0,092	0,313	0,091	0,495	0,407	0,219	0,566	0,144	0,232	0,202	0,168	0,146	0,271	0,261	0,416	0,271	0,096	0,490	0,104	0,419	0,099	0,331	0,101	0,642	0,130	0,721	0,177	0,484	0,288	0,408	0,340	0,471	0,272	0,221	0,209	0,274	0,396	0,313	0,434	0,449	0,278	0,209	0,382	0,278	0,467	0,407	0,261	0,135	0,306	0,293	0,422	0,657	0,093	0,555	0,090	0,201	0,092	0,392	0,090	0,282	0,091	0,347	0,091	0,332
4:18:04	37,0	0,202	0,333	0,250	0,265	0,187	0,507	0,144	0,694	0,296	0,525	0,322	0,495	0,414	0,227	0,504	0,293	0,560	0,685	0,661	0,618	0,576	0,626	0,724	0,490	0,093	0,155	0,091	0,507	0,093	0,454	0,094	0,289	0,092	0,348	0,091	0,515	0,460	0,251	0,590	0,163	0,277	0,242	0,198	0,165	0,306	0,301	0,466	0,309	0,098	0,522	0,110	0,462	0,102	0,385	0,106	0,654	0,143	0,737	0,200	0,536	0,314	0,441	0,373	0,480	0,305	0,258	0,237	0,319	0,445	0,356	0,477	0,493	0,310	0,238	0,415	0,305	0,492	0,451	0,290	0,148	0,339	0,344	0,474	0,670	0,093	0,565	0,090	0,237	0,092	0,431	0,090	0,315	0,091	0,399	0,091	0,378
4:28:04	37,0	0,235	0,369	0,275	0,299	0,222	0,512	0,166	0,716	0,329	0,551	0,355	0,509	0,456	0,263	0,518	0,330	0,576	0,706	0,687	0,641	0,589	0,655	0,742	0,526	0,093	0,172	0,091	0,518	0,093	0,468	0,095	0,322	0,092	0,382	0,091	0,534	0,497	0,285	0,614	0,188	0,316	0,286	0,237	0,191	0,340	0,347	0,519	0,346	0,101	0,544	0,118	0,513	0,107	0,440	0,113	0,670	0,161	0,746	0,232	0,579	0,349	0,473	0,406	0,523	0,334	0,292	0,272	0,367	0,498	0,416	0,535	0,520	0,345	0,267	0,448	0,328	0,511	0,494	0,319	0,166	0,371	0,405	0,531	0,684	0,093	0,576	0,090	0,276	0,093	0,476	0,091	0,345	0,091	0,453	0,091	0,424
4:38:04	37,0	0,264	0,408	0,307	0,329	0,259	0,522	0,195	0,724	0,361	0,571	0,397	0,520	0,488	0,298	0,532	0,365	0,592	0,721	0,706	0,659	0,598	0,679	0,758	0,552	0,093	0,194	0,091	0,535	0,093	0,481	0,095	0,350	0,092	0,416	0,091	0,556	0,512	0,323	0,625	0,221	0,367	0,331	0,290	0,222	0,380	0,390	0,550	0,385	0,104	0,563	0,129	0,546	0,114	0,488	0,122	0,685	0,183	0,753	0,267	0,607	0,382	0,495	0,439	0,547	0,366	0,332	0,309	0,398	0,548	0,475	0,572	0,548	0,385	0,297	0,475	0,355	0,525	0,525	0,351	0,186	0,410	0,471	0,574	0,697	0,093	0,586	0,090	0,314	0,093	0,518	0,090	0,377	0,091	0,508	0,091	0,475
4:48:04	37,0	0,298	0,452	0,336	0,362	0,298	0,529	0,229	0,738	0,406	0,591	0,444	0,529	0,504	0,337	0,546	0,410	0,608	0,741	0,724	0,681	0,611	0,699	0,772	0,576	0,093	0,218	0,091	0,547	0,094	0,494	0,096	0,375	0,092	0,446	0,091	0,578	0,521	0,360	0,632	0,258	0,410	0,373	0,345	0,262	0,426	0,433	0,563	0,429	0,108	0,580	0,142	0,573	0,123	0,524	0,133	0,698	0,209	0,756	0,304	0,633	0,417	0,524	0,467	0,568	0,400	0,382	0,355	0,457	0,577	0,536	0,606	0,577	0,425	0,326	0,495	0,386	0,535	0,547	0,382	0,211	0,451	0,525	0,615	0,711	0,093	0,596	0,090	0,349	0,093	0,546	0,090	0,411	0,091	0,556	0,091	0,531
4:58:04	37,0	0,333	0,473	0,380	0,408	0,336	0,540	0,267	0,746	0,470	0,615	0,486	0,538	0,519	0,376	0,562	0,447	0,622	0,742	0,742	0,701	0,624	0,723	0,793	0,599	0,093	0,243	0,091	0,558	0,094	0,506	0,097	0,398	0,092	0,477	0,091	0,596	0,527	0,403	0,646	0,297	0,448	0,409	0,397	0,305	0,468	0,468	0,575	0,470	0,115	0,600	0,160	0,599	0,135	0,563	0,149	0,706	0,240	0,765	0,339	0,656	0,450	0,558	0,491	0,588	0,437	0,432	0,407	0,487	0,595	0,557	0,629	0,603	0,467	0,358	0,508	0,422	0,544	0,568	0,410	0,240	0,495	0,567	0,645	0,723	0,093	0,608	0,090	0,389	0,093	0,565	0,090	0,452	0,091	0,590	0,090	0,586
5:08:04	37,0	0,368	0,493	0,422	0,457	0,378	0,557	0,309	0,754	0,526	0,645	0,507	0,550	0,532	0,417	0,579	0,488	0,638	0,730	0,757	0,723	0,639	0,743	0,845	0,623	0,093	0,274	0,091	0,570	0,095	0,516	0,098	0,421	0,092	0,509	0,092	0,613	0,533	0,445	0,660	0,330	0,481	0,447	0,461	0,336	0,493	0,504	0,588	0,495	0,123	0,622	0,184	0,636	0,150	0,596	0,170	0,714	0,275	0,772	0,375	0,682	0,477	0,576	0,511	0,607	0,475	0,470	0,462	0,509	0,606	0,574	0,648	0,620	0,501	0,396	0,520	0,456	0,553	0,587	0,443	0,272	0,533	0,608	0,668	0,735	0,093	0,621	0,090	0,421	0,094	0,584	0,091	0,493	0,091	0,622	0,091	0,638
5:18:04	37,0	0,413	0,514	0,461	0,486	0,425	0,576	0,356	0,762	0,557	0,677	0,522	0,560	0,547	0,460	0,598	0,504	0,652	0,736	0,772	0,739	0,652	0,765	0,909	0,641	0,093	0,301	0,091	0,581	0,095	0,522	0,099	0,441	0,092	0,540	0,092	0,630	0,539	0,476	0,670	0,366	0,516	0,485	0,516	0,367	0,506	0,532	0,602	0,516	0,135	0,642	0,209	0,665	0,169	0,617	0,192	0,718	0,310	0,785	0,414	0,704	0,509	0,598	0,521	0,625	0,504	0,492	0,514	0,531	0,615	0,588	0,660	0,643	0,529	0,432	0,529	0,477	0,560	0,604	0,473	0,303	0,556	0,642	0,674	0,745	0,093	0,631	0,090	0,457	0,095	0,608	0,090	0,525	0,091	0,647	0,091	0,678
5:28:04	37,0	0,452	0,535	0,476	0,505	0,487	0,599	0,408	0,766	0,565	0,705	0,534	0,572	0,554	0,488	0,615	0,519	0,666	0,747	0,786	0,736	0,666	0,792	0,906	0,659	0,093	0,330	0,092	0,589	0,096	0,530	0,101	0,466	0,092	0,566	0,093	0,647	0,545	0,495	0,677	0,402	0,540	0,529	0,559	0,408	0,523	0,558	0,618	0,537	0,149	0,666	0,249	0,680	0,192	0,637	0,221	0,724	0,342	0,793	0,445	0,727	0,533	0,611	0,531	0,645	0,525	0,538	0,551	0,551	0,621	0,604	0,666	0,671	0,549	0,465	0,536	0,493	0,567	0,620	0,502	0,334	0,576	0,666	0,681	0,757	0,093	0,646	0,090	0,492	0,097	0,630	0,091	0,542	0,091	0,662	0,091	0,713
5:38:04	37,0	0,476	0,552	0,492	0,519	0,529	0,622	0,465	0,774	0,577	0,731	0,544	0,590	0,573	0,512	0,630	0,536	0,675	0,757	0,797	0,737	0,680	0,822	0,895	0,684	0,093	0,355	0,092	0,595	0,097	0,538	0,102	0,487	0,092	0,592	0,093	0,665	0,555	0,513	0,683	0,437	0,563	0,555	0,597	0,448	0,535	0,581	0,634	0,556	0,167	0,690	0,291	0,691	0,217	0,658	0,252	0,733	0,371	0,800	0,473	0,744	0,544	0,625	0,544	0,663	0,538	0,567	0,579	0,576	0,624	0,622	0,668	0,707	0,565	0,491	0,543	0,506	0,575	0,635	0,526	0,365	0,592	0,689	0,689	0,767	0,093	0,663	0,090	0,514	0,099	0,653	0,090	0,555	0,091	0,681	0,091	0,746
5:48:04	37,0	0,484	0,567	0,515	0,533	0,563	0,654	0,518	0,778	0,584	0,753	0,555	0,608	0,587	0,547	0,646	0,545	0,688	0,764	0,810	0,739	0,691	0,816	0,874	0,700	0,093	0,383	0,092	0,601	0,097	0,543	0,104	0,504	0,092	0,617	0,093	0,683	0,569	0,529	0,687	0,485	0,580	0,575	0,611	0,478	0,551	0,611	0,648	0,581	0,188	0,713	0,332	0,700	0,242	0,674	0,284	0,738	0,402	0,805	0,504	0,764	0,558	0,637	0,558	0,688	0,543	0,579	0,590	0,599	0,624	0,645	0,664	0,732	0,578	0,509	0,549	0,519	0,585	0,650	0,541	0,397	0,605	0,703	0,697	0,774	0,093	0,685	0,090	0,524	0,102	0,678	0,090	0,575	0,091	0,699	0,090	0,775
5:58:04	37,0	0,491	0,581	0,529	0,545	0,597	0,686	0,554	0,789	0,597	0,775	0,568	0,630	0,597	0,576	0,661	0,557	0,700	0,778	0,821	0,745	0,702	0,833	0,867	0,721	0,094	0,408	0,092	0,606	0,098	0,551	0,106	0,523	0,092	0,637	0,093	0,702	0,592	0,544	0,693	0,509	0,584	0,583	0,615	0,507	0,566	0,636	0,667	0,606	0,213	0,736	0,389	0,706	0,274	0,693	0,318	0,745	0,426	0,812	0,538	0,777	0,570	0,659	0,581	0,714	0,547	0,592	0,599	0,616	0,627	0,665	0,668	0,756	0,592	0,525	0,556	0,532	0,597	0,662	0,552	0,430	0,617	0,719	0,710	0,784	0,093	0,707	0,090	0,532	0,107	0,700	0,090	0,595	0,091	0,717	0,091	0,799
6:08:04	37,0	0,496	0,594	0,546	0,558	0,629	0,716	0,578	0,794	0,617	0,794	0,582	0,659	0,616	0,597	0,676	0,568	0,711	0,790	0,813	0,753	0,715	0,834	0,846	0,741	0,094	0,430	0,093	0,611	0,100	0,558	0,109	0,540	0,092	0,654	0,094	0,725	0,618	0,559	0,698	0,528	0,604	0,596	0,625	0,532	0,581	0,656	0,685	0,634	0,242	0,750	0,422	0,708	0,305	0,706	0,348	0,750	0,451	0,819	0,566	0,789	0,590	0,677	0,604	0,741	0,551	0,611	0,609	0,631	0,634	0,692	0,671	0,775	0,603	0,538	0,565	0,543	0,611	0,677	0,560	0,463	0,627	0,731	0,726	0,791	0,093	0,729	0,090	0,555	0,113	0,721	0,090	0,620	0,091	0,735	0,091	0,818
6:18:04	37,0	0,502	0,610	0,565	0,578	0,656	0,738	0,603	0,802	0,636	0,811	0,594	0,693	0,638	0,617	0,688	0,581	0,721	0,798	0,828	0,761	0,729	0,852	0,789	0,760	0,094	0,454	0,093	0,615	0,101	0,565	0,111	0,555	0,092	0,670	0,094	0,743	0,655	0,576	0,706	0,554	0,612	0,601	0,639	0,549	0,591	0,676	0,702	0,660	0,274	0,763	0,469	0,706	0,336	0,714	0,382	0,756	0,476	0,826	0,588	0,802	0,612	0,689	0,623	0,766	0,557	0,629	0,621	0,649	0,644	0,737	0,674	0,795	0,612	0,553	0,576	0,556	0,627	0,688	0,568	0,490	0,636	0,743	0,740	0,799	0,093	0,765	0,090	0,584	0,122	0,742	0,090	0,645	0,091	0,748	0,091	0,835
6:28:04	37,0	0,511	0,627	0,578	0,595	0,679	0,756	0,627	0,809	0,659	0,824	0,612	0,728	0,647	0,634	0,704	0,595	0,731	0,806	0,818	0,772	0,743	0,884	0,805	0,776	0,095	0,479	0,094	0,620	0,102	0,574	0,114	0,572	0,093	0,684	0,095	0,759	0,695	0,594	0,715	0,574	0,631	0,603	0,648	0,566	0,606	0,692	0,719	0,686	0,301	0,776	0,505	0,702	0,367	0,721	0,413	0,764	0,498	0,832	0,606	0,819	0,632	0,704	0,634	0,789	0,573	0,642	0,630	0,670	0,652	0,789	0,678	0,813	0,623	0,567	0,587	0,568	0,645	0,702	0,575	0,509	0,646	0,754	0,752	0,807	0,093	0,791	0,090	0,615	0,135	0,763	0,090	0,673	0,091	0,764	0,091	0,851
6:38:04	37,0	0,518	0,639	0,598	0,614	0,700	0,771	0,647	0,817	0,688	0,841	0,636	0,757	0,663	0,649	0,715	0,605	0,739	0,818	0,824	0,782	0,754	0,843	0,820	0,793	0,095	0,501	0,094	0,625	0,103	0,585	0,117	0,588	0,093	0,697	0,096	0,776	0,728	0,613	0,723	0,589	0,646	0,617	0,655	0,585	0,623	0,703	0,734	0,709	0,328	0,786	0,541	0,699	0,400	0,724	0,445	0,772	0,525	0,838	0,623	0,831	0,654	0,720	0,642	0,814	0,593	0,655	0,636	0,690	0,656	0,832	0,682	0,836	0,632	0,579	0,598	0,578	0,663	0,714	0,586	0,526	0,655	0,765	0,761	0,814	0,093	0,815	0,090	0,643	0,154	0,782	0,090	0,701	0,091	0,778	0,091	0,862
6:48:04	37,0	0,529	0,649	0,619	0,642	0,721	0,785	0,670	0,828	0,710	0,857	0,667	0,784	0,681	0,665	0,730	0,619	0,750	0,823	0,829	0,796	0,766	0,869	0,843	0,808	0,096	0,525	0,095	0,634	0,105	0,596	0,120	0,601	0,093	0,708	0,097	0,794	0,758	0,632	0,730	0,596	0,663	0,630	0,670	0,597	0,637	0,707	0,749	0,729	0,357	0,795	0,574	0,699	0,434	0,726	0,475	0,779	0,550	0,845	0,641	0,844	0,677	0,736	0,650	0,838	0,609	0,671	0,645	0,709	0,662	0,862	0,690	0,856	0,644	0,592	0,613	0,587	0,681	0,725	0,602	0,543	0,666	0,774	0,772	0,822	0,094	0,841	0,090	0,677	0,171	0,802	0,091	0,728	0,091	0,793	0,091	0,874
6:58:04	37,0	0,540	0,664	0,649	0,672	0,739	0,796	0,689	0,836	0,727	0,871	0,699	0,809	0,695	0,682	0,748	0,632	0,761	0,823	0,830	0,807	0,776	0,863	0,879	0,821	0,097	0,548	0,096	0,643	0,106	0,603	0,123	0,610	0,093	0,718	0,097	0,811	0,785	0,650	0,737	0,606	0,680	0,638	0,679	0,610	0,658	0,704	0,762	0,752	0,384	0,804	0,605	0,703	0,467	0,731	0,499	0,785	0,572	0,853	0,654	0,856	0,695	0,752	0,656	0,864	0,618	0,691	0,655	0,724	0,668	0,883	0,695	0,874	0,654	0,603	0,630	0,596	0,699	0,737	0,616	0,559	0,679	0,781	0,783	0,829	0,093	0,860	0,090	0,711	0,195	0,822	0,090	0,758	0,091	0,805	0,091	0,886
7:08:04	37,0	0,551	0,682	0,665	0,697	0,756	0,808	0,708	0,840	0,735	0,886	0,729	0,828	0,708	0,695	0,759	0,647	0,767	0,834	0,841	0,817	0,784	0,867	0,929	0,913	0,098	0,574	0,097	0,651	0,109	0,611	0,128	0,618	0,094	0,728	0,098	0,826	0,804	0,666	0,745	0,612	0,694	0,651	0,691	0,630	0,676	0,691	0,776	0,778	0,409	0,814	0,627	0,708	0,497	0,738	0,523	0,793	0,593	0,859	0,670	0,868	0,707	0,768	0,661	0,888	0,625	0,713	0,666	0,738	0,675	0,901	0,699	0,894	0,666	0,616	0,647	0,607	0,715	0,747	0,630	0,571	0,691	0,792	0,793	0,835	0,093	0,873	0,090	0,741	0,233	0,840	0,091	0,782	0,091	0,816	0,091	0,895
7:18:04	37,0	0,566	0,701	0,685	0,725	0,773	0,818	0,719	0,847	0,745	0,900	0,751	0,848	0,724	0,711	0,771	0,662	0,776	0,858	0,870	0,825	0,787	0,877	0,965	0,954	0,098	0,595	0,098	0,656	0,111	0,617	0,132	0,625	0,094	0,741	0,099	0,841	0,821	0,683	0,752	0,618	0,708	0,659	0,696	0,645	0,695	0,688	0,789	0,831	0,433	0,822	0,643	0,711	0,524	0,743	0,545	0,799	0,610	0,864	0,684	0,882	0,720	0,785	0,664	0,913	0,633	0,730	0,673	0,749	0,678	0,917	0,703	0,911	0,680	0,627	0,664	0,617	0,730	0,759	0,645	0,585	0,709	0,803	0,803	0,842	0,093	0,888	0,090	0,769	0,277	0,858	0,090	0,799	0,091	0,830	0,090	0,905
7:28:04	37,0	0,585	0,711	0,701	0,747	0,784	0,828	0,728	0,859	0,752	0,912	0,768	0,868	0,739	0,719	0,782	0,674	0,783	0,870	0,874	0,841	0,785	0,891	0,964	0,978	0,099	0,617	0,099	0,663	0,113	0,626	0,137	0,632	0,094	0,756	0,100	0,856	0,840	0,697	0,758	0,627	0,721	0,669	0,698	0,663	0,710	0,693	0,803	0,916	0,457	0,831	0,657	0,715	0,550	0,750	0,569	0,807	0,625	0,873	0,699	0,895	0,731	0,802	0,668	0,934	0,639	0,746	0,680	0,760	0,683	0,932	0,707	0,927	0,694	0,639	0,681	0,628	0,744	0,766	0,662	0,598	0,724	0,814	0,812	0,849	0,093	0,897	0,090	0,795	0,305	0,876	0,090	0,820	0,091	0,842	0,090	0,914
7:38:04	37,0	0,612	0,721	0,716	0,765	0,796	0,841	0,736	0,869	0,761	0,925	0,784	0,883	0,755	0,730	0,787	0,697	0,786	0,881	0,893	0,860	0,782	0,901	0,974	1,008	0,100	0,634	0,100	0,670	0,116	0,633	0,143	0,640	0,095	0,770	0,102	0,869	0,854	0,713	0,765	0,642	0,726	0,679	0,703	0,676	0,721	0,709	0,814	0,935	0,479	0,841	0,664	0,722	0,575	0,756	0,595	0,815	0,638	0,881	0,714	0,907	0,742	0,816	0,673	0,956	0,644	0,763	0,691	0,772	0,687	0,947	0,711	0,945	0,708	0,653	0,701	0,639	0,758	0,779	0,678	0,615	0,740	0,825	0,821	0,856	0,093	0,911	0,090	0,817	0,332	0,892	0,090	0,835	0,091	0,852	0,090	0,924
7:48:04	37,0	0,636	0,730	0,729	0,783	0,807	0,851	0,741	0,877	0,769	0,943	0,797	0,901	0,768	0,731	0,797	0,707	0,790	0,890	0,912	0,881	0,781	0,905	0,998	1,022	0,102	0,646	0,102	0,677	0,119	0,640	0,148	0,647	0,095	0,779	0,103	0,882	0,871	0,727	0,773	0,653	0,733	0,690	0,705	0,696	0,731	0,714	0,824	0,980	0,497	0,847	0,674	0,729	0,591	0,763	0,622	0,824	0,652	0,888	0,731	0,918	0,752	0,832	0,679	0,981	0,647	0,781	0,699	0,785	0,690	0,966	0,715	0,962	0,723	0,665	0,721	0,653	0,771	0,786	0,693	0,632	0,756	0,837	0,831	0,863	0,093	0,920	0,090	0,837	0,392	0,905	0,090	0,848	0,091	0,860	0,091	0,932
7:58:04	37,0	0,658	0,742	0,744	0,795	0,819	0,861	0,748	0,883	0,776	0,961	0,816	0,913	0,783	0,743	0,810	0,729	0,803	0,895	0,929	0,906	0,788	0,919	1,004	1,036	0,103	0,653	0,104	0,683	0,123	0,648	0,156	0,653	0,096	0,789	0,104	0,900	0,882	0,739	0,779	0,663	0,737	0,700	0,708	0,712	0,739	0,728	0,832	0,976	0,511	0,856	0,687	0,732	0,606	0,769	0,642	0,829	0,663	0,891	0,744	0,931	0,761	0,845	0,683	0,997	0,652	0,799	0,703	0,794	0,693	0,982	0,719	0,975	0,738	0,674	0,737	0,665	0,783	0,793	0,702	0,646	0,770	0,844	0,840	0,869	0,093	0,926	0,090	0,854	0,445	0,919	0,090	0,864	0,091	0,870	0,091	0,940
8:08:04	36,9	0,673	0,753	0,751	0,807	0,834	0,871	0,754	0,894	0,788	0,974	0,825	0,928	0,794	0,752	0,818	0,733	0,813	0,901	0,944	0,916	0,810	0,944	0,999	1,052	0,105	0,660	0,106	0,690	0,126	0,655	0,164	0,661	0,096	0,800	0,106	0,914	0,896	0,749	0,786	0,671	0,748	0,713	0,712	0,733	0,753	0,741	0,842	0,974	0,525	0,866	0,694	0,739	0,622	0,776	0,660	0,838	0,674	0,898	0,759	0,939	0,768	0,860	0,688	1,018	0,656	0,818	0,708	0,804	0,697	0,997	0,723	0,991	0,755	0,686	0,752	0,675	0,791	0,802	0,713	0,661	0,786	0,851	0,849	0,877	0,093	0,932	0,090	0,868	0,495	0,930	0,090	0,878	0,091	0,883	0,090	0,950
8:18:04	37,0	0,686	0,759	0,760	0,818	0,844	0,881	0,761	0,903	0,797	0,985	0,836	0,945	0,806	0,755	0,829	0,742	0,823	0,904	0,950	0,921	0,827	0,955	1,003	1,060	0,107	0,666	0,110	0,697	0,130	0,662	0,175	0,671	0,097	0,808	0,108	0,925	0,913	0,758	0,794	0,679	0,756	0,725	0,717	0,759	0,761	0,758	0,851	0,990	0,539	0,876	0,701	0,744	0,638	0,783	0,674	0,845	0,686	0,901	0,771	0,948	0,776	0,873	0,693	1,031	0,659	0,836	0,712	0,812	0,702	1,007	0,727	1,007	0,772	0,697	0,765	0,688	0,801	0,809	0,722	0,674	0,800	0,859	0,859	0,881	0,093	0,944	0,090	0,880	0,542	0,940	0,091	0,891	0,091	0,897	0,091	0,957
8:28:04	37,0	0,696	0,766	0,775	0,829	0,857	0,894	0,769	0,916	0,806	1,002	0,849	0,959	0,825	0,764	0,845	0,751	0,833	0,911	0,951	0,928	0,850	0,958	1,002	1,050	0,110	0,670	0,113	0,704	0,134	0,668	0,186	0,680	0,098	0,817	0,110	0,938	0,927	0,770	0,801	0,688	0,765	0,735	0,722	0,767	0,771	0,757	0,860	1,001	0,552	0,884	0,710	0,749	0,652	0,791	0,687	0,853	0,697	0,908	0,784	0,957	0,785	0,885	0,697	1,048	0,663	0,853	0,716	0,820	0,705	1,018	0,731	1,028	0,787	0,707	0,777	0,701	0,810	0,817	0,729	0,687	0,814	0,864	0,869	0,892	0,093	0,955	0,090	0,894	0,571	0,949	0,090	0,904	0,091	0,906	0,091	0,967
8:38:04	37,0	0,707	0,774	0,782	0,837	0,867	0,902	0,777	0,921	0,813	1,011	0,858	0,970	0,846	0,770	0,861	0,768	0,848	0,917	0,953	0,933	0,874	0,957	1,001	1,040	0,112	0,676	0,117	0,709	0,138	0,673	0,199	0,687	0,099	0,824	0,112	0,948	0,943	0,776	0,808	0,690	0,773	0,740	0,726	0,781	0,779	0,757	0,868	1,000	0,564	0,892	0,718	0,753	0,664	0,797	0,698	0,859	0,708	0,913	0,796	0,965	0,792	0,898	0,702	1,062	0,668	0,868	0,719	0,827	0,708	1,022	0,734	1,046	0,799	0,718	0,789	0,710	0,817	0,819	0,735	0,697	0,829	0,868	0,877	0,902	0,093	0,960	0,090	0,901	0,590	0,959	0,090	0,915	0,091	0,912	0,090	0,974
8:48:04	37,0	0,720	0,785	0,792	0,849	0,879	0,916	0,788	0,931	0,821	1,026	0,868	0,979	0,865	0,776	0,872	0,784	0,860	0,925	0,962	0,942	0,895	0,962	1,005	1,040	0,116	0,681	0,121	0,717	0,143	0,679	0,215	0,694	0,100	0,835	0,115	0,960	0,955	0,789	0,817	0,701	0,783	0,750	0,733	0,776	0,786	0,759	0,878	0,998	0,579	0,901	0,724	0,760	0,675	0,804	0,710	0,866	0,720	0,918	0,810	0,974	0,802	0,914	0,706	1,075	0,670	0,886	0,725	0,834	0,712	1,032	0,739	1,064	0,812	0,728	0,800	0,722	0,826	0,829	0,742	0,710	0,845	0,884	0,886	0,911	0,093	0,968	0,090	0,916	0,614	0,971	0,091	0,924	0,091	0,917	0,091	0,984
8:58:04	37,0	0,730	0,790	0,800	0,858	0,892	0,932	0,797	0,938	0,828	1,038	0,878	0,992	0,881	0,785	0,886	0,798	0,878	0,933	0,964	0,947	0,914	0,966	1,007	1,042	0,120	0,686	0,126	0,724	0,148	0,686	0,231	0,701	0,102	0,841	0,117	0,970	0,972	0,800	0,826	0,708	0,793	0,759	0,740	0,796	0,796	0,777	0,886	1,000	0,591	0,910	0,733	0,766	0,684	0,810	0,719	0,875	0,732	0,924	0,822	0,985	0,810	0,929	0,709	1,089	0,673	0,903	0,731	0,841	0,716	1,037	0,743	1,080	0,824	0,742	0,810	0,731	0,833	0,838	0,749	0,721	0,856	0,892	0,894	0,914	0,093	0,971	0,090	0,924	0,634	0,985	0,090	0,934	0,091	0,921	0,091	0,992
9:08:04	37,0	0,737	0,797	0,809	0,867	0,905	0,943	0,805	0,943	0,837	1,049	0,889	1,002	0,894	0,798	0,894	0,810	0,890	0,935	0,968	0,952	0,924	0,967	1,005	1,045	0,124	0,692	0,132	0,731	0,153	0,690	0,251	0,706	0,103	0,848	0,120	0,980	0,978	0,813	0,833	0,715	0,804	0,758	0,743	0,798	0,804	0,790	0,894	1,005	0,605	0,913	0,740	0,769	0,694	0,817	0,726	0,882	0,740	0,927	0,833	0,992	0,818	0,943	0,712	1,101	0,675	0,917	0,734	0,847	0,718	1,040	0,746	1,094	0,835	0,752	0,818	0,741	0,841	0,842	0,754	0,731	0,866	0,895	0,900	0,920	0,093	0,977	0,090	0,933	0,656	0,987	0,090	0,946	0,091	0,928	0,090	1,003
9:18:04	37,0	0,747	0,803	0,818	0,876	0,916	0,952	0,814	0,956	0,846	1,060	0,900	1,012	0,904	0,811	0,900	0,821	0,895	0,941	0,969	0,958	0,930	0,972	1,006	1,051	0,129	0,700	0,138	0,737	0,159	0,697	0,272	0,713	0,105	0,854	0,123	0,990	0,984	0,827	0,840	0,724	0,814	0,765	0,750	0,807	0,814	0,790	0,905	1,012	0,620	0,919	0,750	0,779	0,702	0,825	0,736	0,889	0,751	0,934	0,845	1,001	0,825	0,957	0,717	1,113	0,680	0,935	0,739	0,854	0,722	1,045	0,752	1,109	0,845	0,765	0,829	0,748	0,848	0,853	0,759	0,742	0,877	0,904	0,906	0,925	0,093	0,982	0,090	0,943	0,679	0,992	0,090	0,954	0,091	0,934	0,091	1,015
9:28:04	37,0	0,756	0,809	0,828	0,887	0,926	0,960	0,823	0,958	0,855	1,071	0,908	1,019	0,916	0,825	0,905	0,838	0,900	0,947	0,970	0,963	0,937	0,978	1,008	1,055	0,134	0,707	0,144	0,745	0,166	0,704	0,294	0,719	0,107	0,863	0,127	1,000	0,988	0,840	0,847	0,731	0,824	0,770	0,758	0,817	0,822	0,798	0,917	1,019	0,633	0,923	0,761	0,784	0,711	0,833	0,745	0,897	0,760	0,939	0,856	1,010	0,833	0,971	0,723	1,126	0,683	0,953	0,744	0,862	0,726	1,050	0,757	1,122	0,856	0,775	0,838	0,756	0,854	0,854	0,767	0,752	0,886	0,910	0,914	0,930	0,093	0,986	0,090	0,951	0,703	0,997	0,090	0,962	0,091	0,939	0,091	1,019
9:38:04	37,0	0,766	0,815	0,838	0,897	0,939	0,972	0,833	0,966	0,865	1,083	0,920	1,030	0,930	0,835	0,908	0,850	0,906	0,952	0,974	0,969	0,944	0,984	1,014	1,061	0,139	0,713	0,151	0,754	0,174	0,710	0,315	0,726	0,108	0,871	0,131	1,010	0,993	0,855	0,854	0,746	0,834	0,777	0,764	0,821	0,831	0,809	0,927	1,030	0,647	0,928	0,772	0,792	0,719	0,842	0,754	0,905	0,770	0,943	0,867	1,022	0,840	0,986	0,728	1,138	0,687	0,967	0,751	0,869	0,730	1,055	0,761	1,136	0,867	0,783	0,847	0,764	0,861	0,865	0,771	0,762	0,895	0,919	0,920	0,935	0,093	0,992	0,090	0,959	0,725	1,003	0,090	0,972	0,091	0,946	0,090	1,026
9:48:04	37,0	0,774	0,823	0,848	0,907	0,952	0,980	0,843	0,977	0,872	1,094	0,930	1,038	0,946	0,845	0,912	0,860	0,912	0,959	0,977	0,974	0,949	0,989	1,018	1,067	0,145	0,720	0,159	0,760	0,183	0,717	0,336	0,733	0,111	0,879	0,136	1,020	0,998	0,868	0,861	0,757	0,843	0,783	0,770	0,827	0,839	0,825	0,934	1,037	0,663	0,934	0,781	0,798	0,727	0,849	0,763	0,912	0,779	0,948	0,878	1,030	0,848	0,999	0,733	1,148	0,690	0,988	0,757	0,877	0,736	1,060	0,766	1,149	0,877	0,791	0,856	0,774	0,868	0,868	0,778	0,771	0,902	0,924	0,927	0,938	0,093	0,995	0,090	0,967	0,751	1,007	0,090	0,986	0,091	0,953	0,091	1,031
9:58:04	36,9	0,783	0,832	0,855	0,918	0,967	0,988	0,850	0,981	0,878	1,105	0,940	1,046	0,960	0,852	0,916	0,869	0,917	0,962	0,980	0,979	0,953	0,996	1,024	1,070	0,153	0,727	0,168	0,767	0,195	0,724	0,359	0,740	0,114	0,888	0,141	1,030	1,004	0,878	0,867	0,768	0,852	0,787	0,775	0,828	0,848	0,843	0,942	1,044	0,676	0,937	0,789	0,806	0,737	0,857	0,771	0,919	0,788	0,953	0,887	1,036	0,856	1,010	0,738	1,158	0,694	0,998	0,764	0,884	0,739	1,064	0,770	1,159	0,887	0,799	0,864	0,785	0,875	0,878	0,784	0,780	0,910	0,928	0,933	0,942	0,093	1,001	0,090	0,979	0,781	1,012	0,090	0,996	0,091	0,957	0,091	1,037
10:08:04	37,0	0,791	0,836	0,870	0,933	0,976	0,995	0,861	0,996	0,890	1,116	0,951	1,061	0,972	0,863	0,922	0,884	0,923	0,968	0,987	0,985	0,960	1,002	1,026	1,079	0,161	0,734	0,177	0,774	0,207	0,730	0,379	0,748	0,117	0,896	0,146	1,040	1,009	0,888	0,875	0,776	0,862	0,795	0,785	0,846	0,854	0,858	0,950	1,052	0,689	0,944	0,801	0,815	0,745	0,864	0,780	0,927	0,799	0,963	0,899	1,047	0,863	1,024	0,743	1,167	0,698	1,013	0,772	0,893	0,744	1,074	0,775	1,170	0,894	0,802	0,874	0,791	0,882	0,890	0,790	0,790	0,919	0,940	0,941	0,945	0,093	1,006	0,090	0,989	0,817	1,018	0,090	1,002	0,091	0,961	0,091	1,042
10:18:04	37,0	0,801	0,844	0,883	0,947	0,988	1,006	0,870	1,007	0,898	1,125	0,962	1,068	0,983	0,876	0,924	0,900	0,930	0,975	0,993	0,990	0,964	1,010	1,034	1,084	0,170	0,741	0,187	0,782	0,221	0,735	0,398	0,754	0,120	0,904	0,151	1,050	1,016	0,897	0,882	0,783	0,870	0,801	0,790	0,846	0,864	0,879	0,955	1,059	0,703	0,953	0,811	0,823	0,753	0,872	0,786	0,934	0,809	0,967	0,908	1,057	0,872	1,036	0,749	1,177	0,704	1,028	0,777	0,902	0,749	1,081	0,781	1,179	0,900	0,815	0,882	0,798	0,889	0,899	0,795	0,798	0,926	0,942	0,947	0,951	0,093	1,010	0,090	0,994	0,857	1,025	0,090	1,008	0,091	0,964	0,091	1,048
10:28:04	37,0	0,807	0,852	0,892	0,955	0,995	1,014	0,879	1,008	0,906	1,137	0,969	1,076	0,990	0,885	0,930	0,909	0,934	0,978	0,997	0,995	0,970	1,017	1,037	1,088	0,180	0,749	0,198	0,792	0,236	0,744	0,416	0,761	0,124	0,911	0,158	1,059	1,020	0,904	0,890	0,789	0,880	0,807	0,800	0,857	0,872	0,893	0,962	1,066	0,715	0,959	0,823	0,830	0,761	0,879	0,795	0,942	0,819	0,973	0,918	1,063	0,881	1,050	0,754	1,184	0,708	1,041	0,787	0,910	0,754	1,087	0,786	1,187	0,905	0,817	0,891	0,807	0,895	0,902	0,800	0,806	0,932	0,950	0,954	0,953	0,093	1,016	0,090	0,998	0,886	1,033	0,090	1,012	0,091	0,966	0,091	1,051
10:38:04	37,0	0,817	0,858	0,901	0,964	1,001	1,023	0,887	1,014	0,914	1,145	0,976	1,079	0,995	0,892	0,934	0,923	0,939	0,979	1,000	1,000	0,973	1,022	1,045	1,094	0,191	0,757	0,209	0,799	0,253	0,750	0,431	0,769	0,129	0,916	0,166	1,067	1,026	0,906	0,893	0,791	0,889	0,815	0,801	0,861	0,882	0,907	0,966	1,072	0,727	0,964	0,830	0,835	0,768	0,886	0,798	0,947	0,827	0,974	0,928	1,069	0,889	1,060	0,759	1,193	0,712	1,058	0,789	0,919	0,758	1,090	0,792	1,195	0,912	0,822	0,898	0,812	0,902	0,904	0,803	0,814	0,938	0,946	0,958	0,959	0,093	1,021	0,090	1,001	0,910	1,035	0,090	1,018	0,091	0,976	0,091	1,055
10:48:04	37,0	0,821	0,869	0,909	0,970	1,008	1,031	0,895	1,015	0,926	1,153	0,982	1,088	1,002	0,900	0,937	0,928	0,943	0,985	1,002	1,005	0,979	1,030	1,050	1,101	0,203	0,762	0,223	0,808	0,270	0,759	0,446	0,774	0,135	0,919	0,174	1,076	1,030	0,910	0,899	0,796	0,900	0,821	0,805	0,863	0,888	0,911	0,972	1,078	0,738	0,970	0,838	0,843	0,775	0,893	0,803	0,953	0,835	0,976	0,939	1,075	0,896	1,070	0,760	1,198	0,715	1,069	0,793	0,926	0,762	1,092	0,798	1,205	0,917	0,826	0,903	0,821	0,907	0,908	0,808	0,820	0,942	0,951	0,965	0,961	0,093	1,027	0,090	1,004	0,929	1,039	0,090	1,024	0,091	0,980	0,091	1,060
10:58:04	36,9	0,833	0,879	0,917	0,978	1,017	1,038	0,909	1,029	0,937	1,162	0,989	1,097	1,008	0,910	0,940	0,938	0,947	0,990	1,007	1,010	0,981	1,036	1,055	1,106	0,216	0,767	0,238	0,814	0,287	0,765	0,457	0,780	0,140	0,924	0,184	1,085	1,039	0,913	0,904	0,801	0,908	0,825	0,811	0,861	0,893	0,914	0,978	1,085	0,750	0,973	0,844	0,846	0,782	0,900	0,805	0,958	0,841	0,980	0,951	1,083	0,903	1,081	0,764	1,205	0,719	1,080	0,796	0,933	0,767	1,095	0,806	1,211	0,924	0,829	0,909	0,826	0,914	0,913	0,810	0,827	0,949	0,953	0,971	0,964	0,093	1,031	0,090	1,008	0,948	1,049	0,090	1,029	0,091	0,985	0,091	1,064
11:08:04	37,0	0,838	0,888	0,924	0,986	1,024	1,047	0,919	1,033	0,944	1,172	0,996	1,109	1,013	0,915	0,945	0,944	0,954	0,996	1,012	1,017	0,988	1,042	1,063	1,116	0,231	0,774	0,253	0,821	0,307	0,771	0,475	0,788	0,147	0,932	0,195	1,093	1,045	0,917	0,910	0,810	0,918	0,833	0,821	0,867	0,901	0,926	0,985	1,095	0,761	0,977	0,853	0,856	0,790	0,909	0,810	0,966	0,850	0,989	0,962	1,091	0,911	1,089	0,769	1,212	0,724	1,095	0,803	0,943	0,773	1,103	0,814	1,220	0,930	0,834	0,917	0,835	0,921	0,913	0,816	0,835	0,954	0,961	0,978	0,970	0,093	1,035	0,090	1,014	0,963	1,054	0,090	1,035	0,091	0,986	0,090	1,073
11:18:04	37,0	0,846	0,895	0,931	0,992	1,031	1,054	0,927	1,041	0,952	1,180	1,001	1,117	1,016	0,924	0,950	0,950	0,959	1,002	1,016	1,021	0,993	1,048	1,068	1,120	0,244	0,781	0,269	0,827	0,325	0,780	0,488	0,794	0,155	0,937	0,207	1,102	1,053	0,922	0,916	0,819	0,925	0,840	0,830	0,871	0,908	0,930	0,990	1,102	0,772	0,987	0,860	0,863	0,798	0,916	0,816	0,972	0,858	0,993	0,971	1,095	0,917	1,099	0,775	1,220	0,727	1,104	0,808	0,952	0,780	1,109	0,821	1,226	0,936	0,848	0,922	0,840	0,926	0,923	0,821	0,840	0,961	0,967	0,984	0,972	0,093	1,037	0,090	1,017	0,977	1,059	0,090	1,040	0,091	0,991	0,091	1,076
11:28:04	37,0	0,854	0,895	0,938	0,998	1,039	1,061	0,934	1,047	0,958	1,188	1,006	1,121	1,025	0,927	0,953	0,956	0,963	1,005	1,019	1,027	0,997	1,053	1,073	1,126	0,259	0,786	0,286	0,833	0,342	0,783	0,498	0,800	0,166	0,941	0,220	1,108	1,057	0,926	0,921	0,825	0,932	0,844	0,831	0,874	0,912	0,931	0,996	1,108	0,782	0,989	0,866	0,867	0,805	0,920	0,821	0,977	0,863	0,993	0,979	1,102	0,921	1,106	0,778	1,225	0,731	1,115	0,811	0,959	0,785	1,111	0,826	1,231	0,943	0,849	0,927	0,847	0,932	0,925	0,825	0,847	0,967	0,962	0,989	0,978	0,093	1,041	0,090	1,021	0,989	1,062	0,091	1,045	0,091	0,999	0,091	1,081
11:38:04	37,0	0,865	0,905	0,946	1,008	1,047	1,071	0,943	1,059	0,968	1,197	1,016	1,132	1,030	0,939	0,960	0,960	0,969	1,010	1,026	1,034	1,004	1,062	1,081	1,133	0,274	0,794	0,303	0,841	0,362	0,788	0,512	0,809	0,179	0,949	0,234	1,118	1,065	0,931	0,927	0,833	0,940	0,853	0,843	0,881	0,919	0,939	1,001	1,116	0,792	0,996	0,875	0,875	0,813	0,929	0,828	0,983	0,874	1,002	0,990	1,113	0,929	1,115	0,788	1,232	0,738	1,127	0,821	0,969	0,794	1,119	0,834	1,238	0,952	0,857	0,934	0,859	0,938	0,926	0,829	0,855	0,972	0,971	0,995	0,983	0,093	1,045	0,090	1,027	1,004	1,069	0,090	1,053	0,091	1,000	0,091	1,087
11:48:04	37,0	0,875	0,912	0,953	1,014	1,054	1,078	0,951	1,065	0,975	1,204	1,021	1,139	1,037	0,944	0,964	0,968	0,975	1,018	1,031	1,040	1,010	1,067	1,086	1,139	0,289	0,800	0,321	0,847	0,374	0,793	0,526	0,815	0,195	0,955	0,248	1,125	1,072	0,936	0,932	0,838	0,949	0,858	0,849	0,888	0,924	0,946	1,007	1,123	0,802	1,000	0,882	0,883	0,821	0,935	0,835	0,990	0,882	1,006	0,999	1,123	0,934	1,123	0,794	1,239	0,744	1,136	0,827	0,979	0,801	1,126	0,839	1,245	0,959	0,862	0,942	0,867	0,942	0,930	0,833	0,861	0,977	0,975	1,001	0,986	0,093	1,049	0,090	1,032	1,018	1,072	0,090	1,057	0,091	1,002	0,091	1,092
11:58:04	37,0	0,883	0,915	0,962	1,019	1,061	1,084	0,956	1,070	0,977	1,209	1,023	1,143	1,043	0,943	0,968	0,970	0,978	1,020	1,033	1,044	1,014	1,069	1,090	1,143	0,305	0,805	0,337	0,853	0,386	0,802	0,535	0,820	0,215	0,957	0,263	1,134	1,078	0,942	0,937	0,844	0,956	0,862	0,848	0,891	0,929	0,945	1,010	1,127	0,815	1,004	0,886	0,886	0,826	0,941	0,838	0,992	0,889	1,007	1,007	1,128	0,938	1,129	0,797	1,244	0,748	1,141	0,830	0,986	0,807	1,127	0,842	1,249	0,967	0,863	0,944	0,876	0,948	0,933	0,838	0,864	0,981	0,975	1,004	0,989	0,093	1,054	0,090	1,035	1,032	1,076	0,090	1,063	0,091	1,003	0,091	1,092
12:08:04	37,0	0,891	0,923	0,966	1,028	1,067	1,089	0,963	1,077	0,983	1,215	1,029	1,149	1,048	0,948	0,972	0,974	0,984	1,029	1,038	1,050	1,019	1,072	1,093	1,149	0,321	0,810	0,354	0,859	0,397	0,805	0,545	0,829	0,240	0,964	0,278	1,141	1,085	0,948	0,941	0,849	0,963	0,869	0,856	0,897	0,932	0,954	1,016	1,134	0,825	1,009	0,895	0,895	0,833	0,949	0,847	0,999	0,899	1,012	1,016	1,139	0,943	1,136	0,802	1,248	0,754	1,151	0,837	0,999	0,813	1,133	0,847	1,254	0,974	0,866	0,953	0,880	0,954	0,938	0,843	0,870	0,986	0,982	1,010	0,991	0,093	1,058	0,090	1,040	1,045	1,081	0,090	1,066	0,091	1,006	0,091	1,097
12:18:04	37,0	0,899	0,926	0,975	1,030	1,074	1,095	0,969	1,082	0,988	1,218	1,035	1,155	1,054	0,954	0,977	0,979	0,989	1,034	1,042	1,056	1,025	1,080	1,102	1,155	0,337	0,816	0,370	0,867	0,407	0,812	0,555	0,836	0,263	0,970	0,292	1,149	1,089	0,951	0,946	0,855	0,972	0,874	0,861	0,902	0,940	0,957	1,023	1,140	0,835	1,015	0,901	0,901	0,839	0,956	0,856	1,003	0,908	1,016	1,024	1,146	0,948	1,142	0,807	1,255	0,760	1,157	0,842	1,009	0,820	1,138	0,853	1,258	0,981	0,869	0,959	0,883	0,959	0,939	0,846	0,877	0,988	0,988	1,014	0,995	0,093	1,061	0,090	1,044	1,060	1,080	0,090	1,072	0,091	1,010	0,091	1,101
12:28:04	37,0	0,906	0,932	0,981	1,033	1,081	1,102	0,976	1,088	0,997	1,223	1,039	1,162	1,060	0,959	0,982	0,986	0,994	1,038	1,046	1,060	1,030	1,086	1,105	1,160	0,352	0,823	0,385	0,872	0,418	0,819	0,563	0,844	0,289	0,972	0,306	1,155	1,095	0,956	0,951	0,860	0,978	0,878	0,864	0,906	0,945	0,961	1,027	1,145	0,843	1,020	0,909	0,907	0,846	0,962	0,864	1,009	0,918	1,024	1,034	1,151	0,954	1,147	0,812	1,261	0,766	1,165	0,845	1,022	0,825	1,141	0,858	1,266	0,988	0,874	0,963	0,888	0,965	0,942	0,851	0,889	0,993	0,988	1,019	0,998	0,093	1,065	0,090	1,047	1,074	1,087	0,090	1,076	0,091	1,014	0,091	1,104
12:38:04	37,0	0,911	0,935	0,987	1,036	1,085	1,106	0,982	1,094	1,002	1,226	1,043	1,163	1,064	0,964	0,987	0,992	1,000	1,043	1,050	1,065	1,036	1,091	1,110	1,165	0,367	0,828	0,399	0,879	0,429	0,824	0,571	0,851	0,317	0,976	0,320	1,160	1,102	0,960	0,958	0,866	0,984	0,883	0,869	0,911	0,951	0,967	1,032	1,150	0,850	1,022	0,918	0,914	0,852	0,968	0,873	1,014	0,929	1,028	1,043	1,158	0,960	1,152	0,817	1,265	0,771	1,172	0,851	1,034	0,831	1,144	0,863	1,272	0,994	0,876	0,968	0,893	0,969	0,947	0,857	0,894	0,998	0,993	1,024	0,999	0,093	1,067	0,090	1,050	1,088	1,088	0,090	1,079	0,091	1,016	0,090	1,106
12:48:04	37,0	0,919	0,940	0,994	1,035	1,090	1,112	0,989	1,099	1,007	1,229	1,051	1,172	1,072	0,969	0,992	0,997	1,006	1,051	1,056	1,071	1,042	1,099	1,116	1,172	0,383	0,835	0,415	0,886	0,436	0,829	0,579	0,860	0,344	0,985	0,334	1,167	1,107	0,964	0,964	0,873	0,992	0,890	0,877	0,918	0,955	0,976	1,037	1,157	0,857	1,029	0,927	0,922	0,862	0,974	0,887	1,023	0,941	1,036	1,052	1,167	0,967	1,159	0,824	1,272	0,779	1,181	0,857	1,047	0,837	1,151	0,870	1,276	1,002	0,884	0,974	0,895	0,975	0,952	0,863	0,900	1,001	0,999	1,029	1,002	0,093	1,072	0,090	1,052	1,099	1,093	0,090	1,083	0,091	1,018	0,091	1,110
12:58:04	37,0	0,927	0,948	1,003	1,047	1,096	1,119	0,996	1,104	1,013	1,235	1,054	1,175	1,079	0,974	0,997	1,003	1,011	1,055	1,061	1,076	1,049	1,100	1,117	1,175	0,397	0,841	0,428	0,894	0,447	0,834	0,585	0,866	0,368	0,991	0,348	1,173	1,111	0,969	0,969	0,880	0,999	0,895	0,884	0,923	0,960	0,983	1,043	1,161	0,864	1,034	0,936	0,927	0,867	0,979	0,899	1,029	0,952	1,040	1,064	1,174	0,975	1,165	0,830	1,275	0,783	1,184	0,865	1,057	0,844	1,157	0,876	1,282	1,011	0,886	0,981	0,900	0,979	0,954	0,869	0,903	1,006	1,006	1,036	1,007	0,093	1,079	0,090	1,059	1,110	1,101	0,090	1,086	0,091	1,016	0,091	1,117
13:08:04	37,0	0,935	0,951	1,008	1,049	1,100	1,122	1,005	1,110	1,019	1,238	1,061	1,185	1,085	0,979	1,005	1,009	1,017	1,060	1,067	1,082	1,055	1,108	1,124	1,183	0,413	0,848	0,444	0,901	0,458	0,843	0,592	0,874	0,388	0,996	0,363	1,179	1,116	0,972	0,976	0,886	1,006	0,901	0,889	0,929	0,965	0,992	1,049	1,169	0,871	1,041	0,945	0,934	0,876	0,986	0,912	1,038	0,964	1,046	1,077	1,182	0,982	1,171	0,837	1,282	0,789	1,193	0,872	1,069	0,851	1,164	0,884	1,287	1,018	0,890	0,987	0,902	0,985	0,955	0,874	0,907	1,009	1,008	1,041	1,011	0,093	1,085	0,090	1,065	1,120	1,106	0,091	1,090	0,091	1,018	0,091	1,121
13:18:04	37,0	0,941	0,956	1,014	1,054	1,106	1,127	1,012	1,115	1,027	1,242	1,063	1,189	1,089	0,982	1,009	1,014	1,023	1,065	1,071	1,087	1,060	1,111	1,132	1,186	0,427	0,857	0,456	0,908	0,467	0,849	0,597	0,882	0,407	1,003	0,375	1,185	1,120	0,977	0,980	0,890	1,012	0,906	0,891	0,933	0,972	0,995	1,053	1,174	0,878	1,048	0,951	0,939	0,883	0,992	0,921	1,042	0,972	1,050	1,084	1,187	0,987	1,176	0,843	1,287	0,794	1,199	0,875	1,078	0,858	1,168	0,891	1,293	1,026	0,895	0,991	0,907	0,990	0,963	0,879	0,910	1,014	1,009	1,045	1,013	0,093	1,090	0,090	1,070	1,130	1,110	0,090	1,096	0,091	1,017	0,091	1,123
13:28:04	37,0	0,949	0,957	1,018	1,060	1,110	1,130	1,016	1,120	1,031	1,241	1,068	1,190	1,096	0,985	1,013	1,018	1,027	1,067	1,073	1,092	1,063	1,115	1,135	1,191	0,442	0,862	0,468	0,912	0,475	0,852	0,598	0,887	0,429	1,003	0,389	1,188	1,125	0,979	0,982	0,894	1,018	0,907	0,890	0,936	0,975	0,997	1,056	1,177	0,885	1,051	0,957	0,944	0,891	0,995	0,926	1,045	0,981	1,049	1,092	1,191	0,992	1,181	0,846	1,291	0,799	1,202	0,876	1,086	0,865	1,167	0,897	1,297	1,034	0,896	0,993	0,908	0,995	0,966	0,883	0,914	1,019	1,008	1,048	1,016	0,093	1,098	0,090	1,073	1,137	1,113	0,090	1,100	0,091	1,019	0,090	1,126
13:38:04	37,0	0,953	0,962	1,022	1,067	1,114	1,133	1,020	1,123	1,035	1,243	1,072	1,190	1,100	0,993	1,017	1,025	1,032	1,073	1,075	1,097	1,068	1,123	1,140	1,194	0,456	0,869	0,481	0,918	0,485	0,857	0,600	0,893	0,444	1,010	0,403	1,193	1,128	0,982	0,986	0,898	1,024	0,913	0,895	0,941	0,980	1,000	1,059	1,181	0,892	1,055	0,965	0,950	0,900	1,000	0,935	1,050	0,989	1,053	1,097	1,196	0,995	1,185	0,851	1,295	0,804	1,209	0,882	1,094	0,872	1,170	0,902	1,300	1,038	0,899	0,996	0,908	0,998	0,964	0,890	0,916	1,023	1,013	1,050	1,019	0,093	1,100	0,090	1,076	1,144	1,115	0,091	1,102	0,091	1,020	0,090	1,129
13:48:04	37,0	0,957	0,965	1,025	1,072	1,117	1,137	1,022	1,124	1,041	1,244	1,075	1,191	1,103	0,997	1,021	1,026	1,036	1,076	1,077	1,100	1,071	1,126	1,143	1,197	0,470	0,875	0,492	0,924	0,494	0,860	0,599	0,897	0,462	1,012	0,416	1,195	1,131	0,983	0,987	0,901	1,029	0,915	0,894	0,944	0,984	1,000	1,063	1,185	0,897	1,060	0,969	0,952	0,908	1,004	0,940	1,052	0,997	1,054	1,101	1,199	0,997	1,190	0,856	1,296	0,807	1,210	0,884	1,099	0,877	1,169	0,909	1,302	1,043	0,900	0,996	0,911	1,002	0,967	0,896	0,917	1,027	1,007	1,053	1,020	0,093	1,103	0,090	1,079	1,150	1,119	0,090	1,104	0,091	1,021	0,091	1,130
13:58:04	37,0	0,965	0,971	1,030	1,080	1,121	1,141	1,032	1,129	1,046	1,249	1,079	1,198	1,110	0,999	1,026	1,035	1,042	1,082	1,082	1,105	1,077	1,130	1,148	1,201	0,486	0,881	0,505	0,932	0,505	0,867	0,601	0,903	0,475	1,017	0,428	1,201	1,136	0,991	0,991	0,907	1,035	0,920	0,900	0,950	0,990	1,006	1,068	1,191	0,903	1,064	0,976	0,959	0,917	1,010	0,948	1,058	1,006	1,060	1,106	1,205	1,001	1,194	0,860	1,301	0,812	1,216	0,891	1,109	0,884	1,175	0,917	1,308	1,048	0,903	1,003	0,916	1,006	0,969	0,902	0,919	1,030	1,016	1,057	1,024	0,093	1,107	0,090	1,083	1,160	1,124	0,090	1,109	0,091	1,021	0,091	1,134
14:08:04	37,0	0,968	0,976	1,038	1,087	1,125	1,145	1,038	1,133	1,052	1,252	1,082	1,203	1,114	1,005	1,031	1,041	1,046	1,085	1,087	1,110	1,082	1,135	1,154	1,206	0,501	0,885	0,514	0,938	0,515	0,872	0,601	0,911	0,490	1,023	0,443	1,205	1,139	0,995	0,997	0,911	1,042	0,926	0,906	0,957	0,995	1,014	1,074	1,196	0,909	1,071	0,983	0,964	0,925	1,015	0,959	1,064	1,016	1,063	1,111	1,211	1,004	1,198	0,865	1,306	0,817	1,221	0,899	1,114	0,892	1,180	0,923	1,312	1,053	0,907	1,008	0,918	1,011	0,971	0,908	0,923	1,033	1,021	1,063	1,027	0,093	1,111	0,090	1,086	1,167	1,129	0,090	1,113	0,091	1,018	0,091	1,139
14:18:04	37,0	0,973	0,974	1,039	1,093	1,125	1,148	1,040	1,132	1,057	1,251	1,085	1,197	1,117	1,008	1,035	1,046	1,050	1,088	1,088	1,114	1,085	1,139	1,156	1,208	0,516	0,891	0,528	0,943	0,521	0,877	0,599	0,916	0,510	1,022	0,456	1,206	1,143	0,998	0,998	0,914	1,045	0,930	0,907	0,960	0,998	1,015	1,076	1,199	0,915	1,076	0,990	0,969	0,932	1,018	0,965	1,067	1,024	1,064	1,115	1,213	1,006	1,202	0,869	1,310	0,821	1,224	0,901	1,119	0,898	1,181	0,928	1,313	1,055	0,907	1,010	0,919	1,014	0,975	0,913	0,925	1,035	1,022	1,064	1,030	0,093	1,112	0,090	1,088	1,172	1,131	0,090	1,115	0,091	1,018	0,091	1,139
14:28:04	37,0	0,977	0,979	1,044	1,097	1,130	1,151	1,046	1,135	1,062	1,253	1,088	1,202	1,121	1,014	1,038	1,048	1,054	1,092	1,091	1,117	1,090	1,142	1,160	1,212	0,529	0,896	0,541	0,949	0,527	0,883	0,599	0,920	0,522	1,027	0,470	1,208	1,146	1,001	1,003	0,918	1,050	0,933	0,909	0,964	1,003	1,018	1,079	1,202	0,919	1,079	0,996	0,973	0,940	1,023	0,972	1,070	1,033	1,065	1,119	1,216	1,006	1,204	0,875	1,312	0,826	1,229	0,905	1,124	0,905	1,182	0,931	1,316	1,057	0,914	1,012	0,920	1,017	0,977	0,919	0,924	1,038	1,024	1,067	1,031	0,093	1,113	0,090	1,091	1,178	1,134	0,090	1,117	0,091	1,018	0,091	1,142
14:38:04	37,0	0,983	0,984	1,053	1,104	1,132	1,156	1,052	1,141	1,069	1,257	1,091	1,206	1,127	1,020	1,045	1,058	1,059	1,097	1,097	1,123	1,094	1,147	1,165	1,219	0,542	0,901	0,552	0,955	0,530	0,886	0,602	0,926	0,534	1,034	0,484	1,214	1,149	1,006	1,006	0,922	1,055	0,940	0,914	0,970	1,005	1,023	1,085	1,208	0,925	1,084	1,003	0,978	0,947	1,029	0,981	1,075	1,044	1,069	1,123	1,222	1,011	1,210	0,883	1,316	0,832	1,234	0,914	1,131	0,911	1,187	0,937	1,320	1,061	0,915	1,017	0,923	1,022	0,978	0,923	0,930	1,042	1,026	1,070	1,036	0,093	1,118	0,090	1,095	1,184	1,139	0,090	1,121	0,091	1,018	0,091	1,146
14:48:04	36,9	0,985	0,986	1,056	1,106	1,136	1,158	1,056	1,142	1,072	1,258	1,093	1,204	1,133	1,023	1,047	1,054	1,062	1,102	1,099	1,127	1,098	1,150	1,169	1,222	0,553	0,906	0,560	0,962	0,533	0,892	0,600	0,930	0,547	1,037	0,497	1,215	1,150	1,009	1,008	0,928	1,059	0,943	0,916	0,974	1,009	1,022	1,086	1,211	0,928	1,087	1,009	0,984	0,954	1,034	0,987	1,078	1,053	1,070	1,127	1,224	1,012	1,212	0,888	1,318	0,836	1,235	0,918	1,133	0,915	1,186	0,939	1,323	1,063	0,920	1,020	0,926	1,024	0,982	0,928	0,928	1,043	1,027	1,072	1,038	0,093	1,120	0,090	1,097	1,189	1,141	0,090	1,123	0,091	1,017	0,091	1,147
14:58:04	37,0	0,993	0,991	1,061	1,112	1,139	1,165	1,065	1,147	1,079	1,262	1,097	1,213	1,138	1,030	1,055	1,065	1,068	1,108	1,106	1,133	1,104	1,158	1,174	1,227	0,566	0,911	0,572	0,967	0,536	0,899	0,604	0,936	0,554	1,046	0,511	1,221	1,156	1,017	1,014	0,932	1,065	0,950	0,925	0,982	1,015	1,032	1,092	1,218	0,933	1,093	1,018	0,990	0,963	1,040	1,001	1,087	1,063	1,077	1,132	1,231	1,016	1,218	0,896	1,324	0,842	1,242	0,927	1,142	0,921	1,194	0,946	1,327	1,068	0,925	1,026	0,929	1,028	0,986	0,931	0,934	1,046	1,035	1,076	1,042	0,094	1,124	0,090	1,101	1,193	1,146	0,090	1,129	0,091	1,015	0,091	1,155
15:08:04	37,0	0,996	0,994	1,066	1,117	1,141	1,165	1,069	1,147	1,083	1,263	1,097	1,210	1,143	1,034	1,056	1,068	1,071	1,110	1,106	1,137	1,106	1,158	1,177	1,230	0,578	0,917	0,582	0,972	0,535	0,904	0,601	0,940	0,569	1,049	0,523	1,223	1,158	1,021	1,014	0,936	1,068	0,953	0,920	0,985	1,020	1,031	1,094	1,221	0,938	1,098	1,022	0,994	0,969	1,044	1,004	1,087	1,067	1,076	1,135	1,233	1,017	1,220	0,899	1,325	0,846	1,242	0,927	1,142	0,924	1,192	0,947	1,330	1,071	0,926	1,028	0,933	1,032	0,988	0,939	0,935	1,049	1,032	1,078	1,045	0,093	1,127	0,090	1,104	1,197	1,149	0,091	1,130	0,091	1,008	0,091	1,157
15:18:04	37,0	1,001	0,998	1,068	1,119	1,142	1,167	1,073	1,150	1,085	1,263	1,101	1,212	1,148	1,039	1,061	1,072	1,075	1,115	1,110	1,141	1,108	1,165	1,180	1,235	0,588	0,921	0,590	0,976	0,535	0,907	0,602	0,946	0,572	1,052	0,533	1,227	1,158	1,025	1,016	0,940	1,073	0,957	0,924	0,989	1,022	1,035	1,095	1,225	0,941	1,102	1,030	0,999	0,977	1,049	1,013	1,091	1,073	1,076	1,138	1,236	1,019	1,224	0,902	1,328	0,851	1,247	0,929	1,148	0,929	1,195	0,950	1,332	1,073	0,927	1,030	0,932	1,036	0,990	0,940	0,937	1,053	1,033	1,079	1,048	0,093	1,130	0,090	1,107	1,199	1,152	0,091	1,133	0,091	1,005	0,091	1,160
15:28:04	37,0	1,003	1,002	1,068	1,121	1,146	1,170	1,075	1,153	1,086	1,263	1,101	1,214	1,151	1,041	1,064	1,076	1,079	1,116	1,113	1,144	1,112	1,167	1,186	1,237	0,598	0,926	0,595	0,981	0,534	0,913	0,601	0,951	0,577	1,054	0,541	1,229	1,161	1,029	1,018	0,944	1,075	0,961	0,925	0,994	1,023	1,036	1,098	1,229	0,945	1,106	1,034	1,004	0,984	1,053	1,018	1,094	1,078	1,077	1,141	1,237	1,020	1,226	0,904	1,330	0,856	1,250	0,931	1,151	0,930	1,197	0,952	1,335	1,073	0,930	1,030	0,933	1,039	0,990	0,945	0,938	1,057	1,036	1,079	1,051	0,093	1,133	0,090	1,109	1,201	1,152	0,090	1,136	0,091	1,001	0,091	1,162
15:38:04	37,0	1,009	1,004	1,074	1,124	1,147	1,174	1,077	1,157	1,089	1,264	1,102	1,216	1,155	1,049	1,068	1,080	1,084	1,121	1,117	1,149	1,117	1,172	1,191	1,242	0,607	0,931	0,595	0,986	0,535	0,914	0,602	0,958	0,580	1,057	0,547	1,232	1,162	1,032	1,020	0,948	1,080	0,966	0,929	0,999	1,028	1,040	1,100	1,233	0,949	1,109	1,041	1,008	0,991	1,058	1,024	1,097	1,083	1,079	1,144	1,242	1,021	1,229	0,907	1,332	0,861	1,254	0,935	1,155	0,934	1,199	0,956	1,338	1,073	0,931	1,033	0,935	1,042	0,993	0,946	0,941	1,060	1,038	1,082	1,053	0,093	1,137	0,090	1,112	1,203	1,156	0,090	1,139	0,091	0,997	0,091	1,165
15:48:04	37,0	1,010	1,008	1,076	1,126	1,147	1,177	1,081	1,160	1,090	1,265	1,105	1,216	1,159	1,050	1,072	1,084	1,088	1,126	1,119	1,153	1,119	1,177	1,194	1,245	0,615	0,935	0,602	0,992	0,536	0,919	0,604	0,964	0,581	1,060	0,554	1,234	1,163	1,034	1,022	0,952	1,082	0,970	0,930	1,002	1,031	1,043	1,103	1,236	0,953	1,112	1,045	1,013	0,999	1,063	1,030	1,101	1,088	1,082	1,149	1,245	1,023	1,233	0,910	1,335	0,867	1,257	0,936	1,159	0,937	1,200	0,959	1,341	1,074	0,934	1,034	0,935	1,044	0,999	0,951	0,946	1,063	1,038	1,083	1,056	0,093	1,139	0,090	1,116	1,206	1,161	0,090	1,142	0,091	0,996	0,090	1,167
15:58:04	37,0	1,016	1,014	1,078	1,127	1,152	1,181	1,085	1,162	1,094	1,267	1,107	1,217	1,164	1,057	1,077	1,093	1,093	1,133	1,124	1,158	1,125	1,181	1,198	1,250	0,622	0,940	0,599	0,998	0,539	0,923	0,607	0,970	0,584	1,066	0,560	1,237	1,168	1,040	1,026	0,957	1,087	0,977	0,938	1,008	1,034	1,050	1,106	1,240	0,957	1,118	1,051	1,017	1,006	1,068	1,037	1,105	1,093	1,087	1,152	1,247	1,025	1,237	0,914	1,338	0,870	1,261	0,942	1,163	0,941	1,206	0,962	1,344	1,074	0,938	1,037	0,940	1,047	1,000	0,952	0,948	1,064	1,048	1,085	1,061	0,093	1,143	0,090	1,119	1,208	1,163	0,090	1,143	0,091	0,993	0,091	1,169
16:08:04	37,0	1,019	1,015	1,082	1,132	1,152	1,185	1,087	1,165	1,094	1,266	1,109	1,221	1,167	1,058	1,079	1,095	1,095	1,134	1,124	1,160	1,128	1,183	1,201	1,252	0,630	0,944	0,596	1,002	0,540	0,930	0,603	0,972	0,583	1,065	0,565	1,240	1,167	1,044	1,026	0,962	1,089	0,977	0,931	1,009	1,034	1,046	1,107	1,244	0,960	1,121	1,052	1,018	1,014	1,070	1,035	1,105	1,095	1,081	1,153	1,250	1,026	1,239	0,914	1,340	0,872	1,261	0,939	1,163	0,942	1,201	0,962	1,347	1,075	0,939	1,036	0,938	1,049	1,001	0,958	0,949	1,067	1,040	1,085	1,062	0,093	1,145	0,090	1,122	1,211	1,166	0,090	1,147	0,091	0,992	0,091	1,171
16:18:04	37,0	1,024	1,020	1,086	1,135	1,157	1,187	1,093	1,169	1,098	1,268	1,112	1,224	1,171	1,064	1,083	1,097	1,100	1,137	1,129	1,167	1,130	1,189	1,206	1,259	0,637	0,949	0,598	1,006	0,541	0,932	0,606	0,978	0,583	1,068	0,573	1,244	1,171	1,047	1,028	0,965	1,091	0,982	0,936	1,014	1,040	1,053	1,109	1,248	0,963	1,122	1,057	1,023	1,022	1,075	1,041	1,109	1,100	1,085	1,157	1,252	1,029	1,243	0,916	1,341	0,875	1,264	0,943	1,167	0,944	1,205	0,965	1,349	1,076	0,942	1,039	0,941	1,052	1,004	0,961	0,954	1,069	1,044	1,087	1,066	0,093	1,149	0,090	1,125	1,213	1,167	0,091	1,150	0,091	0,989	0,091	1,175
16:28:04	37,0	1,026	1,024	1,088	1,135	1,157	1,188	1,095	1,167	1,101	1,270	1,115	1,222	1,175	1,067	1,087	1,103	1,103	1,141	1,133	1,170	1,136	1,192	1,211	1,261	0,645	0,953	0,596	1,011	0,542	0,939	0,607	0,983	0,584	1,071	0,579	1,246	1,173	1,050	1,029	0,969	1,094	0,986	0,940	1,017	1,042	1,054	1,112	1,252	0,968	1,125	1,061	1,027	1,029	1,079	1,044	1,111	1,104	1,085	1,161	1,255	1,031	1,246	0,917	1,344	0,877	1,265	0,944	1,169	0,948	1,207	0,967	1,351	1,077	0,946	1,042	0,944	1,053	1,008	0,965	0,954	1,070	1,045	1,089	1,069	0,093	1,151	0,090	1,128	1,217	1,173	0,090	1,153	0,091	0,986	0,091	1,177
16:38:04	37,0	1,029	1,026	1,087	1,138	1,160	1,192	1,097	1,171	1,101	1,270	1,114	1,222	1,180	1,070	1,089	1,103	1,107	1,141	1,134	1,175	1,139	1,193	1,215	1,265	0,652	0,959	0,592	1,014	0,542	0,942	0,606	0,985	0,581	1,072	0,583	1,245	1,173	1,054	1,031	0,972	1,097	0,988	0,937	1,020	1,043	1,056	1,112	1,254	0,971	1,128	1,063	1,030	1,036	1,082	1,045	1,112	1,107	1,084	1,163	1,257	1,031	1,246	0,918	1,345	0,878	1,269	0,942	1,171	0,948	1,204	0,969	1,353	1,076	0,945	1,042	0,945	1,055	1,007	0,969	0,953	1,072	1,042	1,088	1,070	0,093	1,153	0,090	1,129	1,218	1,174	0,090	1,155	0,091	0,992	0,091	1,179
16:48:04	37,0	1,034	1,030	1,091	1,139	1,159	1,195	1,101	1,176	1,106	1,273	1,115	1,227	1,185	1,074	1,096	1,111	1,112	1,151	1,140	1,178	1,144	1,199	1,219	1,271	0,660	0,963	0,594	1,019	0,545	0,945	0,611	0,991	0,583	1,074	0,590	1,249	1,179	1,057	1,034	0,978	1,101	0,995	0,947	1,027	1,046	1,065	1,117	1,260	0,976	1,130	1,069	1,036	1,042	1,087	1,054	1,116	1,112	1,092	1,168	1,262	1,033	1,250	0,919	1,348	0,880	1,270	0,949	1,176	0,951	1,211	0,972	1,355	1,078	0,949	1,045	0,950	1,057	1,009	0,970	0,956	1,074	1,054	1,090	1,074	0,093	1,157	0,090	1,131	1,220	1,177	0,090	1,157	0,091	0,992	0,091	1,183
16:58:04	37,0	1,038	1,030	1,093	1,140	1,165	1,193	1,104	1,178	1,106	1,273	1,118	1,228	1,188	1,080	1,099	1,111	1,116	1,153	1,143	1,182	1,148	1,203	1,222	1,272	0,668	0,970	0,591	1,024	0,547	0,950	0,611	0,996	0,583	1,077	0,595	1,251	1,180	1,060	1,036	0,982	1,102	0,997	0,947	1,030	1,048	1,065	1,118	1,262	0,978	1,134	1,072	1,039	1,048	1,090	1,056	1,118	1,115	1,092	1,170	1,263	1,034	1,252	0,921	1,350	0,883	1,274	0,950	1,179	0,953	1,211	0,974	1,354	1,079	0,952	1,046	0,951	1,058	1,011	0,974	0,958	1,075	1,053	1,091	1,077	0,093	1,159	0,090	1,133	1,224	1,179	0,090	1,160	0,091	0,994	0,091	1,184
17:08:04	37,0	1,039	1,032	1,095	1,142	1,163	1,193	1,102	1,175	1,106	1,271	1,119	1,229	1,192	1,080	1,100	1,117	1,118	1,153	1,142	1,184	1,149	1,204	1,224	1,273	0,677	0,972	0,587	1,025	0,546	0,950	0,609	0,997	0,581	1,076	0,598	1,251	1,180	1,062	1,035	0,985	1,102	0,998	0,939	1,031	1,050	1,063	1,117	1,265	0,983	1,135	1,073	1,037	1,052	1,093	1,054	1,120	1,117	1,087	1,172	1,263	1,035	1,253	0,921	1,349	0,882	1,274	0,946	1,178	0,953	1,206	0,973	1,352	1,077	0,952	1,045	0,954	1,059	1,014	0,975	0,959	1,076	1,045	1,091	1,077	0,093	1,161	0,090	1,134	1,224	1,180	0,090	1,161	0,091	1,002	0,091	1,185
17:18:04	37,0	1,044	1,035	1,102	1,143	1,166	1,198	1,107	1,178	1,113	1,274	1,120	1,226	1,196	1,083	1,104	1,120	1,122	1,160	1,148	1,190	1,153	1,208	1,231	1,278	0,687	0,975	0,586	1,028	0,547	0,952	0,611	1,002	0,581	1,079	0,603	1,253	1,185	1,067	1,036	0,988	1,105	1,003	0,948	1,036	1,053	1,070	1,120	1,268	0,987	1,137	1,076	1,043	1,056	1,094	1,058	1,120	1,121	1,089	1,175	1,267	1,037	1,255	0,919	1,352	0,882	1,275	0,949	1,181	0,954	1,210	0,975	1,361	1,077	0,956	1,047	0,956	1,060	1,014	0,978	0,959	1,077	1,052	1,093	1,081	0,093	1,162	0,090	1,136	1,227	1,182	0,090	1,164	0,091	0,997	0,091	1,189
17:28:04	37,0	1,046	1,035	1,099	1,144	1,166	1,195	1,107	1,179	1,111	1,272	1,119	1,227	1,200	1,087	1,108	1,123	1,126	1,163	1,151	1,193	1,157	1,209	1,233	1,280	0,696	0,980	0,584	1,030	0,549	0,954	0,610	1,007	0,581	1,078	0,607	1,253	1,186	1,069	1,037	0,991	1,106	1,006	0,944	1,038	1,053	1,070	1,120	1,270	0,991	1,138	1,079	1,045	1,059	1,096	1,058	1,121	1,122	1,089	1,176	1,268	1,036	1,257	0,918	1,352	0,882	1,276	0,948	1,181	0,954	1,210	0,975	1,360	1,078	0,956	1,046	0,954	1,061	1,016	0,981	0,960	1,076	1,049	1,092	1,083	0,094	1,164	0,090	1,137	1,227	1,182	0,090	1,165	0,091	0,995	0,091	1,190
17:38:04	37,0	1,048	1,039	1,103	1,146	1,172	1,195	1,111	1,182	1,113	1,274	1,121	1,228	1,205	1,092	1,111	1,128	1,130	1,168	1,153	1,198	1,161	1,215	1,237	1,283	0,702	0,984	0,585	1,034	0,550	0,955	0,613	1,012	0,582	1,079	0,613	1,254	1,187	1,072	1,038	0,994	1,109	1,010	0,951	1,042	1,053	1,076	1,123	1,273	0,994	1,141	1,083	1,048	1,064	1,099	1,065	1,124	1,127	1,091	1,180	1,270	1,038	1,258	0,921	1,354	0,886	1,280	0,950	1,184	0,957	1,212	0,978	1,361	1,079	0,959	1,049	0,956	1,062	1,018	0,983	0,963	1,077	1,052	1,093	1,086	0,093	1,165	0,090	1,140	1,228	1,185	0,090	1,167	0,091	0,990	0,090	1,192
17:48:04	37,0	1,053	1,042	1,105	1,148	1,171	1,199	1,113	1,183	1,114	1,275	1,120	1,229	1,207	1,096	1,117	1,133	1,134	1,172	1,159	1,202	1,167	1,218	1,239	1,288	0,709	0,989	0,587	1,038	0,553	0,959	0,617	1,018	0,585	1,083	0,617	1,254	1,189	1,076	1,041	0,999	1,111	1,015	0,956	1,048	1,055	1,081	1,125	1,277	0,998	1,144	1,087	1,051	1,068	1,102	1,070	1,127	1,130	1,094	1,183	1,272	1,039	1,260	0,923	1,355	0,887	1,282	0,956	1,187	0,958	1,216	0,980	1,365	1,079	0,963	1,049	0,962	1,063	1,022	0,985	0,962	1,081	1,061	1,095	1,088	0,093	1,168	0,090	1,143	1,230	1,187	0,090	1,169	0,091	0,986	0,091	1,194
17:58:04	37,0	1,055	1,043	1,107	1,151	1,172	1,200	1,119	1,186	1,117	1,276	1,123	1,230	1,211	1,099	1,121	1,139	1,139	1,178	1,164	1,206	1,172	1,223	1,246	1,292	0,716	0,994	0,589	1,043	0,556	0,962	0,621	1,023	0,590	1,086	0,624	1,258	1,191	1,080	1,044	1,004	1,115	1,020	0,961	1,054	1,058	1,089	1,126	1,282	1,001	1,147	1,092	1,055	1,073	1,106	1,078	1,131	1,135	1,100	1,187	1,276	1,040	1,263	0,925	1,359	0,890	1,285	0,960	1,192	0,961	1,221	0,982	1,366	1,080	0,968	1,052	0,961	1,064	1,022	0,987	0,965	1,081	1,066	1,096	1,091	0,093	1,170	0,090	1,144	1,231	1,190	0,091	1,172	0,091	0,979	0,091	1,197
18:08:04	37,0	1,054	1,044	1,109	1,152	1,172	1,199	1,119	1,181	1,118	1,276	1,128	1,229	1,215	1,103	1,124	1,141	1,143	1,178	1,165	1,210	1,173	1,225	1,249	1,295	0,721	0,998	0,588	1,045	0,558	0,966	0,619	1,025	0,591	1,085	0,627	1,258	1,193	1,083	1,043	1,006	1,114	1,022	0,955	1,056	1,058	1,088	1,127	1,283	1,003	1,149	1,093	1,056	1,077	1,108	1,077	1,131	1,136	1,099	1,188	1,277	1,041	1,265	0,925	1,359	0,890	1,287	0,956	1,191	0,962	1,218	0,983	1,362	1,081	0,967	1,052	0,960	1,064	1,025	0,989	0,968	1,081	1,058	1,097	1,093	0,094	1,169	0,090	1,146	1,232	1,190	0,090	1,174	0,091	0,978	0,091	1,198
18:18:04	37,0	1,055	1,047	1,110	1,153	1,171	1,195	1,119	1,188	1,116	1,274	1,127	1,229	1,217	1,105	1,126	1,141	1,144	1,180	1,166	1,212	1,177	1,228	1,251	1,297	0,727	1,002	0,587	1,047	0,559	0,969	0,619	1,028	0,590	1,084	0,628	1,258	1,190	1,085	1,044	1,009	1,116	1,025	0,954	1,057	1,060	1,089	1,126	1,285	1,006	1,150	1,096	1,058	1,079	1,109	1,078	1,132	1,139	1,097	1,190	1,278	1,040	1,266	0,924	1,358	0,890	1,288	0,956	1,191	0,961	1,215	0,983	1,363	1,081	0,969	1,051	0,963	1,064	1,026	0,991	0,968	1,081	1,058	1,096	1,095	0,093	1,173	0,090	1,146	1,232	1,190	0,090	1,176	0,091	0,980	0,091	1,198
18:28:04	37,0	1,058	1,049	1,111	1,153	1,174	1,196	1,122	1,190	1,119	1,276	1,129	1,229	1,222	1,109	1,130	1,144	1,149	1,186	1,169	1,215	1,181	1,232	1,253	1,300	0,733	1,007	0,589	1,050	0,561	0,970	0,622	1,033	0,591	1,087	0,632	1,258	1,192	1,088	1,045	1,014	1,117	1,029	0,959	1,061	1,061	1,093	1,129	1,288	1,009	1,153	1,100	1,061	1,083	1,112	1,082	1,134	1,143	1,100	1,193	1,280	1,042	1,266	0,926	1,362	0,892	1,289	0,959	1,194	0,961	1,217	0,985	1,366	1,083	0,970	1,055	0,964	1,065	1,031	0,993	0,969	1,081	1,065	1,098	1,095	0,093	1,174	0,090	1,150	1,232	1,191	0,090	1,177	0,091	0,974	0,091	1,202
18:38:04	37,0	1,060	1,050	1,113	1,154	1,175	1,197	1,124	1,188	1,122	1,274	1,129	1,232	1,224	1,111	1,133	1,147	1,153	1,189	1,172	1,219	1,183	1,236	1,256	1,303	0,738	1,011	0,589	1,053	0,563	0,971	0,623	1,036	0,593	1,086	0,635	1,259	1,192	1,093	1,046	1,016	1,118	1,032	0,960	1,065	1,060	1,097	1,129	1,290	1,012	1,154	1,102	1,062	1,086	1,114	1,085	1,136	1,145	1,101	1,195	1,282	1,041	1,268	0,927	1,364	0,892	1,289	0,958	1,196	0,963	1,219	0,986	1,367	1,083	0,970	1,054	0,967	1,066	1,029	0,993	0,971	1,081	1,065	1,097	1,099	0,093	1,174	0,090	1,151	1,234	1,193	0,090	1,179	0,091	0,976	0,090	1,203
18:48:04	37,0	1,061	1,052	1,117	1,156	1,178	1,198	1,127	1,192	1,122	1,275	1,132	1,232	1,227	1,116	1,136	1,150	1,156	1,190	1,176	1,223	1,187	1,237	1,260	1,306	0,744	1,016	0,589	1,056	0,565	0,974	0,624	1,038	0,594	1,088	0,638	1,259	1,195	1,097	1,047	1,020	1,119	1,035	0,957	1,069	1,061	1,098	1,129	1,294	1,014	1,154	1,106	1,064	1,089	1,116	1,087	1,137	1,148	1,101	1,197	1,283	1,043	1,269	0,927	1,361	0,893	1,293	0,958	1,197	0,964	1,218	0,986	1,367	1,085	0,976	1,055	0,969	1,067	1,034	0,996	0,971	1,083	1,062	1,098	1,101	0,094	1,175	0,090	1,154	1,235	1,196	0,090	1,181	0,091	0,968	0,091	1,206
18:58:04	37,0	1,063	1,055	1,113	1,156	1,176	1,198	1,125	1,190	1,123	1,272	1,128	1,229	1,231	1,118	1,140	1,156	1,160	1,195	1,178	1,225	1,191	1,237	1,262	1,306	0,750	1,018	0,591	1,058	0,567	0,975	0,629	1,041	0,598	1,089	0,643	1,257	1,195	1,098	1,046	1,022	1,118	1,040	0,961	1,073	1,062	1,105	1,129	1,293	1,018	1,158	1,109	1,067	1,093	1,117	1,091	1,141	1,151	1,103	1,199	1,283	1,042	1,271	0,928	1,362	0,892	1,295	0,962	1,199	0,963	1,220	0,987	1,366	1,085	0,976	1,055	0,969	1,065	1,035	0,993	0,976	1,085	1,063	1,098	1,101	0,093	1,176	0,090	1,154	1,235	1,195	0,090	1,181	0,091	0,964	0,091	1,207
19:08:04	37,0	1,062	1,052	1,121	1,157	1,175	1,197	1,130	1,194	1,129	1,273	1,132	1,228	1,233	1,122	1,142	1,157	1,162	1,200	1,181	1,229	1,194	1,242	1,266	1,311	0,754	1,020	0,592	1,062	0,569	0,977	0,630	1,043	0,599	1,091	0,646	1,259	1,196	1,102	1,045	1,026	1,119	1,042	0,962	1,076	1,062	1,106	1,132	1,296	1,020	1,160	1,111	1,070	1,095	1,119	1,094	1,140	1,153	1,103	1,202	1,286	1,044	1,272	0,928	1,365	0,893	1,295	0,962	1,199	0,964	1,219	0,987	1,369	1,085	0,979	1,056	0,971	1,067	1,035	0,996	0,976	1,086	1,066	1,097	1,104	0,094	1,177	0,090	1,156	1,235	1,197	0,090	1,183	0,091	0,966	0,090	1,208
19:18:04	37,0	1,071	1,056	1,120	1,160	1,180	1,201	1,135	1,198	1,128	1,276	1,136	1,229	1,236	1,128	1,149	1,166	1,166	1,206	1,188	1,234	1,202	1,246	1,267	1,314	0,761	1,023	0,597	1,066	0,575	0,986	0,640	1,049	0,606	1,099	0,653	1,261	1,200	1,108	1,050	1,032	1,121	1,050	0,972	1,086	1,063	1,118	1,135	1,300	1,022	1,164	1,117	1,072	1,101	1,122	1,104	1,146	1,159	1,115	1,206	1,290	1,045	1,273	0,932	1,367	0,893	1,296	0,972	1,205	0,968	1,230	0,991	1,372	1,088	0,985	1,060	0,978	1,070	1,040	1,000	0,979	1,090	1,081	1,103	1,106	0,093	1,181	0,090	1,159	1,238	1,198	0,090	1,186	0,091	0,957	0,091	1,212
19:28:04	37,0	1,070	1,057	1,121	1,161	1,179	1,200	1,138	1,195	1,130	1,276	1,136	1,230	1,240	1,132	1,153	1,167	1,172	1,208	1,192	1,236	1,205	1,250	1,272	1,315	0,767	1,027	0,600	1,070	0,577	0,990	0,644	1,054	0,610	1,099	0,659	1,260	1,199	1,110	1,049	1,036	1,122	1,054	0,973	1,087	1,065	1,121	1,136	1,302	1,025	1,165	1,120	1,075	1,104	1,124	1,108	1,150	1,162	1,116	1,208	1,291	1,044	1,275	0,933	1,370	0,896	1,298	0,973	1,207	0,968	1,230	0,992	1,373	1,087	0,986	1,061	0,977	1,070	1,042	1,001	0,982	1,089	1,078	1,102	1,107	0,094	1,179	0,090	1,161	1,240	1,199	0,091	1,187	0,091	0,957	0,091	1,213
19:38:04	36,9	1,068	1,061	1,122	1,161	1,179	1,198	1,138	1,194	1,128	1,274	1,135	1,230	1,242	1,136	1,155	1,172	1,174	1,211	1,194	1,239	1,208	1,250	1,275	1,316	0,770	1,031	0,602	1,073	0,580	0,995	0,645	1,058	0,614	1,102	0,664	1,258	1,198	1,112	1,048	1,039	1,122	1,057	0,971	1,091	1,067	1,123	1,135	1,302	1,026	1,168	1,123	1,077	1,108	1,127	1,110	1,150	1,165	1,116	1,210	1,291	1,045	1,276	0,934	1,369	0,897	1,300	0,974	1,207	0,968	1,229	0,993	1,371	1,087	0,986	1,060	0,979	1,069	1,042	1,000	0,985	1,091	1,078	1,102	1,110	0,093	1,179	0,090	1,162	1,240	1,200	0,090	1,188	0,091	0,956	0,091	1,214
19:48:04	37,0	1,070	1,061	1,125	1,161	1,182	1,197	1,140	1,207	1,131	1,275	1,136	1,229	1,244	1,140	1,159	1,173	1,178	1,214	1,197	1,242	1,210	1,255	1,279	1,320	0,776	1,032	0,605	1,078	0,584	0,999	0,651	1,060	0,618	1,104	0,669	1,259	1,198	1,117	1,050	1,043	1,122	1,062	0,975	1,096	1,069	1,128	1,138	1,304	1,028	1,170	1,125	1,080	1,110	1,128	1,115	1,153	1,168	1,122	1,211	1,292	1,044	1,276	0,936	1,373	0,898	1,300	0,978	1,209	0,970	1,233	0,994	1,371	1,087	0,988	1,062	0,984	1,070	1,041	1,002	0,983	1,090	1,080	1,102	1,111	0,093	1,179	0,090	1,163	1,241	1,199	0,090	1,190	0,091	0,953	0,091	1,215
19:58:04	37,0	1,069	1,058	1,124	1,162	1,182	1,196	1,138	1,205	1,132	1,272	1,137	1,225	1,247	1,140	1,160	1,176	1,180	1,217	1,198	1,244	1,214	1,253	1,276	1,320	0,779	1,033	0,604	1,079	0,583	0,998	0,648	1,061	0,619	1,101	0,670	1,256	1,199	1,119	1,048	1,045	1,121	1,063	0,969	1,097	1,067	1,126	1,135	1,305	1,030	1,171	1,126	1,080	1,113	1,128	1,113	1,152	1,169	1,115	1,212	1,293	1,043	1,277	0,933	1,371	0,897	1,302	0,973	1,208	0,969	1,228	0,993	1,373	1,087	0,989	1,061	0,980	1,069	1,044	1,004	0,987	1,090	1,076	1,102	1,111	0,094	1,180	0,090	1,163	1,240	1,199	0,090	1,190	0,091	0,955	0,091	1,214
20:08:04	37,0	1,075	1,064	1,126	1,162	1,181	1,201	1,142	1,209	1,132	1,274	1,140	1,228	1,249	1,144	1,164	1,179	1,184	1,220	1,201	1,248	1,216	1,257	1,283	1,324	0,783	1,034	0,607	1,082	0,586	1,002	0,651	1,066	0,623	1,103	0,674	1,258	1,199	1,123	1,048	1,049	1,123	1,067	0,972	1,100	1,068	1,133	1,137	1,308	1,032	1,173	1,129	1,082	1,116	1,130	1,118	1,155	1,172	1,121	1,214	1,295	1,042	1,277	0,934	1,374	0,898	1,304	0,975	1,209	0,968	1,231	0,994	1,374	1,087	0,991	1,062	0,981	1,069	1,045	1,004	0,988	1,091	1,079	1,103	1,113	0,093	1,180	0,090	1,166	1,242	1,200	0,090	1,192	0,091	0,947	0,091	1,215
20:18:04	37,0	1,076	1,067	1,127	1,166	1,185	1,204	1,148	1,208	1,136	1,276	1,141	1,231	1,252	1,149	1,168	1,185	1,188	1,223	1,206	1,251	1,221	1,259	1,284	1,326	0,787	1,039	0,609	1,085	0,589	1,006	0,655	1,068	0,626	1,106	0,678	1,258	1,199	1,126	1,049	1,053	1,124	1,072	0,975	1,105	1,068	1,135	1,139	1,311	1,034	1,175	1,133	1,084	1,119	1,133	1,121	1,156	1,175	1,122	1,216	1,298	1,044	1,278	0,936	1,375	0,898	1,304	0,977	1,211	0,969	1,234	0,996	1,379	1,089	0,994	1,063	0,983	1,069	1,046	1,004	0,990	1,091	1,081	1,104	1,116	0,093	1,181	0,090	1,168	1,244	1,201	0,090	1,194	0,091	0,943	0,091	1,218
20:28:04	37,0	1,074	1,065	1,125	1,165	1,184	1,202	1,143	1,210	1,131	1,272	1,137	1,225	1,256	1,151	1,169	1,186	1,189	1,227	1,205	1,253	1,222	1,260	1,279	1,325	0,791	1,039	0,609	1,087	0,589	1,004	0,652	1,067	0,625	1,106	0,679	1,255	1,198	1,130	1,046	1,054	1,121	1,073	0,968	1,107	1,064	1,135	1,136	1,310	1,035	1,175	1,132	1,084	1,121	1,132	1,119	1,155	1,175	1,119	1,215	1,297	1,042	1,279	0,934	1,373	0,898	1,304	0,973	1,209	0,968	1,230	0,993	1,375	1,088	0,992	1,062	0,982	1,070	1,048	1,005	0,991	1,093	1,073	1,103	1,116	0,094	1,181	0,090	1,169	1,243	1,200	0,091	1,194	0,091	0,943	0,091	1,217
20:38:04	36,9	1,078	1,069	1,130	1,166	1,186	1,205	1,149	1,211	1,139	1,275	1,143	1,228	1,258	1,156	1,175	1,191	1,194	1,230	1,210	1,257	1,227	1,264	1,288	1,329	0,794	1,043	0,613	1,091	0,593	1,011	0,660	1,072	0,630	1,112	0,684	1,256	1,201	1,133	1,047	1,060	1,123	1,078	0,976	1,114	1,069	1,142	1,139	1,314	1,036	1,178	1,137	1,088	1,124	1,136	1,126	1,161	1,180	1,128	1,218	1,300	1,042	1,281	0,936	1,376	0,899	1,305	0,980	1,213	0,971	1,235	0,997	1,378	1,088	0,997	1,064	0,987	1,070	1,049	1,007	0,994	1,095	1,084	1,105	1,119	0,094	1,181	0,090	1,169	1,245	1,201	0,090	1,196	0,091	0,943	0,091	1,218
20:48:04	37,0	1,075	1,064	1,129	1,165	1,185	1,203	1,147	1,200	1,138	1,272	1,141	1,225	1,260	1,157	1,175	1,192	1,196	1,230	1,211	1,258	1,228	1,265	1,289	1,330	0,797	1,045	0,612	1,092	0,593	1,009	0,656	1,073	0,630	1,107	0,684	1,254	1,194	1,135	1,045	1,062	1,121	1,079	0,971	1,113	1,068	1,140	1,138	1,313	1,036	1,179	1,135	1,087	1,125	1,135	1,123	1,159	1,179	1,121	1,218	1,299	1,041	1,281	0,934	1,375	0,898	1,306	0,975	1,211	0,968	1,230	0,995	1,377	1,089	0,995	1,063	0,986	1,070	1,049	1,010	0,995	1,093	1,076	1,103	1,119	0,094	1,181	0,090	1,169	1,244	1,200	0,090	1,197	0,091	0,946	0,091	1,217
20:58:04	37,0	1,078	1,066	1,130	1,166	1,186	1,203	1,147	1,200	1,136	1,272	1,141	1,224	1,263	1,160	1,178	1,194	1,200	1,231	1,213	1,260	1,231	1,268	1,291	1,332	0,800	1,045	0,614	1,094	0,595	1,011	0,659	1,075	0,631	1,109	0,687	1,252	1,196	1,139	1,045	1,065	1,122	1,083	0,974	1,118	1,068	1,146	1,139	1,315	1,038	1,179	1,138	1,088	1,128	1,137	1,125	1,160	1,181	1,124	1,219	1,300	1,040	1,280	0,934	1,375	0,897	1,306	0,977	1,212	0,968	1,232	0,995	1,377	1,089	0,999	1,064	0,990	1,069	1,053	1,013	0,995	1,093	1,082	1,103	1,120	0,093	1,182	0,090	1,170	1,244	1,200	0,091	1,198	0,091	0,947	0,091	1,216
21:08:04	37,0	1,079	1,071	1,130	1,165	1,186	1,205	1,149	1,203	1,139	1,273	1,143	1,226	1,266	1,163	1,180	1,199	1,202	1,236	1,215	1,263	1,234	1,268	1,294	1,333	0,802	1,046	0,613	1,094	0,596	1,012	0,658	1,076	0,632	1,110	0,688	1,251	1,198	1,141	1,041	1,068	1,121	1,087	0,973	1,119	1,067	1,146	1,139	1,316	1,038	1,180	1,139	1,088	1,129	1,136	1,125	1,159	1,181	1,122	1,219	1,302	1,039	1,282	0,932	1,375	0,897	1,305	0,976	1,211	0,967	1,232	0,994	1,379	1,088	0,998	1,063	0,987	1,069	1,052	1,014	0,997	1,095	1,077	1,103	1,120	0,093	1,181	0,090	1,170	1,244	1,199	0,090	1,198	0,091	0,943	0,091	1,217
21:18:04	37,0	1,079	1,068	1,130	1,165	1,185	1,201	1,147	1,201	1,138	1,271	1,140	1,223	1,266	1,164	1,181	1,198	1,204	1,235	1,215	1,265	1,234	1,268	1,294	1,333	0,805	1,047	0,613	1,095	0,596	1,010	0,655	1,076	0,632	1,107	0,689	1,249	1,196	1,144	1,042	1,070	1,120	1,088	0,969	1,122	1,068	1,144	1,136	1,317	1,039	1,181	1,139	1,089	1,130	1,137	1,123	1,159	1,181	1,119	1,219	1,300	1,038	1,282	0,932	1,374	0,895	1,306	0,971	1,209	0,965	1,229	0,994	1,377	1,087	0,999	1,062	0,987	1,068	1,051	1,012	0,999	1,095	1,070	1,101	1,122	0,093	1,181	0,090	1,170	1,244	1,197	0,090	1,197	0,091	0,939	0,091	1,215
21:28:04	37,0	1,078	1,067	1,128	1,164	1,186	1,201	1,148	1,198	1,135	1,269	1,141	1,222	1,270	1,171	1,185	1,201	1,208	1,240	1,217	1,266	1,238	1,270	1,295	1,334	0,807	1,049	0,616	1,099	0,600	1,015	0,660	1,081	0,636	1,109	0,692	1,247	1,195	1,148	1,043	1,075	1,121	1,093	0,973	1,126	1,067	1,151	1,136	1,317	1,040	1,182	1,142	1,091	1,134	1,139	1,128	1,161	1,183	1,125	1,220	1,301	1,037	1,282	0,934	1,376	0,896	1,307	0,975	1,211	0,966	1,231	0,995	1,376	1,087	0,998	1,063	0,989	1,068	1,056	1,013	1,001	1,094	1,075	1,101	1,122	0,094	1,181	0,090	1,169	1,244	1,196	0,091	1,197	0,091	0,936	0,091	1,215
21:38:04	37,0	1,082	1,073	1,130	1,168	1,187	1,202	1,151	1,203	1,139	1,273	1,142	1,223	1,274	1,173	1,187	1,204	1,209	1,240	1,220	1,268	1,240	1,274	1,291	1,336	0,811	1,048	0,616	1,099	0,600	1,014	0,660	1,079	0,636	1,111	0,693	1,245	1,196	1,151	1,040	1,078	1,119	1,095	0,972	1,130	1,064	1,153	1,137	1,319	1,040	1,182	1,142	1,091	1,134	1,138	1,127	1,161	1,183	1,123	1,220	1,303	1,036	1,282	0,932	1,371	0,893	1,306	0,974	1,211	0,964	1,231	0,992	1,376	1,087	1,000	1,065	0,993	1,067	1,054	1,016	1,001	1,095	1,077	1,100	1,124	0,093	1,181	0,090	1,170	1,244	1,198	0,090	1,199	0,091	0,933	0,091	1,214
21:48:04	37,0	1,081	1,072	1,129	1,167	1,185	1,200	1,146	1,198	1,138	1,268	1,139	1,218	1,275	1,175	1,189	1,208	1,212	1,242	1,220	1,270	1,241	1,272	1,291	1,335	0,814	1,049	0,615	1,099	0,601	1,014	0,657	1,081	0,636	1,108	0,693	1,243	1,198	1,152	1,039	1,080	1,117	1,096	0,968	1,130	1,063	1,153	1,137	1,320	1,041	1,182	1,143	1,090	1,135	1,139	1,126	1,161	1,184	1,120	1,221	1,303	1,034	1,283	0,929	1,374	0,893	1,306	0,972	1,208	0,964	1,229	0,992	1,376	1,085	0,997	1,063	0,991	1,068	1,059	1,016	1,002	1,095	1,073	1,100	1,125	0,094	1,181	0,090	1,170	1,243	1,196	0,090	1,198	0,091	0,932	0,091	1,215
21:58:04	37,0	1,081	1,067	1,130	1,167	1,184	1,200	1,148	1,200	1,139	1,267	1,140	1,218	1,276	1,176	1,190	1,207	1,213	1,242	1,220	1,270	1,243	1,272	1,296	1,337	0,815	1,047	0,614	1,100	0,599	1,010	0,655	1,079	0,634	1,106	0,692	1,242	1,196	1,154	1,038	1,082	1,116	1,098	0,965	1,133	1,062	1,152	1,134	1,319	1,042	1,182	1,142	1,090	1,135	1,138	1,122	1,160	1,182	1,116	1,219	1,303	1,033	1,282	0,925	1,368	0,888	1,305	0,967	1,207	0,962	1,225	0,990	1,375	1,084	0,999	1,063	0,991	1,067	1,058	1,017	1,003	1,095	1,070	1,098	1,125	0,094	1,180	0,090	1,169	1,242	1,194	0,091	1,196	0,091	0,932	0,091	1,213
0:00:00																																																																																																	
0:00:00																																																																																																	
0:00:00																																																																																																	
0:00:00																																																																																																	
0:00:00																																																																																																	
0:00:00																																																																																																	
0:00:00																																																																																																	
0:00:00																																																																																																	
0:00:00																																																																																																	
0:00:00																																																																																																	
0:00:00																																																																																																	
0:00:00																																																																																																	
0:00:00																																																																																																	

