Time	T∞ Optical Density:600	A1	A2	A3	A4	A5	A6	A7	A8	A9	A10	A11	A12	B1	B2	B3	B4	B5	B6	B7	B8	B9	B10	B11	B12	C1	C2	C3	C4	C5	C6	C7	C8	C9	C10	C11	C12	D1	D2	D3	D4	D5	D6	D7	D8	D9	D10	D11	D12	E1	E2	E3	E4	E5	E6	E7	E8	E9	E10	E11	E12	F1	F2	F3	F4	F5	F6	F7	F8	F9	F10	F11	F12	G1	G2	G3	G4	G5	G6	G7	G8	G9	G10	G11	G12	H1	H2	H3	H4	H5	H6	H7	H8	H9	H10	H11	H12
0:08:04	37,0	0,109	0,089	0,111	0,090	0,114	0,091	0,128	0,091	0,119	0,091	0,118	0,091	0,092	0,149	0,092	0,121	0,092	0,115	0,091	0,117	0,090	0,109	0,091	0,110	0,131	0,091	0,171	0,092	0,153	0,091	0,152	0,090	0,185	0,090	0,114	0,090	0,092	0,168	0,091	0,154	0,091	0,184	0,091	0,229	0,092	0,110	0,091	0,105	0,108	0,090	0,126	0,091	0,145	0,092	0,107	0,091	0,102	0,092	0,101	0,091	0,091	0,131	0,090	0,134	0,090	0,137	0,090	0,138	0,088	0,136	0,088	0,126	0,098	0,091	0,094	0,095	0,091	0,091	0,091	0,087	0,087	0,088	0,087	0,090	0,090	0,089	0,090	0,091	0,090	0,090	0,091	0,092	0,089	0,089	0,090	0,091
0:18:04	37,0	0,110	0,089	0,112	0,090	0,121	0,091	0,125	0,091	0,116	0,091	0,120	0,091	0,092	0,152	0,092	0,118	0,092	0,119	0,091	0,118	0,090	0,111	0,091	0,110	0,129	0,091	0,162	0,092	0,157	0,091	0,149	0,090	0,189	0,090	0,117	0,090	0,092	0,166	0,091	0,154	0,091	0,186	0,091	0,241	0,092	0,113	0,091	0,104	0,109	0,090	0,123	0,091	0,156	0,091	0,106	0,091	0,101	0,091	0,100	0,091	0,091	0,127	0,090	0,126	0,090	0,136	0,090	0,135	0,089	0,129	0,088	0,123	0,097	0,090	0,094	0,095	0,090	0,090	0,090	0,088	0,088	0,088	0,088	0,090	0,090	0,089	0,090	0,091	0,090	0,090	0,091	0,091	0,089	0,089	0,090	0,090
0:28:04	37,0	0,112	0,089	0,116	0,090	0,127	0,091	0,129	0,091	0,118	0,090	0,123	0,091	0,092	0,164	0,092	0,124	0,092	0,122	0,090	0,119	0,089	0,113	0,091	0,111	0,133	0,091	0,172	0,092	0,163	0,090	0,153	0,090	0,192	0,089	0,120	0,090	0,092	0,175	0,090	0,163	0,091	0,190	0,091	0,254	0,091	0,117	0,090	0,107	0,109	0,090	0,123	0,091	0,141	0,091	0,107	0,091	0,101	0,091	0,100	0,091	0,091	0,128	0,090	0,125	0,090	0,142	0,090	0,139	0,090	0,132	0,088	0,125	0,097	0,090	0,093	0,095	0,090	0,090	0,090	0,088	0,088	0,088	0,087	0,090	0,090	0,089	0,090	0,090	0,090	0,090	0,090	0,091	0,089	0,089	0,089	0,090
0:38:04	37,0	0,116	0,089	0,122	0,090	0,129	0,091	0,135	0,091	0,120	0,090	0,128	0,091	0,092	0,171	0,092	0,126	0,092	0,126	0,090	0,122	0,089	0,117	0,090	0,115	0,141	0,091	0,184	0,092	0,175	0,090	0,164	0,090	0,204	0,089	0,126	0,090	0,092	0,191	0,090	0,179	0,090	0,206	0,091	0,270	0,091	0,123	0,090	0,110	0,109	0,090	0,123	0,091	0,149	0,091	0,107	0,091	0,101	0,091	0,100	0,090	0,091	0,134	0,090	0,129	0,090	0,150	0,090	0,145	0,091	0,138	0,088	0,130	0,097	0,090	0,093	0,094	0,090	0,090	0,090	0,089	0,088	0,088	0,088	0,089	0,090	0,089	0,090	0,090	0,090	0,090	0,090	0,091	0,089	0,089	0,089	0,090
0:48:04	37,0	0,122	0,089	0,129	0,090	0,136	0,091	0,143	0,091	0,125	0,090	0,137	0,091	0,092	0,180	0,092	0,132	0,092	0,131	0,090	0,127	0,089	0,121	0,090	0,120	0,154	0,091	0,206	0,092	0,193	0,090	0,180	0,090	0,224	0,089	0,133	0,090	0,092	0,212	0,091	0,198	0,091	0,233	0,091	0,293	0,091	0,132	0,090	0,116	0,110	0,090	0,126	0,091	0,162	0,091	0,109	0,091	0,102	0,091	0,103	0,091	0,091	0,143	0,090	0,136	0,090	0,166	0,090	0,157	0,092	0,148	0,088	0,138	0,097	0,090	0,093	0,094	0,090	0,090	0,090	0,090	0,089	0,088	0,088	0,089	0,090	0,089	0,090	0,090	0,090	0,090	0,090	0,091	0,089	0,089	0,090	0,090
0:58:04	37,0	0,129	0,089	0,137	0,090	0,149	0,091	0,158	0,091	0,134	0,090	0,152	0,090	0,092	0,188	0,092	0,143	0,092	0,140	0,090	0,135	0,089	0,130	0,090	0,128	0,170	0,091	0,233	0,092	0,216	0,090	0,201	0,090	0,248	0,089	0,145	0,090	0,092	0,240	0,090	0,227	0,091	0,267	0,091	0,322	0,091	0,144	0,090	0,121	0,111	0,089	0,129	0,091	0,180	0,091	0,111	0,091	0,102	0,091	0,103	0,091	0,091	0,164	0,090	0,147	0,090	0,186	0,090	0,174	0,092	0,159	0,088	0,150	0,097	0,090	0,093	0,094	0,090	0,090	0,090	0,090	0,089	0,088	0,088	0,089	0,090	0,089	0,089	0,090	0,090	0,090	0,090	0,091	0,089	0,089	0,089	0,090
1:08:04	37,0	0,140	0,089	0,155	0,090	0,169	0,091	0,178	0,091	0,146	0,090	0,171	0,091	0,092	0,200	0,092	0,164	0,092	0,152	0,090	0,147	0,089	0,145	0,090	0,137	0,191	0,091	0,263	0,092	0,242	0,090	0,229	0,089	0,276	0,089	0,159	0,090	0,092	0,265	0,090	0,259	0,090	0,305	0,091	0,357	0,091	0,160	0,090	0,131	0,113	0,089	0,133	0,091	0,205	0,091	0,112	0,091	0,104	0,091	0,105	0,091	0,091	0,190	0,090	0,162	0,090	0,213	0,090	0,197	0,092	0,176	0,089	0,167	0,097	0,090	0,093	0,095	0,090	0,090	0,090	0,091	0,089	0,088	0,088	0,089	0,090	0,089	0,090	0,090	0,090	0,090	0,090	0,091	0,089	0,089	0,089	0,090
1:18:04	37,0	0,156	0,089	0,175	0,090	0,194	0,091	0,204	0,091	0,166	0,090	0,197	0,091	0,092	0,220	0,092	0,184	0,092	0,168	0,090	0,165	0,089	0,160	0,090	0,157	0,220	0,091	0,298	0,092	0,273	0,090	0,262	0,090	0,306	0,089	0,181	0,090	0,092	0,296	0,090	0,294	0,090	0,345	0,091	0,399	0,091	0,181	0,090	0,142	0,115	0,090	0,141	0,091	0,233	0,091	0,114	0,091	0,106	0,091	0,106	0,091	0,091	0,216	0,090	0,181	0,090	0,247	0,090	0,223	0,093	0,196	0,089	0,190	0,097	0,090	0,093	0,094	0,090	0,090	0,090	0,091	0,089	0,088	0,088	0,089	0,090	0,089	0,090	0,090	0,090	0,090	0,090	0,091	0,089	0,089	0,089	0,090
1:28:04	37,0	0,176	0,089	0,203	0,090	0,220	0,091	0,233	0,091	0,190	0,090	0,230	0,091	0,092	0,245	0,092	0,207	0,092	0,189	0,090	0,185	0,089	0,181	0,090	0,180	0,251	0,091	0,337	0,092	0,309	0,091	0,300	0,090	0,344	0,089	0,203	0,090	0,092	0,325	0,090	0,332	0,090	0,386	0,091	0,443	0,091	0,209	0,091	0,157	0,117	0,090	0,144	0,091	0,267	0,091	0,117	0,091	0,107	0,091	0,108	0,091	0,091	0,243	0,090	0,203	0,090	0,285	0,090	0,245	0,093	0,220	0,089	0,215	0,097	0,090	0,093	0,094	0,090	0,090	0,090	0,091	0,089	0,088	0,088	0,089	0,090	0,089	0,090	0,090	0,090	0,090	0,090	0,091	0,089	0,089	0,089	0,090
1:38:04	37,0	0,198	0,089	0,234	0,090	0,250	0,091	0,269	0,091	0,219	0,090	0,267	0,091	0,092	0,273	0,092	0,237	0,092	0,214	0,090	0,214	0,089	0,205	0,090	0,202	0,285	0,091	0,371	0,092	0,345	0,090	0,340	0,089	0,382	0,089	0,228	0,090	0,092	0,357	0,090	0,364	0,090	0,428	0,091	0,480	0,091	0,240	0,091	0,177	0,121	0,090	0,151	0,091	0,303	0,091	0,120	0,091	0,110	0,091	0,110	0,090	0,091	0,275	0,090	0,225	0,090	0,323	0,090	0,277	0,093	0,245	0,089	0,240	0,097	0,090	0,093	0,094	0,090	0,090	0,090	0,091	0,089	0,088	0,088	0,090	0,090	0,089	0,090	0,090	0,090	0,090	0,090	0,091	0,089	0,089	0,089	0,090
1:48:04	37,0	0,220	0,089	0,264	0,090	0,283	0,091	0,307	0,091	0,248	0,090	0,305	0,091	0,092	0,305	0,092	0,271	0,092	0,245	0,090	0,247	0,089	0,234	0,090	0,234	0,317	0,091	0,407	0,092	0,379	0,090	0,381	0,090	0,417	0,089	0,256	0,090	0,092	0,394	0,091	0,400	0,090	0,468	0,091	0,516	0,091	0,274	0,090	0,203	0,125	0,090	0,158	0,091	0,344	0,091	0,124	0,091	0,113	0,091	0,112	0,091	0,091	0,311	0,090	0,255	0,090	0,365	0,090	0,310	0,094	0,274	0,089	0,275	0,097	0,090	0,093	0,095	0,090	0,091	0,090	0,092	0,089	0,088	0,088	0,090	0,090	0,089	0,090	0,090	0,090	0,090	0,090	0,091	0,089	0,089	0,090	0,090
1:58:04	37,0	0,245	0,089	0,298	0,090	0,316	0,091	0,343	0,091	0,284	0,090	0,346	0,091	0,092	0,343	0,092	0,313	0,092	0,277	0,090	0,285	0,089	0,268	0,090	0,266	0,352	0,091	0,444	0,092	0,414	0,090	0,419	0,090	0,460	0,089	0,287	0,090	0,092	0,433	0,090	0,432	0,090	0,511	0,091	0,566	0,091	0,308	0,090	0,229	0,131	0,089	0,169	0,091	0,386	0,091	0,128	0,091	0,116	0,091	0,116	0,091	0,091	0,343	0,090	0,289	0,090	0,404	0,090	0,339	0,094	0,309	0,090	0,311	0,097	0,090	0,093	0,095	0,090	0,090	0,090	0,092	0,089	0,088	0,089	0,090	0,090	0,089	0,089	0,090	0,090	0,090	0,090	0,091	0,090	0,089	0,089	0,090
2:08:04	37,0	0,268	0,089	0,324	0,090	0,349	0,091	0,379	0,091	0,318	0,090	0,383	0,091	0,092	0,382	0,092	0,351	0,092	0,313	0,090	0,321	0,089	0,300	0,090	0,312	0,388	0,091	0,480	0,092	0,454	0,090	0,464	0,089	0,501	0,089	0,322	0,090	0,092	0,468	0,090	0,465	0,091	0,566	0,090	0,603	0,091	0,339	0,090	0,265	0,139	0,090	0,179	0,091	0,431	0,091	0,135	0,091	0,121	0,091	0,120	0,091	0,091	0,382	0,090	0,315	0,090	0,455	0,089	0,377	0,094	0,356	0,089	0,347	0,097	0,090	0,094	0,095	0,090	0,090	0,090	0,092	0,089	0,089	0,089	0,089	0,090	0,089	0,089	0,090	0,090	0,090	0,090	0,091	0,090	0,089	0,089	0,090
2:18:04	37,0	0,297	0,089	0,362	0,090	0,391	0,091	0,419	0,091	0,357	0,090	0,430	0,091	0,092	0,424	0,092	0,391	0,092	0,350	0,090	0,361	0,089	0,343	0,090	0,353	0,430	0,091	0,502	0,092	0,487	0,090	0,511	0,090	0,546	0,089	0,362	0,090	0,092	0,497	0,090	0,481	0,090	0,610	0,091	0,617	0,091	0,378	0,090	0,303	0,148	0,090	0,193	0,091	0,484	0,091	0,143	0,091	0,127	0,091	0,125	0,090	0,091	0,413	0,090	0,343	0,090	0,508	0,089	0,406	0,094	0,398	0,090	0,388	0,097	0,090	0,094	0,094	0,090	0,090	0,090	0,092	0,089	0,088	0,089	0,089	0,090	0,089	0,089	0,090	0,090	0,090	0,090	0,091	0,090	0,089	0,089	0,090
2:28:04	37,0	0,324	0,089	0,398	0,090	0,438	0,091	0,463	0,091	0,396	0,090	0,484	0,090	0,092	0,462	0,092	0,439	0,092	0,393	0,090	0,410	0,089	0,391	0,090	0,405	0,461	0,091	0,519	0,092	0,505	0,090	0,542	0,089	0,576	0,089	0,399	0,090	0,092	0,520	0,090	0,496	0,090	0,623	0,090	0,639	0,091	0,419	0,090	0,334	0,159	0,089	0,207	0,091	0,533	0,091	0,152	0,091	0,134	0,091	0,132	0,090	0,091	0,478	0,090	0,373	0,090	0,556	0,089	0,439	0,094	0,432	0,089	0,421	0,097	0,090	0,094	0,094	0,090	0,090	0,090	0,092	0,089	0,088	0,089	0,089	0,090	0,089	0,089	0,090	0,090	0,090	0,090	0,091	0,089	0,089	0,089	0,090
2:38:04	37,0	0,357	0,089	0,447	0,090	0,474	0,091	0,503	0,091	0,446	0,090	0,520	0,091	0,092	0,497	0,092	0,489	0,092	0,438	0,090	0,467	0,090	0,446	0,090	0,462	0,477	0,091	0,537	0,092	0,524	0,091	0,568	0,090	0,602	0,089	0,429	0,090	0,092	0,541	0,091	0,513	0,091	0,643	0,091	0,654	0,091	0,448	0,091	0,376	0,174	0,090	0,224	0,091	0,578	0,091	0,163	0,091	0,144	0,091	0,141	0,091	0,091	0,510	0,090	0,403	0,090	0,590	0,090	0,465	0,095	0,466	0,090	0,460	0,097	0,090	0,094	0,095	0,091	0,091	0,091	0,093	0,090	0,089	0,089	0,089	0,090	0,089	0,090	0,091	0,090	0,090	0,091	0,091	0,090	0,089	0,090	0,090
2:48:04	37,0	0,384	0,089	0,473	0,090	0,495	0,091	0,524	0,091	0,499	0,090	0,548	0,091	0,092	0,525	0,092	0,514	0,092	0,473	0,090	0,503	0,089	0,477	0,090	0,501	0,499	0,091	0,556	0,092	0,545	0,090	0,590	0,090	0,624	0,089	0,459	0,090	0,092	0,565	0,091	0,534	0,091	0,663	0,091	0,678	0,091	0,469	0,090	0,419	0,189	0,090	0,242	0,091	0,617	0,091	0,174	0,091	0,156	0,091	0,151	0,090	0,091	0,501	0,090	0,432	0,090	0,620	0,090	0,514	0,094	0,505	0,090	0,500	0,097	0,090	0,094	0,094	0,090	0,091	0,090	0,093	0,090	0,089	0,089	0,090	0,090	0,089	0,090	0,091	0,090	0,090	0,091	0,091	0,090	0,089	0,090	0,090
2:58:04	37,0	0,402	0,089	0,496	0,090	0,515	0,091	0,541	0,091	0,523	0,090	0,575	0,091	0,092	0,547	0,092	0,538	0,092	0,497	0,090	0,530	0,089	0,503	0,090	0,533	0,515	0,091	0,576	0,092	0,569	0,090	0,611	0,090	0,642	0,089	0,495	0,090	0,092	0,582	0,090	0,552	0,091	0,679	0,091	0,705	0,091	0,491	0,091	0,464	0,205	0,090	0,260	0,091	0,643	0,091	0,189	0,091	0,170	0,091	0,164	0,090	0,091	0,550	0,090	0,465	0,090	0,645	0,090	0,538	0,095	0,531	0,090	0,538	0,097	0,090	0,094	0,095	0,090	0,090	0,090	0,093	0,090	0,089	0,089	0,090	0,090	0,089	0,090	0,090	0,090	0,090	0,090	0,091	0,090	0,089	0,089	0,090
3:08:04	37,0	0,414	0,089	0,517	0,090	0,537	0,091	0,559	0,091	0,548	0,090	0,601	0,091	0,092	0,565	0,092	0,558	0,092	0,515	0,090	0,551	0,089	0,520	0,090	0,559	0,555	0,091	0,596	0,092	0,592	0,090	0,639	0,090	0,664	0,089	0,524	0,090	0,092	0,603	0,090	0,572	0,090	0,699	0,091	0,720	0,091	0,518	0,090	0,486	0,225	0,090	0,278	0,091	0,670	0,091	0,204	0,091	0,185	0,091	0,179	0,091	0,091	0,561	0,090	0,499	0,090	0,669	0,090	0,578	0,095	0,572	0,090	0,583	0,097	0,090	0,094	0,095	0,090	0,090	0,090	0,093	0,090	0,089	0,089	0,090	0,090	0,089	0,090	0,090	0,090	0,090	0,091	0,091	0,090	0,090	0,090	0,090
3:18:04	37,0	0,424	0,089	0,535	0,090	0,555	0,091	0,582	0,091	0,569	0,090	0,622	0,091	0,092	0,583	0,092	0,579	0,092	0,536	0,090	0,570	0,089	0,538	0,090	0,584	0,568	0,091	0,617	0,092	0,614	0,090	0,661	0,089	0,686	0,089	0,553	0,090	0,092	0,623	0,090	0,592	0,090	0,714	0,091	0,742	0,091	0,544	0,090	0,504	0,246	0,090	0,294	0,091	0,690	0,091	0,223	0,091	0,204	0,091	0,194	0,090	0,091	0,606	0,090	0,533	0,090	0,698	0,089	0,624	0,095	0,602	0,090	0,621	0,097	0,090	0,094	0,094	0,090	0,090	0,090	0,093	0,090	0,089	0,089	0,089	0,090	0,089	0,090	0,090	0,090	0,090	0,090	0,091	0,090	0,089	0,089	0,090
3:28:04	37,0	0,434	0,089	0,555	0,090	0,571	0,091	0,595	0,091	0,584	0,090	0,645	0,091	0,092	0,603	0,092	0,596	0,092	0,546	0,090	0,590	0,089	0,560	0,090	0,615	0,589	0,091	0,642	0,092	0,643	0,090	0,689	0,090	0,713	0,089	0,586	0,090	0,092	0,643	0,090	0,613	0,090	0,735	0,091	0,759	0,091	0,575	0,090	0,528	0,267	0,089	0,310	0,091	0,704	0,091	0,244	0,091	0,224	0,091	0,213	0,091	0,091	0,654	0,090	0,563	0,090	0,722	0,090	0,660	0,094	0,639	0,090	0,659	0,097	0,090	0,094	0,094	0,090	0,090	0,090	0,093	0,090	0,089	0,089	0,090	0,090	0,089	0,090	0,090	0,090	0,090	0,090	0,091	0,090	0,089	0,089	0,090
3:38:04	37,0	0,443	0,089	0,570	0,090	0,590	0,091	0,616	0,091	0,599	0,090	0,665	0,091	0,092	0,619	0,092	0,615	0,092	0,568	0,090	0,609	0,089	0,580	0,090	0,643	0,617	0,091	0,666	0,092	0,669	0,090	0,714	0,090	0,740	0,089	0,610	0,090	0,092	0,667	0,091	0,639	0,091	0,756	0,091	0,790	0,091	0,604	0,091	0,551	0,285	0,090	0,326	0,091	0,719	0,091	0,266	0,091	0,248	0,091	0,233	0,090	0,091	0,689	0,090	0,600	0,090	0,748	0,090	0,685	0,095	0,684	0,090	0,698	0,097	0,090	0,094	0,095	0,090	0,090	0,090	0,094	0,090	0,089	0,089	0,090	0,090	0,089	0,090	0,090	0,090	0,090	0,091	0,091	0,090	0,089	0,089	0,090
3:48:04	37,0	0,453	0,089	0,586	0,090	0,607	0,091	0,637	0,091	0,618	0,090	0,686	0,091	0,092	0,634	0,092	0,637	0,092	0,577	0,090	0,629	0,089	0,596	0,090	0,673	0,635	0,091	0,688	0,092	0,696	0,090	0,743	0,089	0,764	0,089	0,634	0,090	0,092	0,694	0,090	0,663	0,091	0,781	0,091	0,814	0,091	0,630	0,090	0,569	0,305	0,090	0,342	0,091	0,727	0,091	0,293	0,091	0,275	0,091	0,256	0,090	0,091	0,713	0,090	0,639	0,090	0,772	0,090	0,723	0,095	0,722	0,090	0,733	0,097	0,090	0,094	0,095	0,090	0,090	0,090	0,094	0,090	0,089	0,089	0,090	0,090	0,089	0,090	0,090	0,090	0,090	0,090	0,091	0,090	0,089	0,089	0,090
3:58:04	37,0	0,460	0,088	0,604	0,090	0,622	0,091	0,653	0,091	0,632	0,090	0,709	0,091	0,092	0,654	0,092	0,657	0,092	0,588	0,090	0,653	0,089	0,612	0,090	0,703	0,665	0,091	0,710	0,092	0,720	0,090	0,765	0,090	0,790	0,089	0,664	0,090	0,092	0,715	0,090	0,685	0,091	0,797	0,091	0,841	0,091	0,661	0,090	0,597	0,327	0,090	0,359	0,091	0,744	0,091	0,317	0,091	0,303	0,091	0,280	0,091	0,091	0,733	0,090	0,669	0,090	0,794	0,089	0,744	0,095	0,748	0,090	0,761	0,097	0,090	0,094	0,094	0,090	0,090	0,090	0,094	0,090	0,089	0,089	0,089	0,090	0,089	0,090	0,090	0,090	0,090	0,090	0,091	0,090	0,089	0,090	0,090
4:08:04	37,0	0,470	0,088	0,623	0,090	0,643	0,091	0,678	0,091	0,645	0,090	0,730	0,091	0,092	0,678	0,092	0,679	0,092	0,605	0,090	0,677	0,089	0,634	0,090	0,737	0,690	0,091	0,731	0,092	0,745	0,090	0,791	0,090	0,814	0,089	0,687	0,090	0,092	0,740	0,090	0,708	0,090	0,820	0,091	0,876	0,091	0,689	0,090	0,619	0,347	0,090	0,373	0,091	0,760	0,091	0,339	0,091	0,329	0,091	0,300	0,090	0,091	0,753	0,090	0,697	0,090	0,819	0,089	0,775	0,096	0,776	0,090	0,792	0,097	0,090	0,093	0,094	0,090	0,090	0,090	0,093	0,090	0,089	0,089	0,089	0,090	0,089	0,090	0,090	0,090	0,090	0,090	0,091	0,090	0,090	0,089	0,090
4:18:04	37,0	0,483	0,089	0,643	0,090	0,664	0,091	0,698	0,091	0,675	0,090	0,748	0,091	0,092	0,695	0,092	0,703	0,092	0,616	0,090	0,699	0,089	0,664	0,090	0,776	0,716	0,091	0,753	0,092	0,769	0,090	0,813	0,090	0,834	0,089	0,707	0,090	0,092	0,765	0,090	0,738	0,090	0,841	0,090	0,907	0,091	0,716	0,090	0,650	0,369	0,090	0,387	0,091	0,777	0,091	0,357	0,091	0,356	0,091	0,323	0,091	0,091	0,771	0,090	0,722	0,090	0,844	0,090	0,806	0,095	0,799	0,090	0,817	0,097	0,090	0,094	0,095	0,090	0,090	0,090	0,094	0,090	0,089	0,089	0,090	0,090	0,089	0,090	0,090	0,090	0,090	0,090	0,091	0,090	0,089	0,090	0,090
4:28:04	37,0	0,494	0,089	0,665	0,090	0,684	0,091	0,722	0,091	0,705	0,090	0,766	0,091	0,092	0,715	0,092	0,727	0,092	0,630	0,090	0,722	0,089	0,684	0,090	0,808	0,743	0,091	0,773	0,092	0,791	0,090	0,835	0,090	0,857	0,089	0,726	0,090	0,092	0,788	0,090	0,766	0,090	0,863	0,091	0,929	0,091	0,744	0,090	0,675	0,389	0,090	0,400	0,091	0,795	0,091	0,377	0,091	0,383	0,091	0,344	0,090	0,091	0,781	0,090	0,748	0,090	0,868	0,090	0,839	0,095	0,822	0,090	0,842	0,097	0,090	0,094	0,095	0,090	0,090	0,090	0,094	0,090	0,089	0,089	0,089	0,090	0,089	0,089	0,090	0,090	0,090	0,090	0,091	0,090	0,090	0,090	0,090
4:38:04	37,0	0,512	0,088	0,686	0,090	0,706	0,091	0,759	0,091	0,738	0,090	0,789	0,090	0,092	0,730	0,092	0,752	0,091	0,647	0,090	0,748	0,089	0,712	0,090	0,840	0,771	0,091	0,794	0,092	0,816	0,090	0,859	0,089	0,875	0,089	0,746	0,089	0,092	0,811	0,090	0,793	0,090	0,885	0,090	0,949	0,091	0,775	0,090	0,701	0,408	0,089	0,412	0,091	0,814	0,091	0,397	0,090	0,405	0,090	0,367	0,090	0,090	0,794	0,089	0,773	0,090	0,892	0,089	0,856	0,095	0,847	0,090	0,866	0,097	0,090	0,093	0,094	0,090	0,090	0,090	0,094	0,090	0,088	0,089	0,089	0,090	0,089	0,089	0,090	0,090	0,090	0,090	0,091	0,090	0,089	0,089	0,090
4:48:04	37,0	0,531	0,089	0,707	0,090	0,730	0,091	0,786	0,091	0,772	0,090	0,811	0,091	0,092	0,747	0,092	0,776	0,092	0,665	0,090	0,775	0,089	0,739	0,090	0,871	0,801	0,091	0,816	0,092	0,838	0,090	0,884	0,089	0,895	0,089	0,768	0,090	0,092	0,834	0,090	0,824	0,091	0,909	0,090	0,970	0,091	0,803	0,090	0,724	0,426	0,089	0,425	0,091	0,835	0,091	0,416	0,091	0,427	0,091	0,390	0,090	0,091	0,811	0,090	0,798	0,090	0,915	0,090	0,885	0,096	0,873	0,091	0,888	0,097	0,090	0,094	0,094	0,090	0,090	0,090	0,094	0,090	0,089	0,089	0,089	0,090	0,089	0,090	0,090	0,090	0,090	0,090	0,091	0,090	0,089	0,089	0,090
4:58:04	37,0	0,554	0,089	0,726	0,090	0,746	0,091	0,811	0,091	0,798	0,090	0,835	0,091	0,092	0,764	0,092	0,794	0,092	0,687	0,090	0,799	0,089	0,769	0,090	0,900	0,825	0,091	0,839	0,092	0,860	0,090	0,907	0,089	0,914	0,089	0,790	0,090	0,092	0,861	0,090	0,851	0,090	0,931	0,090	0,989	0,091	0,833	0,090	0,748	0,444	0,090	0,439	0,091	0,856	0,091	0,432	0,091	0,451	0,091	0,411	0,090	0,091	0,834	0,090	0,828	0,090	0,938	0,089	0,916	0,095	0,896	0,091	0,912	0,097	0,090	0,093	0,095	0,090	0,090	0,090	0,094	0,090	0,089	0,089	0,089	0,090	0,089	0,090	0,090	0,090	0,090	0,090	0,091	0,090	0,089	0,089	0,090
5:08:04	37,0	0,580	0,089	0,746	0,090	0,763	0,091	0,833	0,091	0,822	0,090	0,855	0,091	0,092	0,775	0,092	0,813	0,092	0,709	0,090	0,829	0,089	0,797	0,090	0,925	0,856	0,091	0,861	0,092	0,881	0,090	0,927	0,090	0,935	0,089	0,827	0,090	0,092	0,881	0,090	0,870	0,090	0,952	0,091	1,012	0,091	0,863	0,090	0,772	0,460	0,090	0,447	0,091	0,877	0,091	0,449	0,091	0,474	0,091	0,433	0,090	0,091	0,849	0,090	0,852	0,090	0,958	0,090	0,937	0,095	0,917	0,091	0,933	0,097	0,090	0,094	0,094	0,090	0,090	0,090	0,094	0,090	0,089	0,089	0,090	0,090	0,089	0,090	0,090	0,090	0,090	0,091	0,091	0,090	0,089	0,090	0,090
5:18:04	37,0	0,605	0,089	0,765	0,090	0,778	0,091	0,851	0,091	0,843	0,090	0,877	0,091	0,092	0,781	0,092	0,830	0,092	0,728	0,090	0,854	0,089	0,819	0,090	0,948	0,878	0,091	0,885	0,092	0,900	0,090	0,946	0,090	0,956	0,089	0,852	0,090	0,092	0,902	0,090	0,892	0,090	0,971	0,091	1,036	0,091	0,890	0,090	0,800	0,475	0,090	0,455	0,091	0,897	0,091	0,464	0,091	0,495	0,091	0,456	0,090	0,091	0,866	0,090	0,874	0,090	0,978	0,090	0,951	0,096	0,938	0,091	0,950	0,097	0,090	0,094	0,095	0,090	0,090	0,090	0,094	0,090	0,089	0,089	0,089	0,090	0,089	0,090	0,091	0,090	0,090	0,091	0,091	0,090	0,089	0,089	0,090
5:28:04	37,0	0,626	0,089	0,788	0,090	0,801	0,091	0,875	0,091	0,863	0,090	0,898	0,091	0,092	0,792	0,092	0,849	0,092	0,750	0,090	0,880	0,089	0,842	0,090	0,970	0,899	0,091	0,905	0,092	0,921	0,090	0,963	0,089	0,979	0,089	0,874	0,090	0,092	0,923	0,090	0,914	0,090	0,991	0,091	1,067	0,091	0,914	0,090	0,821	0,488	0,089	0,464	0,091	0,914	0,091	0,480	0,090	0,528	0,091	0,475	0,090	0,091	0,888	0,090	0,897	0,090	0,995	0,089	0,981	0,096	0,957	0,091	0,974	0,097	0,090	0,093	0,095	0,090	0,090	0,090	0,094	0,090	0,089	0,089	0,089	0,090	0,089	0,090	0,090	0,090	0,090	0,091	0,091	0,090	0,090	0,089	0,090
5:38:04	37,0	0,646	0,089	0,813	0,090	0,816	0,091	0,896	0,091	0,884	0,091	0,916	0,091	0,092	0,804	0,092	0,869	0,092	0,767	0,090	0,902	0,089	0,869	0,090	0,991	0,920	0,091	0,925	0,092	0,941	0,090	0,979	0,090	1,000	0,089	0,899	0,090	0,092	0,943	0,090	0,938	0,091	1,006	0,091	1,091	0,091	0,936	0,090	0,853	0,501	0,090	0,473	0,091	0,929	0,091	0,492	0,091	0,567	0,091	0,495	0,090	0,091	0,909	0,090	0,916	0,090	1,010	0,090	0,993	0,096	0,973	0,091	0,992	0,097	0,090	0,094	0,095	0,090	0,090	0,090	0,095	0,090	0,089	0,089	0,090	0,090	0,089	0,090	0,091	0,090	0,090	0,091	0,091	0,090	0,090	0,090	0,090
5:48:04	37,0	0,663	0,089	0,835	0,090	0,835	0,091	0,913	0,091	0,904	0,090	0,937	0,091	0,092	0,820	0,092	0,887	0,092	0,785	0,090	0,926	0,089	0,899	0,090	1,012	0,938	0,091	0,942	0,092	0,956	0,090	0,996	0,090	1,022	0,089	0,920	0,090	0,092	0,962	0,090	0,955	0,091	1,019	0,091	1,119	0,091	0,961	0,091	0,873	0,512	0,090	0,482	0,091	0,947	0,091	0,506	0,091	0,589	0,091	0,515	0,090	0,091	0,926	0,090	0,936	0,090	1,026	0,090	1,016	0,096	0,991	0,091	1,012	0,097	0,090	0,094	0,095	0,090	0,090	0,090	0,095	0,090	0,089	0,090	0,090	0,090	0,089	0,090	0,090	0,090	0,090	0,091	0,091	0,090	0,089	0,090	0,090
5:58:04	37,0	0,683	0,089	0,854	0,090	0,851	0,091	0,931	0,091	0,925	0,090	0,960	0,091	0,092	0,833	0,092	0,908	0,092	0,807	0,090	0,953	0,089	0,926	0,090	1,033	0,959	0,091	0,957	0,092	0,974	0,090	1,013	0,089	1,038	0,089	0,945	0,090	0,092	0,982	0,090	0,975	0,090	1,036	0,090	1,143	0,091	0,988	0,090	0,896	0,524	0,090	0,489	0,091	0,961	0,091	0,519	0,091	0,608	0,091	0,532	0,090	0,091	0,944	0,090	0,954	0,090	1,040	0,089	1,029	0,096	1,009	0,091	1,022	0,097	0,090	0,094	0,094	0,090	0,090	0,090	0,094	0,090	0,089	0,090	0,089	0,090	0,089	0,090	0,090	0,090	0,090	0,091	0,091	0,090	0,089	0,089	0,090
6:08:04	37,0	0,704	0,089	0,881	0,090	0,869	0,091	0,958	0,091	0,953	0,090	0,980	0,090	0,092	0,847	0,092	0,927	0,091	0,825	0,090	0,977	0,089	0,956	0,090	1,052	0,976	0,091	0,973	0,092	0,990	0,090	1,028	0,089	1,057	0,089	0,965	0,089	0,092	1,001	0,090	0,995	0,090	1,054	0,090	1,160	0,091	1,012	0,090	0,928	0,533	0,089	0,497	0,091	0,976	0,091	0,530	0,090	0,628	0,091	0,550	0,090	0,091	0,957	0,090	0,976	0,090	1,054	0,090	1,050	0,096	1,024	0,091	1,037	0,097	0,090	0,093	0,094	0,090	0,090	0,090	0,095	0,090	0,089	0,089	0,089	0,090	0,089	0,090	0,090	0,090	0,090	0,091	0,091	0,090	0,090	0,089	0,090
6:18:04	37,0	0,721	0,089	0,904	0,090	0,887	0,091	0,968	0,091	0,972	0,090	0,996	0,091	0,092	0,860	0,092	0,946	0,092	0,844	0,090	0,997	0,089	0,989	0,090	1,070	0,989	0,091	0,988	0,092	1,008	0,090	1,042	0,090	1,078	0,089	0,987	0,090	0,092	1,019	0,090	1,008	0,090	1,069	0,090	1,178	0,091	1,033	0,090	0,944	0,540	0,090	0,506	0,091	0,990	0,091	0,543	0,090	0,639	0,091	0,566	0,090	0,091	0,961	0,090	0,993	0,090	1,070	0,089	1,070	0,096	1,041	0,091	1,056	0,097	0,090	0,094	0,094	0,090	0,090	0,090	0,095	0,090	0,089	0,089	0,090	0,090	0,089	0,090	0,090	0,090	0,090	0,091	0,091	0,090	0,090	0,089	0,090
6:28:04	37,0	0,738	0,089	0,926	0,090	0,903	0,091	0,987	0,091	0,999	0,090	1,011	0,091	0,092	0,874	0,092	0,966	0,092	0,867	0,090	1,016	0,089	1,017	0,090	1,087	1,003	0,091	1,005	0,092	1,022	0,090	1,057	0,089	1,095	0,089	1,010	0,089	0,092	1,038	0,090	1,029	0,090	1,088	0,090	1,190	0,091	1,055	0,090	0,961	0,547	0,089	0,515	0,091	1,005	0,091	0,556	0,091	0,656	0,091	0,585	0,090	0,091	0,976	0,090	1,009	0,090	1,084	0,089	1,090	0,096	1,056	0,091	1,071	0,097	0,090	0,094	0,095	0,090	0,090	0,090	0,095	0,090	0,089	0,090	0,089	0,090	0,089	0,090	0,090	0,090	0,090	0,091	0,091	0,090	0,090	0,089	0,090
6:38:04	37,0	0,757	0,089	0,947	0,090	0,924	0,091	1,006	0,091	1,020	0,090	1,032	0,091	0,092	0,893	0,092	0,988	0,091	0,888	0,090	1,039	0,089	1,039	0,090	1,103	1,022	0,091	1,023	0,092	1,044	0,090	1,074	0,090	1,114	0,089	1,031	0,090	0,092	1,058	0,090	1,052	0,090	1,109	0,090	1,205	0,091	1,076	0,091	0,988	0,554	0,089	0,524	0,091	1,021	0,091	0,570	0,091	0,672	0,091	0,599	0,090	0,091	0,989	0,090	1,029	0,090	1,098	0,089	1,106	0,096	1,071	0,091	1,088	0,097	0,090	0,094	0,094	0,090	0,090	0,090	0,095	0,090	0,089	0,090	0,089	0,090	0,089	0,090	0,091	0,090	0,090	0,091	0,091	0,090	0,089	0,090	0,090
6:48:04	37,0	0,775	0,089	0,965	0,090	0,942	0,091	1,019	0,091	1,046	0,090	1,043	0,091	0,092	0,905	0,092	1,006	0,092	0,907	0,090	1,058	0,089	1,052	0,090	1,119	1,038	0,091	1,037	0,092	1,056	0,090	1,089	0,089	1,130	0,089	1,048	0,090	0,092	1,075	0,090	1,066	0,090	1,127	0,090	1,212	0,091	1,101	0,090	1,003	0,561	0,089	0,532	0,091	1,034	0,091	0,582	0,090	0,685	0,090	0,614	0,090	0,091	1,002	0,089	1,042	0,090	1,111	0,089	1,118	0,096	1,086	0,091	1,104	0,097	0,090	0,094	0,094	0,090	0,090	0,090	0,095	0,090	0,089	0,089	0,089	0,090	0,089	0,090	0,090	0,090	0,090	0,090	0,091	0,090	0,089	0,090	0,090
6:58:04	37,0	0,791	0,089	0,988	0,090	0,957	0,091	1,032	0,091	1,069	0,090	1,057	0,091	0,092	0,918	0,092	1,022	0,092	0,926	0,090	1,074	0,089	1,073	0,090	1,135	1,065	0,091	1,053	0,092	1,070	0,090	1,107	0,089	1,147	0,089	1,063	0,090	0,092	1,091	0,090	1,084	0,090	1,141	0,090	1,226	0,091	1,114	0,090	1,022	0,571	0,090	0,539	0,091	1,046	0,091	0,593	0,090	0,695	0,091	0,623	0,090	0,091	1,015	0,090	1,059	0,090	1,122	0,089	1,135	0,096	1,099	0,091	1,118	0,097	0,090	0,094	0,095	0,090	0,090	0,090	0,095	0,090	0,089	0,090	0,089	0,090	0,089	0,090	0,090	0,090	0,090	0,091	0,091	0,090	0,090	0,090	0,090
7:08:04	37,0	0,806	0,089	1,008	0,090	0,973	0,091	1,048	0,091	1,087	0,090	1,072	0,091	0,092	0,935	0,092	1,039	0,091	0,949	0,090	1,092	0,089	1,093	0,090	1,150	1,080	0,091	1,070	0,092	1,087	0,090	1,121	0,089	1,158	0,089	1,082	0,090	0,092	1,107	0,090	1,098	0,090	1,154	0,090	1,240	0,091	1,130	0,090	1,041	0,581	0,089	0,543	0,091	1,059	0,091	0,603	0,091	0,710	0,091	0,631	0,090	0,091	1,030	0,090	1,071	0,090	1,134	0,089	1,155	0,096	1,116	0,091	1,132	0,097	0,090	0,094	0,094	0,090	0,090	0,090	0,095	0,090	0,089	0,089	0,089	0,090	0,089	0,090	0,090	0,090	0,090	0,091	0,091	0,090	0,090	0,089	0,090
7:18:04	37,0	0,824	0,089	1,027	0,090	0,987	0,091	1,062	0,091	1,105	0,090	1,087	0,091	0,092	0,948	0,092	1,058	0,092	0,970	0,090	1,113	0,089	1,101	0,090	1,162	1,099	0,091	1,085	0,092	1,102	0,090	1,134	0,090	1,175	0,089	1,095	0,090	0,092	1,123	0,090	1,118	0,090	1,169	0,091	1,244	0,091	1,148	0,090	1,055	0,589	0,090	0,548	0,091	1,071	0,091	0,614	0,091	0,721	0,091	0,644	0,090	0,091	1,041	0,090	1,087	0,090	1,146	0,090	1,165	0,096	1,129	0,091	1,147	0,097	0,090	0,093	0,095	0,090	0,090	0,090	0,095	0,090	0,089	0,090	0,089	0,090	0,089	0,090	0,091	0,090	0,090	0,091	0,091	0,090	0,090	0,090	0,090
7:28:04	37,0	0,838	0,089	1,045	0,090	0,998	0,091	1,070	0,091	1,126	0,090	1,097	0,091	0,092	0,957	0,092	1,071	0,091	0,984	0,090	1,122	0,089	1,119	0,090	1,177	1,111	0,091	1,101	0,092	1,115	0,090	1,144	0,089	1,182	0,089	1,109	0,090	0,092	1,137	0,090	1,128	0,090	1,178	0,090	1,250	0,091	1,164	0,090	1,067	0,594	0,089	0,552	0,091	1,082	0,091	0,623	0,091	0,727	0,090	0,653	0,090	0,091	1,052	0,090	1,102	0,090	1,152	0,089	1,171	0,096	1,143	0,091	1,168	0,097	0,090	0,094	0,094	0,090	0,090	0,090	0,095	0,090	0,089	0,090	0,089	0,090	0,089	0,090	0,090	0,090	0,090	0,090	0,091	0,090	0,089	0,090	0,090
7:38:04	37,0	0,852	0,089	1,063	0,090	1,007	0,091	1,083	0,091	1,142	0,090	1,100	0,091	0,092	0,970	0,092	1,087	0,092	1,001	0,090	1,138	0,089	1,135	0,090	1,185	1,119	0,091	1,117	0,092	1,130	0,091	1,154	0,090	1,192	0,089	1,123	0,090	0,092	1,152	0,091	1,146	0,091	1,186	0,091	1,272	0,091	1,181	0,091	1,081	0,600	0,090	0,558	0,091	1,096	0,091	0,631	0,091	0,733	0,091	0,659	0,090	0,091	1,067	0,090	1,113	0,090	1,162	0,090	1,186	0,096	1,156	0,091	1,183	0,097	0,090	0,094	0,095	0,090	0,090	0,090	0,095	0,090	0,089	0,090	0,090	0,090	0,090	0,090	0,091	0,090	0,090	0,091	0,091	0,090	0,090	0,090	0,090
7:48:04	37,0	0,867	0,089	1,079	0,090	1,020	0,091	1,092	0,091	1,151	0,090	1,110	0,091	0,092	0,980	0,092	1,102	0,092	1,019	0,090	1,149	0,089	1,153	0,090	1,198	1,137	0,091	1,132	0,092	1,142	0,090	1,164	0,089	1,201	0,089	1,136	0,089	0,092	1,163	0,090	1,160	0,090	1,198	0,091	1,280	0,091	1,195	0,090	1,096	0,606	0,090	0,561	0,091	1,103	0,091	0,636	0,091	0,736	0,091	0,666	0,090	0,091	1,077	0,090	1,121	0,090	1,171	0,090	1,199	0,096	1,169	0,091	1,198	0,097	0,090	0,094	0,094	0,090	0,090	0,090	0,095	0,090	0,089	0,090	0,090	0,090	0,089	0,090	0,090	0,090	0,090	0,091	0,091	0,090	0,090	0,090	0,090
7:58:04	37,0	0,883	0,088	1,095	0,090	1,029	0,091	1,101	0,091	1,166	0,090	1,122	0,091	0,092	0,986	0,092	1,116	0,092	1,030	0,090	1,163	0,089	1,169	0,090	1,205	1,146	0,091	1,148	0,092	1,154	0,090	1,175	0,089	1,212	0,089	1,150	0,090	0,092	1,172	0,090	1,172	0,090	1,207	0,090	1,294	0,091	1,207	0,090	1,111	0,610	0,089	0,565	0,091	1,110	0,091	0,643	0,090	0,743	0,090	0,671	0,090	0,091	1,087	0,089	1,131	0,090	1,182	0,089	1,212	0,096	1,180	0,091	1,208	0,097	0,090	0,094	0,094	0,090	0,090	0,090	0,095	0,090	0,089	0,090	0,090	0,090	0,089	0,090	0,090	0,090	0,090	0,091	0,091	0,090	0,089	0,089	0,090
8:08:04	37,0	0,895	0,089	1,110	0,090	1,039	0,091	1,112	0,091	1,179	0,090	1,138	0,091	0,092	0,995	0,092	1,129	0,091	1,041	0,090	1,176	0,089	1,180	0,090	1,212	1,157	0,091	1,161	0,092	1,165	0,090	1,185	0,089	1,219	0,089	1,162	0,090	0,091	1,183	0,090	1,180	0,090	1,218	0,090	1,300	0,091	1,215	0,090	1,126	0,616	0,089	0,568	0,091	1,120	0,090	0,649	0,091	0,748	0,090	0,678	0,090	0,091	1,099	0,089	1,144	0,090	1,188	0,089	1,220	0,097	1,188	0,091	1,220	0,097	0,090	0,093	0,094	0,090	0,090	0,090	0,095	0,090	0,089	0,090	0,089	0,090	0,089	0,089	0,090	0,090	0,090	0,091	0,091	0,090	0,090	0,090	0,090
8:18:04	37,0	0,907	0,089	1,128	0,090	1,050	0,091	1,124	0,091	1,191	0,090	1,148	0,091	0,092	1,006	0,092	1,142	0,092	1,057	0,090	1,188	0,089	1,189	0,090	1,220	1,173	0,091	1,175	0,092	1,177	0,090	1,194	0,090	1,231	0,089	1,175	0,090	0,092	1,192	0,090	1,191	0,090	1,228	0,091	1,310	0,091	1,224	0,090	1,138	0,622	0,089	0,574	0,091	1,130	0,091	0,657	0,091	0,755	0,091	0,686	0,090	0,091	1,108	0,090	1,157	0,090	1,197	0,089	1,228	0,096	1,201	0,091	1,230	0,097	0,090	0,094	0,095	0,090	0,090	0,090	0,095	0,090	0,089	0,090	0,089	0,090	0,089	0,090	0,090	0,090	0,090	0,091	0,091	0,090	0,090	0,089	0,090
8:28:04	37,0	0,919	0,089	1,148	0,090	1,060	0,091	1,136	0,091	1,206	0,090	1,164	0,091	0,092	1,018	0,092	1,154	0,092	1,068	0,090	1,203	0,089	1,196	0,090	1,230	1,182	0,091	1,188	0,092	1,190	0,090	1,203	0,089	1,239	0,089	1,188	0,090	0,092	1,204	0,090	1,203	0,091	1,237	0,090	1,315	0,091	1,234	0,090	1,156	0,628	0,090	0,577	0,091	1,141	0,091	0,663	0,091	0,763	0,091	0,694	0,090	0,091	1,117	0,090	1,165	0,090	1,208	0,089	1,238	0,097	1,213	0,091	1,242	0,097	0,090	0,093	0,094	0,090	0,090	0,090	0,095	0,090	0,089	0,090	0,089	0,090	0,089	0,089	0,090	0,090	0,090	0,091	0,091	0,090	0,090	0,089	0,090
8:38:04	37,0	0,935	0,089	1,164	0,090	1,070	0,091	1,146	0,091	1,215	0,090	1,161	0,091	0,092	1,030	0,092	1,167	0,092	1,080	0,090	1,215	0,089	1,203	0,090	1,240	1,192	0,091	1,200	0,092	1,201	0,090	1,212	0,089	1,251	0,089	1,195	0,089	0,092	1,214	0,090	1,214	0,090	1,246	0,090	1,326	0,091	1,242	0,090	1,167	0,634	0,089	0,581	0,091	1,150	0,091	0,670	0,091	0,772	0,090	0,704	0,090	0,091	1,126	0,090	1,176	0,090	1,218	0,089	1,250	0,097	1,222	0,091	1,255	0,097	0,090	0,093	0,094	0,090	0,090	0,090	0,095	0,090	0,089	0,090	0,089	0,090	0,089	0,089	0,090	0,090	0,090	0,091	0,091	0,090	0,090	0,089	0,090
8:48:04	37,0	0,947	0,089	1,180	0,090	1,079	0,091	1,154	0,091	1,225	0,090	1,179	0,091	0,092	1,039	0,092	1,181	0,092	1,094	0,090	1,228	0,089	1,212	0,090	1,247	1,201	0,091	1,211	0,092	1,212	0,090	1,220	0,089	1,259	0,089	1,206	0,090	0,092	1,224	0,090	1,218	0,090	1,254	0,090	1,334	0,091	1,254	0,090	1,181	0,640	0,089	0,585	0,091	1,158	0,091	0,676	0,091	0,780	0,091	0,711	0,090	0,091	1,137	0,090	1,183	0,090	1,224	0,089	1,263	0,096	1,233	0,091	1,262	0,097	0,090	0,094	0,094	0,090	0,090	0,090	0,095	0,090	0,089	0,090	0,089	0,090	0,089	0,090	0,090	0,090	0,090	0,091	0,091	0,090	0,090	0,089	0,090
8:58:04	37,0	0,957	0,088	1,198	0,090	1,091	0,091	1,165	0,091	1,238	0,090	1,187	0,091	0,092	1,049	0,092	1,192	0,091	1,108	0,090	1,240	0,089	1,213	0,090	1,257	1,214	0,091	1,224	0,092	1,223	0,090	1,229	0,089	1,269	0,089	1,215	0,090	0,092	1,234	0,090	1,229	0,090	1,266	0,091	1,347	0,091	1,263	0,090	1,199	0,645	0,089	0,589	0,091	1,167	0,091	0,682	0,090	0,789	0,091	0,723	0,090	0,091	1,145	0,090	1,195	0,090	1,234	0,089	1,269	0,097	1,241	0,091	1,273	0,097	0,090	0,093	0,094	0,090	0,090	0,090	0,095	0,090	0,089	0,090	0,089	0,090	0,089	0,089	0,090	0,090	0,090	0,091	0,091	0,090	0,090	0,089	0,090
9:08:04	37,0	0,960	0,089	1,212	0,090	1,099	0,091	1,174	0,091	1,246	0,090	1,191	0,091	0,092	1,054	0,092	1,204	0,092	1,120	0,090	1,246	0,089	1,222	0,090	1,265	1,221	0,091	1,234	0,092	1,230	0,090	1,235	0,089	1,277	0,089	1,227	0,089	0,092	1,244	0,090	1,238	0,090	1,273	0,091	1,354	0,091	1,271	0,090	1,208	0,651	0,089	0,594	0,091	1,173	0,091	0,687	0,090	0,789	0,091	0,729	0,090	0,091	1,157	0,089	1,202	0,090	1,238	0,089	1,281	0,097	1,251	0,091	1,280	0,097	0,090	0,093	0,094	0,090	0,090	0,090	0,095	0,090	0,089	0,090	0,089	0,090	0,089	0,090	0,090	0,090	0,090	0,091	0,091	0,090	0,090	0,089	0,090
9:18:04	37,0	0,974	0,089	1,223	0,090	1,106	0,091	1,184	0,091	1,256	0,091	1,198	0,091	0,092	1,062	0,092	1,214	0,092	1,130	0,090	1,255	0,089	1,230	0,090	1,272	1,230	0,091	1,244	0,092	1,239	0,090	1,243	0,090	1,284	0,089	1,237	0,090	0,092	1,253	0,090	1,247	0,091	1,281	0,091	1,361	0,091	1,279	0,091	1,221	0,658	0,090	0,597	0,091	1,182	0,091	0,692	0,091	0,797	0,091	0,734	0,090	0,091	1,166	0,090	1,213	0,090	1,246	0,089	1,295	0,097	1,260	0,092	1,287	0,097	0,090	0,093	0,095	0,090	0,090	0,090	0,095	0,090	0,089	0,090	0,090	0,090	0,089	0,090	0,090	0,090	0,090	0,091	0,091	0,091	0,090	0,090	0,090
9:28:04	37,0	0,980	0,089	1,234	0,090	1,113	0,091	1,190	0,091	1,260	0,090	1,207	0,091	0,092	1,069	0,092	1,223	0,092	1,140	0,090	1,262	0,089	1,227	0,090	1,277	1,233	0,091	1,252	0,092	1,247	0,090	1,249	0,089	1,292	0,089	1,248	0,090	0,092	1,261	0,090	1,259	0,090	1,284	0,090	1,376	0,091	1,285	0,090	1,232	0,664	0,090	0,601	0,091	1,190	0,091	0,698	0,091	0,803	0,091	0,742	0,090	0,091	1,172	0,090	1,220	0,090	1,251	0,089	1,299	0,097	1,270	0,092	1,291	0,097	0,090	0,093	0,094	0,090	0,090	0,090	0,095	0,090	0,089	0,090	0,089	0,090	0,089	0,089	0,090	0,090	0,090	0,091	0,091	0,090	0,090	0,089	0,090
9:38:04	37,0	0,991	0,089	1,245	0,090	1,121	0,091	1,198	0,091	1,270	0,090	1,214	0,091	0,092	1,075	0,092	1,230	0,092	1,147	0,090	1,271	0,089	1,229	0,090	1,280	1,242	0,091	1,260	0,092	1,255	0,090	1,255	0,089	1,302	0,089	1,258	0,090	0,092	1,272	0,090	1,266	0,090	1,292	0,090	1,385	0,091	1,295	0,090	1,246	0,671	0,089	0,605	0,091	1,195	0,091	0,706	0,091	0,808	0,091	0,749	0,090	0,091	1,181	0,090	1,228	0,090	1,257	0,089	1,304	0,097	1,277	0,092	1,296	0,097	0,090	0,093	0,094	0,090	0,090	0,090	0,095	0,091	0,089	0,090	0,089	0,090	0,089	0,089	0,090	0,090	0,090	0,091	0,091	0,091	0,090	0,089	0,090
9:48:04	37,0	0,999	0,089	1,256	0,090	1,128	0,091	1,205	0,091	1,278	0,090	1,220	0,091	0,092	1,085	0,092	1,237	0,092	1,156	0,090	1,280	0,089	1,232	0,090	1,289	1,251	0,091	1,268	0,092	1,264	0,090	1,264	0,089	1,311	0,089	1,267	0,090	0,092	1,282	0,090	1,277	0,090	1,300	0,090	1,384	0,091	1,302	0,090	1,258	0,677	0,089	0,610	0,091	1,207	0,091	0,712	0,091	0,816	0,091	0,757	0,090	0,091	1,188	0,090	1,241	0,090	1,267	0,090	1,312	0,097	1,287	0,092	1,304	0,097	0,090	0,093	0,094	0,090	0,090	0,090	0,095	0,091	0,089	0,090	0,089	0,090	0,090	0,089	0,090	0,090	0,090	0,091	0,091	0,090	0,090	0,089	0,090
9:58:04	37,0	1,008	0,089	1,264	0,090	1,135	0,091	1,214	0,091	1,284	0,090	1,227	0,091	0,092	1,092	0,092	1,246	0,092	1,165	0,090	1,286	0,089	1,240	0,090	1,289	1,256	0,091	1,275	0,092	1,271	0,090	1,268	0,089	1,321	0,089	1,278	0,090	0,092	1,288	0,090	1,286	0,090	1,305	0,090	1,392	0,091	1,308	0,090	1,270	0,682	0,089	0,614	0,091	1,211	0,091	0,719	0,090	0,819	0,091	0,763	0,090	0,091	1,196	0,089	1,246	0,090	1,272	0,089	1,319	0,097	1,294	0,091	1,309	0,097	0,090	0,093	0,094	0,090	0,090	0,090	0,095	0,090	0,089	0,090	0,089	0,090	0,089	0,089	0,090	0,090	0,090	0,091	0,091	0,090	0,090	0,089	0,090
10:08:04	37,0	1,019	0,089	1,272	0,090	1,144	0,091	1,223	0,091	1,292	0,090	1,234	0,091	0,092	1,101	0,092	1,255	0,091	1,172	0,090	1,296	0,089	1,241	0,090	1,296	1,263	0,091	1,284	0,092	1,282	0,090	1,281	0,089	1,333	0,089	1,287	0,090	0,092	1,299	0,090	1,298	0,090	1,315	0,090	1,397	0,091	1,319	0,090	1,278	0,689	0,090	0,620	0,091	1,222	0,091	0,727	0,091	0,833	0,091	0,774	0,090	0,091	1,208	0,090	1,258	0,090	1,280	0,090	1,334	0,097	1,304	0,092	1,317	0,097	0,090	0,093	0,094	0,090	0,090	0,090	0,095	0,091	0,089	0,090	0,089	0,090	0,089	0,089	0,090	0,090	0,090	0,091	0,091	0,090	0,090	0,089	0,090
10:18:04	37,0	1,024	0,089	1,280	0,090	1,150	0,091	1,228	0,091	1,297	0,090	1,242	0,091	0,092	1,107	0,092	1,263	0,092	1,179	0,090	1,302	0,089	1,249	0,090	1,303	1,270	0,091	1,291	0,092	1,288	0,090	1,286	0,089	1,340	0,089	1,295	0,090	0,092	1,304	0,090	1,304	0,090	1,319	0,090	1,401	0,091	1,323	0,090	1,289	0,695	0,089	0,625	0,091	1,225	0,091	0,731	0,091	0,838	0,090	0,780	0,090	0,091	1,216	0,090	1,264	0,090	1,284	0,089	1,339	0,097	1,311	0,092	1,323	0,097	0,090	0,093	0,094	0,090	0,090	0,090	0,095	0,090	0,089	0,090	0,089	0,090	0,089	0,089	0,090	0,090	0,090	0,091	0,091	0,090	0,090	0,089	0,090
10:28:04	37,0	1,029	0,089	1,285	0,090	1,159	0,091	1,237	0,091	1,306	0,091	1,248	0,091	0,092	1,113	0,092	1,270	0,092	1,186	0,090	1,308	0,089	1,254	0,090	1,306	1,281	0,091	1,299	0,092	1,298	0,090	1,292	0,090	1,350	0,089	1,303	0,090	0,092	1,311	0,090	1,308	0,090	1,329	0,091	1,411	0,091	1,329	0,091	1,300	0,701	0,090	0,630	0,091	1,232	0,091	0,737	0,091	0,846	0,091	0,786	0,090	0,091	1,225	0,090	1,271	0,090	1,292	0,090	1,348	0,097	1,318	0,092	1,330	0,097	0,090	0,093	0,095	0,091	0,090	0,090	0,095	0,091	0,089	0,090	0,089	0,090	0,090	0,090	0,090	0,090	0,090	0,091	0,091	0,091	0,090	0,089	0,090
10:38:04	37,0	1,038	0,089	1,289	0,090	1,164	0,091	1,243	0,091	1,310	0,090	1,249	0,091	0,092	1,120	0,092	1,277	0,092	1,195	0,090	1,313	0,089	1,256	0,090	1,312	1,285	0,091	1,307	0,092	1,307	0,090	1,300	0,089	1,359	0,089	1,312	0,090	0,092	1,319	0,090	1,318	0,090	1,336	0,090	1,419	0,091	1,339	0,090	1,309	0,707	0,089	0,634	0,091	1,239	0,091	0,744	0,091	0,853	0,091	0,794	0,090	0,091	1,231	0,090	1,281	0,090	1,297	0,089	1,358	0,097	1,324	0,092	1,336	0,097	0,090	0,093	0,094	0,090	0,090	0,090	0,095	0,090	0,089	0,090	0,089	0,090	0,089	0,089	0,090	0,090	0,090	0,091	0,091	0,090	0,090	0,090	0,090
10:48:04	36,9	1,044	0,089	1,296	0,090	1,171	0,091	1,252	0,091	1,313	0,090	1,255	0,091	0,092	1,127	0,092	1,285	0,092	1,202	0,090	1,318	0,089	1,261	0,090	1,313	1,290	0,091	1,313	0,092	1,315	0,090	1,308	0,089	1,369	0,089	1,317	0,090	0,092	1,325	0,090	1,325	0,090	1,345	0,090	1,428	0,091	1,345	0,090	1,318	0,712	0,089	0,638	0,091	1,248	0,091	0,751	0,091	0,863	0,091	0,802	0,090	0,091	1,238	0,090	1,288	0,090	1,304	0,089	1,363	0,097	1,330	0,091	1,343	0,097	0,090	0,093	0,094	0,090	0,090	0,090	0,095	0,090	0,089	0,090	0,089	0,090	0,089	0,089	0,090	0,090	0,090	0,091	0,091	0,090	0,090	0,089	0,090
10:58:04	37,0	1,050	0,089	1,299	0,090	1,179	0,091	1,257	0,091	1,319	0,090	1,258	0,091	0,092	1,136	0,092	1,292	0,092	1,207	0,090	1,323	0,089	1,267	0,090	1,318	1,294	0,091	1,320	0,092	1,321	0,090	1,313	0,090	1,377	0,089	1,324	0,090	0,092	1,332	0,090	1,329	0,090	1,351	0,090	1,432	0,091	1,353	0,090	1,325	0,720	0,089	0,643	0,091	1,254	0,091	0,757	0,091	0,868	0,091	0,809	0,090	0,091	1,245	0,090	1,294	0,090	1,311	0,089	1,369	0,097	1,336	0,092	1,349	0,097	0,090	0,093	0,095	0,090	0,090	0,090	0,095	0,091	0,089	0,090	0,089	0,090	0,090	0,090	0,090	0,090	0,090	0,091	0,091	0,091	0,090	0,089	0,090
11:08:04	37,0	1,055	0,089	1,304	0,090	1,185	0,091	1,263	0,091	1,322	0,090	1,264	0,091	0,092	1,138	0,092	1,296	0,092	1,213	0,090	1,327	0,089	1,272	0,090	1,322	1,298	0,091	1,328	0,092	1,330	0,090	1,321	0,089	1,384	0,089	1,332	0,090	0,092	1,337	0,090	1,335	0,090	1,357	0,090	1,435	0,091	1,357	0,090	1,335	0,726	0,090	0,647	0,091	1,258	0,091	0,761	0,091	0,874	0,091	0,813	0,090	0,091	1,253	0,090	1,302	0,090	1,317	0,089	1,376	0,097	1,341	0,092	1,355	0,097	0,090	0,093	0,094	0,090	0,090	0,090	0,096	0,091	0,089	0,090	0,090	0,090	0,089	0,090	0,090	0,090	0,090	0,091	0,091	0,091	0,090	0,090	0,090
11:18:04	37,0	1,062	0,089	1,308	0,090	1,190	0,091	1,272	0,091	1,326	0,090	1,270	0,091	0,092	1,145	0,092	1,301	0,092	1,216	0,090	1,329	0,089	1,272	0,090	1,323	1,302	0,091	1,333	0,092	1,336	0,090	1,328	0,089	1,391	0,089	1,335	0,090	0,092	1,342	0,090	1,342	0,090	1,362	0,090	1,443	0,091	1,364	0,090	1,341	0,731	0,089	0,651	0,091	1,265	0,091	0,767	0,091	0,882	0,090	0,820	0,091	0,091	1,259	0,089	1,311	0,090	1,320	0,089	1,375	0,096	1,346	0,092	1,362	0,097	0,090	0,094	0,094	0,090	0,090	0,090	0,096	0,090	0,089	0,090	0,089	0,090	0,089	0,090	0,090	0,090	0,090	0,091	0,091	0,090	0,090	0,089	0,090
11:28:04	37,0	1,071	0,089	1,310	0,090	1,195	0,091	1,274	0,091	1,336	0,090	1,278	0,091	0,092	1,151	0,092	1,306	0,091	1,226	0,090	1,335	0,089	1,276	0,090	1,324	1,310	0,091	1,341	0,092	1,344	0,090	1,333	0,089	1,397	0,089	1,342	0,090	0,092	1,348	0,090	1,349	0,090	1,369	0,090	1,449	0,091	1,367	0,090	1,349	0,740	0,089	0,655	0,091	1,267	0,091	0,772	0,090	0,886	0,090	0,828	0,090	0,091	1,266	0,090	1,316	0,090	1,326	0,089	1,382	0,097	1,352	0,091	1,366	0,097	0,090	0,093	0,094	0,090	0,090	0,090	0,096	0,091	0,089	0,090	0,089	0,090	0,089	0,090	0,090	0,090	0,090	0,091	0,091	0,090	0,090	0,090	0,090
11:38:04	37,0	1,077	0,089	1,315	0,090	1,202	0,091	1,276	0,091	1,338	0,090	1,282	0,091	0,092	1,152	0,092	1,307	0,092	1,228	0,090	1,336	0,089	1,278	0,090	1,327	1,310	0,091	1,345	0,092	1,349	0,090	1,337	0,089	1,399	0,089	1,346	0,090	0,092	1,350	0,090	1,351	0,090	1,372	0,090	1,450	0,091	1,371	0,090	1,358	0,744	0,089	0,659	0,091	1,271	0,091	0,774	0,091	0,885	0,091	0,831	0,090	0,091	1,269	0,090	1,319	0,090	1,327	0,089	1,388	0,097	1,357	0,091	1,371	0,097	0,090	0,094	0,094	0,090	0,090	0,090	0,096	0,090	0,089	0,090	0,089	0,090	0,090	0,090	0,090	0,090	0,090	0,091	0,091	0,091	0,090	0,089	0,090
11:48:04	37,0	1,083	0,089	1,317	0,090	1,209	0,091	1,282	0,091	1,347	0,090	1,285	0,091	0,092	1,159	0,092	1,312	0,092	1,237	0,090	1,342	0,089	1,282	0,090	1,329	1,315	0,091	1,350	0,092	1,357	0,090	1,346	0,089	1,405	0,090	1,352	0,090	0,092	1,356	0,090	1,358	0,090	1,378	0,090	1,458	0,091	1,377	0,090	1,361	0,751	0,090	0,662	0,091	1,278	0,091	0,780	0,091	0,897	0,091	0,837	0,090	0,091	1,276	0,090	1,327	0,090	1,335	0,089	1,394	0,097	1,361	0,092	1,372	0,097	0,090	0,094	0,094	0,090	0,090	0,090	0,096	0,091	0,089	0,090	0,090	0,090	0,090	0,090	0,090	0,090	0,090	0,091	0,091	0,090	0,090	0,090	0,090
11:58:04	37,0	1,086	0,089	1,320	0,090	1,212	0,091	1,286	0,091	1,349	0,090	1,287	0,091	0,092	1,165	0,092	1,317	0,092	1,243	0,090	1,344	0,089	1,285	0,090	1,331	1,320	0,091	1,357	0,092	1,364	0,090	1,351	0,089	1,410	0,089	1,356	0,090	0,092	1,360	0,090	1,366	0,091	1,385	0,091	1,461	0,091	1,381	0,091	1,366	0,757	0,090	0,665	0,091	1,282	0,091	0,785	0,091	0,901	0,091	0,842	0,090	0,091	1,282	0,090	1,332	0,090	1,340	0,090	1,398	0,097	1,366	0,092	1,378	0,097	0,090	0,093	0,095	0,090	0,090	0,090	0,095	0,091	0,089	0,090	0,089	0,090	0,090	0,090	0,090	0,090	0,090	0,091	0,091	0,091	0,090	0,090	0,090
12:08:04	37,0	1,092	0,089	1,321	0,090	1,219	0,091	1,289	0,091	1,354	0,091	1,291	0,091	0,092	1,168	0,092	1,320	0,092	1,246	0,090	1,349	0,089	1,288	0,090	1,333	1,326	0,091	1,363	0,092	1,371	0,090	1,357	0,090	1,413	0,089	1,360	0,090	0,092	1,364	0,090	1,372	0,091	1,388	0,090	1,465	0,091	1,385	0,090	1,372	0,763	0,090	0,669	0,091	1,287	0,091	0,788	0,091	0,907	0,091	0,847	0,090	0,091	1,286	0,090	1,338	0,090	1,345	0,089	1,403	0,098	1,371	0,092	1,382	0,097	0,090	0,093	0,094	0,090	0,090	0,090	0,096	0,091	0,089	0,090	0,089	0,090	0,090	0,090	0,091	0,090	0,090	0,091	0,091	0,091	0,090	0,090	0,090
12:18:04	37,0	1,099	0,089	1,321	0,090	1,224	0,091	1,292	0,091	1,358	0,090	1,294	0,091	0,092	1,173	0,092	1,323	0,092	1,252	0,090	1,353	0,089	1,292	0,090	1,333	1,330	0,091	1,368	0,092	1,378	0,090	1,362	0,089	1,417	0,089	1,366	0,090	0,092	1,369	0,090	1,379	0,090	1,393	0,090	1,463	0,091	1,392	0,090	1,375	0,769	0,089	0,674	0,091	1,292	0,091	0,794	0,090	0,912	0,091	0,852	0,090	0,091	1,292	0,090	1,343	0,090	1,349	0,089	1,409	0,098	1,376	0,092	1,386	0,097	0,090	0,093	0,094	0,090	0,090	0,090	0,095	0,091	0,089	0,090	0,090	0,090	0,089	0,089	0,090	0,090	0,090	0,091	0,091	0,090	0,090	0,089	0,090
12:28:04	37,0	1,104	0,089	1,323	0,090	1,229	0,091	1,297	0,091	1,361	0,090	1,296	0,091	0,092	1,177	0,092	1,328	0,091	1,256	0,090	1,356	0,089	1,292	0,090	1,334	1,334	0,091	1,373	0,092	1,384	0,090	1,368	0,089	1,421	0,089	1,366	0,090	0,092	1,371	0,090	1,384	0,090	1,398	0,090	1,472	0,091	1,394	0,090	1,376	0,775	0,089	0,677	0,091	1,298	0,091	0,798	0,091	0,923	0,091	0,857	0,090	0,091	1,295	0,090	1,354	0,090	1,356	0,089	1,411	0,098	1,378	0,092	1,391	0,097	0,090	0,093	0,094	0,090	0,090	0,090	0,095	0,091	0,089	0,090	0,089	0,090	0,089	0,089	0,090	0,090	0,090	0,091	0,091	0,090	0,090	0,089	0,090
12:38:04	37,0	1,108	0,089	1,326	0,090	1,234	0,091	1,303	0,091	1,363	0,090	1,303	0,091	0,092	1,184	0,092	1,333	0,091	1,263	0,090	1,359	0,089	1,293	0,090	1,335	1,337	0,091	1,379	0,092	1,392	0,090	1,373	0,089	1,427	0,089	1,372	0,090	0,092	1,377	0,090	1,393	0,090	1,403	0,090	1,475	0,091	1,400	0,090	1,385	0,783	0,090	0,681	0,091	1,306	0,091	0,805	0,091	0,933	0,091	0,868	0,090	0,091	1,302	0,090	1,357	0,090	1,360	0,089	1,415	0,097	1,383	0,092	1,391	0,097	0,090	0,093	0,094	0,090	0,090	0,090	0,095	0,091	0,089	0,090	0,089	0,090	0,089	0,089	0,091	0,090	0,090	0,091	0,091	0,090	0,090	0,089	0,090
12:48:04	37,0	1,113	0,089	1,325	0,090	1,237	0,091	1,305	0,091	1,365	0,091	1,305	0,091	0,092	1,188	0,092	1,333	0,092	1,264	0,090	1,362	0,089	1,297	0,090	1,341	1,340	0,091	1,383	0,092	1,398	0,090	1,375	0,090	1,428	0,089	1,375	0,090	0,092	1,380	0,090	1,396	0,090	1,407	0,091	1,472	0,091	1,403	0,090	1,387	0,791	0,090	0,685	0,091	1,306	0,091	0,807	0,091	0,938	0,091	0,870	0,090	0,091	1,305	0,090	1,364	0,090	1,364	0,089	1,424	0,098	1,389	0,092	1,397	0,097	0,090	0,093	0,094	0,090	0,090	0,090	0,096	0,091	0,089	0,090	0,089	0,090	0,089	0,089	0,090	0,090	0,090	0,091	0,091	0,091	0,090	0,090	0,090
12:58:04	37,0	1,113	0,089	1,327	0,090	1,239	0,091	1,308	0,091	1,368	0,090	1,309	0,091	0,092	1,192	0,092	1,339	0,092	1,268	0,090	1,364	0,089	1,299	0,090	1,337	1,343	0,091	1,388	0,092	1,403	0,090	1,379	0,089	1,432	0,089	1,379	0,090	0,092	1,384	0,090	1,400	0,090	1,411	0,090	1,479	0,091	1,409	0,091	1,388	0,799	0,090	0,688	0,091	1,313	0,091	0,815	0,091	0,946	0,091	0,876	0,090	0,091	1,309	0,090	1,366	0,090	1,369	0,089	1,425	0,098	1,392	0,092	1,401	0,097	0,090	0,093	0,094	0,090	0,090	0,090	0,096	0,091	0,089	0,090	0,089	0,090	0,089	0,090	0,090	0,090	0,090	0,091	0,091	0,091	0,090	0,089	0,090
13:08:04	37,0	1,118	0,089	1,326	0,090	1,245	0,091	1,315	0,091	1,371	0,091	1,310	0,091	0,092	1,198	0,092	1,342	0,092	1,275	0,090	1,368	0,089	1,305	0,090	1,340	1,348	0,091	1,395	0,092	1,410	0,090	1,386	0,089	1,437	0,089	1,383	0,090	0,092	1,387	0,090	1,406	0,090	1,416	0,090	1,486	0,091	1,413	0,091	1,394	0,807	0,090	0,692	0,091	1,318	0,091	0,820	0,091	0,954	0,091	0,887	0,090	0,091	1,314	0,090	1,372	0,090	1,375	0,090	1,421	0,098	1,398	0,092	1,401	0,097	0,090	0,093	0,094	0,090	0,090	0,090	0,096	0,091	0,089	0,091	0,089	0,090	0,090	0,090	0,090	0,090	0,090	0,091	0,091	0,091	0,090	0,089	0,090
13:18:04	37,0	1,123	0,089	1,331	0,090	1,246	0,091	1,318	0,091	1,373	0,091	1,315	0,091	0,092	1,201	0,092	1,345	0,092	1,275	0,090	1,371	0,089	1,307	0,090	1,340	1,349	0,091	1,397	0,092	1,415	0,090	1,387	0,089	1,438	0,089	1,385	0,090	0,092	1,391	0,090	1,409	0,090	1,419	0,090	1,484	0,091	1,415	0,090	1,396	0,813	0,090	0,694	0,091	1,321	0,091	0,825	0,091	0,960	0,091	0,890	0,090	0,091	1,320	0,090	1,379	0,090	1,377	0,089	1,430	0,098	1,401	0,092	1,408	0,097	0,090	0,093	0,094	0,090	0,090	0,090	0,096	0,091	0,089	0,090	0,089	0,090	0,090	0,089	0,090	0,090	0,090	0,091	0,091	0,091	0,090	0,090	0,090
13:28:04	37,0	1,127	0,089	1,328	0,090	1,252	0,091	1,323	0,091	1,376	0,090	1,317	0,091	0,092	1,205	0,092	1,350	0,092	1,282	0,090	1,373	0,089	1,309	0,090	1,345	1,357	0,091	1,403	0,092	1,422	0,090	1,394	0,089	1,441	0,089	1,389	0,090	0,092	1,395	0,090	1,413	0,090	1,425	0,091	1,488	0,091	1,418	0,090	1,400	0,822	0,090	0,698	0,091	1,325	0,091	0,830	0,091	0,966	0,091	0,897	0,090	0,091	1,322	0,090	1,382	0,090	1,384	0,089	1,437	0,098	1,405	0,092	1,409	0,097	0,090	0,093	0,095	0,090	0,090	0,090	0,096	0,091	0,089	0,090	0,089	0,090	0,090	0,090	0,091	0,090	0,090	0,091	0,091	0,091	0,090	0,090	0,090
13:38:04	36,9	1,130	0,089	1,329	0,090	1,257	0,091	1,327	0,091	1,378	0,091	1,319	0,091	0,092	1,211	0,092	1,354	0,092	1,285	0,090	1,376	0,089	1,311	0,090	1,347	1,360	0,091	1,408	0,092	1,427	0,090	1,398	0,089	1,445	0,089	1,392	0,090	0,092	1,398	0,090	1,419	0,090	1,428	0,090	1,496	0,091	1,422	0,090	1,403	0,826	0,089	0,701	0,091	1,329	0,091	0,835	0,091	0,971	0,091	0,903	0,090	0,091	1,329	0,090	1,387	0,090	1,388	0,090	1,441	0,098	1,408	0,092	1,411	0,097	0,090	0,093	0,094	0,090	0,090	0,090	0,095	0,091	0,089	0,090	0,089	0,090	0,089	0,089	0,090	0,090	0,090	0,091	0,091	0,091	0,090	0,090	0,090
13:48:04	37,0	1,135	0,089	1,327	0,090	1,259	0,091	1,328	0,091	1,381	0,090	1,322	0,091	0,092	1,214	0,092	1,356	0,092	1,289	0,090	1,379	0,089	1,313	0,090	1,345	1,363	0,091	1,411	0,092	1,431	0,091	1,400	0,090	1,447	0,089	1,397	0,090	0,092	1,402	0,090	1,424	0,090	1,432	0,090	1,496	0,091	1,427	0,091	1,409	0,831	0,089	0,706	0,091	1,333	0,091	0,840	0,091	0,979	0,091	0,908	0,090	0,091	1,333	0,090	1,396	0,090	1,388	0,090	1,437	0,098	1,413	0,093	1,415	0,097	0,090	0,093	0,094	0,091	0,090	0,090	0,096	0,091	0,089	0,091	0,089	0,090	0,090	0,090	0,091	0,090	0,090	0,091	0,091	0,091	0,090	0,090	0,090
13:58:04	37,0	1,137	0,089	1,327	0,090	1,262	0,091	1,330	0,091	1,384	0,091	1,323	0,091	0,092	1,219	0,092	1,357	0,092	1,292	0,090	1,380	0,089	1,315	0,090	1,346	1,368	0,091	1,415	0,092	1,436	0,090	1,404	0,089	1,450	0,089	1,399	0,090	0,092	1,405	0,090	1,427	0,090	1,437	0,090	1,496	0,091	1,429	0,091	1,410	0,835	0,090	0,710	0,091	1,335	0,091	0,844	0,091	0,984	0,091	0,915	0,091	0,091	1,335	0,090	1,397	0,090	1,394	0,090	1,444	0,098	1,417	0,093	1,418	0,097	0,090	0,093	0,094	0,090	0,090	0,090	0,096	0,091	0,089	0,091	0,089	0,091	0,090	0,090	0,091	0,090	0,090	0,091	0,091	0,091	0,090	0,089	0,090
14:08:04	37,0	1,140	0,089	1,328	0,090	1,262	0,091	1,333	0,091	1,385	0,090	1,328	0,091	0,092	1,219	0,092	1,358	0,092	1,292	0,090	1,383	0,089	1,318	0,090	1,345	1,367	0,091	1,417	0,092	1,439	0,090	1,406	0,089	1,449	0,089	1,402	0,090	0,092	1,407	0,090	1,430	0,090	1,438	0,090	1,499	0,091	1,432	0,090	1,412	0,839	0,090	0,713	0,091	1,338	0,091	0,849	0,091	0,985	0,091	0,915	0,090	0,091	1,338	0,090	1,400	0,090	1,393	0,090	1,445	0,098	1,420	0,092	1,421	0,097	0,090	0,093	0,094	0,090	0,090	0,090	0,096	0,091	0,089	0,090	0,089	0,090	0,090	0,089	0,091	0,090	0,090	0,091	0,091	0,091	0,090	0,089	0,090
14:18:04	37,0	1,143	0,089	1,329	0,090	1,268	0,091	1,337	0,091	1,386	0,091	1,329	0,091	0,092	1,226	0,092	1,360	0,092	1,296	0,090	1,383	0,089	1,317	0,090	1,344	1,374	0,091	1,422	0,092	1,444	0,090	1,410	0,090	1,452	0,089	1,407	0,090	0,092	1,410	0,090	1,437	0,090	1,447	0,090	1,507	0,091	1,434	0,091	1,416	0,844	0,090	0,716	0,091	1,341	0,091	0,854	0,091	0,992	0,091	0,927	0,091	0,091	1,342	0,090	1,403	0,090	1,401	0,090	1,444	0,098	1,424	0,093	1,421	0,097	0,090	0,093	0,094	0,090	0,090	0,090	0,096	0,091	0,089	0,090	0,090	0,090	0,090	0,090	0,090	0,090	0,090	0,091	0,091	0,091	0,090	0,090	0,090
14:28:04	37,0	1,147	0,089	1,325	0,090	1,268	0,091	1,337	0,091	1,390	0,090	1,329	0,091	0,092	1,226	0,092	1,362	0,092	1,299	0,090	1,386	0,089	1,319	0,090	1,338	1,374	0,091	1,425	0,092	1,447	0,090	1,410	0,089	1,455	0,089	1,408	0,090	0,092	1,413	0,090	1,438	0,090	1,447	0,090	1,499	0,091	1,440	0,090	1,418	0,847	0,089	0,719	0,091	1,345	0,091	0,859	0,091	0,995	0,091	0,930	0,090	0,091	1,345	0,090	1,408	0,090	1,401	0,089	1,449	0,098	1,427	0,092	1,424	0,097	0,090	0,093	0,094	0,090	0,090	0,090	0,096	0,091	0,089	0,091	0,089	0,090	0,090	0,089	0,090	0,090	0,090	0,091	0,091	0,091	0,090	0,090	0,090
14:38:04	37,0	1,146	0,089	1,327	0,090	1,274	0,091	1,342	0,091	1,389	0,090	1,332	0,091	0,092	1,228	0,092	1,365	0,092	1,304	0,090	1,389	0,089	1,320	0,090	1,342	1,381	0,091	1,429	0,092	1,452	0,090	1,415	0,089	1,459	0,089	1,412	0,090	0,092	1,415	0,090	1,445	0,090	1,453	0,090	1,509	0,091	1,441	0,090	1,421	0,851	0,090	0,723	0,091	1,349	0,091	0,865	0,091	1,002	0,091	0,941	0,090	0,091	1,349	0,090	1,411	0,090	1,405	0,090	1,452	0,098	1,429	0,092	1,425	0,097	0,090	0,093	0,094	0,090	0,090	0,090	0,096	0,091	0,089	0,091	0,089	0,090	0,089	0,090	0,090	0,090	0,090	0,091	0,091	0,091	0,090	0,090	0,090
14:48:04	37,0	1,151	0,089	1,325	0,090	1,274	0,091	1,344	0,091	1,391	0,091	1,331	0,091	0,092	1,231	0,092	1,366	0,092	1,303	0,090	1,390	0,089	1,323	0,090	1,341	1,383	0,091	1,433	0,092	1,454	0,091	1,418	0,090	1,461	0,089	1,412	0,090	0,092	1,419	0,090	1,447	0,090	1,452	0,091	1,504	0,091	1,445	0,091	1,420	0,853	0,090	0,727	0,091	1,350	0,091	0,868	0,091	1,007	0,091	0,945	0,091	0,091	1,349	0,090	1,414	0,090	1,408	0,089	1,452	0,098	1,431	0,093	1,428	0,097	0,090	0,093	0,095	0,090	0,090	0,090	0,096	0,091	0,090	0,091	0,090	0,090	0,090	0,090	0,091	0,090	0,090	0,091	0,091	0,090	0,090	0,090	0,090
14:58:04	37,0	1,151	0,089	1,327	0,090	1,276	0,091	1,343	0,091	1,391	0,091	1,333	0,091	0,092	1,231	0,092	1,366	0,092	1,303	0,090	1,390	0,089	1,322	0,090	1,337	1,383	0,091	1,434	0,092	1,456	0,090	1,420	0,089	1,460	0,089	1,415	0,090	0,092	1,420	0,090	1,449	0,090	1,455	0,090	1,505	0,091	1,446	0,091	1,423	0,855	0,090	0,729	0,091	1,352	0,091	0,872	0,091	1,007	0,091	0,946	0,091	0,091	1,352	0,090	1,413	0,090	1,410	0,089	1,461	0,098	1,435	0,093	1,431	0,097	0,090	0,093	0,094	0,090	0,090	0,090	0,096	0,091	0,089	0,091	0,089	0,090	0,089	0,090	0,090	0,090	0,090	0,091	0,091	0,090	0,090	0,089	0,090
15:08:04	37,0	1,155	0,089	1,327	0,090	1,279	0,091	1,346	0,091	1,393	0,091	1,334	0,091	0,092	1,233	0,092	1,371	0,092	1,307	0,090	1,394	0,089	1,323	0,090	1,337	1,386	0,091	1,437	0,092	1,459	0,091	1,424	0,089	1,463	0,089	1,417	0,090	0,092	1,421	0,090	1,452	0,090	1,459	0,090	1,509	0,091	1,450	0,090	1,425	0,859	0,090	0,733	0,091	1,353	0,091	0,877	0,091	1,014	0,091	0,953	0,090	0,091	1,357	0,090	1,419	0,090	1,412	0,089	1,460	0,098	1,437	0,093	1,432	0,097	0,090	0,093	0,094	0,090	0,090	0,090	0,096	0,091	0,090	0,091	0,089	0,091	0,090	0,090	0,091	0,090	0,090	0,091	0,091	0,091	0,090	0,090	0,090
15:18:04	37,0	1,160	0,089	1,327	0,090	1,281	0,091	1,347	0,091	1,395	0,090	1,334	0,091	0,092	1,233	0,092	1,374	0,092	1,311	0,090	1,396	0,089	1,324	0,090	1,340	1,388	0,091	1,441	0,092	1,462	0,090	1,426	0,089	1,465	0,089	1,419	0,090	0,092	1,424	0,090	1,456	0,090	1,463	0,090	1,509	0,091	1,453	0,091	1,426	0,862	0,090	0,736	0,091	1,358	0,091	0,882	0,091	1,019	0,091	0,959	0,091	0,091	1,358	0,090	1,422	0,090	1,416	0,090	1,462	0,098	1,439	0,093	1,433	0,097	0,090	0,093	0,095	0,090	0,090	0,090	0,096	0,091	0,089	0,091	0,089	0,090	0,089	0,090	0,091	0,090	0,090	0,091	0,091	0,091	0,090	0,090	0,090
15:28:04	37,0	1,161	0,089	1,327	0,090	1,285	0,091	1,347	0,091	1,397	0,091	1,338	0,091	0,092	1,236	0,092	1,376	0,092	1,313	0,090	1,396	0,089	1,328	0,090	1,341	1,393	0,091	1,444	0,092	1,466	0,090	1,430	0,089	1,467	0,089	1,422	0,090	0,092	1,425	0,090	1,460	0,090	1,466	0,090	1,510	0,091	1,454	0,090	1,428	0,864	0,090	0,739	0,091	1,361	0,091	0,886	0,091	1,024	0,091	0,964	0,090	0,091	1,361	0,089	1,424	0,090	1,419	0,089	1,463	0,098	1,440	0,093	1,435	0,097	0,090	0,093	0,095	0,090	0,090	0,090	0,096	0,091	0,089	0,091	0,090	0,090	0,090	0,090	0,091	0,090	0,090	0,091	0,091	0,091	0,090	0,090	0,090
15:38:04	37,0	1,163	0,089	1,328	0,090	1,286	0,091	1,351	0,091	1,396	0,091	1,339	0,091	0,092	1,237	0,092	1,378	0,092	1,315	0,090	1,399	0,089	1,322	0,090	1,340	1,397	0,091	1,447	0,092	1,469	0,090	1,434	0,089	1,469	0,089	1,424	0,090	0,092	1,427	0,090	1,464	0,090	1,473	0,090	1,512	0,091	1,456	0,090	1,430	0,867	0,089	0,741	0,091	1,361	0,091	0,891	0,091	1,027	0,091	0,968	0,090	0,091	1,363	0,090	1,425	0,090	1,424	0,089	1,463	0,098	1,442	0,093	1,436	0,097	0,090	0,093	0,095	0,090	0,090	0,090	0,096	0,091	0,089	0,091	0,089	0,090	0,089	0,089	0,090	0,090	0,090	0,091	0,091	0,091	0,090	0,090	0,090
15:48:04	37,0	1,164	0,089	1,327	0,090	1,289	0,091	1,355	0,091	1,399	0,090	1,339	0,091	0,092	1,241	0,092	1,380	0,092	1,320	0,090	1,401	0,089	1,325	0,090	1,341	1,397	0,091	1,450	0,092	1,472	0,090	1,437	0,090	1,472	0,089	1,427	0,090	0,092	1,428	0,091	1,467	0,091	1,477	0,090	1,517	0,091	1,459	0,091	1,432	0,869	0,090	0,744	0,091	1,365	0,091	0,896	0,091	1,031	0,091	0,972	0,091	0,091	1,366	0,090	1,429	0,090	1,427	0,090	1,467	0,098	1,446	0,093	1,437	0,097	0,090	0,093	0,095	0,090	0,090	0,090	0,096	0,091	0,089	0,091	0,090	0,091	0,090	0,089	0,091	0,090	0,090	0,091	0,091	0,091	0,090	0,090	0,090
15:58:04	37,0	1,165	0,089	1,326	0,090	1,291	0,091	1,355	0,091	1,399	0,091	1,342	0,091	0,092	1,246	0,092	1,383	0,092	1,321	0,090	1,404	0,089	1,323	0,090	1,333	1,403	0,091	1,454	0,092	1,476	0,091	1,439	0,089	1,474	0,089	1,429	0,090	0,092	1,431	0,090	1,472	0,091	1,482	0,090	1,515	0,091	1,461	0,091	1,432	0,872	0,090	0,748	0,091	1,368	0,091	0,900	0,091	1,035	0,091	0,977	0,090	0,091	1,368	0,090	1,432	0,090	1,428	0,090	1,473	0,098	1,449	0,093	1,437	0,097	0,090	0,093	0,095	0,091	0,090	0,090	0,096	0,091	0,090	0,091	0,090	0,091	0,090	0,090	0,091	0,090	0,090	0,091	0,091	0,091	0,090	0,090	0,090
16:08:04	37,0	1,168	0,089	1,327	0,090	1,293	0,091	1,356	0,091	1,397	0,090	1,343	0,091	0,092	1,245	0,092	1,384	0,092	1,322	0,090	1,403	0,089	1,322	0,090	1,329	1,405	0,091	1,457	0,092	1,477	0,090	1,442	0,089	1,475	0,089	1,430	0,090	0,092	1,433	0,090	1,476	0,090	1,482	0,090	1,516	0,091	1,462	0,090	1,433	0,875	0,089	0,751	0,091	1,371	0,091	0,904	0,091	1,039	0,091	0,980	0,090	0,091	1,370	0,090	1,434	0,090	1,431	0,089	1,474	0,098	1,451	0,092	1,441	0,097	0,090	0,093	0,095	0,090	0,090	0,090	0,096	0,091	0,089	0,091	0,089	0,090	0,089	0,089	0,090	0,090	0,090	0,091	0,091	0,091	0,090	0,089	0,090
16:18:04	37,0	1,173	0,089	1,328	0,090	1,296	0,091	1,360	0,091	1,401	0,091	1,343	0,091	0,092	1,245	0,092	1,386	0,092	1,325	0,090	1,404	0,089	1,328	0,090	1,336	1,408	0,091	1,460	0,092	1,480	0,090	1,446	0,090	1,476	0,089	1,438	0,090	0,092	1,434	0,090	1,478	0,090	1,488	0,091	1,516	0,091	1,464	0,090	1,436	0,877	0,090	0,754	0,091	1,372	0,091	0,909	0,091	1,040	0,091	0,986	0,090	0,091	1,372	0,090	1,432	0,090	1,436	0,089	1,474	0,098	1,453	0,093	1,444	0,097	0,090	0,093	0,095	0,090	0,090	0,090	0,096	0,091	0,090	0,091	0,089	0,091	0,090	0,090	0,091	0,090	0,090	0,091	0,091	0,091	0,090	0,090	0,090
16:28:04	37,0	1,172	0,089	1,328	0,090	1,297	0,091	1,361	0,091	1,401	0,090	1,343	0,091	0,092	1,251	0,092	1,386	0,091	1,326	0,090	1,405	0,089	1,325	0,090	1,337	1,411	0,091	1,464	0,092	1,482	0,090	1,447	0,089	1,477	0,089	1,435	0,090	0,092	1,436	0,090	1,482	0,090	1,489	0,091	1,521	0,091	1,468	0,090	1,436	0,881	0,090	0,757	0,091	1,375	0,091	0,912	0,091	1,046	0,091	0,988	0,090	0,091	1,375	0,090	1,439	0,090	1,439	0,089	1,472	0,098	1,454	0,093	1,444	0,097	0,090	0,093	0,095	0,090	0,090	0,090	0,096	0,091	0,089	0,091	0,090	0,090	0,089	0,089	0,090	0,090	0,090	0,091	0,091	0,091	0,090	0,090	0,090
16:38:04	37,0	1,178	0,089	1,330	0,090	1,297	0,091	1,363	0,091	1,401	0,090	1,340	0,091	0,092	1,252	0,092	1,389	0,092	1,328	0,090	1,403	0,089	1,323	0,090	1,333	1,413	0,091	1,467	0,092	1,484	0,090	1,450	0,089	1,478	0,089	1,436	0,090	0,092	1,437	0,090	1,483	0,090	1,493	0,090	1,522	0,091	1,468	0,090	1,437	0,882	0,090	0,760	0,091	1,377	0,091	0,915	0,091	1,048	0,091	0,989	0,090	0,091	1,377	0,090	1,437	0,090	1,440	0,090	1,473	0,098	1,456	0,093	1,448	0,097	0,090	0,093	0,095	0,090	0,090	0,090	0,096	0,091	0,089	0,091	0,089	0,090	0,090	0,089	0,090	0,090	0,090	0,091	0,091	0,091	0,090	0,089	0,090
16:48:04	37,0	1,177	0,089	1,331	0,090	1,298	0,091	1,364	0,091	1,399	0,091	1,343	0,091	0,092	1,253	0,092	1,390	0,092	1,327	0,090	1,403	0,089	1,320	0,090	1,329	1,417	0,091	1,469	0,092	1,486	0,090	1,452	0,089	1,478	0,089	1,436	0,090	0,092	1,438	0,090	1,487	0,090	1,494	0,090	1,526	0,091	1,469	0,090	1,438	0,883	0,090	0,763	0,091	1,378	0,091	0,917	0,091	1,052	0,091	0,988	0,090	0,091	1,378	0,090	1,443	0,090	1,441	0,090	1,476	0,098	1,457	0,093	1,450	0,097	0,090	0,093	0,095	0,091	0,090	0,090	0,096	0,091	0,089	0,091	0,090	0,090	0,090	0,090	0,090	0,090	0,090	0,091	0,091	0,091	0,090	0,090	0,090
16:58:04	37,0	1,180	0,089	1,330	0,090	1,302	0,091	1,368	0,091	1,401	0,090	1,342	0,091	0,092	1,258	0,092	1,391	0,092	1,331	0,090	1,403	0,089	1,325	0,090	1,333	1,419	0,091	1,473	0,092	1,489	0,090	1,455	0,089	1,480	0,089	1,441	0,090	0,092	1,440	0,090	1,491	0,090	1,497	0,090	1,531	0,091	1,472	0,090	1,440	0,887	0,090	0,767	0,091	1,381	0,090	0,921	0,091	1,056	0,091	0,994	0,090	0,091	1,380	0,090	1,445	0,090	1,446	0,089	1,479	0,098	1,458	0,092	1,450	0,097	0,090	0,093	0,095	0,090	0,090	0,090	0,096	0,091	0,089	0,091	0,089	0,090	0,090	0,089	0,091	0,090	0,090	0,091	0,091	0,090	0,090	0,089	0,090
17:08:04	37,0	1,182	0,089	1,331	0,090	1,301	0,091	1,370	0,091	1,399	0,090	1,340	0,091	0,092	1,257	0,092	1,391	0,091	1,332	0,090	1,402	0,089	1,324	0,090	1,329	1,422	0,091	1,476	0,092	1,490	0,090	1,456	0,089	1,481	0,089	1,440	0,090	0,092	1,441	0,090	1,494	0,090	1,500	0,090	1,536	0,091	1,473	0,090	1,440	0,888	0,089	0,771	0,091	1,383	0,091	0,925	0,091	1,060	0,091	0,997	0,090	0,091	1,381	0,089	1,446	0,090	1,448	0,089	1,479	0,098	1,461	0,093	1,452	0,097	0,090	0,093	0,095	0,090	0,090	0,090	0,096	0,091	0,089	0,091	0,089	0,091	0,090	0,090	0,090	0,090	0,090	0,091	0,091	0,090	0,090	0,089	0,090
17:18:04	37,0	1,186	0,089	1,333	0,090	1,302	0,091	1,372	0,091	1,402	0,090	1,343	0,091	0,092	1,255	0,092	1,392	0,092	1,334	0,090	1,401	0,089	1,327	0,090	1,323	1,424	0,091	1,478	0,092	1,492	0,090	1,460	0,089	1,484	0,089	1,441	0,090	0,092	1,442	0,090	1,496	0,090	1,498	0,090	1,538	0,091	1,474	0,090	1,442	0,889	0,090	0,774	0,091	1,384	0,091	0,927	0,091	1,063	0,091	0,999	0,091	0,091	1,382	0,090	1,449	0,090	1,448	0,090	1,480	0,098	1,463	0,093	1,454	0,097	0,090	0,093	0,095	0,090	0,090	0,090	0,096	0,091	0,090	0,091	0,089	0,091	0,089	0,090	0,091	0,090	0,090	0,091	0,091	0,091	0,090	0,090	0,090
17:28:04	37,0	1,187	0,089	1,332	0,090	1,304	0,091	1,372	0,091	1,400	0,091	1,341	0,091	0,092	1,258	0,092	1,395	0,092	1,335	0,090	1,399	0,089	1,325	0,090	1,317	1,426	0,091	1,480	0,092	1,494	0,091	1,462	0,090	1,483	0,089	1,442	0,090	0,092	1,444	0,091	1,498	0,091	1,501	0,091	1,542	0,091	1,477	0,091	1,443	0,892	0,090	0,777	0,091	1,389	0,091	0,932	0,091	1,065	0,091	1,001	0,091	0,091	1,383	0,090	1,448	0,090	1,450	0,090	1,485	0,098	1,464	0,093	1,455	0,097	0,091	0,093	0,095	0,091	0,090	0,090	0,096	0,091	0,090	0,091	0,090	0,091	0,090	0,090	0,091	0,090	0,090	0,092	0,092	0,091	0,090	0,090	0,090
17:38:04	37,0	1,188	0,089	1,336	0,090	1,303	0,091	1,371	0,091	1,398	0,090	1,336	0,091	0,092	1,256	0,092	1,394	0,092	1,338	0,090	1,398	0,089	1,323	0,090	1,313	1,429	0,091	1,482	0,092	1,495	0,090	1,463	0,089	1,484	0,089	1,441	0,090	0,092	1,442	0,090	1,502	0,090	1,504	0,090	1,538	0,091	1,476	0,090	1,441	0,894	0,089	0,779	0,091	1,389	0,091	0,934	0,091	1,065	0,091	1,000	0,090	0,091	1,386	0,089	1,448	0,090	1,451	0,089	1,483	0,098	1,465	0,093	1,456	0,097	0,090	0,093	0,095	0,090	0,090	0,090	0,096	0,091	0,090	0,091	0,089	0,090	0,090	0,090	0,091	0,090	0,090	0,091	0,091	0,090	0,090	0,090	0,090
17:48:04	37,0	1,188	0,089	1,337	0,090	1,304	0,091	1,373	0,091	1,399	0,090	1,336	0,091	0,092	1,258	0,092	1,395	0,092	1,340	0,090	1,398	0,089	1,325	0,090	1,311	1,431	0,091	1,485	0,092	1,497	0,090	1,467	0,089	1,485	0,089	1,444	0,090	0,092	1,444	0,090	1,504	0,090	1,504	0,090	1,542	0,091	1,478	0,090	1,445	0,894	0,089	0,781	0,091	1,391	0,090	0,938	0,091	1,067	0,090	1,002	0,090	0,091	1,387	0,089	1,452	0,090	1,452	0,089	1,489	0,098	1,467	0,093	1,457	0,097	0,090	0,093	0,095	0,090	0,090	0,090	0,096	0,091	0,089	0,091	0,089	0,090	0,090	0,089	0,090	0,090	0,090	0,091	0,091	0,090	0,090	0,090	0,090
17:58:04	37,0	1,188	0,089	1,335	0,090	1,305	0,091	1,371	0,091	1,398	0,090	1,336	0,091	0,092	1,260	0,092	1,398	0,092	1,341	0,090	1,399	0,089	1,322	0,090	1,313	1,433	0,091	1,487	0,092	1,497	0,090	1,469	0,089	1,484	0,089	1,444	0,090	0,092	1,445	0,090	1,506	0,090	1,506	0,090	1,537	0,091	1,479	0,090	1,445	0,896	0,089	0,784	0,091	1,392	0,091	0,941	0,091	1,069	0,091	1,005	0,090	0,091	1,389	0,090	1,449	0,090	1,454	0,089	1,487	0,098	1,468	0,093	1,458	0,097	0,090	0,093	0,095	0,090	0,090	0,090	0,096	0,091	0,089	0,091	0,089	0,090	0,089	0,089	0,091	0,090	0,090	0,091	0,091	0,090	0,090	0,089	0,090
18:08:04	37,0	1,197	0,089	1,338	0,090	1,310	0,091	1,370	0,091	1,401	0,091	1,334	0,091	0,092	1,263	0,092	1,401	0,092	1,345	0,090	1,398	0,089	1,325	0,090	1,320	1,436	0,091	1,491	0,092	1,500	0,090	1,471	0,089	1,486	0,089	1,446	0,090	0,092	1,446	0,090	1,509	0,090	1,509	0,090	1,536	0,091	1,481	0,090	1,446	0,899	0,089	0,787	0,091	1,395	0,091	0,945	0,091	1,075	0,091	1,012	0,090	0,091	1,392	0,090	1,456	0,090	1,459	0,089	1,480	0,098	1,470	0,092	1,454	0,097	0,090	0,093	0,095	0,090	0,090	0,090	0,096	0,091	0,089	0,091	0,089	0,090	0,090	0,090	0,091	0,090	0,090	0,091	0,091	0,091	0,090	0,090	0,090
18:18:04	37,0	1,201	0,089	1,340	0,090	1,310	0,091	1,369	0,091	1,398	0,090	1,331	0,091	0,092	1,260	0,092	1,401	0,092	1,346	0,090	1,397	0,089	1,323	0,090	1,311	1,437	0,091	1,493	0,092	1,502	0,090	1,472	0,089	1,487	0,089	1,446	0,090	0,092	1,446	0,090	1,513	0,090	1,511	0,090	1,534	0,091	1,482	0,090	1,446	0,901	0,089	0,790	0,091	1,398	0,090	0,948	0,091	1,077	0,091	1,011	0,090	0,091	1,393	0,089	1,457	0,090	1,460	0,089	1,484	0,098	1,472	0,093	1,454	0,097	0,090	0,093	0,095	0,090	0,090	0,090	0,096	0,091	0,089	0,091	0,089	0,090	0,089	0,089	0,090	0,090	0,090	0,091	0,091	0,090	0,090	0,089	0,090
18:28:04	37,0	1,197	0,089	1,343	0,090	1,311	0,091	1,367	0,091	1,397	0,091	1,330	0,091	0,092	1,260	0,092	1,402	0,091	1,350	0,090	1,396	0,089	1,322	0,090	1,309	1,438	0,091	1,495	0,092	1,503	0,090	1,474	0,089	1,488	0,089	1,445	0,090	0,092	1,448	0,090	1,515	0,090	1,511	0,090	1,536	0,091	1,482	0,090	1,446	0,901	0,089	0,793	0,091	1,399	0,091	0,950	0,091	1,079	0,091	1,013	0,090	0,091	1,393	0,090	1,458	0,090	1,461	0,089	1,489	0,098	1,473	0,093	1,455	0,097	0,090	0,093	0,095	0,090	0,090	0,090	0,096	0,091	0,089	0,091	0,090	0,090	0,090	0,090	0,090	0,090	0,090	0,091	0,091	0,091	0,090	0,090	0,090
18:38:04	37,0	1,204	0,089	1,344	0,090	1,315	0,091	1,369	0,091	1,396	0,091	1,332	0,091	0,092	1,267	0,092	1,405	0,092	1,353	0,090	1,395	0,089	1,319	0,090	1,315	1,441	0,091	1,498	0,092	1,507	0,090	1,477	0,090	1,490	0,089	1,452	0,090	0,092	1,448	0,090	1,518	0,090	1,516	0,090	1,538	0,091	1,484	0,091	1,447	0,903	0,090	0,797	0,091	1,401	0,091	0,956	0,091	1,083	0,091	1,017	0,091	0,091	1,398	0,090	1,462	0,090	1,466	0,089	1,490	0,098	1,475	0,093	1,454	0,097	0,090	0,093	0,095	0,090	0,090	0,090	0,096	0,091	0,090	0,091	0,090	0,090	0,090	0,090	0,091	0,090	0,090	0,091	0,091	0,091	0,090	0,090	0,090
18:48:04	37,0	1,204	0,089	1,345	0,090	1,319	0,091	1,366	0,091	1,399	0,091	1,331	0,091	0,092	1,273	0,092	1,409	0,092	1,353	0,090	1,393	0,089	1,319	0,090	1,317	1,444	0,091	1,501	0,092	1,508	0,090	1,480	0,090	1,491	0,089	1,459	0,090	0,092	1,449	0,090	1,522	0,090	1,518	0,091	1,541	0,091	1,485	0,091	1,449	0,906	0,090	0,799	0,091	1,404	0,091	0,958	0,091	1,083	0,091	1,020	0,091	0,091	1,399	0,090	1,463	0,090	1,469	0,090	1,491	0,098	1,474	0,093	1,454	0,097	0,090	0,093	0,095	0,091	0,090	0,090	0,096	0,091	0,090	0,091	0,090	0,091	0,090	0,090	0,091	0,091	0,090	0,091	0,091	0,091	0,090	0,090	0,091
18:58:04	37,0	1,199	0,089	1,349	0,090	1,317	0,091	1,365	0,091	1,398	0,091	1,329	0,091	0,092	1,273	0,092	1,411	0,092	1,353	0,090	1,391	0,089	1,318	0,090	1,312	1,446	0,091	1,503	0,092	1,510	0,090	1,481	0,089	1,491	0,089	1,459	0,090	0,092	1,449	0,090	1,523	0,090	1,518	0,090	1,544	0,091	1,485	0,090	1,450	0,907	0,090	0,802	0,091	1,405	0,091	0,961	0,091	1,086	0,091	1,019	0,090	0,091	1,398	0,090	1,464	0,090	1,470	0,090	1,491	0,098	1,477	0,093	1,454	0,097	0,090	0,093	0,095	0,090	0,090	0,090	0,096	0,091	0,090	0,091	0,090	0,091	0,090	0,090	0,091	0,090	0,090	0,092	0,091	0,091	0,090	0,090	0,091
19:08:04	37,0	1,199	0,089	1,350	0,090	1,317	0,091	1,361	0,091	1,397	0,091	1,327	0,091	0,092	1,268	0,092	1,412	0,092	1,353	0,090	1,391	0,089	1,312	0,090	1,309	1,448	0,091	1,505	0,092	1,509	0,090	1,481	0,089	1,489	0,089	1,455	0,090	0,092	1,451	0,090	1,524	0,090	1,518	0,090	1,541	0,091	1,487	0,091	1,449	0,907	0,090	0,803	0,091	1,407	0,091	0,962	0,091	1,088	0,091	1,017	0,091	0,091	1,401	0,090	1,464	0,090	1,470	0,090	1,490	0,098	1,478	0,093	1,455	0,097	0,090	0,093	0,095	0,091	0,090	0,090	0,096	0,091	0,090	0,091	0,090	0,090	0,090	0,090	0,091	0,090	0,090	0,091	0,091	0,091	0,090	0,090	0,090
19:18:04	37,0	1,201	0,089	1,348	0,090	1,318	0,091	1,360	0,091	1,393	0,090	1,325	0,091	0,092	1,273	0,092	1,413	0,091	1,354	0,090	1,388	0,089	1,311	0,090	1,309	1,449	0,091	1,506	0,092	1,510	0,090	1,483	0,089	1,488	0,089	1,452	0,090	0,092	1,449	0,090	1,524	0,090	1,518	0,090	1,546	0,091	1,486	0,090	1,448	0,907	0,089	0,807	0,091	1,409	0,091	0,963	0,091	1,089	0,091	1,017	0,090	0,091	1,402	0,090	1,463	0,090	1,471	0,089	1,490	0,098	1,479	0,093	1,455	0,097	0,090	0,093	0,095	0,090	0,090	0,090	0,096	0,091	0,089	0,091	0,089	0,090	0,089	0,089	0,091	0,090	0,090	0,091	0,091	0,091	0,090	0,089	0,090
19:28:04	37,0	1,200	0,089	1,352	0,090	1,315	0,091	1,358	0,091	1,392	0,091	1,323	0,091	0,092	1,272	0,092	1,413	0,092	1,352	0,090	1,386	0,089	1,308	0,090	1,302	1,449	0,091	1,508	0,092	1,511	0,090	1,485	0,089	1,487	0,089	1,452	0,090	0,092	1,450	0,090	1,527	0,090	1,519	0,090	1,546	0,091	1,486	0,090	1,447	0,908	0,090	0,808	0,091	1,410	0,090	0,964	0,091	1,089	0,091	1,018	0,090	0,091	1,401	0,089	1,464	0,090	1,472	0,089	1,494	0,098	1,480	0,093	1,457	0,097	0,090	0,093	0,095	0,091	0,090	0,090	0,096	0,091	0,090	0,091	0,090	0,091	0,090	0,090	0,090	0,090	0,090	0,091	0,091	0,091	0,090	0,089	0,090
19:38:04	37,0	1,202	0,089	1,351	0,090	1,315	0,091	1,358	0,091	1,390	0,091	1,319	0,091	0,092	1,269	0,092	1,411	0,091	1,354	0,090	1,384	0,089	1,309	0,090	1,305	1,451	0,091	1,509	0,092	1,513	0,090	1,485	0,089	1,487	0,089	1,458	0,090	0,092	1,450	0,090	1,530	0,090	1,521	0,090	1,546	0,091	1,487	0,090	1,447	0,909	0,090	0,810	0,091	1,411	0,091	0,966	0,091	1,093	0,090	1,017	0,090	0,091	1,402	0,090	1,469	0,090	1,474	0,089	1,492	0,098	1,480	0,093	1,457	0,097	0,090	0,093	0,095	0,090	0,090	0,090	0,096	0,091	0,090	0,091	0,089	0,090	0,090	0,090	0,090	0,090	0,090	0,091	0,091	0,091	0,090	0,089	0,090
19:48:04	37,0	1,201	0,089	1,354	0,090	1,314	0,091	1,357	0,091	1,391	0,091	1,318	0,091	0,092	1,274	0,092	1,413	0,092	1,350	0,090	1,382	0,089	1,304	0,090	1,298	1,453	0,091	1,512	0,092	1,514	0,090	1,486	0,089	1,487	0,089	1,453	0,090	0,092	1,450	0,090	1,532	0,090	1,522	0,090	1,550	0,091	1,488	0,090	1,448	0,909	0,090	0,811	0,091	1,413	0,091	0,969	0,091	1,093	0,090	1,019	0,091	0,091	1,401	0,090	1,467	0,090	1,477	0,089	1,496	0,098	1,482	0,093	1,457	0,097	0,090	0,093	0,095	0,090	0,090	0,090	0,096	0,091	0,090	0,091	0,090	0,091	0,090	0,090	0,091	0,090	0,090	0,092	0,091	0,091	0,090	0,090	0,090
19:58:04	37,0	1,206	0,089	1,353	0,090	1,313	0,091	1,352	0,091	1,387	0,091	1,315	0,091	0,092	1,271	0,092	1,412	0,092	1,353	0,090	1,383	0,089	1,305	0,090	1,295	1,454	0,091	1,513	0,092	1,516	0,090	1,488	0,089	1,487	0,089	1,453	0,090	0,092	1,451	0,090	1,533	0,090	1,523	0,090	1,553	0,091	1,488	0,090	1,443	0,909	0,090	0,814	0,091	1,414	0,091	0,969	0,091	1,094	0,091	1,020	0,091	0,091	1,402	0,090	1,468	0,090	1,476	0,089	1,496	0,098	1,483	0,093	1,456	0,097	0,091	0,093	0,095	0,091	0,090	0,090	0,096	0,091	0,090	0,091	0,090	0,091	0,090	0,090	0,091	0,091	0,090	0,092	0,091	0,091	0,090	0,090	0,090
20:08:04	37,0	1,206	0,089	1,355	0,090	1,314	0,091	1,352	0,091	1,388	0,090	1,314	0,091	0,092	1,279	0,092	1,415	0,092	1,351	0,090	1,378	0,089	1,301	0,090	1,298	1,457	0,091	1,516	0,092	1,516	0,090	1,488	0,089	1,487	0,089	1,464	0,090	0,092	1,451	0,090	1,535	0,090	1,525	0,090	1,551	0,091	1,487	0,090	1,445	0,910	0,089	0,815	0,091	1,414	0,090	0,970	0,091	1,098	0,090	1,022	0,090	0,091	1,404	0,089	1,468	0,090	1,479	0,089	1,491	0,098	1,482	0,092	1,453	0,097	0,090	0,093	0,095	0,090	0,090	0,090	0,096	0,091	0,089	0,091	0,089	0,090	0,090	0,089	0,090	0,090	0,090	0,091	0,091	0,091	0,090	0,089	0,090
20:18:04	37,0	1,210	0,089	1,355	0,090	1,313	0,091	1,350	0,091	1,388	0,091	1,312	0,091	0,092	1,279	0,092	1,417	0,092	1,352	0,090	1,377	0,089	1,295	0,090	1,298	1,459	0,091	1,517	0,092	1,518	0,090	1,489	0,089	1,487	0,089	1,457	0,090	0,092	1,451	0,090	1,537	0,090	1,527	0,090	1,548	0,091	1,487	0,090	1,446	0,912	0,089	0,817	0,091	1,418	0,091	0,972	0,091	1,100	0,091	1,020	0,091	0,091	1,405	0,090	1,469	0,090	1,482	0,089	1,492	0,098	1,483	0,093	1,451	0,097	0,090	0,093	0,095	0,090	0,090	0,090	0,096	0,091	0,090	0,091	0,090	0,090	0,090	0,090	0,090	0,090	0,090	0,091	0,091	0,091	0,090	0,089	0,090
20:28:04	37,0	1,208	0,089	1,357	0,090	1,312	0,091	1,348	0,091	1,385	0,091	1,311	0,091	0,092	1,281	0,092	1,416	0,092	1,349	0,090	1,377	0,089	1,297	0,090	1,288	1,458	0,091	1,519	0,092	1,519	0,090	1,491	0,089	1,487	0,089	1,455	0,090	0,092	1,451	0,090	1,539	0,090	1,528	0,090	1,546	0,091	1,488	0,091	1,444	0,912	0,090	0,818	0,091	1,420	0,091	0,976	0,091	1,102	0,091	1,023	0,091	0,091	1,404	0,090	1,470	0,090	1,481	0,090	1,496	0,098	1,483	0,093	1,453	0,097	0,090	0,093	0,095	0,091	0,091	0,090	0,096	0,091	0,090	0,091	0,090	0,091	0,090	0,090	0,091	0,090	0,090	0,091	0,091	0,091	0,090	0,090	0,091
20:38:04	37,0	1,210	0,089	1,356	0,090	1,313	0,091	1,347	0,091	1,384	0,091	1,310	0,091	0,092	1,284	0,092	1,417	0,091	1,352	0,090	1,376	0,089	1,296	0,090	1,293	1,461	0,091	1,522	0,092	1,521	0,090	1,493	0,089	1,489	0,089	1,456	0,090	0,092	1,453	0,090	1,541	0,090	1,531	0,090	1,545	0,091	1,489	0,090	1,448	0,913	0,089	0,821	0,091	1,421	0,091	0,979	0,091	1,106	0,091	1,027	0,090	0,091	1,407	0,089	1,474	0,090	1,483	0,089	1,492	0,098	1,485	0,093	1,450	0,097	0,090	0,093	0,095	0,090	0,090	0,090	0,096	0,091	0,090	0,091	0,090	0,091	0,090	0,090	0,091	0,090	0,090	0,091	0,091	0,091	0,090	0,090	0,090
20:48:04	37,0	1,214	0,089	1,357	0,090	1,312	0,091	1,343	0,091	1,385	0,091	1,310	0,091	0,093	1,285	0,092	1,418	0,092	1,349	0,090	1,374	0,089	1,292	0,090	1,290	1,461	0,092	1,524	0,092	1,522	0,090	1,493	0,090	1,489	0,089	1,456	0,090	0,092	1,454	0,090	1,543	0,091	1,530	0,091	1,544	0,091	1,488	0,091	1,447	0,913	0,090	0,823	0,091	1,424	0,091	0,980	0,091	1,107	0,091	1,028	0,091	0,091	1,406	0,090	1,471	0,090	1,486	0,090	1,494	0,098	1,485	0,093	1,450	0,097	0,090	0,093	0,095	0,091	0,091	0,090	0,096	0,091	0,090	0,091	0,090	0,091	0,090	0,090	0,091	0,091	0,090	0,092	0,091	0,091	0,091	0,090	0,091
20:58:04	37,0	1,214	0,089	1,358	0,090	1,309	0,091	1,340	0,091	1,380	0,090	1,309	0,091	0,092	1,284	0,092	1,416	0,091	1,349	0,090	1,372	0,089	1,288	0,090	1,286	1,461	0,091	1,524	0,092	1,522	0,090	1,494	0,089	1,489	0,089	1,456	0,090	0,092	1,453	0,090	1,543	0,090	1,532	0,090	1,548	0,091	1,488	0,090	1,443	0,914	0,090	0,824	0,091	1,425	0,091	0,983	0,091	1,107	0,091	1,029	0,090	0,091	1,406	0,090	1,472	0,090	1,486	0,089	1,492	0,098	1,485	0,093	1,450	0,097	0,090	0,093	0,095	0,090	0,090	0,090	0,096	0,091	0,090	0,091	0,090	0,091	0,090	0,090	0,091	0,090	0,090	0,092	0,091	0,090	0,090	0,089	0,090
21:08:04	37,0	1,219	0,089	1,357	0,090	1,310	0,091	1,339	0,091	1,381	0,090	1,305	0,091	0,092	1,285	0,092	1,417	0,091	1,350	0,090	1,370	0,089	1,290	0,090	1,291	1,462	0,091	1,528	0,092	1,524	0,090	1,496	0,089	1,489	0,089	1,462	0,090	0,092	1,455	0,090	1,546	0,090	1,537	0,090	1,548	0,091	1,488	0,090	1,446	0,915	0,089	0,827	0,091	1,426	0,091	0,984	0,090	1,109	0,090	1,034	0,090	0,091	1,407	0,090	1,472	0,090	1,489	0,089	1,488	0,098	1,484	0,093	1,448	0,097	0,090	0,093	0,095	0,091	0,090	0,090	0,096	0,091	0,090	0,091	0,089	0,090	0,089	0,089	0,091	0,090	0,090	0,091	0,091	0,090	0,090	0,089	0,090
21:18:04	37,0	1,216	0,089	1,357	0,090	1,305	0,091	1,338	0,091	1,373	0,090	1,305	0,091	0,092	1,286	0,092	1,415	0,091	1,345	0,090	1,368	0,089	1,289	0,090	1,287	1,462	0,091	1,527	0,092	1,525	0,090	1,496	0,089	1,490	0,089	1,454	0,090	0,092	1,454	0,090	1,546	0,090	1,533	0,090	1,549	0,091	1,488	0,090	1,448	0,915	0,089	0,828	0,091	1,426	0,091	0,983	0,091	1,109	0,091	1,029	0,091	0,091	1,405	0,090	1,474	0,090	1,488	0,089	1,496	0,098	1,485	0,093	1,449	0,097	0,090	0,093	0,095	0,091	0,090	0,090	0,096	0,091	0,090	0,091	0,090	0,091	0,090	0,090	0,091	0,090	0,090	0,091	0,091	0,091	0,090	0,090	0,090
21:28:04	37,0	1,219	0,089	1,355	0,090	1,306	0,091	1,335	0,091	1,374	0,091	1,302	0,091	0,092	1,288	0,092	1,416	0,091	1,343	0,090	1,365	0,089	1,283	0,090	1,281	1,463	0,091	1,530	0,092	1,525	0,090	1,496	0,089	1,488	0,089	1,456	0,090	0,092	1,454	0,090	1,549	0,090	1,536	0,090	1,545	0,091	1,487	0,090	1,441	0,914	0,089	0,830	0,091	1,427	0,090	0,985	0,090	1,114	0,090	1,032	0,090	0,091	1,405	0,089	1,474	0,090	1,490	0,089	1,493	0,098	1,485	0,093	1,448	0,097	0,090	0,093	0,095	0,090	0,090	0,090	0,096	0,091	0,089	0,091	0,089	0,090	0,090	0,089	0,090	0,090	0,090	0,091	0,091	0,091	0,090	0,089	0,090
21:38:04	37,0	1,219	0,089	1,355	0,090	1,305	0,091	1,332	0,091	1,375	0,091	1,302	0,091	0,092	1,288	0,092	1,416	0,092	1,343	0,090	1,365	0,089	1,280	0,090	1,282	1,463	0,091	1,531	0,092	1,525	0,090	1,497	0,089	1,487	0,089	1,461	0,090	0,092	1,456	0,090	1,549	0,090	1,535	0,090	1,550	0,090	1,488	0,090	1,444	0,916	0,089	0,831	0,091	1,429	0,090	0,988	0,090	1,114	0,091	1,032	0,090	0,091	1,405	0,089	1,472	0,090	1,491	0,089	1,494	0,098	1,484	0,093	1,448	0,097	0,090	0,093	0,095	0,090	0,090	0,090	0,096	0,091	0,090	0,091	0,089	0,091	0,090	0,089	0,090	0,090	0,090	0,091	0,091	0,091	0,090	0,089	0,090
21:48:04	37,0	1,226	0,089	1,353	0,090	1,307	0,091	1,331	0,091	1,371	0,090	1,304	0,091	0,092	1,290	0,092	1,416	0,091	1,345	0,090	1,364	0,089	1,283	0,090	1,284	1,464	0,091	1,534	0,092	1,526	0,090	1,498	0,089	1,488	0,089	1,458	0,090	0,092	1,456	0,090	1,551	0,090	1,541	0,090	1,547	0,091	1,488	0,090	1,443	0,917	0,089	0,833	0,091	1,431	0,091	0,989	0,091	1,117	0,090	1,038	0,090	0,091	1,407	0,089	1,477	0,090	1,495	0,089	1,494	0,098	1,486	0,093	1,446	0,097	0,090	0,093	0,095	0,090	0,090	0,090	0,096	0,091	0,090	0,091	0,090	0,090	0,090	0,089	0,091	0,090	0,090	0,092	0,091	0,091	0,090	0,089	0,090
21:58:04	37,0	1,226	0,089	1,354	0,090	1,306	0,091	1,330	0,091	1,369	0,091	1,303	0,091	0,092	1,289	0,092	1,415	0,092	1,341	0,090	1,363	0,089	1,280	0,090	1,281	1,464	0,091	1,534	0,092	1,527	0,090	1,497	0,089	1,486	0,089	1,454	0,090	0,092	1,457	0,090	1,553	0,090	1,540	0,090	1,548	0,091	1,490	0,090	1,446	0,918	0,089	0,835	0,091	1,432	0,091	0,991	0,091	1,121	0,090	1,037	0,090	0,091	1,407	0,090	1,476	0,090	1,494	0,089	1,496	0,098	1,485	0,093	1,446	0,097	0,090	0,093	0,095	0,090	0,090	0,090	0,096	0,091	0,090	0,091	0,090	0,091	0,090	0,090	0,091	0,090	0,090	0,092	0,091	0,091	0,090	0,089	0,090
22:08:04	37,0	1,230	0,089	1,353	0,090	1,304	0,091	1,331	0,091	1,366	0,091	1,301	0,091	0,092	1,289	0,092	1,416	0,092	1,341	0,090	1,362	0,089	1,287	0,090	1,285	1,464	0,091	1,538	0,092	1,528	0,090	1,499	0,090	1,486	0,089	1,455	0,090	0,092	1,458	0,090	1,554	0,091	1,539	0,090	1,547	0,091	1,488	0,090	1,443	0,919	0,090	0,837	0,091	1,432	0,091	0,990	0,091	1,123	0,091	1,042	0,091	0,091	1,407	0,090	1,477	0,090	1,496	0,090	1,490	0,098	1,486	0,093	1,447	0,098	0,091	0,093	0,095	0,091	0,090	0,090	0,096	0,091	0,090	0,091	0,090	0,091	0,090	0,090	0,091	0,091	0,090	0,092	0,091	0,091	0,090	0,090	0,091

