Time	T∞ Optical Density:600	A1	A2	A3	A4	A5	A6	A7	A8	A9	A10	A11	A12	B1	B2	B3	B4	B5	B6	B7	B8	B9	B10	B11	B12	C1	C2	C3	C4	C5	C6	C7	C8	C9	C10	C11	C12	D1	D2	D3	D4	D5	D6	D7	D8	D9	D10	D11	D12	E1	E2	E3	E4	E5	E6	E7	E8	E9	E10	E11	E12	F1	F2	F3	F4	F5	F6	F7	F8	F9	F10	F11	F12	G1	G2	G3	G4	G5	G6	G7	G8	G9	G10	G11	G12	H1	H2	H3	H4	H5	H6	H7	H8	H9	H10	H11	H12
0:08:04	37,0	0,108	0,092	0,118	0,098	0,123	0,093	0,115	0,090	0,115	0,089	0,113	0,090	0,091	0,110	0,092	0,121	0,090	0,115	0,090	0,119	0,090	0,127	0,090	0,117	0,143	0,090	0,133	0,092	0,145	0,090	0,127	0,090	0,206	0,095	0,108	0,090	0,091	0,104	0,090	0,134	0,091	0,156	0,095	0,179	0,097	0,233	0,090	0,132	0,100	0,091	0,125	0,090	0,121	0,091	0,111	0,090	0,107	0,094	0,102	0,089	0,090	0,128	0,090	0,132	0,090	0,124	0,090	0,132	0,095	0,140	0,092	0,108	0,091	0,091	0,091	0,091	0,090	0,090	0,090	0,090	0,091	0,091	0,091	0,088	0,090	0,090	0,091	0,091	0,092	0,089	0,090	0,089	0,090	0,090	0,090	0,089
0:18:04	37,0	0,112	0,092	0,119	0,099	0,126	0,094	0,118	0,091	0,120	0,090	0,114	0,090	0,091	0,111	0,092	0,121	0,090	0,123	0,090	0,122	0,090	0,129	0,090	0,119	0,149	0,090	0,135	0,092	0,172	0,090	0,130	0,091	0,197	0,095	0,108	0,090	0,092	0,104	0,090	0,143	0,091	0,169	0,094	0,177	0,097	0,244	0,090	0,134	0,100	0,091	0,124	0,090	0,121	0,091	0,109	0,090	0,107	0,094	0,101	0,089	0,090	0,125	0,090	0,127	0,090	0,124	0,090	0,129	0,096	0,139	0,092	0,110	0,091	0,091	0,091	0,091	0,090	0,090	0,091	0,090	0,091	0,091	0,091	0,088	0,090	0,090	0,091	0,091	0,092	0,089	0,090	0,089	0,090	0,090	0,090	0,089
0:28:04	37,0	0,115	0,092	0,121	0,098	0,129	0,094	0,120	0,090	0,124	0,089	0,116	0,089	0,090	0,112	0,092	0,122	0,090	0,124	0,090	0,123	0,090	0,133	0,090	0,123	0,158	0,090	0,141	0,092	0,174	0,090	0,134	0,090	0,206	0,095	0,110	0,090	0,091	0,105	0,090	0,144	0,090	0,169	0,093	0,184	0,097	0,263	0,090	0,139	0,100	0,091	0,124	0,090	0,122	0,091	0,109	0,090	0,107	0,093	0,101	0,089	0,090	0,123	0,090	0,127	0,090	0,127	0,090	0,130	0,095	0,141	0,092	0,110	0,090	0,090	0,091	0,090	0,090	0,090	0,090	0,090	0,091	0,091	0,091	0,088	0,090	0,090	0,091	0,091	0,091	0,089	0,089	0,089	0,090	0,090	0,090	0,089
0:38:04	37,0	0,119	0,092	0,126	0,098	0,133	0,094	0,123	0,090	0,134	0,089	0,120	0,090	0,091	0,115	0,092	0,124	0,090	0,128	0,090	0,128	0,090	0,139	0,090	0,127	0,171	0,090	0,148	0,091	0,188	0,090	0,141	0,091	0,229	0,095	0,112	0,090	0,091	0,109	0,090	0,154	0,090	0,176	0,093	0,198	0,098	0,289	0,090	0,146	0,100	0,091	0,124	0,090	0,124	0,091	0,109	0,090	0,106	0,094	0,100	0,089	0,090	0,126	0,089	0,131	0,090	0,130	0,090	0,135	0,096	0,154	0,092	0,112	0,091	0,090	0,091	0,090	0,090	0,090	0,090	0,089	0,091	0,092	0,091	0,088	0,090	0,090	0,090	0,091	0,091	0,089	0,090	0,089	0,090	0,090	0,091	0,089
0:48:04	37,0	0,126	0,092	0,133	0,098	0,140	0,094	0,131	0,090	0,148	0,089	0,127	0,090	0,090	0,120	0,092	0,129	0,090	0,133	0,090	0,136	0,090	0,150	0,090	0,134	0,187	0,090	0,160	0,092	0,203	0,090	0,151	0,090	0,255	0,095	0,117	0,090	0,091	0,112	0,090	0,167	0,090	0,194	0,093	0,217	0,098	0,329	0,090	0,157	0,101	0,091	0,125	0,090	0,129	0,091	0,110	0,090	0,106	0,094	0,100	0,089	0,090	0,131	0,089	0,140	0,090	0,136	0,090	0,141	0,096	0,167	0,092	0,115	0,090	0,090	0,091	0,090	0,090	0,090	0,090	0,090	0,091	0,092	0,091	0,088	0,090	0,090	0,090	0,090	0,091	0,089	0,090	0,089	0,090	0,090	0,090	0,089
0:58:04	37,0	0,137	0,092	0,145	0,098	0,150	0,094	0,141	0,090	0,170	0,089	0,140	0,090	0,091	0,131	0,092	0,137	0,090	0,141	0,090	0,147	0,090	0,166	0,090	0,144	0,211	0,090	0,177	0,091	0,221	0,090	0,165	0,090	0,299	0,095	0,123	0,090	0,091	0,118	0,090	0,184	0,090	0,220	0,093	0,241	0,098	0,372	0,090	0,173	0,101	0,091	0,127	0,090	0,137	0,091	0,112	0,090	0,106	0,094	0,101	0,089	0,090	0,137	0,090	0,152	0,090	0,148	0,090	0,149	0,096	0,183	0,091	0,121	0,091	0,090	0,091	0,090	0,090	0,090	0,090	0,090	0,091	0,092	0,091	0,088	0,090	0,090	0,091	0,091	0,091	0,089	0,090	0,089	0,090	0,090	0,090	0,089
1:08:04	37,0	0,152	0,092	0,165	0,098	0,167	0,094	0,161	0,090	0,199	0,089	0,162	0,090	0,090	0,146	0,092	0,148	0,090	0,156	0,090	0,162	0,090	0,190	0,090	0,158	0,235	0,090	0,199	0,092	0,245	0,090	0,184	0,090	0,337	0,094	0,131	0,090	0,091	0,125	0,090	0,204	0,090	0,246	0,090	0,268	0,097	0,389	0,090	0,194	0,102	0,091	0,129	0,090	0,147	0,091	0,113	0,090	0,107	0,094	0,101	0,089	0,090	0,148	0,089	0,173	0,090	0,165	0,090	0,164	0,097	0,204	0,093	0,129	0,090	0,090	0,091	0,090	0,090	0,090	0,090	0,089	0,091	0,091	0,091	0,088	0,090	0,090	0,090	0,090	0,091	0,089	0,090	0,089	0,090	0,090	0,090	0,089
1:18:04	37,0	0,171	0,092	0,189	0,098	0,191	0,094	0,191	0,090	0,236	0,089	0,189	0,089	0,090	0,164	0,092	0,165	0,090	0,174	0,090	0,182	0,090	0,216	0,090	0,178	0,265	0,090	0,223	0,091	0,270	0,090	0,206	0,090	0,373	0,094	0,141	0,090	0,091	0,136	0,090	0,231	0,090	0,275	0,090	0,299	0,097	0,419	0,090	0,218	0,102	0,090	0,132	0,090	0,163	0,091	0,115	0,090	0,107	0,094	0,102	0,089	0,090	0,160	0,089	0,203	0,089	0,186	0,090	0,178	0,096	0,226	0,092	0,141	0,090	0,090	0,091	0,090	0,090	0,090	0,090	0,089	0,091	0,091	0,090	0,088	0,090	0,090	0,090	0,090	0,091	0,089	0,089	0,089	0,090	0,090	0,091	0,089
1:28:04	37,0	0,196	0,092	0,222	0,098	0,222	0,094	0,222	0,090	0,271	0,089	0,222	0,090	0,091	0,186	0,092	0,186	0,090	0,197	0,090	0,204	0,090	0,245	0,090	0,203	0,298	0,090	0,250	0,092	0,298	0,090	0,231	0,090	0,411	0,094	0,159	0,090	0,091	0,152	0,090	0,259	0,090	0,307	0,090	0,331	0,097	0,453	0,090	0,249	0,104	0,091	0,135	0,090	0,184	0,091	0,118	0,090	0,109	0,095	0,103	0,089	0,090	0,178	0,090	0,236	0,090	0,215	0,090	0,202	0,096	0,249	0,092	0,156	0,091	0,090	0,091	0,090	0,090	0,090	0,090	0,090	0,091	0,091	0,091	0,088	0,090	0,090	0,091	0,091	0,091	0,089	0,090	0,089	0,091	0,090	0,091	0,089
1:38:04	37,0	0,228	0,092	0,262	0,098	0,260	0,094	0,258	0,090	0,312	0,089	0,257	0,090	0,091	0,214	0,092	0,210	0,090	0,224	0,090	0,233	0,090	0,276	0,090	0,236	0,332	0,090	0,279	0,092	0,328	0,090	0,261	0,090	0,445	0,094	0,180	0,090	0,091	0,172	0,090	0,291	0,090	0,341	0,091	0,361	0,097	0,482	0,090	0,283	0,105	0,091	0,140	0,090	0,211	0,091	0,121	0,090	0,111	0,094	0,105	0,089	0,090	0,194	0,090	0,265	0,090	0,249	0,090	0,224	0,096	0,273	0,092	0,171	0,091	0,090	0,091	0,090	0,090	0,090	0,090	0,090	0,091	0,091	0,091	0,088	0,090	0,090	0,091	0,090	0,091	0,089	0,089	0,089	0,091	0,090	0,091	0,089
1:48:04	37,0	0,261	0,092	0,305	0,098	0,298	0,094	0,297	0,090	0,354	0,089	0,296	0,089	0,091	0,244	0,092	0,243	0,090	0,255	0,090	0,264	0,090	0,308	0,090	0,273	0,364	0,090	0,309	0,092	0,356	0,089	0,292	0,090	0,475	0,094	0,208	0,090	0,091	0,194	0,090	0,326	0,090	0,373	0,091	0,396	0,097	0,518	0,090	0,319	0,107	0,090	0,144	0,090	0,239	0,091	0,124	0,089	0,114	0,094	0,106	0,089	0,090	0,212	0,089	0,304	0,090	0,285	0,090	0,252	0,096	0,306	0,092	0,191	0,091	0,090	0,090	0,090	0,090	0,090	0,090	0,089	0,091	0,091	0,090	0,088	0,090	0,090	0,090	0,090	0,091	0,089	0,089	0,089	0,090	0,090	0,091	0,089
1:58:04	37,0	0,297	0,092	0,347	0,098	0,338	0,094	0,332	0,090	0,397	0,089	0,331	0,090	0,091	0,280	0,092	0,272	0,090	0,287	0,090	0,301	0,090	0,339	0,090	0,311	0,398	0,090	0,339	0,092	0,383	0,090	0,320	0,090	0,497	0,094	0,242	0,090	0,091	0,221	0,090	0,358	0,090	0,408	0,091	0,429	0,097	0,548	0,090	0,351	0,110	0,091	0,150	0,090	0,268	0,091	0,129	0,090	0,118	0,094	0,109	0,089	0,090	0,233	0,090	0,340	0,090	0,325	0,090	0,284	0,096	0,332	0,092	0,214	0,091	0,090	0,091	0,090	0,090	0,090	0,090	0,089	0,091	0,091	0,090	0,088	0,090	0,090	0,090	0,091	0,091	0,089	0,090	0,089	0,090	0,090	0,091	0,089
2:08:04	37,0	0,335	0,092	0,390	0,098	0,383	0,094	0,373	0,090	0,449	0,089	0,374	0,090	0,091	0,319	0,092	0,305	0,090	0,326	0,090	0,334	0,090	0,377	0,090	0,352	0,440	0,090	0,371	0,092	0,420	0,089	0,350	0,090	0,527	0,094	0,279	0,090	0,091	0,251	0,090	0,396	0,090	0,443	0,090	0,462	0,097	0,573	0,090	0,394	0,113	0,091	0,159	0,090	0,297	0,091	0,135	0,090	0,123	0,094	0,112	0,089	0,090	0,262	0,089	0,372	0,090	0,363	0,090	0,312	0,096	0,362	0,092	0,248	0,090	0,090	0,091	0,090	0,090	0,090	0,090	0,090	0,091	0,091	0,090	0,088	0,090	0,090	0,090	0,090	0,091	0,089	0,089	0,089	0,090	0,090	0,091	0,089
2:18:04	37,0	0,375	0,092	0,438	0,098	0,438	0,094	0,418	0,090	0,497	0,089	0,426	0,090	0,091	0,354	0,092	0,340	0,090	0,358	0,089	0,379	0,090	0,426	0,090	0,396	0,473	0,090	0,407	0,092	0,449	0,089	0,388	0,090	0,556	0,094	0,318	0,090	0,091	0,287	0,090	0,432	0,090	0,468	0,090	0,493	0,097	0,591	0,090	0,440	0,117	0,091	0,167	0,090	0,329	0,091	0,142	0,090	0,128	0,094	0,116	0,089	0,090	0,287	0,089	0,408	0,090	0,420	0,090	0,346	0,096	0,393	0,092	0,290	0,090	0,090	0,091	0,090	0,090	0,090	0,090	0,090	0,091	0,091	0,090	0,088	0,090	0,090	0,090	0,090	0,091	0,089	0,089	0,089	0,090	0,090	0,091	0,089
2:28:04	37,0	0,419	0,092	0,486	0,098	0,493	0,094	0,468	0,090	0,529	0,089	0,479	0,090	0,091	0,401	0,092	0,378	0,090	0,404	0,090	0,429	0,090	0,463	0,090	0,446	0,498	0,090	0,431	0,092	0,475	0,090	0,418	0,090	0,579	0,094	0,357	0,090	0,091	0,322	0,090	0,450	0,090	0,487	0,091	0,524	0,097	0,606	0,090	0,482	0,122	0,091	0,178	0,090	0,368	0,091	0,150	0,090	0,135	0,094	0,120	0,089	0,090	0,314	0,089	0,444	0,089	0,478	0,090	0,392	0,096	0,425	0,092	0,350	0,090	0,090	0,091	0,090	0,090	0,090	0,090	0,089	0,091	0,092	0,090	0,088	0,090	0,090	0,091	0,090	0,091	0,089	0,089	0,089	0,090	0,090	0,091	0,089
2:38:04	37,0	0,454	0,092	0,521	0,098	0,522	0,094	0,509	0,090	0,558	0,089	0,510	0,090	0,091	0,448	0,092	0,423	0,090	0,444	0,090	0,457	0,090	0,478	0,090	0,494	0,515	0,090	0,450	0,092	0,498	0,090	0,434	0,090	0,590	0,094	0,399	0,090	0,091	0,363	0,090	0,464	0,090	0,507	0,091	0,551	0,097	0,621	0,090	0,506	0,129	0,091	0,189	0,090	0,416	0,091	0,160	0,090	0,144	0,094	0,126	0,089	0,090	0,335	0,089	0,483	0,090	0,533	0,090	0,432	0,096	0,451	0,092	0,382	0,090	0,090	0,091	0,090	0,090	0,090	0,090	0,090	0,091	0,091	0,090	0,088	0,090	0,090	0,090	0,091	0,091	0,089	0,089	0,089	0,091	0,090	0,091	0,089
2:48:04	37,0	0,481	0,092	0,543	0,098	0,545	0,094	0,533	0,090	0,582	0,089	0,531	0,090	0,091	0,474	0,092	0,449	0,090	0,457	0,090	0,479	0,090	0,493	0,090	0,521	0,537	0,090	0,468	0,092	0,524	0,090	0,447	0,090	0,607	0,094	0,444	0,090	0,091	0,403	0,090	0,483	0,090	0,523	0,090	0,576	0,097	0,636	0,090	0,526	0,137	0,090	0,202	0,090	0,459	0,091	0,172	0,090	0,154	0,094	0,133	0,089	0,090	0,359	0,089	0,525	0,090	0,571	0,090	0,473	0,096	0,481	0,092	0,426	0,090	0,090	0,091	0,090	0,090	0,090	0,090	0,089	0,091	0,091	0,090	0,088	0,090	0,090	0,091	0,090	0,091	0,089	0,089	0,089	0,090	0,090	0,091	0,089
2:58:04	37,0	0,503	0,092	0,562	0,098	0,566	0,094	0,551	0,090	0,604	0,089	0,551	0,090	0,091	0,496	0,092	0,468	0,090	0,472	0,090	0,494	0,090	0,507	0,090	0,546	0,552	0,090	0,483	0,092	0,547	0,090	0,463	0,090	0,618	0,094	0,476	0,090	0,091	0,432	0,090	0,497	0,090	0,541	0,090	0,601	0,097	0,649	0,090	0,552	0,148	0,091	0,216	0,090	0,490	0,091	0,185	0,090	0,166	0,094	0,142	0,089	0,090	0,386	0,089	0,574	0,090	0,611	0,090	0,489	0,096	0,508	0,092	0,468	0,091	0,090	0,091	0,090	0,090	0,090	0,090	0,089	0,091	0,091	0,090	0,088	0,090	0,090	0,091	0,090	0,091	0,089	0,089	0,089	0,091	0,090	0,091	0,089
3:08:04	37,0	0,524	0,092	0,580	0,098	0,586	0,094	0,573	0,090	0,633	0,090	0,575	0,090	0,091	0,514	0,092	0,484	0,090	0,487	0,090	0,522	0,090	0,520	0,090	0,576	0,571	0,090	0,504	0,092	0,571	0,090	0,481	0,091	0,637	0,094	0,507	0,090	0,091	0,456	0,090	0,516	0,091	0,555	0,090	0,625	0,097	0,664	0,090	0,578	0,160	0,091	0,231	0,090	0,519	0,091	0,201	0,090	0,181	0,094	0,153	0,089	0,090	0,410	0,090	0,610	0,090	0,635	0,090	0,540	0,096	0,538	0,092	0,508	0,091	0,090	0,091	0,090	0,090	0,090	0,090	0,090	0,091	0,092	0,090	0,088	0,090	0,090	0,091	0,091	0,091	0,089	0,090	0,089	0,091	0,090	0,091	0,089
3:18:04	37,0	0,540	0,092	0,599	0,098	0,607	0,094	0,593	0,090	0,655	0,089	0,598	0,090	0,091	0,527	0,092	0,500	0,090	0,507	0,090	0,540	0,090	0,533	0,090	0,606	0,585	0,090	0,526	0,092	0,591	0,090	0,502	0,090	0,653	0,094	0,529	0,090	0,091	0,479	0,090	0,540	0,091	0,569	0,090	0,645	0,097	0,678	0,090	0,599	0,175	0,091	0,247	0,090	0,549	0,091	0,219	0,090	0,198	0,094	0,165	0,089	0,090	0,435	0,089	0,650	0,090	0,663	0,090	0,584	0,096	0,570	0,092	0,548	0,091	0,090	0,091	0,090	0,090	0,090	0,090	0,090	0,091	0,091	0,090	0,088	0,090	0,090	0,091	0,090	0,092	0,089	0,090	0,089	0,091	0,090	0,091	0,089
3:28:04	37,0	0,562	0,092	0,616	0,098	0,624	0,094	0,615	0,090	0,676	0,089	0,616	0,090	0,091	0,540	0,092	0,513	0,090	0,518	0,090	0,561	0,090	0,548	0,090	0,636	0,606	0,090	0,541	0,092	0,611	0,090	0,525	0,091	0,665	0,094	0,556	0,090	0,091	0,494	0,090	0,555	0,091	0,583	0,090	0,663	0,097	0,693	0,090	0,632	0,189	0,091	0,262	0,090	0,572	0,091	0,238	0,090	0,216	0,094	0,178	0,089	0,090	0,465	0,089	0,679	0,090	0,676	0,090	0,620	0,096	0,597	0,092	0,584	0,090	0,090	0,091	0,090	0,090	0,090	0,090	0,090	0,091	0,091	0,091	0,088	0,090	0,090	0,091	0,090	0,091	0,089	0,090	0,089	0,090	0,090	0,091	0,089
3:38:04	37,0	0,581	0,092	0,636	0,098	0,642	0,094	0,641	0,090	0,700	0,089	0,638	0,090	0,090	0,557	0,092	0,527	0,090	0,540	0,090	0,577	0,090	0,565	0,090	0,662	0,627	0,090	0,560	0,092	0,629	0,090	0,546	0,090	0,678	0,094	0,579	0,090	0,091	0,510	0,090	0,578	0,092	0,601	0,090	0,683	0,097	0,713	0,090	0,659	0,208	0,091	0,277	0,090	0,595	0,091	0,259	0,090	0,237	0,094	0,194	0,089	0,090	0,491	0,089	0,695	0,090	0,694	0,090	0,641	0,096	0,620	0,092	0,620	0,091	0,090	0,091	0,090	0,090	0,090	0,090	0,090	0,091	0,091	0,090	0,088	0,090	0,090	0,090	0,090	0,091	0,089	0,089	0,089	0,091	0,090	0,091	0,089
3:48:04	36,9	0,600	0,092	0,653	0,098	0,662	0,094	0,665	0,090	0,715	0,089	0,657	0,090	0,091	0,574	0,092	0,542	0,090	0,563	0,090	0,595	0,090	0,584	0,090	0,689	0,648	0,090	0,582	0,092	0,650	0,089	0,573	0,090	0,690	0,094	0,601	0,090	0,091	0,528	0,090	0,598	0,092	0,625	0,091	0,700	0,097	0,735	0,090	0,690	0,228	0,091	0,293	0,090	0,618	0,091	0,279	0,090	0,260	0,094	0,212	0,089	0,090	0,522	0,089	0,716	0,090	0,714	0,090	0,671	0,096	0,644	0,092	0,660	0,091	0,090	0,091	0,090	0,090	0,090	0,090	0,090	0,091	0,091	0,090	0,088	0,090	0,090	0,090	0,090	0,091	0,089	0,090	0,089	0,091	0,090	0,091	0,089
3:58:04	37,0	0,621	0,092	0,670	0,098	0,679	0,094	0,689	0,090	0,732	0,089	0,677	0,090	0,090	0,585	0,092	0,559	0,090	0,578	0,089	0,616	0,090	0,598	0,090	0,715	0,669	0,090	0,609	0,091	0,672	0,089	0,601	0,090	0,707	0,094	0,619	0,090	0,091	0,548	0,090	0,619	0,093	0,643	0,090	0,723	0,097	0,758	0,090	0,723	0,250	0,090	0,312	0,089	0,646	0,090	0,301	0,090	0,285	0,094	0,231	0,089	0,090	0,554	0,089	0,737	0,089	0,733	0,090	0,703	0,096	0,665	0,092	0,691	0,090	0,090	0,090	0,090	0,090	0,090	0,090	0,089	0,091	0,091	0,090	0,088	0,090	0,090	0,090	0,090	0,091	0,089	0,089	0,089	0,091	0,090	0,091	0,089
4:08:04	37,0	0,643	0,092	0,691	0,098	0,702	0,094	0,714	0,090	0,753	0,089	0,698	0,090	0,090	0,600	0,092	0,573	0,090	0,601	0,090	0,640	0,090	0,614	0,090	0,746	0,692	0,090	0,634	0,091	0,690	0,089	0,629	0,090	0,725	0,094	0,639	0,090	0,091	0,564	0,090	0,645	0,095	0,664	0,090	0,747	0,096	0,787	0,090	0,746	0,269	0,090	0,329	0,090	0,676	0,091	0,319	0,090	0,309	0,094	0,252	0,089	0,090	0,579	0,089	0,754	0,090	0,754	0,090	0,731	0,096	0,686	0,092	0,713	0,091	0,090	0,091	0,090	0,090	0,090	0,090	0,089	0,091	0,092	0,090	0,088	0,090	0,090	0,090	0,090	0,091	0,089	0,090	0,089	0,090	0,090	0,091	0,089
4:18:04	37,0	0,666	0,092	0,711	0,098	0,727	0,094	0,740	0,090	0,773	0,089	0,721	0,090	0,090	0,615	0,092	0,590	0,090	0,626	0,089	0,667	0,090	0,639	0,090	0,776	0,716	0,090	0,657	0,091	0,716	0,089	0,658	0,090	0,741	0,094	0,661	0,090	0,091	0,583	0,090	0,666	0,097	0,689	0,090	0,769	0,097	0,810	0,090	0,777	0,289	0,090	0,347	0,090	0,706	0,091	0,338	0,090	0,335	0,094	0,275	0,089	0,090	0,603	0,089	0,778	0,089	0,775	0,090	0,755	0,096	0,704	0,092	0,735	0,090	0,090	0,091	0,090	0,090	0,090	0,090	0,089	0,091	0,091	0,090	0,088	0,090	0,090	0,090	0,090	0,091	0,089	0,089	0,089	0,090	0,090	0,091	0,089
4:28:04	37,0	0,688	0,092	0,730	0,098	0,751	0,094	0,768	0,090	0,794	0,089	0,748	0,090	0,090	0,630	0,092	0,602	0,090	0,647	0,090	0,707	0,090	0,655	0,090	0,805	0,740	0,090	0,680	0,092	0,739	0,089	0,686	0,090	0,757	0,094	0,683	0,090	0,091	0,605	0,090	0,691	0,100	0,718	0,090	0,790	0,096	0,837	0,090	0,809	0,309	0,091	0,362	0,090	0,733	0,091	0,358	0,090	0,365	0,094	0,296	0,089	0,090	0,627	0,089	0,806	0,089	0,797	0,090	0,775	0,096	0,723	0,092	0,757	0,090	0,090	0,091	0,090	0,090	0,090	0,090	0,089	0,091	0,091	0,090	0,088	0,090	0,090	0,091	0,090	0,091	0,089	0,089	0,089	0,090	0,090	0,091	0,089
4:38:04	37,0	0,707	0,092	0,749	0,098	0,773	0,094	0,795	0,090	0,799	0,089	0,774	0,090	0,091	0,644	0,092	0,627	0,090	0,674	0,090	0,745	0,090	0,665	0,090	0,839	0,762	0,090	0,703	0,092	0,763	0,089	0,715	0,090	0,778	0,094	0,697	0,090	0,091	0,621	0,090	0,719	0,104	0,737	0,090	0,811	0,096	0,861	0,090	0,846	0,330	0,090	0,377	0,089	0,757	0,090	0,383	0,090	0,392	0,094	0,320	0,089	0,090	0,648	0,089	0,822	0,090	0,821	0,090	0,793	0,096	0,740	0,092	0,775	0,091	0,090	0,090	0,090	0,090	0,090	0,090	0,089	0,091	0,091	0,090	0,088	0,090	0,090	0,090	0,090	0,091	0,089	0,089	0,089	0,090	0,090	0,091	0,089
4:48:04	37,0	0,727	0,092	0,770	0,098	0,796	0,094	0,825	0,090	0,812	0,089	0,801	0,090	0,091	0,668	0,092	0,647	0,090	0,708	0,090	0,773	0,090	0,682	0,090	0,869	0,784	0,090	0,723	0,091	0,785	0,090	0,741	0,090	0,784	0,094	0,724	0,090	0,091	0,639	0,090	0,743	0,110	0,768	0,090	0,837	0,096	0,884	0,090	0,874	0,351	0,090	0,393	0,089	0,785	0,090	0,404	0,090	0,416	0,094	0,344	0,089	0,090	0,666	0,089	0,843	0,089	0,840	0,090	0,810	0,096	0,756	0,092	0,794	0,090	0,090	0,091	0,090	0,090	0,090	0,090	0,089	0,091	0,091	0,090	0,088	0,090	0,090	0,091	0,090	0,091	0,089	0,089	0,089	0,090	0,090	0,091	0,089
4:58:04	37,0	0,750	0,092	0,793	0,098	0,822	0,094	0,853	0,090	0,840	0,089	0,829	0,090	0,090	0,691	0,092	0,667	0,090	0,731	0,089	0,803	0,090	0,701	0,090	0,901	0,810	0,090	0,750	0,092	0,802	0,089	0,771	0,090	0,806	0,094	0,749	0,090	0,091	0,661	0,090	0,778	0,118	0,786	0,090	0,857	0,097	0,905	0,090	0,899	0,373	0,091	0,408	0,090	0,811	0,091	0,423	0,090	0,446	0,094	0,369	0,089	0,090	0,696	0,089	0,871	0,090	0,863	0,090	0,832	0,096	0,778	0,092	0,821	0,090	0,090	0,091	0,090	0,090	0,090	0,090	0,089	0,091	0,091	0,090	0,088	0,090	0,090	0,090	0,090	0,091	0,089	0,090	0,089	0,090	0,090	0,091	0,089
5:08:04	37,0	0,768	0,092	0,814	0,098	0,844	0,094	0,882	0,090	0,852	0,089	0,854	0,090	0,091	0,712	0,092	0,688	0,090	0,752	0,089	0,822	0,090	0,713	0,090	0,926	0,830	0,090	0,774	0,091	0,828	0,090	0,791	0,090	0,826	0,094	0,777	0,090	0,091	0,678	0,090	0,791	0,130	0,817	0,090	0,887	0,096	0,925	0,090	0,924	0,392	0,090	0,423	0,090	0,837	0,091	0,440	0,090	0,472	0,094	0,393	0,089	0,090	0,722	0,089	0,892	0,090	0,884	0,090	0,855	0,097	0,799	0,092	0,843	0,090	0,090	0,091	0,090	0,090	0,090	0,090	0,089	0,091	0,091	0,090	0,088	0,090	0,090	0,091	0,090	0,091	0,089	0,090	0,089	0,090	0,090	0,091	0,089
5:18:04	37,0	0,791	0,093	0,838	0,098	0,869	0,094	0,910	0,090	0,873	0,089	0,881	0,090	0,091	0,735	0,092	0,709	0,090	0,778	0,090	0,848	0,090	0,730	0,090	0,952	0,851	0,090	0,795	0,092	0,850	0,090	0,817	0,091	0,844	0,094	0,797	0,090	0,091	0,695	0,090	0,821	0,144	0,843	0,090	0,911	0,096	0,945	0,090	0,950	0,411	0,091	0,435	0,090	0,861	0,091	0,450	0,090	0,499	0,094	0,417	0,089	0,090	0,746	0,090	0,908	0,090	0,906	0,090	0,874	0,097	0,819	0,092	0,870	0,091	0,090	0,091	0,090	0,090	0,090	0,090	0,089	0,091	0,092	0,090	0,088	0,090	0,090	0,091	0,091	0,091	0,089	0,090	0,089	0,091	0,090	0,091	0,089
5:28:04	37,0	0,810	0,092	0,864	0,098	0,897	0,094	0,939	0,090	0,898	0,089	0,911	0,090	0,091	0,755	0,092	0,731	0,090	0,799	0,090	0,868	0,090	0,749	0,090	0,979	0,874	0,090	0,816	0,091	0,873	0,089	0,840	0,090	0,871	0,094	0,827	0,090	0,091	0,711	0,090	0,848	0,166	0,861	0,090	0,929	0,097	0,967	0,090	0,979	0,430	0,091	0,447	0,090	0,889	0,091	0,464	0,090	0,526	0,094	0,439	0,089	0,090	0,770	0,089	0,932	0,090	0,925	0,090	0,891	0,096	0,841	0,092	0,897	0,090	0,090	0,091	0,090	0,090	0,090	0,090	0,089	0,091	0,091	0,090	0,088	0,090	0,090	0,090	0,091	0,091	0,089	0,089	0,089	0,090	0,090	0,091	0,089
5:38:04	37,0	0,831	0,092	0,886	0,098	0,922	0,094	0,960	0,090	0,917	0,089	0,929	0,090	0,091	0,778	0,092	0,750	0,090	0,823	0,089	0,895	0,090	0,767	0,090	1,010	0,898	0,090	0,841	0,091	0,889	0,089	0,859	0,090	0,891	0,094	0,862	0,090	0,091	0,730	0,090	0,864	0,193	0,886	0,090	0,951	0,096	0,985	0,090	1,005	0,449	0,091	0,457	0,090	0,914	0,090	0,475	0,090	0,549	0,094	0,462	0,089	0,090	0,794	0,089	0,952	0,089	0,943	0,090	0,908	0,096	0,862	0,092	0,916	0,090	0,090	0,091	0,090	0,090	0,090	0,090	0,089	0,091	0,091	0,090	0,088	0,090	0,090	0,090	0,090	0,091	0,089	0,089	0,089	0,090	0,090	0,091	0,089
5:48:04	37,0	0,848	0,092	0,909	0,098	0,939	0,095	0,984	0,090	0,937	0,089	0,953	0,090	0,091	0,797	0,092	0,772	0,090	0,843	0,090	0,915	0,090	0,784	0,090	1,034	0,919	0,090	0,862	0,092	0,908	0,089	0,879	0,090	0,907	0,094	0,894	0,090	0,091	0,746	0,090	0,894	0,227	0,903	0,090	0,969	0,096	1,005	0,090	1,030	0,463	0,090	0,469	0,090	0,935	0,091	0,484	0,090	0,571	0,094	0,483	0,089	0,090	0,817	0,089	0,966	0,090	0,962	0,090	0,926	0,096	0,882	0,092	0,937	0,090	0,090	0,091	0,090	0,090	0,090	0,090	0,090	0,091	0,091	0,090	0,088	0,090	0,090	0,091	0,091	0,091	0,089	0,089	0,089	0,091	0,090	0,091	0,089
5:58:04	37,0	0,870	0,092	0,925	0,098	0,957	0,094	1,003	0,090	0,946	0,089	0,969	0,090	0,091	0,821	0,092	0,796	0,090	0,861	0,090	0,932	0,090	0,800	0,090	1,051	0,937	0,090	0,878	0,092	0,925	0,089	0,900	0,090	0,926	0,094	0,927	0,090	0,091	0,760	0,090	0,904	0,265	0,927	0,090	0,986	0,096	1,024	0,090	1,053	0,475	0,090	0,478	0,090	0,954	0,090	0,494	0,090	0,592	0,094	0,504	0,089	0,090	0,836	0,089	0,986	0,090	0,977	0,090	0,939	0,096	0,899	0,092	0,954	0,091	0,090	0,091	0,090	0,090	0,090	0,090	0,089	0,091	0,091	0,090	0,088	0,090	0,090	0,091	0,091	0,091	0,089	0,089	0,089	0,091	0,090	0,091	0,089
6:08:04	37,0	0,891	0,093	0,947	0,098	0,978	0,094	1,020	0,090	0,957	0,089	0,987	0,090	0,090	0,841	0,092	0,823	0,090	0,878	0,090	0,944	0,090	0,819	0,090	1,069	0,957	0,090	0,902	0,091	0,939	0,089	0,917	0,090	0,936	0,094	0,957	0,090	0,091	0,772	0,090	0,927	0,300	0,948	0,090	1,016	0,096	1,046	0,090	1,073	0,487	0,091	0,486	0,090	0,971	0,091	0,504	0,090	0,609	0,094	0,521	0,089	0,090	0,854	0,089	1,002	0,090	0,992	0,090	0,955	0,096	0,915	0,092	0,972	0,091	0,090	0,091	0,090	0,090	0,090	0,090	0,089	0,091	0,091	0,090	0,088	0,090	0,090	0,090	0,090	0,091	0,089	0,089	0,089	0,091	0,090	0,091	0,089
6:18:04	37,0	0,909	0,092	0,975	0,098	0,996	0,094	1,041	0,090	0,969	0,089	1,005	0,090	0,090	0,864	0,092	0,840	0,090	0,895	0,090	0,962	0,090	0,834	0,090	1,086	0,972	0,090	0,923	0,091	0,958	0,089	0,940	0,090	0,955	0,094	0,985	0,090	0,091	0,786	0,090	0,945	0,338	0,964	0,090	1,035	0,096	1,063	0,090	1,095	0,499	0,091	0,495	0,089	0,987	0,091	0,515	0,090	0,629	0,094	0,538	0,089	0,090	0,869	0,089	1,017	0,090	1,008	0,090	0,972	0,096	0,928	0,092	0,990	0,090	0,090	0,091	0,090	0,090	0,090	0,090	0,089	0,091	0,091	0,090	0,088	0,090	0,090	0,091	0,090	0,091	0,089	0,089	0,089	0,090	0,090	0,091	0,089
6:28:04	37,0	0,927	0,092	0,988	0,098	1,014	0,094	1,062	0,090	0,985	0,089	1,022	0,090	0,091	0,879	0,092	0,863	0,090	0,917	0,090	0,985	0,090	0,850	0,090	1,103	0,988	0,090	0,944	0,092	0,981	0,089	0,960	0,090	0,969	0,094	1,012	0,090	0,091	0,799	0,090	0,965	0,381	0,976	0,090	1,054	0,096	1,081	0,090	1,113	0,510	0,090	0,502	0,090	1,004	0,091	0,522	0,090	0,645	0,094	0,552	0,089	0,090	0,887	0,089	1,036	0,089	1,021	0,090	0,984	0,096	0,946	0,092	1,009	0,091	0,090	0,091	0,090	0,090	0,090	0,090	0,089	0,091	0,091	0,090	0,088	0,090	0,090	0,090	0,091	0,091	0,089	0,089	0,089	0,090	0,090	0,091	0,089
6:38:04	37,0	0,946	0,092	1,008	0,098	1,032	0,095	1,083	0,090	0,997	0,089	1,040	0,090	0,091	0,898	0,092	0,883	0,090	0,931	0,090	1,000	0,090	0,869	0,090	1,120	1,005	0,090	0,962	0,092	0,993	0,090	0,981	0,090	0,988	0,094	1,038	0,090	0,091	0,815	0,090	0,986	0,427	1,002	0,090	1,067	0,096	1,098	0,090	1,131	0,519	0,090	0,507	0,090	1,021	0,091	0,532	0,090	0,662	0,094	0,570	0,089	0,090	0,903	0,089	1,050	0,090	1,036	0,090	1,001	0,097	0,958	0,092	1,029	0,091	0,090	0,091	0,090	0,090	0,090	0,090	0,089	0,091	0,091	0,090	0,088	0,090	0,090	0,091	0,091	0,091	0,089	0,090	0,089	0,091	0,090	0,091	0,089
6:48:04	37,0	0,962	0,092	1,028	0,098	1,046	0,095	1,100	0,090	1,003	0,089	1,059	0,090	0,091	0,919	0,092	0,908	0,090	0,944	0,090	1,019	0,090	0,883	0,090	1,134	1,020	0,090	0,980	0,092	1,017	0,090	0,999	0,090	1,000	0,094	1,056	0,090	0,091	0,830	0,090	0,996	0,475	1,016	0,091	1,082	0,096	1,113	0,090	1,145	0,527	0,091	0,514	0,090	1,038	0,091	0,542	0,090	0,674	0,095	0,585	0,089	0,090	0,923	0,089	1,066	0,090	1,048	0,090	1,015	0,097	0,971	0,092	1,044	0,091	0,090	0,091	0,090	0,090	0,090	0,090	0,090	0,091	0,092	0,090	0,088	0,090	0,090	0,091	0,091	0,092	0,089	0,090	0,089	0,091	0,090	0,091	0,089
6:58:04	36,9	0,979	0,092	1,044	0,098	1,062	0,094	1,117	0,090	1,014	0,089	1,077	0,090	0,091	0,931	0,092	0,930	0,090	0,961	0,089	1,037	0,090	0,900	0,090	1,149	1,036	0,090	1,000	0,091	1,028	0,089	1,020	0,090	1,017	0,094	1,076	0,090	0,091	0,852	0,090	1,025	0,501	1,040	0,090	1,097	0,096	1,125	0,090	1,162	0,535	0,090	0,520	0,089	1,051	0,090	0,551	0,090	0,685	0,094	0,598	0,089	0,090	0,937	0,089	1,081	0,089	1,057	0,090	1,028	0,096	0,984	0,092	1,058	0,090	0,090	0,091	0,090	0,090	0,090	0,090	0,089	0,091	0,091	0,090	0,088	0,090	0,090	0,090	0,090	0,091	0,089	0,089	0,089	0,090	0,090	0,091	0,089
7:08:04	37,0	0,993	0,093	1,071	0,098	1,077	0,094	1,137	0,090	1,020	0,089	1,091	0,090	0,091	0,948	0,092	0,961	0,090	0,977	0,090	1,052	0,090	0,917	0,090	1,163	1,052	0,090	1,021	0,091	1,048	0,089	1,034	0,090	1,030	0,094	1,092	0,090	0,091	0,872	0,090	1,046	0,525	1,054	0,090	1,105	0,096	1,140	0,090	1,176	0,541	0,090	0,526	0,090	1,066	0,090	0,560	0,090	0,691	0,094	0,611	0,089	0,090	0,953	0,089	1,096	0,090	1,068	0,090	1,042	0,096	0,999	0,092	1,072	0,090	0,090	0,091	0,090	0,090	0,090	0,090	0,089	0,091	0,091	0,090	0,088	0,090	0,090	0,091	0,091	0,091	0,089	0,090	0,089	0,091	0,090	0,091	0,089
7:18:04	37,0	1,011	0,092	1,088	0,098	1,095	0,094	1,157	0,090	1,036	0,089	1,108	0,090	0,091	0,964	0,092	0,981	0,090	1,000	0,089	1,066	0,090	0,935	0,090	1,175	1,069	0,090	1,038	0,091	1,062	0,089	1,046	0,090	1,045	0,094	1,115	0,090	0,091	0,891	0,090	1,052	0,551	1,069	0,090	1,120	0,096	1,152	0,090	1,187	0,548	0,090	0,532	0,089	1,080	0,090	0,567	0,090	0,696	0,094	0,623	0,089	0,090	0,972	0,089	1,109	0,089	1,080	0,090	1,055	0,096	1,014	0,092	1,087	0,091	0,090	0,091	0,090	0,090	0,090	0,090	0,089	0,091	0,091	0,090	0,088	0,090	0,090	0,091	0,090	0,091	0,089	0,089	0,089	0,090	0,090	0,091	0,089
7:28:04	37,0	1,027	0,093	1,114	0,098	1,111	0,094	1,173	0,090	1,057	0,089	1,124	0,090	0,091	0,977	0,092	1,004	0,090	1,022	0,090	1,086	0,090	0,950	0,090	1,188	1,085	0,090	1,059	0,092	1,077	0,089	1,065	0,090	1,062	0,094	1,127	0,090	0,092	0,913	0,090	1,080	0,575	1,076	0,090	1,125	0,096	1,164	0,090	1,202	0,557	0,091	0,537	0,090	1,095	0,091	0,576	0,090	0,703	0,095	0,632	0,089	0,090	0,992	0,089	1,122	0,090	1,092	0,090	1,071	0,097	1,033	0,092	1,109	0,091	0,090	0,091	0,090	0,090	0,090	0,090	0,089	0,091	0,091	0,090	0,088	0,090	0,090	0,091	0,091	0,091	0,089	0,090	0,089	0,091	0,090	0,091	0,089
7:38:04	37,0	1,041	0,092	1,133	0,098	1,124	0,094	1,188	0,090	1,061	0,089	1,140	0,090	0,091	0,989	0,092	1,026	0,090	1,034	0,089	1,093	0,089	0,961	0,090	1,200	1,099	0,090	1,074	0,091	1,100	0,089	1,075	0,090	1,069	0,094	1,148	0,090	0,091	0,928	0,090	1,099	0,592	1,097	0,090	1,138	0,096	1,175	0,090	1,210	0,567	0,090	0,540	0,090	1,108	0,091	0,585	0,090	0,708	0,094	0,638	0,089	0,090	1,007	0,089	1,135	0,090	1,103	0,090	1,082	0,097	1,043	0,092	1,117	0,091	0,090	0,090	0,090	0,090	0,090	0,090	0,089	0,091	0,091	0,090	0,088	0,090	0,090	0,090	0,090	0,091	0,089	0,090	0,089	0,090	0,090	0,091	0,089
7:48:04	37,0	1,056	0,092	1,157	0,098	1,139	0,094	1,203	0,090	1,085	0,089	1,153	0,090	0,091	0,999	0,092	1,049	0,090	1,059	0,090	1,108	0,090	0,977	0,090	1,210	1,114	0,090	1,091	0,091	1,106	0,090	1,090	0,090	1,089	0,094	1,159	0,090	0,091	0,945	0,090	1,110	0,616	1,109	0,090	1,152	0,096	1,189	0,090	1,232	0,576	0,091	0,545	0,090	1,123	0,090	0,594	0,090	0,717	0,094	0,649	0,089	0,090	1,025	0,089	1,153	0,090	1,116	0,090	1,097	0,096	1,062	0,092	1,137	0,090	0,090	0,091	0,090	0,090	0,090	0,090	0,089	0,091	0,091	0,090	0,088	0,090	0,090	0,091	0,090	0,091	0,089	0,090	0,089	0,090	0,090	0,091	0,089
7:58:04	37,0	1,072	0,092	1,178	0,098	1,149	0,094	1,218	0,090	1,098	0,089	1,171	0,090	0,091	1,016	0,092	1,075	0,090	1,082	0,090	1,127	0,090	0,993	0,090	1,222	1,130	0,090	1,107	0,091	1,117	0,090	1,102	0,090	1,100	0,094	1,176	0,090	0,091	0,963	0,090	1,126	0,638	1,122	0,090	1,161	0,096	1,198	0,090	1,242	0,584	0,090	0,549	0,090	1,139	0,091	0,603	0,090	0,725	0,094	0,659	0,089	0,090	1,042	0,089	1,165	0,090	1,130	0,090	1,115	0,096	1,073	0,092	1,151	0,091	0,090	0,091	0,090	0,090	0,090	0,090	0,089	0,091	0,091	0,090	0,088	0,090	0,090	0,091	0,090	0,091	0,089	0,090	0,089	0,090	0,090	0,091	0,089
8:08:04	37,0	1,085	0,092	1,200	0,098	1,161	0,095	1,233	0,090	1,110	0,089	1,181	0,090	0,091	1,035	0,092	1,095	0,090	1,097	0,090	1,139	0,090	1,005	0,090	1,232	1,143	0,090	1,117	0,092	1,133	0,090	1,116	0,090	1,115	0,094	1,193	0,090	0,091	0,975	0,090	1,141	0,657	1,139	0,090	1,173	0,096	1,205	0,090	1,255	0,591	0,091	0,553	0,090	1,152	0,091	0,610	0,090	0,729	0,094	0,668	0,089	0,090	1,054	0,089	1,179	0,090	1,140	0,090	1,125	0,097	1,089	0,092	1,166	0,091	0,090	0,091	0,090	0,090	0,090	0,090	0,089	0,091	0,091	0,090	0,088	0,090	0,090	0,091	0,091	0,091	0,089	0,090	0,089	0,091	0,090	0,091	0,089
8:18:04	37,0	1,100	0,092	1,220	0,098	1,170	0,094	1,242	0,090	1,112	0,089	1,191	0,090	0,090	1,037	0,092	1,118	0,090	1,105	0,089	1,147	0,090	1,015	0,090	1,242	1,153	0,090	1,127	0,092	1,149	0,089	1,123	0,090	1,121	0,094	1,204	0,090	0,091	0,989	0,090	1,158	0,675	1,153	0,090	1,186	0,096	1,215	0,090	1,254	0,596	0,090	0,556	0,089	1,159	0,091	0,616	0,089	0,727	0,094	0,674	0,089	0,090	1,065	0,089	1,187	0,090	1,147	0,090	1,133	0,096	1,094	0,092	1,177	0,090	0,090	0,091	0,090	0,090	0,090	0,090	0,089	0,091	0,091	0,090	0,088	0,090	0,090	0,091	0,091	0,091	0,089	0,090	0,089	0,090	0,090	0,091	0,089
8:28:04	37,0	1,115	0,093	1,234	0,098	1,178	0,094	1,253	0,090	1,120	0,089	1,203	0,090	0,091	1,047	0,092	1,143	0,090	1,114	0,090	1,156	0,090	1,026	0,090	1,250	1,164	0,090	1,142	0,091	1,162	0,089	1,131	0,090	1,136	0,094	1,214	0,090	0,091	1,006	0,090	1,169	0,700	1,162	0,090	1,196	0,096	1,224	0,090	1,269	0,603	0,090	0,560	0,090	1,168	0,091	0,623	0,090	0,731	0,094	0,679	0,089	0,090	1,075	0,089	1,195	0,089	1,155	0,090	1,140	0,097	1,102	0,092	1,189	0,091	0,090	0,091	0,090	0,090	0,090	0,090	0,089	0,091	0,091	0,090	0,088	0,090	0,090	0,091	0,090	0,091	0,089	0,090	0,089	0,090	0,090	0,091	0,089
8:38:04	37,0	1,125	0,092	1,244	0,098	1,186	0,094	1,261	0,090	1,125	0,089	1,212	0,090	0,090	1,059	0,092	1,159	0,090	1,125	0,089	1,165	0,090	1,033	0,090	1,254	1,173	0,090	1,152	0,092	1,165	0,089	1,143	0,090	1,143	0,094	1,226	0,090	0,091	1,018	0,090	1,183	0,723	1,179	0,090	1,204	0,096	1,231	0,090	1,274	0,610	0,090	0,564	0,090	1,176	0,090	0,628	0,090	0,731	0,094	0,684	0,089	0,090	1,083	0,089	1,206	0,090	1,161	0,090	1,151	0,097	1,111	0,092	1,199	0,090	0,090	0,091	0,090	0,090	0,090	0,090	0,089	0,091	0,091	0,090	0,088	0,090	0,090	0,091	0,090	0,091	0,089	0,090	0,089	0,090	0,090	0,091	0,089
8:48:04	37,0	1,135	0,092	1,253	0,098	1,193	0,095	1,265	0,090	1,132	0,089	1,218	0,091	0,091	1,067	0,092	1,173	0,090	1,138	0,090	1,180	0,090	1,047	0,090	1,261	1,183	0,090	1,164	0,091	1,182	0,090	1,152	0,090	1,155	0,094	1,241	0,090	0,091	1,030	0,090	1,193	0,742	1,187	0,090	1,214	0,096	1,238	0,090	1,283	0,614	0,091	0,568	0,090	1,186	0,091	0,634	0,090	0,735	0,094	0,690	0,089	0,090	1,094	0,089	1,214	0,090	1,170	0,090	1,165	0,097	1,122	0,092	1,211	0,091	0,090	0,091	0,090	0,090	0,090	0,090	0,089	0,091	0,091	0,090	0,088	0,090	0,090	0,091	0,091	0,091	0,089	0,090	0,089	0,090	0,090	0,091	0,089
8:58:04	37,0	1,146	0,092	1,262	0,098	1,197	0,094	1,271	0,090	1,142	0,089	1,221	0,090	0,091	1,079	0,092	1,200	0,090	1,147	0,089	1,192	0,090	1,057	0,090	1,268	1,193	0,090	1,174	0,091	1,194	0,089	1,162	0,090	1,167	0,094	1,253	0,090	0,091	1,043	0,090	1,207	0,768	1,199	0,090	1,223	0,096	1,246	0,090	1,292	0,621	0,090	0,571	0,090	1,195	0,090	0,642	0,090	0,740	0,094	0,697	0,089	0,090	1,104	0,089	1,223	0,089	1,178	0,090	1,171	0,096	1,133	0,092	1,221	0,090	0,090	0,091	0,090	0,090	0,090	0,090	0,089	0,091	0,091	0,090	0,088	0,090	0,090	0,091	0,090	0,091	0,089	0,089	0,089	0,090	0,090	0,091	0,089
9:08:04	37,0	1,152	0,093	1,268	0,098	1,204	0,095	1,280	0,090	1,160	0,089	1,231	0,091	0,091	1,092	0,092	1,214	0,090	1,168	0,090	1,202	0,090	1,069	0,090	1,274	1,204	0,090	1,187	0,092	1,204	0,090	1,171	0,090	1,175	0,094	1,277	0,090	0,092	1,059	0,090	1,221	0,791	1,208	0,090	1,232	0,096	1,256	0,090	1,302	0,628	0,091	0,577	0,090	1,206	0,090	0,650	0,090	0,746	0,094	0,705	0,089	0,090	1,118	0,089	1,235	0,090	1,190	0,090	1,189	0,097	1,151	0,092	1,232	0,091	0,090	0,091	0,090	0,090	0,090	0,090	0,089	0,092	0,091	0,090	0,088	0,090	0,090	0,091	0,091	0,091	0,089	0,090	0,089	0,090	0,090	0,091	0,089
9:18:04	37,0	1,160	0,092	1,276	0,098	1,210	0,095	1,286	0,090	1,162	0,089	1,236	0,090	0,091	1,104	0,092	1,229	0,090	1,181	0,090	1,214	0,090	1,079	0,090	1,280	1,215	0,090	1,198	0,092	1,208	0,089	1,181	0,090	1,188	0,094	1,286	0,090	0,091	1,069	0,090	1,229	0,817	1,222	0,090	1,243	0,096	1,263	0,090	1,310	0,634	0,090	0,583	0,090	1,215	0,091	0,660	0,089	0,752	0,094	0,713	0,089	0,090	1,127	0,089	1,245	0,089	1,199	0,090	1,196	0,097	1,159	0,092	1,243	0,091	0,090	0,091	0,090	0,090	0,090	0,090	0,089	0,091	0,091	0,090	0,088	0,090	0,090	0,091	0,090	0,091	0,089	0,090	0,089	0,090	0,090	0,091	0,089
9:28:04	37,0	1,165	0,093	1,282	0,098	1,216	0,094	1,291	0,090	1,173	0,089	1,239	0,091	0,091	1,111	0,092	1,248	0,090	1,195	0,090	1,222	0,090	1,091	0,090	1,285	1,226	0,090	1,207	0,091	1,216	0,089	1,192	0,090	1,195	0,094	1,291	0,090	0,091	1,083	0,090	1,242	0,843	1,229	0,090	1,250	0,096	1,270	0,090	1,318	0,642	0,090	0,586	0,089	1,229	0,090	0,669	0,090	0,756	0,094	0,722	0,089	0,090	1,138	0,089	1,255	0,089	1,206	0,090	1,209	0,097	1,174	0,092	1,253	0,091	0,090	0,091	0,090	0,090	0,090	0,090	0,089	0,091	0,091	0,090	0,088	0,090	0,090	0,091	0,090	0,091	0,089	0,090	0,089	0,090	0,090	0,091	0,089
9:38:04	37,0	1,170	0,093	1,286	0,098	1,220	0,095	1,293	0,090	1,169	0,089	1,243	0,090	0,091	1,120	0,092	1,258	0,090	1,202	0,090	1,232	0,090	1,099	0,090	1,291	1,232	0,090	1,215	0,091	1,226	0,089	1,200	0,090	1,205	0,094	1,306	0,090	0,091	1,093	0,090	1,254	0,866	1,242	0,090	1,260	0,096	1,277	0,090	1,325	0,650	0,091	0,591	0,089	1,234	0,091	0,677	0,089	0,761	0,094	0,730	0,089	0,090	1,148	0,089	1,265	0,090	1,216	0,090	1,219	0,096	1,181	0,092	1,263	0,090	0,090	0,091	0,090	0,090	0,090	0,090	0,089	0,091	0,091	0,090	0,088	0,090	0,090	0,091	0,090	0,091	0,089	0,090	0,089	0,091	0,090	0,091	0,089
9:48:04	37,0	1,177	0,093	1,290	0,098	1,223	0,095	1,295	0,090	1,160	0,089	1,245	0,090	0,091	1,125	0,092	1,271	0,090	1,207	0,090	1,240	0,090	1,107	0,090	1,295	1,239	0,090	1,225	0,091	1,231	0,089	1,208	0,090	1,213	0,094	1,313	0,090	0,091	1,102	0,090	1,266	0,889	1,251	0,090	1,265	0,096	1,282	0,090	1,332	0,657	0,090	0,596	0,090	1,241	0,091	0,686	0,089	0,763	0,094	0,737	0,089	0,090	1,157	0,089	1,274	0,090	1,220	0,090	1,228	0,096	1,189	0,092	1,269	0,091	0,090	0,090	0,090	0,090	0,090	0,090	0,089	0,091	0,091	0,090	0,088	0,090	0,090	0,091	0,090	0,091	0,089	0,090	0,089	0,090	0,090	0,091	0,089
9:58:04	37,0	1,181	0,093	1,292	0,098	1,230	0,095	1,297	0,090	1,166	0,089	1,246	0,091	0,091	1,133	0,092	1,284	0,090	1,219	0,090	1,244	0,090	1,114	0,090	1,300	1,246	0,090	1,235	0,091	1,238	0,089	1,216	0,090	1,222	0,094	1,324	0,090	0,091	1,114	0,090	1,278	0,909	1,261	0,090	1,276	0,096	1,290	0,090	1,339	0,664	0,090	0,601	0,089	1,248	0,090	0,692	0,089	0,766	0,094	0,745	0,089	0,090	1,166	0,089	1,281	0,089	1,228	0,090	1,238	0,097	1,198	0,092	1,278	0,091	0,090	0,090	0,090	0,090	0,090	0,090	0,089	0,091	0,091	0,090	0,088	0,090	0,090	0,091	0,090	0,091	0,089	0,090	0,089	0,090	0,090	0,091	0,089
10:08:04	37,0	1,186	0,093	1,297	0,098	1,232	0,094	1,300	0,090	1,181	0,089	1,251	0,091	0,090	1,141	0,092	1,294	0,090	1,229	0,090	1,253	0,090	1,124	0,090	1,303	1,254	0,090	1,244	0,092	1,250	0,090	1,223	0,090	1,234	0,094	1,333	0,090	0,091	1,126	0,090	1,285	0,931	1,266	0,090	1,285	0,096	1,296	0,090	1,346	0,672	0,090	0,606	0,090	1,258	0,091	0,700	0,090	0,772	0,094	0,752	0,089	0,090	1,175	0,090	1,294	0,090	1,236	0,090	1,247	0,097	1,210	0,092	1,289	0,090	0,090	0,091	0,090	0,090	0,090	0,090	0,089	0,091	0,091	0,090	0,088	0,090	0,090	0,091	0,090	0,091	0,089	0,090	0,089	0,090	0,090	0,091	0,089
10:18:04	37,0	1,191	0,093	1,300	0,098	1,235	0,095	1,301	0,090	1,188	0,089	1,251	0,090	0,091	1,146	0,092	1,302	0,090	1,236	0,090	1,259	0,090	1,130	0,090	1,306	1,261	0,090	1,253	0,091	1,253	0,089	1,234	0,090	1,242	0,094	1,347	0,090	0,091	1,135	0,090	1,297	0,951	1,275	0,090	1,293	0,096	1,302	0,090	1,354	0,679	0,090	0,611	0,089	1,265	0,090	0,707	0,090	0,777	0,094	0,761	0,089	0,090	1,186	0,089	1,301	0,090	1,246	0,090	1,256	0,097	1,219	0,092	1,300	0,091	0,090	0,090	0,090	0,090	0,090	0,090	0,089	0,091	0,091	0,090	0,088	0,090	0,090	0,091	0,090	0,091	0,089	0,090	0,089	0,090	0,090	0,091	0,089
10:28:04	37,0	1,196	0,093	1,305	0,098	1,238	0,095	1,303	0,090	1,197	0,089	1,254	0,091	0,091	1,153	0,092	1,310	0,090	1,248	0,090	1,265	0,090	1,140	0,090	1,308	1,268	0,090	1,262	0,092	1,263	0,090	1,241	0,090	1,251	0,094	1,353	0,090	0,091	1,145	0,090	1,307	0,970	1,282	0,090	1,303	0,096	1,308	0,090	1,361	0,688	0,090	0,617	0,090	1,276	0,091	0,716	0,090	0,783	0,094	0,770	0,089	0,090	1,196	0,089	1,307	0,089	1,252	0,090	1,261	0,097	1,231	0,092	1,306	0,091	0,090	0,091	0,090	0,090	0,090	0,090	0,089	0,091	0,091	0,090	0,088	0,090	0,090	0,091	0,091	0,091	0,089	0,090	0,089	0,090	0,090	0,091	0,089
10:38:04	37,0	1,197	0,093	1,304	0,098	1,241	0,095	1,303	0,090	1,195	0,089	1,256	0,091	0,091	1,158	0,092	1,315	0,090	1,256	0,090	1,271	0,090	1,146	0,090	1,310	1,276	0,090	1,269	0,092	1,269	0,090	1,249	0,091	1,261	0,094	1,358	0,090	0,091	1,156	0,090	1,313	0,988	1,290	0,090	1,310	0,096	1,314	0,090	1,365	0,695	0,091	0,623	0,090	1,283	0,091	0,723	0,090	0,788	0,095	0,779	0,089	0,090	1,206	0,090	1,315	0,090	1,261	0,090	1,270	0,097	1,242	0,092	1,315	0,091	0,090	0,091	0,090	0,090	0,090	0,090	0,089	0,091	0,091	0,090	0,088	0,090	0,090	0,091	0,091	0,091	0,089	0,090	0,089	0,090	0,090	0,091	0,089
10:48:04	37,0	1,198	0,093	1,304	0,098	1,242	0,095	1,304	0,090	1,184	0,089	1,255	0,091	0,091	1,163	0,092	1,319	0,090	1,257	0,090	1,274	0,090	1,149	0,090	1,310	1,281	0,090	1,276	0,091	1,276	0,089	1,256	0,090	1,265	0,094	1,372	0,090	0,091	1,163	0,090	1,321	1,005	1,296	0,090	1,317	0,096	1,319	0,090	1,372	0,703	0,090	0,628	0,090	1,287	0,090	0,729	0,090	0,792	0,094	0,787	0,089	0,090	1,214	0,089	1,323	0,089	1,266	0,090	1,275	0,096	1,247	0,092	1,322	0,090	0,090	0,090	0,090	0,090	0,090	0,090	0,089	0,091	0,091	0,090	0,088	0,090	0,090	0,091	0,090	0,091	0,089	0,090	0,089	0,090	0,090	0,091	0,089
10:58:04	37,0	1,202	0,092	1,305	0,098	1,244	0,095	1,304	0,090	1,180	0,089	1,259	0,091	0,091	1,170	0,092	1,326	0,090	1,267	0,089	1,278	0,090	1,159	0,090	1,313	1,288	0,090	1,285	0,091	1,283	0,089	1,266	0,090	1,274	0,094	1,373	0,090	0,091	1,175	0,090	1,330	1,024	1,305	0,090	1,329	0,096	1,327	0,090	1,377	0,710	0,090	0,634	0,089	1,297	0,091	0,737	0,090	0,800	0,094	0,798	0,089	0,090	1,225	0,089	1,328	0,089	1,272	0,090	1,282	0,096	1,258	0,092	1,329	0,091	0,090	0,090	0,090	0,090	0,090	0,090	0,089	0,091	0,091	0,090	0,088	0,090	0,090	0,091	0,090	0,091	0,089	0,090	0,089	0,090	0,090	0,091	0,089
11:08:04	37,0	1,202	0,093	1,309	0,098	1,244	0,095	1,306	0,090	1,180	0,090	1,260	0,091	0,091	1,173	0,092	1,326	0,090	1,268	0,090	1,281	0,090	1,163	0,090	1,314	1,293	0,090	1,291	0,092	1,291	0,090	1,270	0,090	1,279	0,094	1,381	0,090	0,092	1,181	0,090	1,335	1,041	1,313	0,090	1,337	0,096	1,332	0,090	1,382	0,719	0,091	0,637	0,090	1,301	0,091	0,743	0,090	0,802	0,094	0,806	0,089	0,090	1,232	0,089	1,333	0,090	1,278	0,090	1,288	0,097	1,264	0,092	1,336	0,091	0,090	0,091	0,090	0,090	0,090	0,090	0,089	0,091	0,091	0,090	0,089	0,090	0,090	0,091	0,090	0,092	0,089	0,090	0,089	0,090	0,090	0,092	0,089
11:18:04	37,0	1,202	0,092	1,308	0,098	1,244	0,095	1,306	0,090	1,194	0,089	1,262	0,091	0,091	1,177	0,092	1,331	0,090	1,275	0,090	1,284	0,090	1,167	0,090	1,316	1,301	0,090	1,298	0,092	1,297	0,090	1,277	0,090	1,280	0,094	1,384	0,090	0,091	1,190	0,090	1,340	1,056	1,317	0,090	1,344	0,096	1,334	0,090	1,386	0,729	0,090	0,642	0,089	1,309	0,090	0,751	0,090	0,804	0,095	0,814	0,089	0,090	1,240	0,089	1,337	0,089	1,284	0,090	1,292	0,097	1,271	0,092	1,340	0,091	0,090	0,091	0,090	0,090	0,090	0,090	0,089	0,091	0,091	0,090	0,088	0,090	0,090	0,091	0,091	0,091	0,089	0,090	0,089	0,090	0,090	0,091	0,089
11:28:04	37,0	1,200	0,093	1,306	0,098	1,245	0,094	1,304	0,090	1,200	0,089	1,262	0,091	0,090	1,183	0,092	1,334	0,090	1,276	0,089	1,286	0,090	1,171	0,090	1,315	1,304	0,090	1,305	0,092	1,302	0,089	1,286	0,090	1,285	0,094	1,392	0,090	0,091	1,198	0,090	1,344	1,066	1,324	0,090	1,349	0,096	1,337	0,090	1,388	0,735	0,091	0,646	0,089	1,312	0,090	0,754	0,090	0,807	0,094	0,820	0,089	0,090	1,248	0,089	1,345	0,089	1,292	0,089	1,296	0,097	1,273	0,092	1,346	0,091	0,090	0,090	0,090	0,090	0,090	0,090	0,089	0,091	0,091	0,090	0,088	0,090	0,090	0,091	0,090	0,091	0,089	0,090	0,089	0,090	0,090	0,091	0,089
11:38:04	37,0	1,201	0,093	1,305	0,098	1,244	0,095	1,302	0,090	1,202	0,089	1,264	0,091	0,091	1,188	0,092	1,334	0,090	1,278	0,090	1,288	0,090	1,174	0,090	1,314	1,308	0,090	1,311	0,091	1,310	0,089	1,290	0,090	1,287	0,094	1,393	0,090	0,091	1,205	0,090	1,350	1,078	1,332	0,090	1,356	0,096	1,343	0,090	1,394	0,742	0,090	0,651	0,090	1,314	0,090	0,761	0,089	0,811	0,094	0,826	0,089	0,090	1,254	0,089	1,349	0,089	1,295	0,090	1,302	0,097	1,278	0,092	1,354	0,090	0,090	0,091	0,090	0,090	0,090	0,090	0,089	0,091	0,091	0,090	0,088	0,090	0,090	0,091	0,090	0,091	0,089	0,090	0,089	0,090	0,090	0,091	0,089
11:48:04	36,9	1,202	0,093	1,304	0,098	1,246	0,095	1,299	0,091	1,206	0,090	1,262	0,091	0,091	1,191	0,092	1,337	0,090	1,289	0,090	1,289	0,090	1,179	0,090	1,316	1,314	0,090	1,317	0,092	1,319	0,090	1,297	0,091	1,290	0,094	1,400	0,091	0,092	1,216	0,090	1,357	1,092	1,337	0,090	1,363	0,096	1,346	0,090	1,397	0,749	0,091	0,655	0,090	1,320	0,091	0,766	0,090	0,814	0,094	0,832	0,089	0,090	1,261	0,090	1,355	0,090	1,299	0,090	1,305	0,097	1,284	0,092	1,360	0,091	0,090	0,091	0,090	0,090	0,090	0,090	0,090	0,091	0,092	0,090	0,089	0,090	0,090	0,091	0,091	0,092	0,090	0,090	0,089	0,091	0,091	0,091	0,089
11:58:04	37,0	1,201	0,093	1,303	0,098	1,247	0,095	1,298	0,090	1,217	0,090	1,262	0,091	0,091	1,195	0,092	1,337	0,090	1,295	0,089	1,292	0,090	1,183	0,090	1,317	1,318	0,090	1,324	0,091	1,325	0,089	1,304	0,090	1,294	0,094	1,403	0,090	0,092	1,226	0,090	1,364	1,105	1,348	0,090	1,370	0,096	1,349	0,090	1,401	0,755	0,090	0,659	0,090	1,323	0,090	0,771	0,090	0,818	0,094	0,838	0,089	0,090	1,265	0,089	1,360	0,090	1,305	0,090	1,305	0,097	1,289	0,092	1,365	0,091	0,090	0,090	0,090	0,090	0,090	0,090	0,089	0,091	0,091	0,090	0,088	0,090	0,090	0,091	0,091	0,091	0,089	0,090	0,089	0,090	0,090	0,091	0,089
12:08:04	37,0	1,202	0,092	1,301	0,098	1,248	0,095	1,296	0,090	1,219	0,089	1,261	0,091	0,091	1,203	0,092	1,339	0,090	1,293	0,089	1,294	0,090	1,189	0,090	1,316	1,321	0,090	1,330	0,092	1,334	0,090	1,309	0,090	1,298	0,094	1,407	0,090	0,091	1,236	0,090	1,369	1,112	1,352	0,090	1,377	0,096	1,353	0,090	1,403	0,761	0,090	0,663	0,090	1,327	0,090	0,775	0,089	0,824	0,094	0,844	0,089	0,090	1,271	0,089	1,364	0,089	1,310	0,089	1,313	0,096	1,291	0,092	1,367	0,090	0,090	0,090	0,090	0,090	0,090	0,090	0,089	0,091	0,091	0,090	0,088	0,090	0,090	0,091	0,090	0,091	0,089	0,090	0,089	0,090	0,090	0,091	0,089
12:18:04	37,0	1,202	0,093	1,299	0,098	1,247	0,095	1,294	0,090	1,224	0,089	1,260	0,091	0,091	1,204	0,092	1,339	0,090	1,294	0,090	1,294	0,090	1,192	0,090	1,317	1,324	0,090	1,336	0,092	1,338	0,090	1,315	0,090	1,301	0,094	1,408	0,090	0,091	1,241	0,090	1,375	1,121	1,359	0,090	1,380	0,096	1,355	0,090	1,407	0,766	0,090	0,667	0,090	1,331	0,091	0,780	0,090	0,827	0,095	0,848	0,089	0,090	1,274	0,090	1,367	0,089	1,314	0,090	1,318	0,097	1,296	0,092	1,373	0,091	0,090	0,091	0,090	0,090	0,090	0,090	0,089	0,091	0,091	0,090	0,088	0,090	0,090	0,091	0,091	0,092	0,089	0,090	0,089	0,090	0,091	0,091	0,090
12:28:04	37,0	1,202	0,093	1,298	0,098	1,247	0,095	1,293	0,090	1,221	0,089	1,262	0,091	0,091	1,212	0,092	1,340	0,090	1,298	0,090	1,295	0,090	1,196	0,090	1,318	1,329	0,090	1,342	0,092	1,346	0,089	1,321	0,090	1,303	0,094	1,413	0,090	0,091	1,250	0,090	1,382	1,133	1,363	0,090	1,387	0,096	1,358	0,090	1,409	0,771	0,090	0,672	0,089	1,334	0,090	0,787	0,090	0,832	0,094	0,855	0,089	0,090	1,281	0,089	1,373	0,089	1,319	0,090	1,322	0,097	1,304	0,092	1,376	0,091	0,090	0,091	0,090	0,090	0,090	0,090	0,089	0,091	0,091	0,090	0,088	0,090	0,090	0,091	0,090	0,091	0,089	0,090	0,089	0,090	0,090	0,091	0,089
12:38:04	37,0	1,203	0,092	1,300	0,098	1,249	0,095	1,293	0,090	1,223	0,089	1,266	0,091	0,091	1,213	0,092	1,347	0,090	1,307	0,090	1,298	0,090	1,204	0,090	1,321	1,333	0,090	1,349	0,091	1,351	0,089	1,330	0,090	1,308	0,094	1,419	0,090	0,091	1,260	0,090	1,391	1,143	1,370	0,090	1,392	0,096	1,362	0,090	1,412	0,778	0,090	0,677	0,089	1,341	0,090	0,794	0,089	0,842	0,094	0,862	0,089	0,090	1,289	0,089	1,379	0,089	1,326	0,090	1,327	0,097	1,310	0,092	1,381	0,090	0,090	0,090	0,090	0,090	0,090	0,090	0,089	0,091	0,091	0,090	0,088	0,090	0,090	0,091	0,090	0,091	0,089	0,090	0,089	0,090	0,090	0,091	0,089
12:48:04	37,0	1,201	0,093	1,294	0,098	1,247	0,095	1,289	0,090	1,219	0,090	1,262	0,091	0,091	1,216	0,092	1,341	0,090	1,301	0,090	1,298	0,090	1,203	0,090	1,319	1,335	0,090	1,352	0,091	1,356	0,089	1,331	0,090	1,309	0,094	1,420	0,090	0,091	1,266	0,090	1,394	1,151	1,377	0,090	1,393	0,096	1,365	0,090	1,415	0,784	0,091	0,681	0,090	1,343	0,090	0,799	0,090	0,841	0,094	0,867	0,089	0,090	1,291	0,089	1,379	0,090	1,328	0,090	1,331	0,097	1,311	0,092	1,385	0,091	0,090	0,091	0,090	0,090	0,090	0,090	0,089	0,091	0,091	0,090	0,088	0,090	0,090	0,091	0,091	0,091	0,089	0,090	0,089	0,090	0,090	0,091	0,089
12:58:04	37,0	1,203	0,093	1,292	0,098	1,248	0,095	1,289	0,090	1,227	0,089	1,265	0,091	0,091	1,221	0,092	1,345	0,090	1,307	0,090	1,297	0,090	1,210	0,090	1,320	1,341	0,090	1,357	0,092	1,362	0,090	1,335	0,090	1,309	0,094	1,425	0,090	0,091	1,275	0,090	1,403	1,162	1,379	0,090	1,398	0,096	1,368	0,090	1,417	0,793	0,091	0,685	0,090	1,348	0,091	0,805	0,090	0,849	0,094	0,875	0,089	0,090	1,300	0,090	1,384	0,089	1,334	0,090	1,335	0,097	1,319	0,092	1,387	0,091	0,090	0,090	0,090	0,090	0,090	0,090	0,089	0,091	0,091	0,090	0,088	0,090	0,090	0,091	0,091	0,091	0,089	0,090	0,089	0,090	0,091	0,091	0,089
13:08:04	37,0	1,200	0,093	1,292	0,098	1,245	0,095	1,289	0,090	1,230	0,090	1,264	0,091	0,091	1,223	0,092	1,340	0,090	1,310	0,090	1,299	0,090	1,213	0,090	1,320	1,343	0,090	1,361	0,091	1,364	0,090	1,339	0,090	1,314	0,094	1,428	0,090	0,091	1,285	0,090	1,404	1,173	1,388	0,090	1,403	0,096	1,369	0,090	1,421	0,802	0,091	0,689	0,090	1,351	0,091	0,810	0,090	0,852	0,095	0,882	0,089	0,090	1,304	0,089	1,388	0,089	1,337	0,090	1,339	0,097	1,324	0,092	1,389	0,091	0,090	0,090	0,090	0,090	0,090	0,090	0,089	0,091	0,091	0,091	0,089	0,090	0,090	0,091	0,091	0,091	0,089	0,090	0,089	0,091	0,091	0,091	0,089
13:18:04	37,0	1,201	0,092	1,286	0,098	1,243	0,095	1,284	0,090	1,224	0,089	1,261	0,091	0,091	1,228	0,092	1,343	0,090	1,303	0,090	1,298	0,090	1,210	0,090	1,318	1,343	0,090	1,363	0,091	1,368	0,089	1,341	0,090	1,312	0,094	1,429	0,090	0,091	1,290	0,090	1,407	1,177	1,391	0,090	1,405	0,096	1,371	0,090	1,422	0,810	0,090	0,693	0,089	1,353	0,090	0,814	0,089	0,850	0,094	0,886	0,089	0,090	1,306	0,089	1,390	0,090	1,342	0,090	1,340	0,096	1,325	0,092	1,393	0,091	0,090	0,090	0,090	0,090	0,090	0,090	0,089	0,091	0,091	0,090	0,088	0,090	0,090	0,091	0,090	0,091	0,089	0,090	0,089	0,090	0,090	0,091	0,089
13:28:04	37,0	1,205	0,092	1,285	0,098	1,245	0,095	1,285	0,090	1,237	0,089	1,265	0,091	0,091	1,230	0,092	1,342	0,090	1,310	0,090	1,299	0,090	1,216	0,090	1,320	1,348	0,090	1,368	0,091	1,372	0,089	1,347	0,090	1,315	0,094	1,431	0,090	0,091	1,302	0,090	1,412	1,188	1,396	0,090	1,410	0,096	1,375	0,090	1,424	0,815	0,091	0,698	0,089	1,356	0,090	0,821	0,089	0,861	0,094	0,893	0,089	0,090	1,312	0,089	1,397	0,089	1,344	0,090	1,345	0,097	1,332	0,092	1,393	0,090	0,090	0,091	0,090	0,090	0,090	0,090	0,089	0,091	0,091	0,090	0,088	0,090	0,090	0,091	0,091	0,091	0,089	0,090	0,089	0,090	0,090	0,091	0,089
13:38:04	37,0	1,203	0,092	1,279	0,098	1,245	0,095	1,282	0,090	1,233	0,089	1,260	0,091	0,091	1,234	0,092	1,343	0,090	1,309	0,090	1,300	0,090	1,214	0,090	1,317	1,349	0,090	1,370	0,092	1,374	0,089	1,349	0,090	1,317	0,094	1,435	0,090	0,091	1,311	0,090	1,415	1,195	1,397	0,090	1,410	0,096	1,375	0,090	1,426	0,823	0,091	0,702	0,090	1,358	0,091	0,824	0,090	0,863	0,094	0,899	0,089	0,090	1,316	0,089	1,397	0,089	1,347	0,090	1,348	0,097	1,334	0,092	1,399	0,091	0,090	0,091	0,090	0,090	0,090	0,090	0,089	0,091	0,091	0,090	0,088	0,090	0,090	0,091	0,091	0,091	0,089	0,090	0,089	0,090	0,090	0,091	0,089
13:48:04	37,0	1,202	0,093	1,276	0,098	1,243	0,095	1,278	0,090	1,230	0,089	1,258	0,091	0,091	1,233	0,092	1,342	0,090	1,309	0,090	1,295	0,090	1,213	0,090	1,316	1,351	0,090	1,372	0,092	1,377	0,090	1,351	0,090	1,316	0,094	1,434	0,090	0,092	1,315	0,090	1,416	1,204	1,401	0,090	1,414	0,096	1,376	0,090	1,428	0,825	0,091	0,704	0,090	1,359	0,091	0,828	0,090	0,863	0,095	0,903	0,089	0,090	1,317	0,090	1,401	0,090	1,348	0,090	1,350	0,097	1,338	0,092	1,401	0,091	0,090	0,091	0,090	0,090	0,090	0,090	0,089	0,091	0,091	0,090	0,089	0,090	0,090	0,091	0,091	0,091	0,090	0,090	0,089	0,090	0,091	0,091	0,090
13:58:04	37,0	1,202	0,093	1,273	0,098	1,242	0,095	1,275	0,090	1,235	0,090	1,260	0,091	0,091	1,233	0,092	1,339	0,090	1,313	0,090	1,297	0,090	1,217	0,090	1,315	1,356	0,090	1,377	0,091	1,378	0,090	1,354	0,091	1,314	0,094	1,438	0,090	0,092	1,323	0,090	1,421	1,210	1,405	0,090	1,418	0,096	1,378	0,090	1,430	0,830	0,090	0,708	0,090	1,361	0,091	0,833	0,090	0,867	0,094	0,910	0,089	0,090	1,322	0,089	1,407	0,089	1,352	0,090	1,348	0,097	1,338	0,092	1,401	0,091	0,090	0,091	0,090	0,090	0,090	0,090	0,089	0,091	0,091	0,090	0,088	0,090	0,090	0,091	0,091	0,091	0,089	0,090	0,089	0,090	0,091	0,091	0,089
14:08:04	37,0	1,201	0,093	1,269	0,098	1,244	0,095	1,273	0,090	1,231	0,090	1,258	0,091	0,091	1,235	0,092	1,340	0,090	1,309	0,090	1,295	0,090	1,214	0,090	1,315	1,357	0,090	1,380	0,092	1,381	0,090	1,356	0,090	1,315	0,094	1,438	0,090	0,092	1,330	0,090	1,422	1,216	1,407	0,090	1,420	0,096	1,382	0,090	1,431	0,834	0,091	0,712	0,090	1,363	0,091	0,838	0,090	0,871	0,094	0,915	0,089	0,090	1,324	0,090	1,405	0,090	1,355	0,090	1,355	0,097	1,341	0,092	1,403	0,091	0,090	0,091	0,090	0,090	0,090	0,090	0,089	0,091	0,091	0,091	0,089	0,090	0,090	0,091	0,091	0,092	0,089	0,090	0,089	0,090	0,091	0,091	0,090
14:18:04	37,0	1,201	0,093	1,267	0,098	1,242	0,095	1,270	0,090	1,234	0,090	1,258	0,091	0,091	1,237	0,092	1,338	0,090	1,309	0,090	1,295	0,090	1,216	0,090	1,314	1,360	0,090	1,383	0,092	1,383	0,089	1,359	0,090	1,318	0,094	1,441	0,090	0,092	1,338	0,090	1,425	1,224	1,413	0,090	1,421	0,096	1,383	0,090	1,432	0,837	0,091	0,716	0,090	1,364	0,091	0,843	0,090	0,876	0,094	0,920	0,089	0,090	1,327	0,090	1,408	0,090	1,357	0,090	1,357	0,097	1,345	0,092	1,408	0,091	0,090	0,091	0,090	0,090	0,090	0,090	0,089	0,091	0,091	0,090	0,089	0,090	0,090	0,091	0,091	0,091	0,089	0,090	0,089	0,090	0,091	0,091	0,089
14:28:04	37,0	1,199	0,093	1,266	0,098	1,242	0,095	1,268	0,090	1,241	0,090	1,260	0,091	0,091	1,240	0,092	1,334	0,090	1,316	0,090	1,296	0,090	1,220	0,090	1,317	1,362	0,090	1,386	0,091	1,387	0,090	1,362	0,090	1,319	0,094	1,444	0,090	0,092	1,340	0,090	1,430	1,231	1,415	0,090	1,425	0,096	1,384	0,090	1,435	0,844	0,091	0,720	0,090	1,366	0,090	0,850	0,089	0,880	0,094	0,927	0,089	0,090	1,332	0,089	1,414	0,089	1,361	0,089	1,359	0,097	1,351	0,092	1,406	0,091	0,090	0,091	0,090	0,090	0,090	0,090	0,089	0,091	0,091	0,090	0,089	0,090	0,090	0,091	0,091	0,092	0,089	0,090	0,089	0,090	0,091	0,091	0,089
14:38:04	37,0	1,200	0,093	1,263	0,098	1,242	0,095	1,264	0,090	1,239	0,089	1,258	0,091	0,091	1,240	0,092	1,339	0,090	1,312	0,090	1,296	0,090	1,219	0,090	1,316	1,365	0,090	1,388	0,092	1,387	0,090	1,364	0,090	1,319	0,094	1,447	0,090	0,091	1,346	0,090	1,433	1,236	1,418	0,090	1,425	0,096	1,388	0,090	1,435	0,849	0,090	0,723	0,090	1,368	0,091	0,854	0,089	0,883	0,094	0,933	0,089	0,090	1,336	0,089	1,414	0,089	1,364	0,090	1,363	0,097	1,354	0,092	1,412	0,091	0,090	0,091	0,090	0,090	0,090	0,090	0,089	0,091	0,091	0,090	0,089	0,090	0,090	0,091	0,091	0,091	0,089	0,090	0,089	0,090	0,091	0,091	0,090
14:48:04	37,0	1,199	0,093	1,260	0,098	1,241	0,095	1,262	0,090	1,241	0,089	1,257	0,091	0,091	1,243	0,092	1,333	0,090	1,314	0,090	1,295	0,090	1,221	0,090	1,315	1,366	0,090	1,391	0,091	1,391	0,089	1,367	0,090	1,319	0,094	1,448	0,090	0,091	1,349	0,090	1,436	1,245	1,421	0,090	1,429	0,096	1,388	0,090	1,435	0,850	0,091	0,727	0,090	1,371	0,090	0,858	0,089	0,887	0,094	0,939	0,089	0,090	1,339	0,090	1,419	0,089	1,367	0,090	1,367	0,096	1,356	0,092	1,414	0,091	0,090	0,091	0,090	0,090	0,090	0,090	0,089	0,091	0,091	0,090	0,088	0,090	0,090	0,091	0,091	0,091	0,089	0,090	0,089	0,090	0,091	0,091	0,089
14:58:04	37,0	1,200	0,093	1,260	0,098	1,244	0,095	1,261	0,090	1,250	0,090	1,260	0,091	0,091	1,244	0,092	1,335	0,090	1,316	0,090	1,295	0,090	1,223	0,090	1,319	1,370	0,090	1,394	0,092	1,394	0,090	1,371	0,090	1,322	0,094	1,450	0,090	0,092	1,352	0,090	1,441	1,250	1,425	0,090	1,432	0,096	1,391	0,090	1,442	0,856	0,091	0,732	0,090	1,375	0,091	0,869	0,090	0,892	0,095	0,946	0,089	0,090	1,342	0,089	1,418	0,089	1,369	0,090	1,369	0,097	1,361	0,092	1,418	0,091	0,090	0,091	0,090	0,090	0,090	0,090	0,089	0,091	0,091	0,090	0,088	0,090	0,090	0,091	0,091	0,092	0,089	0,090	0,089	0,090	0,091	0,091	0,089
15:08:04	37,0	1,198	0,093	1,254	0,098	1,241	0,095	1,258	0,090	1,240	0,090	1,253	0,091	0,091	1,244	0,092	1,333	0,090	1,313	0,090	1,294	0,090	1,220	0,090	1,314	1,370	0,090	1,395	0,092	1,394	0,090	1,371	0,090	1,322	0,094	1,451	0,091	0,092	1,354	0,090	1,438	1,256	1,426	0,090	1,435	0,096	1,393	0,090	1,439	0,862	0,091	0,735	0,090	1,373	0,091	0,869	0,090	0,893	0,095	0,949	0,089	0,090	1,345	0,090	1,421	0,090	1,373	0,090	1,372	0,097	1,362	0,092	1,420	0,091	0,090	0,091	0,090	0,090	0,090	0,090	0,090	0,092	0,091	0,090	0,088	0,090	0,090	0,091	0,091	0,092	0,090	0,090	0,089	0,090	0,091	0,091	0,090
15:18:04	37,0	1,196	0,093	1,250	0,098	1,240	0,095	1,255	0,090	1,242	0,089	1,254	0,091	0,091	1,246	0,092	1,330	0,090	1,310	0,090	1,293	0,090	1,221	0,090	1,313	1,371	0,090	1,397	0,092	1,397	0,089	1,373	0,090	1,322	0,094	1,452	0,090	0,091	1,360	0,090	1,444	1,260	1,428	0,090	1,435	0,096	1,393	0,090	1,441	0,862	0,091	0,738	0,090	1,376	0,090	0,873	0,090	0,896	0,094	0,953	0,089	0,090	1,347	0,089	1,427	0,089	1,375	0,090	1,373	0,097	1,365	0,092	1,422	0,091	0,090	0,091	0,090	0,090	0,090	0,090	0,089	0,091	0,091	0,090	0,088	0,090	0,090	0,091	0,091	0,091	0,089	0,090	0,089	0,090	0,091	0,091	0,089
15:28:04	37,0	1,196	0,093	1,252	0,098	1,241	0,095	1,254	0,090	1,246	0,089	1,255	0,091	0,091	1,248	0,092	1,328	0,090	1,314	0,090	1,294	0,090	1,222	0,090	1,317	1,373	0,090	1,401	0,092	1,399	0,089	1,376	0,090	1,325	0,094	1,455	0,090	0,092	1,361	0,090	1,445	1,268	1,431	0,090	1,438	0,096	1,394	0,090	1,442	0,866	0,091	0,742	0,090	1,376	0,091	0,877	0,090	0,901	0,095	0,959	0,089	0,090	1,350	0,089	1,430	0,089	1,376	0,090	1,376	0,097	1,369	0,092	1,424	0,091	0,090	0,091	0,090	0,090	0,090	0,090	0,089	0,091	0,091	0,090	0,088	0,090	0,090	0,091	0,091	0,091	0,089	0,090	0,089	0,090	0,091	0,091	0,089
15:38:04	37,0	1,194	0,093	1,248	0,098	1,240	0,095	1,250	0,090	1,244	0,089	1,252	0,091	0,091	1,250	0,092	1,328	0,090	1,312	0,090	1,292	0,090	1,222	0,090	1,318	1,374	0,090	1,403	0,091	1,400	0,090	1,379	0,090	1,324	0,094	1,456	0,090	0,092	1,362	0,090	1,448	1,272	1,433	0,090	1,440	0,096	1,397	0,090	1,444	0,868	0,091	0,746	0,090	1,379	0,091	0,884	0,090	0,903	0,094	0,965	0,089	0,090	1,353	0,089	1,430	0,089	1,379	0,090	1,377	0,096	1,371	0,092	1,427	0,091	0,090	0,091	0,090	0,090	0,090	0,090	0,089	0,091	0,091	0,090	0,088	0,090	0,090	0,091	0,091	0,091	0,089	0,090	0,089	0,090	0,091	0,091	0,090
15:48:04	37,0	1,195	0,093	1,246	0,098	1,240	0,095	1,248	0,090	1,246	0,089	1,252	0,091	0,091	1,251	0,092	1,328	0,090	1,313	0,090	1,292	0,090	1,222	0,090	1,317	1,376	0,090	1,405	0,091	1,402	0,090	1,381	0,090	1,327	0,094	1,459	0,090	0,091	1,365	0,090	1,451	1,278	1,435	0,090	1,444	0,096	1,398	0,090	1,447	0,872	0,091	0,748	0,090	1,380	0,090	0,887	0,090	0,909	0,094	0,971	0,089	0,090	1,357	0,089	1,434	0,089	1,381	0,090	1,380	0,097	1,376	0,092	1,430	0,091	0,090	0,091	0,090	0,090	0,090	0,090	0,089	0,091	0,091	0,090	0,088	0,090	0,090	0,091	0,091	0,091	0,089	0,090	0,089	0,090	0,091	0,091	0,089
15:58:04	36,9	1,195	0,093	1,243	0,098	1,238	0,095	1,245	0,090	1,240	0,089	1,250	0,091	0,091	1,249	0,092	1,325	0,090	1,311	0,090	1,290	0,090	1,219	0,090	1,314	1,378	0,090	1,406	0,092	1,403	0,090	1,382	0,090	1,326	0,094	1,459	0,090	0,092	1,369	0,090	1,455	1,281	1,437	0,090	1,445	0,096	1,400	0,090	1,446	0,875	0,090	0,752	0,089	1,380	0,091	0,891	0,089	0,912	0,094	0,975	0,089	0,090	1,359	0,089	1,435	0,089	1,383	0,090	1,381	0,097	1,378	0,092	1,433	0,091	0,090	0,091	0,090	0,090	0,090	0,090	0,089	0,091	0,091	0,090	0,089	0,090	0,090	0,091	0,090	0,091	0,089	0,090	0,089	0,090	0,091	0,091	0,090
16:08:04	37,0	1,192	0,092	1,242	0,098	1,239	0,095	1,244	0,090	1,242	0,089	1,249	0,091	0,091	1,254	0,092	1,322	0,090	1,309	0,089	1,289	0,090	1,220	0,090	1,314	1,380	0,090	1,409	0,091	1,405	0,089	1,384	0,090	1,328	0,094	1,460	0,090	0,091	1,370	0,090	1,458	1,285	1,440	0,090	1,448	0,096	1,400	0,090	1,448	0,877	0,090	0,755	0,089	1,381	0,090	0,895	0,089	0,914	0,094	0,980	0,089	0,090	1,362	0,089	1,436	0,089	1,383	0,089	1,382	0,096	1,380	0,092	1,435	0,091	0,090	0,091	0,090	0,090	0,090	0,090	0,089	0,091	0,091	0,090	0,088	0,090	0,090	0,091	0,090	0,091	0,089	0,090	0,089	0,090	0,091	0,091	0,089
16:18:04	37,0	1,191	0,093	1,239	0,098	1,237	0,095	1,241	0,090	1,241	0,090	1,247	0,091	0,091	1,252	0,092	1,320	0,090	1,310	0,090	1,290	0,090	1,221	0,090	1,312	1,381	0,090	1,411	0,092	1,407	0,090	1,386	0,090	1,329	0,094	1,461	0,090	0,091	1,370	0,090	1,460	1,290	1,442	0,090	1,450	0,096	1,402	0,090	1,450	0,880	0,091	0,759	0,090	1,385	0,091	0,901	0,090	0,916	0,095	0,985	0,089	0,090	1,363	0,089	1,439	0,089	1,385	0,090	1,388	0,097	1,382	0,092	1,437	0,091	0,090	0,091	0,090	0,090	0,090	0,090	0,089	0,091	0,091	0,090	0,089	0,090	0,090	0,091	0,091	0,091	0,089	0,090	0,089	0,090	0,091	0,091	0,090
16:28:04	37,0	1,192	0,093	1,236	0,098	1,237	0,095	1,240	0,090	1,242	0,089	1,247	0,091	0,091	1,252	0,092	1,319	0,090	1,310	0,090	1,287	0,090	1,220	0,090	1,311	1,381	0,091	1,412	0,091	1,409	0,090	1,387	0,090	1,329	0,094	1,462	0,090	0,092	1,373	0,090	1,461	1,293	1,444	0,090	1,452	0,096	1,403	0,090	1,451	0,882	0,091	0,762	0,089	1,383	0,091	0,905	0,089	0,921	0,094	0,990	0,089	0,090	1,366	0,089	1,438	0,089	1,388	0,090	1,389	0,097	1,386	0,092	1,439	0,091	0,090	0,091	0,090	0,090	0,090	0,090	0,089	0,091	0,091	0,090	0,089	0,090	0,090	0,091	0,091	0,091	0,089	0,090	0,089	0,090	0,091	0,091	0,089
16:38:04	37,0	1,189	0,093	1,235	0,098	1,235	0,095	1,236	0,090	1,241	0,089	1,245	0,091	0,091	1,251	0,092	1,316	0,090	1,311	0,090	1,286	0,090	1,220	0,090	1,309	1,381	0,090	1,415	0,091	1,410	0,090	1,389	0,090	1,330	0,094	1,464	0,090	0,092	1,374	0,090	1,463	1,298	1,446	0,090	1,454	0,096	1,404	0,090	1,453	0,886	0,091	0,766	0,090	1,387	0,091	0,909	0,090	0,924	0,095	0,993	0,089	0,090	1,369	0,090	1,443	0,089	1,388	0,090	1,391	0,097	1,389	0,092	1,439	0,091	0,090	0,091	0,090	0,090	0,090	0,090	0,089	0,091	0,091	0,090	0,088	0,090	0,090	0,091	0,091	0,091	0,089	0,090	0,089	0,090	0,091	0,091	0,090
16:48:04	37,0	1,188	0,093	1,232	0,098	1,233	0,095	1,234	0,090	1,240	0,090	1,242	0,091	0,091	1,249	0,092	1,317	0,090	1,310	0,090	1,283	0,090	1,218	0,090	1,306	1,384	0,090	1,416	0,092	1,411	0,089	1,389	0,090	1,331	0,094	1,465	0,090	0,092	1,376	0,090	1,466	1,303	1,446	0,090	1,455	0,096	1,404	0,090	1,454	0,888	0,091	0,769	0,090	1,387	0,091	0,912	0,090	0,929	0,095	0,997	0,089	0,090	1,371	0,089	1,446	0,089	1,391	0,090	1,393	0,097	1,391	0,092	1,440	0,091	0,090	0,091	0,090	0,090	0,090	0,090	0,089	0,092	0,091	0,090	0,088	0,090	0,090	0,091	0,091	0,091	0,089	0,090	0,089	0,090	0,091	0,091	0,090
16:58:04	37,0	1,186	0,093	1,230	0,098	1,231	0,095	1,231	0,090	1,235	0,090	1,240	0,091	0,091	1,252	0,092	1,310	0,090	1,308	0,090	1,280	0,090	1,218	0,090	1,308	1,385	0,090	1,417	0,092	1,411	0,090	1,391	0,090	1,331	0,094	1,464	0,090	0,092	1,379	0,090	1,468	1,307	1,450	0,090	1,456	0,096	1,405	0,090	1,452	0,889	0,091	0,773	0,090	1,385	0,090	0,915	0,090	0,930	0,094	1,000	0,089	0,090	1,372	0,089	1,448	0,089	1,392	0,090	1,393	0,097	1,391	0,092	1,440	0,091	0,090	0,091	0,090	0,090	0,090	0,090	0,089	0,091	0,091	0,090	0,088	0,090	0,090	0,091	0,091	0,091	0,089	0,090	0,089	0,090	0,091	0,091	0,090
17:08:04	37,0	1,186	0,093	1,224	0,098	1,226	0,095	1,226	0,090	1,227	0,090	1,233	0,091	0,091	1,246	0,092	1,307	0,090	1,309	0,090	1,274	0,090	1,209	0,090	1,300	1,384	0,090	1,417	0,091	1,411	0,089	1,389	0,090	1,329	0,094	1,463	0,090	0,092	1,379	0,090	1,469	1,311	1,449	0,090	1,456	0,096	1,406	0,090	1,454	0,892	0,091	0,776	0,089	1,385	0,091	0,916	0,089	0,928	0,094	0,999	0,089	0,090	1,372	0,089	1,446	0,089	1,393	0,090	1,396	0,096	1,390	0,092	1,438	0,091	0,090	0,091	0,090	0,090	0,090	0,090	0,089	0,091	0,091	0,090	0,088	0,090	0,090	0,091	0,091	0,091	0,089	0,090	0,089	0,090	0,091	0,091	0,090
17:18:04	37,0	1,183	0,093	1,224	0,098	1,224	0,095	1,223	0,090	1,227	0,089	1,231	0,091	0,091	1,244	0,092	1,305	0,090	1,306	0,090	1,273	0,090	1,210	0,090	1,299	1,385	0,090	1,418	0,092	1,413	0,089	1,392	0,090	1,329	0,094	1,465	0,090	0,092	1,380	0,090	1,470	1,315	1,452	0,090	1,456	0,096	1,406	0,090	1,454	0,891	0,091	0,780	0,089	1,385	0,090	0,920	0,089	0,929	0,094	1,002	0,089	0,090	1,375	0,089	1,450	0,089	1,394	0,090	1,397	0,096	1,390	0,092	1,438	0,091	0,090	0,091	0,090	0,090	0,090	0,090	0,089	0,091	0,091	0,090	0,088	0,090	0,090	0,091	0,091	0,092	0,089	0,090	0,089	0,090	0,091	0,091	0,089
17:28:04	37,0	1,184	0,093	1,221	0,098	1,225	0,095	1,223	0,090	1,230	0,090	1,233	0,091	0,091	1,246	0,092	1,307	0,090	1,303	0,090	1,274	0,090	1,214	0,090	1,301	1,388	0,091	1,420	0,092	1,413	0,090	1,393	0,091	1,329	0,094	1,466	0,091	0,092	1,383	0,090	1,474	1,319	1,454	0,090	1,459	0,096	1,408	0,090	1,454	0,893	0,091	0,784	0,090	1,386	0,091	0,924	0,090	0,934	0,095	1,006	0,089	0,090	1,377	0,090	1,450	0,089	1,395	0,090	1,398	0,097	1,393	0,092	1,440	0,091	0,090	0,091	0,090	0,090	0,090	0,090	0,090	0,091	0,091	0,090	0,089	0,090	0,090	0,091	0,091	0,092	0,090	0,090	0,089	0,090	0,091	0,091	0,090
17:38:04	37,0	1,181	0,093	1,219	0,098	1,222	0,095	1,223	0,090	1,231	0,090	1,233	0,091	0,091	1,246	0,092	1,301	0,090	1,305	0,090	1,269	0,090	1,214	0,090	1,299	1,387	0,090	1,421	0,092	1,414	0,090	1,395	0,090	1,331	0,094	1,466	0,090	0,092	1,383	0,090	1,475	1,320	1,455	0,090	1,462	0,096	1,408	0,090	1,454	0,895	0,091	0,788	0,089	1,389	0,091	0,927	0,089	0,937	0,094	1,009	0,089	0,090	1,378	0,090	1,453	0,089	1,395	0,090	1,399	0,097	1,395	0,092	1,439	0,091	0,090	0,091	0,090	0,090	0,090	0,090	0,089	0,091	0,091	0,090	0,088	0,090	0,090	0,091	0,091	0,091	0,089	0,090	0,089	0,090	0,091	0,091	0,090
17:48:04	37,0	1,182	0,093	1,215	0,098	1,219	0,095	1,218	0,090	1,223	0,089	1,227	0,091	0,091	1,244	0,092	1,301	0,090	1,304	0,090	1,267	0,090	1,207	0,090	1,296	1,388	0,090	1,421	0,092	1,414	0,090	1,394	0,090	1,329	0,094	1,468	0,091	0,092	1,386	0,090	1,474	1,324	1,456	0,090	1,461	0,096	1,409	0,090	1,456	0,896	0,091	0,792	0,090	1,387	0,091	0,928	0,090	0,937	0,094	1,011	0,090	0,090	1,379	0,090	1,454	0,089	1,399	0,090	1,399	0,097	1,397	0,092	1,440	0,091	0,090	0,091	0,090	0,090	0,090	0,090	0,089	0,091	0,091	0,091	0,089	0,090	0,090	0,091	0,091	0,092	0,089	0,090	0,089	0,090	0,091	0,091	0,090
17:58:04	37,0	1,179	0,093	1,216	0,098	1,216	0,095	1,215	0,090	1,220	0,090	1,225	0,091	0,091	1,242	0,092	1,297	0,090	1,301	0,090	1,263	0,090	1,206	0,090	1,291	1,388	0,090	1,423	0,092	1,415	0,090	1,395	0,090	1,330	0,094	1,468	0,091	0,092	1,387	0,090	1,478	1,325	1,458	0,090	1,463	0,096	1,409	0,090	1,455	0,897	0,091	0,795	0,090	1,386	0,091	0,930	0,090	0,939	0,095	1,014	0,089	0,090	1,381	0,090	1,454	0,089	1,399	0,090	1,402	0,097	1,398	0,092	1,440	0,091	0,091	0,091	0,091	0,090	0,090	0,090	0,089	0,091	0,091	0,090	0,089	0,090	0,090	0,091	0,091	0,091	0,090	0,090	0,089	0,090	0,091	0,091	0,090
18:08:04	37,0	1,179	0,093	1,211	0,098	1,215	0,095	1,213	0,090	1,219	0,090	1,223	0,091	0,091	1,242	0,092	1,294	0,090	1,299	0,090	1,261	0,090	1,205	0,090	1,291	1,388	0,091	1,424	0,092	1,415	0,090	1,395	0,091	1,329	0,094	1,468	0,091	0,092	1,388	0,090	1,477	1,330	1,460	0,091	1,462	0,096	1,410	0,090	1,456	0,899	0,091	0,798	0,090	1,387	0,091	0,931	0,090	0,939	0,095	1,015	0,090	0,090	1,380	0,089	1,456	0,089	1,398	0,090	1,404	0,097	1,397	0,092	1,438	0,091	0,090	0,091	0,090	0,090	0,090	0,090	0,089	0,091	0,091	0,090	0,089	0,090	0,090	0,091	0,091	0,092	0,090	0,090	0,089	0,090	0,091	0,091	0,090
18:18:04	37,0	1,177	0,092	1,210	0,098	1,212	0,095	1,210	0,090	1,217	0,089	1,220	0,091	0,091	1,238	0,092	1,291	0,090	1,299	0,090	1,258	0,090	1,203	0,090	1,288	1,388	0,090	1,423	0,091	1,415	0,090	1,396	0,090	1,330	0,094	1,467	0,090	0,091	1,389	0,090	1,479	1,332	1,460	0,090	1,466	0,096	1,411	0,090	1,457	0,900	0,091	0,801	0,090	1,386	0,090	0,933	0,089	0,939	0,094	1,016	0,089	0,090	1,381	0,089	1,455	0,089	1,400	0,090	1,405	0,097	1,397	0,092	1,436	0,091	0,090	0,091	0,090	0,090	0,090	0,090	0,089	0,091	0,091	0,090	0,088	0,090	0,090	0,091	0,091	0,091	0,089	0,090	0,089	0,090	0,091	0,091	0,089
18:28:04	37,0	1,175	0,093	1,208	0,098	1,212	0,095	1,209	0,090	1,218	0,089	1,221	0,091	0,091	1,239	0,092	1,290	0,090	1,295	0,090	1,255	0,090	1,205	0,090	1,287	1,389	0,090	1,424	0,091	1,415	0,090	1,397	0,090	1,329	0,094	1,468	0,091	0,092	1,391	0,090	1,478	1,333	1,461	0,090	1,464	0,096	1,411	0,090	1,458	0,899	0,091	0,803	0,090	1,386	0,090	0,937	0,089	0,939	0,094	1,019	0,089	0,090	1,381	0,089	1,458	0,089	1,401	0,090	1,404	0,096	1,399	0,092	1,436	0,091	0,090	0,091	0,090	0,090	0,090	0,090	0,089	0,091	0,091	0,090	0,088	0,090	0,090	0,091	0,090	0,091	0,089	0,090	0,089	0,090	0,091	0,091	0,089
18:38:04	37,0	1,174	0,093	1,206	0,098	1,211	0,095	1,207	0,090	1,221	0,090	1,221	0,091	0,091	1,237	0,092	1,287	0,090	1,296	0,090	1,252	0,090	1,208	0,090	1,288	1,390	0,090	1,427	0,092	1,416	0,090	1,398	0,090	1,330	0,094	1,468	0,091	0,092	1,392	0,090	1,481	1,338	1,463	0,090	1,467	0,096	1,411	0,090	1,456	0,901	0,091	0,806	0,090	1,387	0,091	0,940	0,090	0,944	0,094	1,022	0,089	0,090	1,384	0,090	1,460	0,089	1,401	0,090	1,405	0,097	1,400	0,092	1,437	0,091	0,090	0,091	0,090	0,090	0,090	0,090	0,089	0,092	0,091	0,090	0,089	0,090	0,090	0,091	0,091	0,092	0,090	0,090	0,089	0,090	0,091	0,091	0,090
18:48:04	37,0	1,173	0,093	1,203	0,098	1,209	0,094	1,207	0,090	1,219	0,089	1,220	0,091	0,091	1,239	0,092	1,287	0,090	1,292	0,090	1,252	0,090	1,205	0,090	1,288	1,392	0,090	1,427	0,091	1,417	0,089	1,398	0,090	1,331	0,094	1,468	0,090	0,092	1,393	0,090	1,484	1,340	1,465	0,090	1,466	0,096	1,412	0,090	1,457	0,902	0,091	0,808	0,089	1,387	0,090	0,941	0,089	0,947	0,094	1,024	0,089	0,090	1,384	0,089	1,459	0,089	1,404	0,089	1,407	0,096	1,404	0,092	1,438	0,091	0,090	0,091	0,090	0,090	0,090	0,090	0,089	0,091	0,091	0,090	0,088	0,090	0,090	0,091	0,090	0,091	0,089	0,090	0,089	0,090	0,091	0,091	0,089
18:58:04	37,0	1,171	0,093	1,202	0,098	1,204	0,095	1,202	0,090	1,212	0,089	1,213	0,091	0,091	1,236	0,092	1,283	0,090	1,293	0,090	1,249	0,090	1,198	0,090	1,279	1,390	0,091	1,426	0,092	1,416	0,090	1,398	0,090	1,329	0,094	1,468	0,091	0,092	1,394	0,090	1,482	1,340	1,465	0,090	1,468	0,096	1,412	0,090	1,458	0,902	0,091	0,810	0,090	1,387	0,091	0,941	0,089	0,944	0,094	1,024	0,089	0,090	1,383	0,089	1,460	0,089	1,404	0,090	1,408	0,097	1,403	0,092	1,436	0,091	0,090	0,091	0,090	0,090	0,090	0,090	0,089	0,091	0,091	0,090	0,089	0,090	0,090	0,091	0,091	0,092	0,089	0,090	0,089	0,090	0,091	0,091	0,090
19:08:04	37,0	1,168	0,093	1,203	0,098	1,204	0,095	1,203	0,090	1,217	0,089	1,216	0,091	0,091	1,239	0,092	1,281	0,090	1,291	0,090	1,247	0,090	1,201	0,090	1,283	1,392	0,091	1,427	0,091	1,416	0,090	1,399	0,090	1,330	0,094	1,470	0,090	0,092	1,396	0,090	1,486	1,344	1,467	0,090	1,468	0,096	1,412	0,090	1,455	0,903	0,091	0,814	0,090	1,387	0,091	0,944	0,090	0,947	0,095	1,025	0,089	0,090	1,384	0,090	1,461	0,089	1,403	0,090	1,405	0,096	1,405	0,092	1,434	0,091	0,090	0,091	0,090	0,090	0,090	0,090	0,089	0,091	0,091	0,090	0,089	0,090	0,090	0,091	0,091	0,092	0,089	0,090	0,089	0,090	0,091	0,091	0,090
19:18:04	37,0	1,166	0,092	1,196	0,098	1,197	0,095	1,197	0,090	1,205	0,089	1,207	0,091	0,091	1,230	0,092	1,279	0,090	1,280	0,090	1,244	0,090	1,194	0,090	1,272	1,392	0,090	1,427	0,091	1,415	0,089	1,398	0,090	1,329	0,094	1,469	0,090	0,091	1,397	0,090	1,484	1,345	1,466	0,090	1,466	0,096	1,411	0,090	1,456	0,902	0,091	0,815	0,090	1,387	0,091	0,945	0,089	0,944	0,094	1,024	0,089	0,090	1,384	0,089	1,457	0,089	1,405	0,089	1,409	0,096	1,407	0,092	1,434	0,091	0,090	0,091	0,090	0,090	0,090	0,090	0,089	0,091	0,091	0,090	0,089	0,090	0,090	0,091	0,091	0,091	0,089	0,090	0,089	0,090	0,091	0,091	0,090
19:28:04	37,0	1,165	0,093	1,198	0,098	1,200	0,095	1,197	0,090	1,211	0,089	1,209	0,091	0,091	1,232	0,092	1,277	0,090	1,285	0,090	1,240	0,090	1,197	0,090	1,278	1,393	0,090	1,427	0,092	1,416	0,090	1,399	0,090	1,329	0,094	1,469	0,090	0,092	1,397	0,090	1,485	1,347	1,468	0,090	1,470	0,096	1,411	0,090	1,454	0,903	0,091	0,817	0,090	1,387	0,091	0,946	0,090	0,948	0,095	1,027	0,089	0,090	1,384	0,089	1,459	0,089	1,405	0,090	1,406	0,097	1,406	0,092	1,435	0,091	0,090	0,091	0,090	0,090	0,090	0,090	0,089	0,091	0,091	0,090	0,088	0,090	0,090	0,091	0,091	0,092	0,090	0,090	0,089	0,090	0,091	0,091	0,090
19:38:04	37,0	1,164	0,093	1,193	0,098	1,197	0,095	1,197	0,090	1,208	0,089	1,208	0,091	0,091	1,228	0,092	1,276	0,090	1,282	0,090	1,236	0,090	1,191	0,090	1,270	1,391	0,090	1,427	0,091	1,415	0,090	1,399	0,090	1,327	0,094	1,469	0,090	0,091	1,398	0,090	1,487	1,347	1,466	0,090	1,469	0,096	1,412	0,090	1,455	0,903	0,091	0,817	0,089	1,384	0,091	0,948	0,090	0,947	0,094	1,026	0,089	0,090	1,383	0,089	1,458	0,089	1,405	0,089	1,404	0,097	1,407	0,092	1,432	0,091	0,090	0,091	0,090	0,090	0,090	0,090	0,089	0,091	0,091	0,090	0,088	0,090	0,090	0,091	0,090	0,091	0,089	0,090	0,089	0,090	0,091	0,091	0,090
19:48:04	37,0	1,162	0,093	1,194	0,098	1,194	0,095	1,194	0,090	1,208	0,089	1,206	0,091	0,091	1,228	0,092	1,277	0,090	1,279	0,089	1,237	0,090	1,194	0,090	1,273	1,393	0,090	1,430	0,092	1,417	0,090	1,399	0,090	1,325	0,094	1,470	0,090	0,092	1,399	0,090	1,487	1,352	1,468	0,090	1,473	0,096	1,412	0,090	1,453	0,903	0,091	0,819	0,089	1,386	0,090	0,948	0,089	0,948	0,095	1,028	0,089	0,090	1,385	0,089	1,459	0,089	1,405	0,090	1,408	0,097	1,407	0,092	1,433	0,091	0,090	0,091	0,090	0,090	0,090	0,090	0,089	0,091	0,091	0,090	0,088	0,090	0,090	0,091	0,091	0,091	0,090	0,090	0,089	0,090	0,091	0,091	0,090
19:58:04	37,0	1,162	0,093	1,192	0,098	1,195	0,095	1,196	0,090	1,211	0,090	1,208	0,091	0,091	1,231	0,092	1,272	0,090	1,280	0,090	1,237	0,090	1,196	0,090	1,276	1,394	0,091	1,431	0,092	1,418	0,090	1,401	0,090	1,326	0,094	1,471	0,090	0,092	1,401	0,090	1,492	1,354	1,472	0,090	1,473	0,096	1,411	0,090	1,454	0,905	0,091	0,822	0,090	1,387	0,090	0,952	0,089	0,955	0,095	1,032	0,089	0,090	1,385	0,090	1,460	0,090	1,405	0,090	1,404	0,097	1,410	0,092	1,431	0,091	0,090	0,091	0,090	0,090	0,090	0,090	0,089	0,091	0,091	0,090	0,089	0,090	0,090	0,091	0,091	0,091	0,089	0,090	0,089	0,090	0,091	0,091	0,090
20:08:04	37,0	1,160	0,093	1,192	0,098	1,194	0,095	1,195	0,090	1,213	0,090	1,208	0,091	0,091	1,227	0,092	1,272	0,090	1,279	0,090	1,235	0,090	1,196	0,090	1,275	1,394	0,091	1,431	0,092	1,417	0,090	1,401	0,090	1,325	0,094	1,471	0,091	0,092	1,401	0,090	1,491	1,355	1,472	0,090	1,473	0,096	1,412	0,090	1,454	0,905	0,091	0,824	0,090	1,389	0,091	0,957	0,090	0,956	0,094	1,034	0,089	0,090	1,385	0,090	1,461	0,090	1,407	0,090	1,406	0,097	1,413	0,092	1,432	0,091	0,090	0,091	0,090	0,090	0,090	0,090	0,090	0,091	0,091	0,090	0,089	0,090	0,090	0,091	0,091	0,091	0,089	0,090	0,089	0,090	0,091	0,091	0,090
20:18:04	37,0	1,160	0,093	1,190	0,098	1,189	0,095	1,191	0,090	1,205	0,089	1,203	0,091	0,091	1,223	0,092	1,270	0,090	1,278	0,089	1,231	0,090	1,189	0,090	1,269	1,393	0,090	1,431	0,091	1,416	0,089	1,400	0,090	1,325	0,094	1,470	0,090	0,092	1,402	0,090	1,490	1,356	1,472	0,090	1,472	0,096	1,414	0,090	1,454	0,904	0,091	0,824	0,089	1,388	0,090	0,953	0,089	0,954	0,094	1,033	0,089	0,090	1,384	0,089	1,460	0,089	1,409	0,089	1,407	0,096	1,411	0,092	1,433	0,091	0,090	0,091	0,090	0,090	0,090	0,090	0,089	0,091	0,091	0,090	0,089	0,090	0,090	0,091	0,091	0,091	0,089	0,090	0,089	0,090	0,091	0,091	0,090
20:28:04	37,0	1,158	0,093	1,187	0,098	1,190	0,095	1,192	0,090	1,208	0,090	1,204	0,091	0,091	1,229	0,092	1,271	0,090	1,274	0,090	1,231	0,090	1,190	0,090	1,271	1,394	0,091	1,431	0,092	1,418	0,090	1,401	0,090	1,324	0,094	1,470	0,091	0,092	1,402	0,090	1,491	1,359	1,472	0,090	1,475	0,096	1,413	0,090	1,453	0,904	0,091	0,827	0,090	1,386	0,091	0,956	0,089	0,956	0,094	1,035	0,090	0,090	1,385	0,089	1,461	0,090	1,409	0,090	1,404	0,097	1,411	0,092	1,432	0,091	0,090	0,091	0,090	0,090	0,090	0,090	0,089	0,091	0,091	0,091	0,089	0,090	0,090	0,091	0,091	0,091	0,089	0,090	0,089	0,090	0,091	0,091	0,090
20:38:04	37,0	1,157	0,093	1,188	0,098	1,185	0,095	1,191	0,090	1,204	0,089	1,202	0,091	0,091	1,225	0,092	1,267	0,090	1,274	0,090	1,228	0,090	1,188	0,090	1,268	1,394	0,090	1,432	0,091	1,416	0,089	1,400	0,090	1,323	0,094	1,469	0,090	0,092	1,402	0,090	1,491	1,360	1,473	0,090	1,472	0,096	1,414	0,090	1,454	0,905	0,091	0,828	0,090	1,387	0,091	0,955	0,089	0,954	0,094	1,036	0,089	0,090	1,385	0,089	1,461	0,089	1,409	0,089	1,405	0,096	1,411	0,092	1,431	0,091	0,090	0,091	0,090	0,090	0,090	0,090	0,089	0,091	0,091	0,090	0,089	0,090	0,090	0,091	0,091	0,091	0,089	0,090	0,089	0,090	0,091	0,091	0,090
20:48:04	37,0	1,155	0,093	1,187	0,098	1,187	0,095	1,191	0,090	1,206	0,090	1,205	0,091	0,091	1,228	0,092	1,271	0,090	1,275	0,090	1,227	0,090	1,191	0,090	1,272	1,394	0,091	1,433	0,092	1,417	0,090	1,401	0,090	1,323	0,094	1,468	0,090	0,092	1,404	0,090	1,492	1,362	1,473	0,090	1,475	0,096	1,412	0,090	1,456	0,906	0,091	0,829	0,090	1,388	0,090	0,960	0,089	0,959	0,094	1,039	0,089	0,090	1,385	0,090	1,460	0,089	1,409	0,090	1,405	0,097	1,414	0,092	1,429	0,091	0,090	0,091	0,090	0,090	0,090	0,090	0,089	0,091	0,091	0,090	0,089	0,090	0,090	0,091	0,091	0,091	0,090	0,090	0,089	0,090	0,091	0,091	0,090
20:58:04	37,0	1,154	0,093	1,185	0,098	1,186	0,095	1,191	0,090	1,203	0,089	1,205	0,091	0,091	1,224	0,092	1,267	0,091	1,274	0,090	1,227	0,090	1,190	0,090	1,272	1,394	0,090	1,432	0,091	1,417	0,089	1,401	0,090	1,322	0,094	1,469	0,090	0,092	1,403	0,090	1,492	1,362	1,473	0,090	1,477	0,096	1,412	0,090	1,456	0,907	0,091	0,831	0,089	1,388	0,090	0,961	0,089	0,961	0,094	1,042	0,089	0,090	1,387	0,089	1,464	0,089	1,410	0,089	1,406	0,096	1,414	0,092	1,429	0,091	0,090	0,091	0,090	0,090	0,090	0,090	0,089	0,091	0,091	0,090	0,089	0,090	0,090	0,091	0,091	0,091	0,089	0,090	0,089	0,090	0,091	0,091	0,090
21:08:04	37,0	1,153	0,093	1,183	0,098	1,179	0,095	1,188	0,090	1,196	0,089	1,201	0,091	0,091	1,223	0,092	1,263	0,090	1,266	0,090	1,223	0,090	1,185	0,090	1,267	1,391	0,090	1,432	0,091	1,415	0,090	1,400	0,090	1,320	0,094	1,469	0,091	0,092	1,405	0,090	1,492	1,365	1,472	0,090	1,474	0,096	1,413	0,090	1,456	0,904	0,091	0,833	0,090	1,388	0,090	0,958	0,089	0,960	0,095	1,042	0,089	0,090	1,386	0,090	1,462	0,089	1,410	0,090	1,405	0,097	1,413	0,092	1,429	0,091	0,090	0,091	0,090	0,090	0,090	0,090	0,089	0,091	0,091	0,090	0,089	0,090	0,090	0,091	0,091	0,092	0,090	0,090	0,089	0,090	0,091	0,091	0,090
21:18:04	37,0	1,151	0,093	1,183	0,098	1,181	0,095	1,186	0,090	1,199	0,090	1,202	0,091	0,091	1,226	0,092	1,265	0,090	1,264	0,090	1,225	0,090	1,182	0,090	1,267	1,391	0,090	1,433	0,092	1,416	0,089	1,400	0,090	1,320	0,094	1,468	0,091	0,092	1,405	0,090	1,494	1,366	1,473	0,090	1,475	0,096	1,412	0,090	1,454	0,905	0,091	0,834	0,090	1,388	0,091	0,962	0,089	0,961	0,095	1,044	0,089	0,090	1,386	0,090	1,460	0,089	1,411	0,090	1,405	0,097	1,412	0,092	1,426	0,091	0,090	0,091	0,090	0,090	0,090	0,090	0,089	0,091	0,091	0,090	0,089	0,090	0,090	0,091	0,091	0,092	0,090	0,090	0,089	0,090	0,091	0,091	0,090
21:28:04	37,0	1,151	0,093	1,183	0,098	1,182	0,095	1,189	0,090	1,203	0,089	1,204	0,091	0,091	1,223	0,092	1,266	0,090	1,264	0,089	1,221	0,090	1,184	0,090	1,269	1,392	0,091	1,433	0,092	1,416	0,090	1,401	0,091	1,319	0,094	1,466	0,090	0,092	1,406	0,090	1,496	1,369	1,473	0,090	1,475	0,096	1,411	0,090	1,454	0,904	0,091	0,836	0,089	1,385	0,091	0,964	0,089	0,964	0,095	1,045	0,089	0,090	1,386	0,089	1,460	0,089	1,411	0,090	1,408	0,097	1,414	0,092	1,426	0,091	0,090	0,091	0,090	0,090	0,090	0,090	0,089	0,091	0,091	0,090	0,089	0,090	0,090	0,091	0,091	0,092	0,090	0,090	0,089	0,090	0,091	0,091	0,090
21:38:04	37,0	1,148	0,093	1,181	0,098	1,180	0,095	1,188	0,090	1,199	0,089	1,203	0,091	0,091	1,223	0,092	1,263	0,090	1,265	0,090	1,226	0,090	1,180	0,090	1,267	1,391	0,091	1,432	0,092	1,416	0,090	1,401	0,090	1,318	0,094	1,465	0,091	0,092	1,406	0,090	1,495	1,370	1,473	0,090	1,475	0,096	1,411	0,090	1,453	0,904	0,091	0,837	0,090	1,389	0,091	0,964	0,089	0,963	0,094	1,046	0,089	0,090	1,385	0,089	1,461	0,089	1,411	0,090	1,406	0,097	1,415	0,092	1,426	0,091	0,091	0,091	0,090	0,090	0,090	0,090	0,089	0,091	0,091	0,091	0,089	0,090	0,090	0,091	0,091	0,092	0,089	0,090	0,089	0,090	0,091	0,091	0,090
21:48:04	37,0	1,149	0,093	1,179	0,098	1,180	0,094	1,187	0,090	1,201	0,089	1,204	0,091	0,091	1,223	0,092	1,261	0,090	1,263	0,090	1,222	0,090	1,179	0,090	1,267	1,389	0,091	1,432	0,092	1,416	0,090	1,401	0,090	1,318	0,094	1,467	0,090	0,092	1,407	0,090	1,496	1,371	1,473	0,090	1,473	0,096	1,410	0,090	1,452	0,905	0,091	0,838	0,089	1,388	0,091	0,966	0,089	0,965	0,094	1,047	0,089	0,090	1,385	0,090	1,462	0,089	1,411	0,090	1,404	0,096	1,414	0,092	1,423	0,091	0,090	0,091	0,090	0,090	0,090	0,090	0,089	0,091	0,091	0,090	0,088	0,090	0,090	0,091	0,091	0,092	0,089	0,090	0,089	0,090	0,091	0,091	0,090
21:58:04	37,0	1,149	0,092	1,180	0,098	1,181	0,095	1,188	0,090	1,200	0,089	1,205	0,091	0,091	1,220	0,092	1,262	0,090	1,263	0,090	1,229	0,090	1,181	0,090	1,265	1,389	0,090	1,432	0,091	1,415	0,089	1,401	0,090	1,315	0,094	1,465	0,090	0,092	1,407	0,090	1,496	1,371	1,473	0,090	1,477	0,096	1,409	0,090	1,453	0,905	0,091	0,840	0,089	1,388	0,090	0,967	0,089	0,968	0,094	1,050	0,089	0,090	1,385	0,089	1,459	0,089	1,410	0,089	1,407	0,096	1,413	0,092	1,423	0,091	0,090	0,091	0,090	0,090	0,090	0,090	0,089	0,091	0,091	0,090	0,088	0,090	0,090	0,091	0,091	0,091	0,089	0,091	0,089	0,090	0,091	0,091	0,090
22:08:04	37,0	1,149	0,093	1,181	0,098	1,184	0,095	1,192	0,090	1,202	0,089	1,209	0,091	0,091	1,219	0,092	1,262	0,090	1,262	0,089	1,228	0,090	1,182	0,090	1,265	1,389	0,090	1,433	0,091	1,416	0,089	1,401	0,090	1,315	0,094	1,464	0,090	0,092	1,408	0,090	1,498	1,372	1,474	0,090	1,476	0,096	1,409	0,090	1,451	0,906	0,091	0,841	0,089	1,388	0,090	0,968	0,089	0,972	0,094	1,054	0,089	0,090	1,385	0,089	1,459	0,089	1,410	0,089	1,404	0,096	1,415	0,092	1,420	0,091	0,090	0,091	0,090	0,090	0,090	0,090	0,089	0,091	0,091	0,090	0,089	0,090	0,090	0,091	0,091	0,091	0,089	0,096	0,089	0,090	0,091	0,091	0,089

