Time	T∞ Optical Density:600	A1	A2	A3	A4	A5	A6	A7	A8	A9	A10	A11	A12	B1	B2	B3	B4	B5	B6	B7	B8	B9	B10	B11	B12	C1	C2	C3	C4	C5	C6	C7	C8	C9	C10	C11	C12	D1	D2	D3	D4	D5	D6	D7	D8	D9	D10	D11	D12	E1	E2	E3	E4	E5	E6	E7	E8	E9	E10	E11	E12	F1	F2	F3	F4	F5	F6	F7	F8	F9	F10	F11	F12	G1	G2	G3	G4	G5	G6	G7	G8	G9	G10	G11	G12	H1	H2	H3	H4	H5	H6	H7	H8	H9	H10	H11	H12
0:08:04	37,0	0,138	0,117	0,120	0,093	0,123	0,126	0,127	0,093	0,115	0,092	0,115	0,093	0,094	0,113	0,093	0,118	0,094	0,118	0,093	0,119	0,094	0,112	0,093	0,111	0,128	0,093	0,125	0,092	0,115	0,092	0,128	0,092	0,146	0,094	0,126	0,091	0,091	0,106	0,092	0,108	0,092	0,114	0,093	0,175	0,095	0,096	0,093	0,129	0,121	0,092	0,123	0,092	0,132	0,092	0,122	0,093	0,109	0,092	0,116	0,092	0,093	0,126	0,095	0,142	0,092	0,121	0,092	0,131	0,093	0,173	0,092	0,134	0,092	0,095	0,094	0,094	0,098	0,094	0,095	0,093	0,094	0,094	0,095	0,094	0,097	0,092	0,091	0,095	0,092	0,092	0,092	0,093	0,093	0,093	0,092	0,092
0:18:04	37,0	0,136	0,117	0,121	0,093	0,127	0,126	0,128	0,093	0,117	0,092	0,117	0,093	0,093	0,114	0,093	0,118	0,094	0,118	0,093	0,118	0,093	0,113	0,093	0,114	0,133	0,093	0,127	0,092	0,119	0,092	0,133	0,092	0,150	0,093	0,128	0,091	0,091	0,106	0,092	0,110	0,092	0,119	0,093	0,192	0,095	0,096	0,093	0,131	0,122	0,092	0,124	0,092	0,129	0,092	0,123	0,093	0,110	0,092	0,113	0,092	0,093	0,125	0,094	0,135	0,092	0,124	0,091	0,130	0,092	0,168	0,092	0,136	0,092	0,095	0,094	0,094	0,098	0,094	0,094	0,093	0,093	0,093	0,094	0,094	0,097	0,092	0,091	0,095	0,092	0,092	0,092	0,093	0,093	0,093	0,092	0,092
0:28:04	36,9	0,139	0,117	0,123	0,092	0,128	0,126	0,130	0,092	0,118	0,091	0,118	0,093	0,093	0,115	0,093	0,120	0,094	0,120	0,093	0,119	0,093	0,114	0,093	0,116	0,138	0,093	0,132	0,092	0,123	0,092	0,142	0,092	0,159	0,093	0,134	0,091	0,090	0,108	0,092	0,112	0,092	0,123	0,093	0,201	0,095	0,096	0,092	0,136	0,122	0,092	0,126	0,092	0,132	0,092	0,124	0,092	0,110	0,092	0,114	0,092	0,093	0,127	0,094	0,136	0,092	0,128	0,091	0,131	0,092	0,172	0,092	0,137	0,092	0,095	0,094	0,094	0,098	0,093	0,094	0,093	0,093	0,093	0,094	0,093	0,096	0,092	0,091	0,094	0,092	0,092	0,092	0,093	0,093	0,093	0,092	0,092
0:38:04	37,0	0,144	0,117	0,127	0,093	0,132	0,126	0,133	0,093	0,121	0,092	0,122	0,093	0,094	0,119	0,093	0,124	0,094	0,123	0,093	0,121	0,093	0,118	0,093	0,120	0,146	0,093	0,140	0,092	0,129	0,092	0,154	0,092	0,170	0,093	0,141	0,091	0,091	0,112	0,092	0,117	0,092	0,132	0,093	0,218	0,095	0,097	0,093	0,147	0,123	0,092	0,129	0,092	0,137	0,092	0,126	0,093	0,111	0,092	0,115	0,092	0,093	0,130	0,095	0,143	0,092	0,134	0,091	0,136	0,093	0,183	0,092	0,159	0,092	0,095	0,094	0,094	0,098	0,094	0,094	0,093	0,093	0,094	0,094	0,093	0,096	0,092	0,091	0,094	0,092	0,092	0,092	0,093	0,093	0,093	0,092	0,092
0:48:04	37,0	0,153	0,117	0,135	0,093	0,137	0,125	0,140	0,093	0,126	0,092	0,129	0,093	0,093	0,125	0,093	0,130	0,094	0,128	0,093	0,127	0,093	0,124	0,093	0,128	0,157	0,093	0,150	0,092	0,137	0,092	0,170	0,092	0,186	0,093	0,153	0,091	0,091	0,116	0,092	0,122	0,092	0,145	0,093	0,242	0,095	0,097	0,093	0,162	0,124	0,092	0,131	0,092	0,146	0,092	0,129	0,093	0,112	0,092	0,116	0,092	0,093	0,136	0,094	0,152	0,092	0,143	0,091	0,144	0,092	0,193	0,092	0,170	0,092	0,095	0,094	0,094	0,098	0,094	0,094	0,093	0,093	0,093	0,094	0,093	0,096	0,092	0,091	0,094	0,092	0,092	0,092	0,093	0,093	0,093	0,092	0,092
0:58:04	37,0	0,166	0,117	0,146	0,093	0,145	0,126	0,150	0,092	0,131	0,092	0,142	0,093	0,093	0,135	0,093	0,140	0,094	0,133	0,093	0,135	0,093	0,133	0,093	0,139	0,172	0,093	0,165	0,092	0,148	0,092	0,185	0,092	0,207	0,093	0,167	0,091	0,091	0,122	0,092	0,131	0,092	0,161	0,093	0,280	0,095	0,097	0,093	0,184	0,125	0,092	0,134	0,092	0,158	0,092	0,132	0,092	0,113	0,092	0,117	0,092	0,093	0,145	0,094	0,165	0,092	0,157	0,091	0,156	0,092	0,206	0,092	0,173	0,092	0,095	0,094	0,094	0,098	0,094	0,094	0,093	0,093	0,093	0,094	0,093	0,097	0,091	0,091	0,094	0,092	0,092	0,092	0,093	0,093	0,093	0,092	0,092
1:08:04	37,0	0,184	0,117	0,163	0,093	0,160	0,125	0,164	0,093	0,150	0,092	0,159	0,093	0,093	0,150	0,093	0,156	0,094	0,146	0,093	0,147	0,093	0,145	0,093	0,163	0,190	0,093	0,184	0,092	0,164	0,092	0,205	0,092	0,225	0,093	0,186	0,091	0,091	0,129	0,092	0,141	0,092	0,179	0,093	0,323	0,095	0,098	0,093	0,211	0,127	0,092	0,139	0,092	0,179	0,092	0,136	0,092	0,114	0,092	0,119	0,092	0,093	0,155	0,094	0,180	0,092	0,176	0,091	0,172	0,092	0,220	0,092	0,194	0,092	0,095	0,094	0,093	0,098	0,094	0,094	0,093	0,093	0,093	0,094	0,093	0,096	0,092	0,091	0,094	0,092	0,092	0,092	0,093	0,093	0,093	0,092	0,092
1:18:04	37,0	0,208	0,117	0,184	0,093	0,179	0,125	0,182	0,092	0,163	0,091	0,182	0,093	0,093	0,169	0,093	0,176	0,094	0,161	0,093	0,167	0,093	0,165	0,093	0,188	0,214	0,093	0,207	0,092	0,184	0,092	0,232	0,092	0,253	0,093	0,209	0,091	0,091	0,141	0,091	0,158	0,092	0,206	0,093	0,370	0,095	0,098	0,093	0,244	0,128	0,092	0,144	0,092	0,203	0,092	0,141	0,092	0,116	0,092	0,121	0,092	0,093	0,168	0,094	0,200	0,092	0,202	0,091	0,188	0,092	0,241	0,092	0,213	0,092	0,095	0,094	0,094	0,098	0,093	0,094	0,093	0,093	0,093	0,094	0,093	0,096	0,092	0,091	0,094	0,092	0,092	0,092	0,093	0,093	0,093	0,092	0,092
1:28:04	37,0	0,233	0,117	0,211	0,093	0,202	0,125	0,205	0,092	0,183	0,091	0,210	0,092	0,093	0,193	0,093	0,203	0,094	0,181	0,092	0,190	0,093	0,186	0,092	0,216	0,243	0,093	0,236	0,092	0,210	0,092	0,261	0,091	0,288	0,093	0,237	0,091	0,091	0,158	0,091	0,180	0,092	0,239	0,093	0,416	0,095	0,098	0,092	0,283	0,131	0,092	0,150	0,092	0,231	0,092	0,149	0,092	0,119	0,092	0,124	0,092	0,093	0,186	0,094	0,221	0,092	0,231	0,091	0,208	0,092	0,261	0,091	0,238	0,092	0,094	0,093	0,093	0,097	0,093	0,094	0,093	0,092	0,093	0,094	0,093	0,096	0,091	0,091	0,094	0,092	0,092	0,092	0,092	0,093	0,093	0,092	0,092
1:38:04	37,0	0,263	0,117	0,243	0,093	0,230	0,125	0,231	0,092	0,205	0,091	0,240	0,093	0,093	0,222	0,093	0,234	0,094	0,204	0,093	0,217	0,093	0,208	0,093	0,251	0,274	0,093	0,272	0,092	0,243	0,092	0,294	0,092	0,317	0,093	0,265	0,091	0,091	0,180	0,092	0,208	0,092	0,280	0,093	0,460	0,095	0,099	0,093	0,326	0,135	0,092	0,157	0,092	0,261	0,092	0,160	0,092	0,123	0,092	0,129	0,092	0,093	0,204	0,094	0,246	0,092	0,263	0,091	0,228	0,092	0,283	0,092	0,274	0,092	0,095	0,093	0,094	0,098	0,093	0,094	0,093	0,093	0,093	0,094	0,092	0,097	0,092	0,091	0,094	0,092	0,092	0,092	0,093	0,093	0,093	0,092	0,092
1:48:04	37,0	0,298	0,117	0,281	0,093	0,263	0,125	0,264	0,092	0,231	0,092	0,279	0,093	0,093	0,253	0,093	0,261	0,094	0,237	0,093	0,244	0,093	0,235	0,093	0,287	0,307	0,093	0,307	0,092	0,275	0,092	0,327	0,092	0,350	0,093	0,292	0,091	0,091	0,210	0,092	0,246	0,092	0,319	0,093	0,517	0,095	0,100	0,092	0,376	0,138	0,092	0,164	0,092	0,292	0,092	0,171	0,092	0,128	0,092	0,134	0,092	0,093	0,225	0,094	0,277	0,092	0,299	0,091	0,272	0,092	0,312	0,092	0,295	0,092	0,095	0,094	0,094	0,098	0,094	0,094	0,093	0,092	0,093	0,094	0,092	0,097	0,092	0,091	0,094	0,092	0,092	0,092	0,093	0,093	0,093	0,092	0,092
1:58:04	37,0	0,330	0,117	0,322	0,094	0,302	0,125	0,300	0,093	0,258	0,092	0,313	0,093	0,093	0,291	0,093	0,297	0,094	0,279	0,093	0,278	0,093	0,272	0,093	0,326	0,342	0,093	0,343	0,092	0,309	0,092	0,365	0,092	0,382	0,093	0,327	0,091	0,091	0,251	0,092	0,286	0,092	0,359	0,093	0,560	0,095	0,102	0,092	0,426	0,143	0,092	0,173	0,092	0,329	0,092	0,183	0,092	0,135	0,092	0,141	0,092	0,093	0,248	0,095	0,311	0,092	0,334	0,091	0,279	0,092	0,343	0,092	0,327	0,092	0,095	0,094	0,093	0,098	0,094	0,094	0,093	0,093	0,093	0,094	0,093	0,098	0,091	0,091	0,094	0,092	0,092	0,092	0,093	0,093	0,093	0,092	0,092
2:08:04	37,0	0,362	0,117	0,355	0,094	0,333	0,125	0,331	0,093	0,283	0,092	0,351	0,093	0,093	0,325	0,093	0,326	0,094	0,321	0,093	0,312	0,093	0,301	0,093	0,359	0,379	0,093	0,379	0,092	0,337	0,092	0,395	0,092	0,421	0,093	0,356	0,091	0,091	0,295	0,092	0,329	0,092	0,407	0,093	0,597	0,095	0,104	0,093	0,487	0,150	0,092	0,183	0,092	0,364	0,092	0,197	0,092	0,143	0,092	0,149	0,092	0,093	0,274	0,095	0,344	0,092	0,372	0,091	0,306	0,092	0,370	0,092	0,362	0,092	0,095	0,093	0,094	0,098	0,094	0,094	0,093	0,093	0,093	0,094	0,093	0,097	0,092	0,091	0,094	0,092	0,092	0,092	0,093	0,093	0,093	0,092	0,092
2:18:04	37,0	0,400	0,117	0,392	0,094	0,371	0,125	0,365	0,092	0,325	0,091	0,391	0,093	0,093	0,367	0,093	0,367	0,094	0,363	0,093	0,350	0,093	0,343	0,093	0,406	0,423	0,093	0,421	0,092	0,373	0,092	0,445	0,091	0,454	0,093	0,401	0,091	0,091	0,345	0,092	0,372	0,092	0,455	0,093	0,624	0,095	0,107	0,092	0,553	0,159	0,092	0,194	0,092	0,414	0,092	0,211	0,092	0,153	0,092	0,160	0,092	0,093	0,298	0,095	0,375	0,092	0,415	0,091	0,330	0,092	0,400	0,092	0,392	0,092	0,095	0,094	0,094	0,097	0,094	0,094	0,093	0,093	0,093	0,094	0,093	0,097	0,092	0,091	0,094	0,092	0,092	0,092	0,093	0,093	0,093	0,092	0,092
2:28:04	37,0	0,453	0,117	0,439	0,094	0,415	0,125	0,408	0,093	0,357	0,092	0,436	0,093	0,093	0,416	0,093	0,408	0,094	0,397	0,093	0,394	0,093	0,392	0,093	0,459	0,468	0,093	0,465	0,092	0,412	0,092	0,473	0,092	0,488	0,093	0,442	0,091	0,091	0,397	0,092	0,427	0,092	0,495	0,093	0,644	0,095	0,111	0,093	0,617	0,169	0,092	0,206	0,092	0,453	0,092	0,228	0,092	0,166	0,092	0,173	0,092	0,093	0,320	0,095	0,405	0,092	0,461	0,091	0,355	0,092	0,427	0,092	0,425	0,092	0,095	0,094	0,094	0,098	0,093	0,094	0,093	0,093	0,093	0,094	0,093	0,097	0,092	0,091	0,094	0,092	0,092	0,092	0,093	0,093	0,093	0,092	0,092
2:38:04	37,0	0,487	0,117	0,482	0,094	0,468	0,125	0,456	0,093	0,401	0,092	0,487	0,093	0,093	0,474	0,093	0,453	0,094	0,448	0,093	0,444	0,093	0,443	0,093	0,509	0,493	0,093	0,489	0,092	0,446	0,092	0,501	0,092	0,509	0,093	0,469	0,091	0,091	0,456	0,092	0,493	0,092	0,518	0,093	0,656	0,095	0,117	0,093	0,666	0,183	0,092	0,221	0,092	0,501	0,092	0,246	0,092	0,180	0,092	0,188	0,092	0,093	0,341	0,095	0,438	0,092	0,512	0,091	0,381	0,092	0,450	0,092	0,455	0,092	0,095	0,094	0,094	0,097	0,094	0,094	0,093	0,093	0,093	0,094	0,092	0,098	0,092	0,091	0,094	0,092	0,092	0,092	0,093	0,093	0,093	0,092	0,092
2:48:04	37,0	0,506	0,117	0,505	0,093	0,494	0,125	0,492	0,093	0,449	0,091	0,509	0,093	0,093	0,506	0,093	0,472	0,094	0,506	0,092	0,479	0,093	0,476	0,093	0,536	0,517	0,093	0,511	0,092	0,468	0,092	0,527	0,091	0,529	0,093	0,488	0,091	0,091	0,514	0,092	0,540	0,092	0,540	0,093	0,672	0,095	0,123	0,093	0,701	0,197	0,092	0,236	0,092	0,540	0,092	0,267	0,092	0,196	0,092	0,204	0,092	0,093	0,366	0,095	0,464	0,092	0,556	0,091	0,405	0,092	0,466	0,092	0,490	0,092	0,095	0,094	0,094	0,098	0,094	0,094	0,093	0,093	0,093	0,094	0,092	0,097	0,092	0,091	0,094	0,092	0,092	0,092	0,093	0,093	0,093	0,092	0,092
2:58:04	37,0	0,527	0,117	0,521	0,094	0,512	0,125	0,511	0,092	0,456	0,091	0,526	0,093	0,093	0,525	0,093	0,490	0,094	0,526	0,093	0,498	0,093	0,497	0,092	0,555	0,538	0,093	0,528	0,092	0,487	0,092	0,544	0,092	0,545	0,093	0,517	0,091	0,091	0,554	0,092	0,560	0,092	0,558	0,093	0,689	0,095	0,133	0,092	0,730	0,214	0,092	0,251	0,092	0,566	0,092	0,284	0,092	0,214	0,092	0,224	0,092	0,093	0,388	0,095	0,494	0,092	0,585	0,091	0,425	0,092	0,485	0,092	0,528	0,092	0,095	0,094	0,093	0,097	0,093	0,094	0,093	0,093	0,093	0,094	0,092	0,098	0,092	0,091	0,093	0,092	0,092	0,092	0,093	0,093	0,093	0,092	0,092
3:08:04	37,0	0,542	0,117	0,540	0,094	0,531	0,125	0,533	0,093	0,484	0,092	0,547	0,093	0,093	0,546	0,093	0,508	0,094	0,549	0,093	0,516	0,093	0,521	0,093	0,581	0,559	0,093	0,546	0,092	0,516	0,092	0,566	0,092	0,565	0,093	0,555	0,091	0,091	0,587	0,092	0,583	0,092	0,579	0,093	0,708	0,095	0,145	0,093	0,763	0,233	0,092	0,266	0,092	0,596	0,092	0,306	0,092	0,236	0,092	0,244	0,092	0,093	0,409	0,095	0,525	0,092	0,612	0,091	0,448	0,092	0,516	0,092	0,568	0,092	0,095	0,094	0,094	0,097	0,094	0,094	0,093	0,093	0,093	0,094	0,092	0,098	0,092	0,091	0,094	0,092	0,092	0,092	0,093	0,093	0,093	0,092	0,092
3:18:04	37,0	0,557	0,117	0,559	0,094	0,549	0,125	0,554	0,093	0,501	0,092	0,564	0,093	0,093	0,564	0,093	0,525	0,094	0,575	0,093	0,533	0,093	0,533	0,093	0,607	0,585	0,093	0,565	0,092	0,549	0,092	0,587	0,092	0,584	0,093	0,582	0,091	0,091	0,618	0,091	0,605	0,092	0,603	0,093	0,728	0,095	0,162	0,093	0,791	0,252	0,092	0,280	0,092	0,632	0,092	0,327	0,092	0,257	0,092	0,264	0,092	0,093	0,431	0,094	0,546	0,092	0,633	0,091	0,471	0,092	0,554	0,092	0,608	0,092	0,095	0,094	0,094	0,097	0,093	0,094	0,093	0,093	0,093	0,094	0,092	0,098	0,092	0,091	0,094	0,092	0,092	0,092	0,093	0,093	0,093	0,092	0,092
3:28:04	37,0	0,575	0,117	0,572	0,094	0,566	0,125	0,571	0,092	0,503	0,091	0,581	0,093	0,093	0,581	0,093	0,540	0,094	0,593	0,093	0,548	0,093	0,550	0,093	0,624	0,614	0,093	0,580	0,092	0,581	0,092	0,609	0,091	0,605	0,093	0,593	0,091	0,091	0,645	0,092	0,622	0,092	0,625	0,093	0,739	0,095	0,187	0,092	0,810	0,268	0,092	0,294	0,092	0,663	0,092	0,345	0,092	0,275	0,092	0,285	0,092	0,093	0,455	0,094	0,567	0,092	0,656	0,091	0,491	0,092	0,591	0,092	0,638	0,092	0,094	0,093	0,094	0,097	0,093	0,094	0,093	0,093	0,093	0,094	0,092	0,098	0,092	0,091	0,093	0,092	0,092	0,092	0,093	0,093	0,093	0,092	0,092
3:38:04	37,0	0,590	0,117	0,592	0,094	0,585	0,125	0,591	0,092	0,524	0,092	0,601	0,093	0,093	0,598	0,093	0,559	0,094	0,614	0,093	0,566	0,093	0,570	0,093	0,648	0,641	0,093	0,597	0,092	0,618	0,092	0,626	0,091	0,625	0,093	0,618	0,091	0,091	0,667	0,092	0,646	0,092	0,643	0,093	0,755	0,095	0,215	0,093	0,836	0,287	0,092	0,308	0,092	0,682	0,092	0,363	0,092	0,298	0,092	0,305	0,092	0,093	0,480	0,094	0,593	0,092	0,677	0,091	0,517	0,092	0,644	0,092	0,676	0,092	0,095	0,094	0,094	0,097	0,094	0,094	0,093	0,093	0,093	0,094	0,092	0,098	0,092	0,091	0,094	0,092	0,092	0,092	0,093	0,093	0,093	0,092	0,092
3:48:04	37,0	0,608	0,117	0,609	0,094	0,603	0,125	0,608	0,092	0,547	0,091	0,625	0,093	0,093	0,614	0,093	0,574	0,094	0,642	0,093	0,582	0,093	0,587	0,093	0,674	0,674	0,093	0,616	0,092	0,651	0,092	0,651	0,092	0,645	0,093	0,637	0,091	0,091	0,693	0,092	0,666	0,092	0,663	0,093	0,771	0,095	0,251	0,092	0,855	0,304	0,092	0,322	0,092	0,705	0,092	0,382	0,092	0,320	0,092	0,325	0,092	0,093	0,503	0,094	0,623	0,092	0,698	0,091	0,544	0,092	0,678	0,092	0,708	0,092	0,094	0,094	0,094	0,097	0,093	0,094	0,093	0,092	0,093	0,094	0,092	0,097	0,092	0,091	0,094	0,092	0,092	0,092	0,093	0,093	0,093	0,092	0,092
3:58:04	37,0	0,625	0,117	0,622	0,094	0,617	0,125	0,624	0,092	0,564	0,091	0,644	0,093	0,093	0,632	0,093	0,590	0,094	0,664	0,093	0,598	0,093	0,606	0,093	0,690	0,702	0,093	0,634	0,092	0,678	0,092	0,670	0,092	0,671	0,093	0,659	0,091	0,091	0,718	0,092	0,683	0,092	0,682	0,093	0,781	0,095	0,288	0,093	0,875	0,324	0,092	0,336	0,092	0,720	0,092	0,400	0,092	0,341	0,092	0,346	0,092	0,093	0,527	0,094	0,658	0,092	0,717	0,091	0,570	0,092	0,707	0,092	0,743	0,092	0,095	0,094	0,094	0,097	0,093	0,094	0,093	0,092	0,093	0,094	0,092	0,097	0,092	0,091	0,093	0,092	0,092	0,092	0,093	0,093	0,093	0,092	0,092
4:08:04	37,0	0,643	0,117	0,645	0,094	0,635	0,125	0,642	0,092	0,587	0,091	0,671	0,093	0,093	0,651	0,093	0,608	0,094	0,686	0,092	0,616	0,093	0,620	0,092	0,722	0,731	0,093	0,650	0,092	0,706	0,092	0,693	0,092	0,694	0,093	0,674	0,091	0,091	0,745	0,092	0,701	0,092	0,708	0,093	0,801	0,095	0,331	0,093	0,894	0,343	0,092	0,353	0,092	0,741	0,092	0,415	0,092	0,364	0,092	0,368	0,092	0,093	0,551	0,094	0,680	0,092	0,741	0,091	0,598	0,092	0,729	0,092	0,773	0,092	0,094	0,094	0,093	0,097	0,094	0,094	0,093	0,092	0,093	0,094	0,092	0,098	0,092	0,091	0,093	0,092	0,092	0,092	0,093	0,093	0,093	0,092	0,092
4:18:04	37,0	0,666	0,116	0,661	0,094	0,655	0,125	0,662	0,092	0,598	0,092	0,694	0,093	0,093	0,672	0,093	0,622	0,094	0,699	0,092	0,633	0,093	0,633	0,092	0,733	0,757	0,093	0,670	0,092	0,730	0,092	0,723	0,092	0,716	0,093	0,694	0,091	0,091	0,771	0,092	0,719	0,092	0,736	0,093	0,822	0,095	0,377	0,092	0,915	0,363	0,092	0,367	0,092	0,764	0,092	0,429	0,092	0,387	0,092	0,393	0,092	0,093	0,579	0,094	0,701	0,092	0,762	0,091	0,623	0,092	0,747	0,092	0,801	0,092	0,094	0,094	0,093	0,097	0,093	0,094	0,093	0,092	0,093	0,094	0,092	0,098	0,092	0,091	0,093	0,092	0,092	0,092	0,093	0,093	0,093	0,092	0,092
4:28:04	37,0	0,685	0,117	0,679	0,094	0,676	0,125	0,681	0,092	0,616	0,092	0,719	0,093	0,093	0,684	0,093	0,640	0,094	0,725	0,093	0,648	0,093	0,652	0,093	0,746	0,780	0,093	0,687	0,092	0,749	0,092	0,742	0,092	0,740	0,093	0,709	0,091	0,091	0,791	0,092	0,737	0,092	0,762	0,093	0,840	0,095	0,433	0,093	0,931	0,382	0,092	0,379	0,092	0,786	0,092	0,445	0,093	0,408	0,092	0,413	0,092	0,093	0,604	0,094	0,717	0,092	0,782	0,091	0,650	0,092	0,767	0,092	0,829	0,092	0,095	0,094	0,093	0,097	0,093	0,094	0,093	0,092	0,093	0,094	0,092	0,098	0,092	0,091	0,093	0,092	0,092	0,092	0,093	0,093	0,093	0,092	0,092
4:38:04	37,0	0,707	0,117	0,692	0,094	0,696	0,125	0,697	0,093	0,643	0,092	0,744	0,093	0,093	0,708	0,093	0,661	0,094	0,742	0,093	0,664	0,093	0,676	0,093	0,770	0,804	0,093	0,706	0,092	0,770	0,092	0,766	0,092	0,763	0,093	0,728	0,091	0,091	0,816	0,092	0,757	0,092	0,785	0,093	0,870	0,095	0,486	0,093	0,953	0,399	0,092	0,391	0,092	0,813	0,092	0,461	0,092	0,431	0,092	0,436	0,092	0,093	0,630	0,094	0,727	0,092	0,802	0,091	0,670	0,092	0,788	0,091	0,855	0,092	0,095	0,094	0,094	0,097	0,093	0,094	0,093	0,093	0,093	0,094	0,092	0,098	0,092	0,091	0,094	0,092	0,092	0,092	0,093	0,093	0,093	0,092	0,092
4:48:04	37,0	0,725	0,116	0,709	0,094	0,712	0,125	0,715	0,092	0,669	0,092	0,766	0,093	0,093	0,730	0,093	0,683	0,094	0,764	0,093	0,685	0,093	0,696	0,092	0,796	0,829	0,093	0,725	0,092	0,790	0,092	0,787	0,092	0,783	0,093	0,749	0,091	0,091	0,837	0,092	0,777	0,092	0,807	0,093	0,908	0,095	0,537	0,092	0,977	0,415	0,092	0,403	0,092	0,833	0,092	0,475	0,092	0,452	0,092	0,457	0,092	0,093	0,649	0,094	0,745	0,092	0,827	0,091	0,693	0,092	0,808	0,092	0,885	0,092	0,095	0,094	0,094	0,097	0,093	0,094	0,093	0,092	0,093	0,094	0,092	0,098	0,092	0,091	0,093	0,092	0,092	0,092	0,093	0,093	0,093	0,092	0,092
4:58:04	37,0	0,743	0,117	0,726	0,094	0,732	0,125	0,733	0,092	0,690	0,091	0,789	0,093	0,093	0,758	0,093	0,703	0,094	0,789	0,093	0,711	0,093	0,726	0,093	0,823	0,849	0,093	0,745	0,092	0,807	0,092	0,808	0,092	0,810	0,093	0,773	0,091	0,091	0,858	0,092	0,796	0,092	0,832	0,093	0,930	0,095	0,570	0,092	0,995	0,431	0,092	0,412	0,092	0,859	0,092	0,485	0,092	0,473	0,092	0,478	0,092	0,093	0,671	0,094	0,766	0,092	0,849	0,091	0,717	0,092	0,825	0,092	0,909	0,092	0,094	0,093	0,093	0,097	0,093	0,093	0,092	0,092	0,093	0,094	0,092	0,098	0,092	0,091	0,093	0,092	0,092	0,092	0,093	0,093	0,093	0,092	0,092
5:08:04	37,0	0,762	0,117	0,743	0,094	0,750	0,125	0,749	0,093	0,711	0,092	0,813	0,093	0,093	0,773	0,093	0,716	0,094	0,818	0,093	0,737	0,093	0,748	0,093	0,849	0,870	0,093	0,764	0,092	0,830	0,092	0,830	0,092	0,834	0,093	0,802	0,091	0,091	0,882	0,092	0,815	0,092	0,861	0,093	0,952	0,095	0,612	0,093	1,010	0,448	0,092	0,421	0,092	0,883	0,092	0,496	0,092	0,493	0,092	0,498	0,092	0,093	0,690	0,095	0,785	0,092	0,872	0,091	0,741	0,092	0,842	0,092	0,937	0,092	0,095	0,094	0,094	0,097	0,094	0,094	0,093	0,092	0,093	0,094	0,092	0,098	0,092	0,092	0,094	0,092	0,092	0,092	0,093	0,093	0,093	0,092	0,092
5:18:04	37,0	0,780	0,117	0,762	0,094	0,769	0,125	0,768	0,093	0,733	0,092	0,839	0,093	0,093	0,788	0,093	0,736	0,094	0,834	0,093	0,763	0,093	0,764	0,093	0,865	0,894	0,093	0,781	0,092	0,848	0,092	0,858	0,092	0,861	0,093	0,847	0,091	0,091	0,902	0,092	0,836	0,093	0,889	0,093	0,979	0,095	0,650	0,093	1,024	0,464	0,092	0,430	0,092	0,907	0,092	0,506	0,093	0,510	0,092	0,516	0,092	0,093	0,709	0,094	0,807	0,092	0,891	0,091	0,768	0,092	0,862	0,092	0,962	0,092	0,095	0,094	0,093	0,097	0,094	0,094	0,093	0,092	0,093	0,094	0,092	0,098	0,092	0,091	0,093	0,092	0,092	0,092	0,093	0,093	0,093	0,092	0,092
5:28:04	37,0	0,800	0,117	0,784	0,094	0,789	0,125	0,792	0,092	0,750	0,092	0,862	0,093	0,093	0,803	0,093	0,760	0,094	0,855	0,093	0,781	0,093	0,789	0,092	0,889	0,915	0,093	0,805	0,092	0,871	0,092	0,883	0,092	0,888	0,093	0,876	0,091	0,091	0,925	0,092	0,856	0,092	0,923	0,093	1,001	0,095	0,685	0,092	1,038	0,477	0,092	0,439	0,092	0,927	0,092	0,516	0,092	0,527	0,092	0,536	0,092	0,093	0,726	0,095	0,833	0,092	0,912	0,091	0,798	0,092	0,884	0,091	0,984	0,092	0,095	0,094	0,094	0,097	0,093	0,093	0,093	0,092	0,093	0,094	0,092	0,098	0,092	0,091	0,093	0,092	0,092	0,092	0,093	0,093	0,093	0,092	0,092
5:38:04	37,0	0,819	0,116	0,808	0,094	0,813	0,125	0,816	0,092	0,783	0,092	0,890	0,093	0,093	0,818	0,093	0,783	0,094	0,873	0,093	0,805	0,093	0,803	0,093	0,917	0,942	0,093	0,828	0,092	0,894	0,092	0,904	0,092	0,894	0,093	0,909	0,091	0,091	0,944	0,092	0,880	0,092	0,948	0,093	1,030	0,095	0,730	0,093	1,054	0,491	0,092	0,449	0,092	0,947	0,092	0,526	0,092	0,545	0,092	0,554	0,092	0,093	0,747	0,095	0,864	0,092	0,935	0,091	0,825	0,092	0,908	0,092	1,012	0,092	0,095	0,094	0,094	0,097	0,093	0,093	0,093	0,092	0,093	0,094	0,092	0,098	0,092	0,091	0,093	0,092	0,092	0,092	0,093	0,093	0,093	0,092	0,092
5:48:04	37,0	0,839	0,116	0,828	0,094	0,834	0,125	0,838	0,092	0,803	0,091	0,911	0,093	0,093	0,835	0,093	0,802	0,094	0,895	0,093	0,829	0,093	0,820	0,093	0,935	0,962	0,093	0,848	0,092	0,912	0,092	0,927	0,091	0,917	0,093	0,938	0,091	0,091	0,966	0,092	0,901	0,092	0,967	0,093	1,048	0,095	0,759	0,092	1,067	0,503	0,092	0,460	0,092	0,964	0,092	0,535	0,092	0,562	0,092	0,572	0,092	0,093	0,766	0,094	0,898	0,092	0,954	0,091	0,849	0,092	0,927	0,092	1,027	0,092	0,094	0,093	0,093	0,097	0,093	0,093	0,093	0,092	0,093	0,094	0,092	0,098	0,092	0,091	0,093	0,092	0,092	0,092	0,093	0,093	0,093	0,092	0,092
5:58:04	37,0	0,865	0,117	0,849	0,094	0,854	0,125	0,855	0,093	0,810	0,092	0,929	0,093	0,093	0,850	0,093	0,816	0,094	0,911	0,093	0,846	0,093	0,847	0,093	0,957	0,980	0,093	0,870	0,092	0,928	0,092	0,955	0,091	0,940	0,093	0,950	0,091	0,091	0,984	0,092	0,917	0,093	0,983	0,093	1,073	0,095	0,783	0,093	1,074	0,515	0,092	0,467	0,092	0,983	0,092	0,546	0,092	0,577	0,092	0,588	0,092	0,093	0,785	0,094	0,893	0,092	0,971	0,091	0,868	0,092	0,942	0,092	1,033	0,092	0,095	0,094	0,094	0,097	0,094	0,094	0,093	0,093	0,093	0,094	0,092	0,098	0,092	0,091	0,094	0,092	0,092	0,092	0,093	0,093	0,093	0,092	0,092
6:08:04	37,0	0,888	0,117	0,875	0,095	0,879	0,125	0,885	0,093	0,851	0,092	0,952	0,093	0,093	0,862	0,093	0,837	0,094	0,929	0,093	0,869	0,093	0,868	0,093	0,982	0,998	0,093	0,894	0,092	0,949	0,092	0,973	0,092	0,965	0,093	0,988	0,091	0,091	1,010	0,092	0,941	0,092	1,008	0,093	1,093	0,095	0,838	0,093	1,093	0,525	0,092	0,476	0,092	0,999	0,092	0,555	0,092	0,594	0,092	0,605	0,092	0,093	0,807	0,094	0,926	0,092	0,987	0,091	0,889	0,092	0,959	0,092	1,059	0,092	0,095	0,094	0,094	0,097	0,094	0,093	0,093	0,092	0,093	0,094	0,092	0,098	0,092	0,092	0,094	0,092	0,092	0,092	0,093	0,093	0,093	0,092	0,092
6:18:04	37,0	0,911	0,116	0,890	0,094	0,900	0,125	0,903	0,092	0,849	0,091	0,969	0,093	0,093	0,878	0,093	0,860	0,094	0,947	0,093	0,887	0,093	0,886	0,092	0,999	1,013	0,093	0,913	0,092	0,965	0,092	1,003	0,091	0,990	0,093	1,001	0,091	0,091	1,022	0,092	0,955	0,092	1,028	0,093	1,115	0,095	0,857	0,092	1,101	0,537	0,092	0,486	0,092	1,013	0,092	0,564	0,092	0,606	0,092	0,618	0,092	0,093	0,825	0,094	0,924	0,092	0,999	0,091	0,909	0,092	0,975	0,092	1,067	0,092	0,094	0,093	0,093	0,096	0,093	0,093	0,092	0,092	0,093	0,094	0,092	0,098	0,092	0,091	0,093	0,092	0,092	0,092	0,093	0,093	0,093	0,092	0,092
6:28:04	36,9	0,933	0,116	0,905	0,095	0,920	0,125	0,925	0,093	0,876	0,092	0,985	0,093	0,093	0,891	0,093	0,880	0,094	0,975	0,093	0,903	0,093	0,903	0,093	1,015	1,028	0,093	0,929	0,092	0,977	0,092	1,017	0,091	1,008	0,093	1,020	0,091	0,091	1,036	0,092	0,973	0,092	1,045	0,093	1,131	0,095	0,893	0,093	1,111	0,545	0,092	0,495	0,092	1,030	0,092	0,575	0,092	0,618	0,092	0,626	0,092	0,093	0,840	0,094	0,943	0,092	1,015	0,091	0,933	0,092	0,989	0,092	1,079	0,092	0,095	0,094	0,094	0,097	0,093	0,093	0,093	0,092	0,093	0,094	0,092	0,098	0,091	0,091	0,093	0,092	0,092	0,092	0,093	0,093	0,093	0,092	0,092
6:38:04	37,0	0,956	0,117	0,924	0,095	0,943	0,125	0,947	0,093	0,910	0,092	1,002	0,093	0,093	0,904	0,093	0,900	0,094	0,996	0,093	0,925	0,093	0,929	0,092	1,029	1,045	0,093	0,952	0,092	0,994	0,092	1,037	0,092	1,029	0,093	1,040	0,091	0,091	1,052	0,092	0,997	0,092	1,063	0,093	1,150	0,095	0,922	0,093	1,124	0,548	0,092	0,505	0,092	1,047	0,092	0,583	0,092	0,629	0,092	0,641	0,092	0,093	0,860	0,094	0,959	0,092	1,028	0,091	0,944	0,092	1,001	0,092	1,096	0,092	0,095	0,094	0,094	0,097	0,093	0,093	0,093	0,092	0,093	0,094	0,092	0,098	0,092	0,091	0,093	0,092	0,092	0,092	0,093	0,093	0,093	0,092	0,092
6:48:04	37,0	0,975	0,116	0,945	0,094	0,965	0,125	0,970	0,092	0,941	0,091	1,023	0,092	0,093	0,919	0,093	0,918	0,094	1,018	0,093	0,944	0,093	0,949	0,092	1,044	1,062	0,093	0,972	0,092	1,013	0,092	1,058	0,091	1,053	0,093	1,052	0,091	0,091	1,068	0,092	1,017	0,092	1,085	0,093	1,166	0,095	0,949	0,093	1,139	0,552	0,092	0,516	0,092	1,060	0,092	0,590	0,092	0,645	0,092	0,655	0,092	0,093	0,881	0,094	0,976	0,092	1,040	0,091	0,955	0,092	1,014	0,092	1,112	0,092	0,094	0,093	0,093	0,097	0,093	0,093	0,092	0,092	0,093	0,094	0,092	0,098	0,091	0,091	0,093	0,092	0,092	0,092	0,093	0,093	0,093	0,092	0,092
6:58:04	37,0	0,996	0,116	0,964	0,095	0,985	0,125	0,996	0,092	0,955	0,091	1,039	0,093	0,093	0,933	0,093	0,936	0,094	1,027	0,093	0,959	0,093	0,967	0,092	1,059	1,075	0,093	0,993	0,092	1,028	0,092	1,075	0,092	1,075	0,093	1,069	0,091	0,091	1,082	0,092	1,031	0,092	1,097	0,093	1,179	0,095	0,972	0,092	1,148	0,559	0,092	0,526	0,092	1,075	0,092	0,599	0,092	0,658	0,092	0,662	0,092	0,092	0,898	0,094	0,994	0,092	1,056	0,091	0,978	0,092	1,030	0,091	1,126	0,092	0,094	0,093	0,093	0,097	0,093	0,093	0,093	0,092	0,093	0,094	0,092	0,098	0,092	0,091	0,093	0,092	0,092	0,092	0,093	0,093	0,093	0,092	0,092
7:08:04	37,0	1,017	0,117	0,984	0,095	1,006	0,125	1,017	0,093	0,979	0,092	1,057	0,093	0,093	0,952	0,093	0,957	0,094	1,049	0,093	0,985	0,093	0,990	0,093	1,073	1,090	0,093	1,012	0,092	1,047	0,092	1,089	0,092	1,087	0,093	1,086	0,091	0,091	1,096	0,092	1,052	0,092	1,117	0,093	1,197	0,095	1,004	0,093	1,159	0,564	0,092	0,535	0,092	1,090	0,092	0,607	0,092	0,671	0,092	0,674	0,092	0,093	0,914	0,094	1,005	0,092	1,066	0,091	0,992	0,092	1,040	0,092	1,143	0,092	0,095	0,094	0,094	0,097	0,093	0,093	0,093	0,092	0,093	0,094	0,092	0,098	0,092	0,091	0,093	0,092	0,092	0,092	0,093	0,093	0,093	0,092	0,092
7:18:04	37,0	1,033	0,116	1,003	0,095	1,023	0,125	1,039	0,093	0,996	0,092	1,076	0,093	0,093	0,965	0,093	0,976	0,094	1,064	0,093	1,000	0,093	1,002	0,093	1,089	1,103	0,093	1,030	0,092	1,064	0,092	1,105	0,092	1,106	0,093	1,095	0,091	0,091	1,112	0,092	1,067	0,092	1,132	0,093	1,210	0,095	1,028	0,092	1,169	0,570	0,092	0,543	0,092	1,101	0,092	0,612	0,092	0,682	0,092	0,681	0,092	0,093	0,929	0,094	1,018	0,092	1,081	0,091	1,006	0,092	1,051	0,092	1,156	0,092	0,095	0,093	0,093	0,097	0,094	0,093	0,093	0,092	0,093	0,094	0,092	0,098	0,092	0,091	0,093	0,092	0,092	0,092	0,093	0,093	0,093	0,092	0,092
7:28:04	37,0	1,054	0,117	1,020	0,095	1,041	0,125	1,061	0,093	1,012	0,092	1,091	0,093	0,093	0,977	0,093	0,992	0,094	1,069	0,093	1,011	0,093	1,016	0,093	1,097	1,111	0,093	1,047	0,092	1,078	0,092	1,117	0,092	1,126	0,093	1,114	0,092	0,091	1,119	0,092	1,081	0,092	1,145	0,093	1,223	0,095	1,058	0,093	1,178	0,578	0,092	0,548	0,092	1,111	0,092	0,618	0,092	0,690	0,092	0,689	0,092	0,093	0,945	0,094	1,034	0,092	1,092	0,091	1,025	0,092	1,065	0,092	1,167	0,092	0,095	0,094	0,094	0,097	0,093	0,093	0,093	0,092	0,093	0,094	0,092	0,098	0,092	0,091	0,093	0,092	0,092	0,092	0,093	0,093	0,093	0,092	0,092
7:38:04	37,0	1,070	0,117	1,035	0,095	1,057	0,125	1,078	0,093	1,032	0,092	1,109	0,093	0,093	0,983	0,093	1,011	0,094	1,082	0,093	1,028	0,093	1,032	0,093	1,109	1,122	0,093	1,064	0,092	1,090	0,092	1,132	0,092	1,144	0,093	1,128	0,091	0,091	1,127	0,092	1,096	0,092	1,163	0,093	1,236	0,095	1,090	0,093	1,186	0,583	0,092	0,554	0,092	1,123	0,092	0,622	0,092	0,700	0,092	0,698	0,092	0,093	0,956	0,095	1,045	0,092	1,100	0,091	1,037	0,092	1,074	0,092	1,180	0,092	0,095	0,094	0,093	0,097	0,094	0,093	0,093	0,092	0,093	0,094	0,092	0,098	0,092	0,092	0,093	0,092	0,092	0,092	0,093	0,093	0,093	0,092	0,092
7:48:04	37,0	1,091	0,117	1,059	0,095	1,074	0,125	1,101	0,093	1,048	0,092	1,122	0,093	0,093	1,004	0,093	1,036	0,094	1,110	0,093	1,047	0,093	1,044	0,093	1,123	1,137	0,093	1,080	0,092	1,110	0,092	1,141	0,092	1,156	0,093	1,143	0,092	0,091	1,143	0,092	1,119	0,093	1,180	0,093	1,253	0,095	1,112	0,093	1,197	0,588	0,092	0,561	0,092	1,133	0,092	0,629	0,093	0,711	0,092	0,709	0,092	0,093	0,972	0,094	1,060	0,092	1,113	0,091	1,050	0,092	1,089	0,092	1,196	0,092	0,095	0,093	0,094	0,097	0,094	0,093	0,093	0,092	0,093	0,094	0,092	0,098	0,092	0,091	0,093	0,092	0,092	0,092	0,093	0,093	0,093	0,092	0,092
7:58:04	37,0	1,111	0,117	1,073	0,095	1,091	0,125	1,120	0,093	1,064	0,092	1,139	0,093	0,094	1,013	0,093	1,054	0,094	1,117	0,093	1,064	0,094	1,062	0,093	1,143	1,149	0,093	1,094	0,092	1,128	0,092	1,153	0,092	1,169	0,093	1,163	0,091	0,091	1,154	0,092	1,136	0,092	1,190	0,093	1,266	0,095	1,133	0,093	1,208	0,593	0,092	0,569	0,092	1,146	0,092	0,636	0,093	0,721	0,092	0,719	0,092	0,093	0,986	0,094	1,074	0,092	1,124	0,091	1,067	0,092	1,103	0,092	1,212	0,092	0,095	0,094	0,094	0,097	0,094	0,093	0,093	0,092	0,093	0,094	0,092	0,098	0,092	0,091	0,093	0,092	0,092	0,092	0,093	0,093	0,093	0,092	0,092
8:08:04	37,0	1,122	0,117	1,090	0,095	1,107	0,125	1,138	0,093	1,082	0,092	1,155	0,093	0,093	1,027	0,093	1,072	0,094	1,131	0,093	1,076	0,093	1,075	0,092	1,149	1,158	0,093	1,109	0,092	1,141	0,092	1,165	0,092	1,181	0,093	1,165	0,091	0,091	1,161	0,092	1,149	0,092	1,206	0,093	1,280	0,095	1,151	0,092	1,216	0,599	0,092	0,573	0,092	1,153	0,092	0,642	0,092	0,729	0,092	0,730	0,092	0,093	1,000	0,094	1,085	0,092	1,136	0,091	1,080	0,092	1,111	0,092	1,222	0,092	0,095	0,093	0,094	0,096	0,093	0,093	0,093	0,092	0,093	0,094	0,092	0,098	0,092	0,091	0,093	0,092	0,092	0,092	0,093	0,093	0,093	0,092	0,092
8:18:04	37,0	1,138	0,117	1,106	0,095	1,119	0,125	1,152	0,092	1,091	0,092	1,167	0,093	0,093	1,040	0,093	1,086	0,094	1,145	0,093	1,085	0,093	1,092	0,093	1,164	1,169	0,093	1,118	0,092	1,152	0,092	1,175	0,092	1,193	0,093	1,175	0,091	0,091	1,170	0,092	1,160	0,092	1,212	0,093	1,290	0,095	1,168	0,093	1,222	0,604	0,092	0,580	0,093	1,163	0,092	0,648	0,093	0,737	0,092	0,739	0,092	0,093	1,011	0,094	1,094	0,092	1,148	0,091	1,096	0,092	1,120	0,092	1,233	0,092	0,095	0,094	0,094	0,096	0,093	0,093	0,093	0,092	0,093	0,094	0,092	0,098	0,092	0,091	0,093	0,092	0,092	0,092	0,093	0,093	0,093	0,092	0,092
8:28:04	37,0	1,154	0,117	1,124	0,095	1,133	0,125	1,167	0,092	1,107	0,092	1,181	0,093	0,093	1,051	0,093	1,101	0,094	1,155	0,093	1,098	0,093	1,103	0,093	1,175	1,177	0,093	1,131	0,092	1,164	0,092	1,186	0,091	1,205	0,093	1,185	0,091	0,091	1,180	0,092	1,174	0,092	1,221	0,093	1,302	0,095	1,185	0,092	1,229	0,610	0,092	0,585	0,092	1,173	0,092	0,654	0,092	0,744	0,092	0,749	0,092	0,093	1,022	0,094	1,107	0,092	1,155	0,091	1,105	0,092	1,129	0,092	1,242	0,092	0,094	0,093	0,093	0,096	0,093	0,093	0,093	0,092	0,093	0,094	0,092	0,098	0,092	0,091	0,093	0,092	0,092	0,092	0,093	0,093	0,093	0,092	0,092
8:38:04	37,0	1,168	0,117	1,141	0,095	1,147	0,125	1,177	0,093	1,121	0,092	1,197	0,093	0,094	1,059	0,093	1,116	0,094	1,165	0,093	1,112	0,093	1,121	0,093	1,187	1,182	0,093	1,144	0,092	1,175	0,092	1,199	0,092	1,218	0,093	1,206	0,091	0,091	1,185	0,092	1,187	0,092	1,233	0,093	1,312	0,095	1,202	0,093	1,239	0,615	0,092	0,591	0,092	1,185	0,092	0,659	0,092	0,753	0,092	0,760	0,092	0,093	1,036	0,094	1,118	0,092	1,165	0,091	1,118	0,092	1,139	0,092	1,253	0,092	0,095	0,094	0,094	0,096	0,093	0,093	0,093	0,092	0,093	0,094	0,092	0,098	0,092	0,091	0,093	0,092	0,092	0,092	0,093	0,093	0,093	0,092	0,092
8:48:04	37,0	1,181	0,117	1,158	0,095	1,160	0,125	1,192	0,093	1,133	0,092	1,211	0,093	0,094	1,072	0,093	1,136	0,094	1,180	0,093	1,126	0,093	1,129	0,093	1,195	1,195	0,093	1,159	0,092	1,190	0,092	1,207	0,092	1,230	0,093	1,221	0,092	0,091	1,195	0,092	1,202	0,092	1,242	0,093	1,323	0,095	1,215	0,093	1,248	0,618	0,092	0,597	0,092	1,192	0,092	0,667	0,092	0,763	0,092	0,772	0,092	0,092	1,046	0,094	1,128	0,092	1,173	0,091	1,130	0,092	1,149	0,092	1,263	0,092	0,094	0,094	0,093	0,096	0,093	0,093	0,092	0,092	0,093	0,094	0,092	0,098	0,092	0,091	0,093	0,092	0,092	0,092	0,093	0,092	0,093	0,092	0,092
8:58:04	37,0	1,193	0,117	1,178	0,095	1,172	0,125	1,209	0,093	1,145	0,092	1,224	0,093	0,093	1,083	0,093	1,149	0,094	1,198	0,093	1,139	0,093	1,140	0,093	1,207	1,205	0,093	1,172	0,092	1,202	0,092	1,217	0,092	1,243	0,094	1,237	0,092	0,091	1,204	0,092	1,211	0,093	1,252	0,093	1,334	0,095	1,230	0,093	1,257	0,624	0,092	0,605	0,092	1,201	0,092	0,673	0,093	0,774	0,092	0,784	0,092	0,093	1,060	0,094	1,138	0,092	1,183	0,091	1,141	0,092	1,162	0,092	1,270	0,092	0,094	0,094	0,093	0,096	0,094	0,093	0,093	0,092	0,093	0,094	0,092	0,098	0,092	0,091	0,093	0,092	0,092	0,092	0,093	0,093	0,093	0,092	0,092
9:08:04	37,0	1,200	0,117	1,198	0,095	1,182	0,125	1,215	0,092	1,152	0,092	1,229	0,093	0,093	1,093	0,093	1,162	0,094	1,202	0,093	1,148	0,093	1,152	0,093	1,210	1,210	0,093	1,180	0,092	1,208	0,092	1,230	0,092	1,249	0,093	1,245	0,092	0,091	1,213	0,092	1,223	0,093	1,263	0,093	1,341	0,095	1,243	0,093	1,265	0,633	0,092	0,611	0,092	1,209	0,092	0,678	0,093	0,780	0,092	0,795	0,092	0,092	1,070	0,094	1,149	0,092	1,193	0,091	1,150	0,092	1,169	0,092	1,280	0,092	0,095	0,093	0,093	0,096	0,093	0,093	0,092	0,092	0,093	0,094	0,092	0,098	0,092	0,091	0,093	0,092	0,092	0,092	0,093	0,093	0,093	0,092	0,092
9:18:04	37,0	1,208	0,117	1,207	0,095	1,188	0,125	1,229	0,092	1,167	0,092	1,236	0,093	0,094	1,102	0,093	1,177	0,094	1,205	0,093	1,157	0,093	1,164	0,093	1,223	1,216	0,093	1,190	0,092	1,219	0,092	1,237	0,092	1,260	0,093	1,251	0,091	0,091	1,221	0,092	1,229	0,092	1,272	0,093	1,347	0,095	1,249	0,092	1,269	0,637	0,092	0,614	0,092	1,214	0,092	0,682	0,092	0,788	0,092	0,801	0,092	0,092	1,079	0,094	1,159	0,092	1,195	0,091	1,163	0,092	1,177	0,092	1,288	0,092	0,094	0,093	0,093	0,096	0,093	0,093	0,093	0,092	0,093	0,094	0,092	0,098	0,092	0,091	0,093	0,092	0,092	0,092	0,093	0,093	0,093	0,092	0,092
9:28:04	37,0	1,215	0,117	1,219	0,095	1,198	0,125	1,235	0,093	1,172	0,092	1,248	0,093	0,093	1,111	0,093	1,191	0,094	1,222	0,093	1,171	0,093	1,174	0,093	1,233	1,225	0,093	1,202	0,092	1,230	0,092	1,246	0,092	1,268	0,093	1,266	0,092	0,091	1,225	0,092	1,244	0,092	1,282	0,093	1,356	0,095	1,264	0,093	1,278	0,641	0,092	0,621	0,092	1,222	0,092	0,688	0,092	0,796	0,092	0,813	0,092	0,093	1,090	0,094	1,169	0,092	1,205	0,091	1,172	0,092	1,186	0,092	1,293	0,092	0,094	0,093	0,093	0,096	0,093	0,093	0,093	0,092	0,093	0,094	0,092	0,098	0,092	0,091	0,093	0,092	0,092	0,092	0,093	0,093	0,093	0,092	0,092
9:38:04	37,0	1,222	0,117	1,234	0,095	1,204	0,125	1,244	0,093	1,181	0,092	1,256	0,093	0,094	1,122	0,093	1,205	0,094	1,228	0,093	1,176	0,093	1,182	0,093	1,241	1,233	0,093	1,214	0,092	1,242	0,092	1,254	0,092	1,281	0,093	1,282	0,092	0,091	1,233	0,092	1,253	0,092	1,292	0,093	1,364	0,095	1,271	0,093	1,284	0,644	0,092	0,625	0,092	1,229	0,092	0,693	0,092	0,803	0,092	0,823	0,092	0,093	1,101	0,094	1,179	0,092	1,214	0,091	1,181	0,092	1,196	0,092	1,301	0,092	0,094	0,094	0,094	0,096	0,093	0,093	0,093	0,092	0,093	0,094	0,092	0,098	0,092	0,091	0,093	0,092	0,092	0,092	0,093	0,093	0,093	0,092	0,092
9:48:04	37,0	1,228	0,117	1,239	0,095	1,215	0,125	1,253	0,093	1,189	0,092	1,262	0,093	0,094	1,130	0,093	1,222	0,095	1,239	0,093	1,188	0,094	1,183	0,093	1,240	1,242	0,093	1,225	0,093	1,255	0,093	1,266	0,092	1,288	0,094	1,298	0,092	0,091	1,244	0,092	1,266	0,093	1,302	0,093	1,367	0,095	1,288	0,093	1,292	0,651	0,092	0,632	0,092	1,236	0,092	0,699	0,093	0,811	0,092	0,834	0,092	0,093	1,113	0,094	1,188	0,092	1,223	0,091	1,193	0,092	1,207	0,092	1,307	0,092	0,095	0,093	0,094	0,096	0,093	0,093	0,093	0,092	0,093	0,094	0,092	0,098	0,092	0,092	0,093	0,092	0,092	0,092	0,093	0,093	0,093	0,092	0,092
9:58:04	37,0	1,230	0,117	1,247	0,095	1,220	0,125	1,259	0,093	1,196	0,092	1,269	0,093	0,094	1,137	0,093	1,231	0,095	1,244	0,093	1,197	0,094	1,197	0,093	1,251	1,247	0,093	1,233	0,092	1,263	0,092	1,268	0,092	1,298	0,094	1,296	0,092	0,091	1,249	0,092	1,272	0,092	1,308	0,093	1,377	0,095	1,291	0,093	1,298	0,659	0,092	0,637	0,092	1,242	0,092	0,704	0,092	0,818	0,092	0,844	0,092	0,093	1,119	0,094	1,195	0,092	1,230	0,091	1,199	0,092	1,214	0,092	1,313	0,092	0,094	0,094	0,094	0,096	0,093	0,093	0,093	0,092	0,093	0,094	0,092	0,098	0,092	0,091	0,093	0,092	0,092	0,092	0,093	0,093	0,093	0,092	0,092
10:08:04	37,0	1,233	0,117	1,255	0,095	1,224	0,125	1,268	0,093	1,204	0,092	1,276	0,093	0,094	1,144	0,093	1,240	0,095	1,250	0,093	1,201	0,094	1,206	0,093	1,256	1,254	0,093	1,243	0,092	1,271	0,092	1,277	0,092	1,311	0,094	1,299	0,092	0,091	1,254	0,092	1,282	0,093	1,316	0,093	1,387	0,095	1,299	0,093	1,304	0,665	0,092	0,641	0,092	1,249	0,092	0,711	0,093	0,824	0,092	0,852	0,092	0,093	1,129	0,094	1,207	0,092	1,237	0,091	1,209	0,092	1,223	0,092	1,322	0,092	0,095	0,094	0,094	0,096	0,093	0,093	0,093	0,092	0,093	0,094	0,092	0,099	0,092	0,091	0,093	0,092	0,092	0,092	0,093	0,093	0,093	0,092	0,092
10:18:04	37,0	1,235	0,117	1,259	0,096	1,229	0,125	1,273	0,093	1,210	0,092	1,277	0,093	0,094	1,153	0,093	1,252	0,095	1,256	0,093	1,209	0,094	1,213	0,093	1,262	1,259	0,093	1,252	0,093	1,280	0,092	1,285	0,092	1,324	0,094	1,307	0,092	0,091	1,259	0,092	1,290	0,093	1,324	0,093	1,393	0,095	1,303	0,093	1,307	0,671	0,092	0,644	0,092	1,255	0,092	0,717	0,093	0,832	0,092	0,861	0,092	0,093	1,138	0,095	1,216	0,092	1,245	0,091	1,218	0,092	1,231	0,092	1,331	0,092	0,095	0,093	0,094	0,096	0,094	0,093	0,093	0,092	0,093	0,094	0,092	0,098	0,092	0,091	0,093	0,092	0,092	0,092	0,093	0,093	0,093	0,092	0,092
10:28:04	37,0	1,236	0,117	1,267	0,096	1,232	0,126	1,276	0,093	1,212	0,092	1,286	0,093	0,094	1,161	0,093	1,260	0,095	1,264	0,093	1,219	0,094	1,219	0,093	1,270	1,263	0,094	1,263	0,093	1,293	0,093	1,291	0,092	1,338	0,094	1,319	0,092	0,091	1,264	0,092	1,300	0,093	1,333	0,093	1,401	0,095	1,313	0,093	1,313	0,676	0,092	0,651	0,092	1,261	0,092	0,725	0,093	0,839	0,092	0,872	0,092	0,093	1,149	0,095	1,225	0,092	1,250	0,091	1,226	0,092	1,241	0,092	1,333	0,092	0,095	0,094	0,094	0,096	0,093	0,093	0,093	0,092	0,093	0,094	0,092	0,098	0,092	0,091	0,093	0,092	0,092	0,092	0,093	0,093	0,093	0,092	0,092
10:38:04	37,0	1,238	0,117	1,268	0,096	1,237	0,125	1,279	0,093	1,220	0,092	1,285	0,093	0,094	1,166	0,093	1,266	0,095	1,268	0,093	1,224	0,094	1,223	0,093	1,272	1,270	0,093	1,271	0,093	1,302	0,092	1,299	0,092	1,348	0,093	1,324	0,092	0,091	1,271	0,092	1,308	0,093	1,341	0,093	1,407	0,095	1,321	0,093	1,320	0,681	0,092	0,656	0,092	1,267	0,092	0,731	0,093	0,846	0,092	0,879	0,092	0,093	1,157	0,095	1,233	0,092	1,259	0,091	1,234	0,092	1,248	0,092	1,340	0,092	0,095	0,094	0,094	0,096	0,094	0,093	0,093	0,092	0,093	0,094	0,092	0,099	0,092	0,091	0,093	0,092	0,092	0,092	0,093	0,093	0,093	0,092	0,092
10:48:04	37,0	1,239	0,117	1,268	0,096	1,242	0,125	1,282	0,093	1,230	0,092	1,288	0,093	0,093	1,171	0,093	1,275	0,095	1,270	0,093	1,227	0,094	1,231	0,093	1,274	1,273	0,093	1,277	0,092	1,310	0,092	1,307	0,092	1,359	0,094	1,323	0,092	0,091	1,271	0,092	1,315	0,093	1,348	0,093	1,408	0,095	1,328	0,093	1,323	0,689	0,092	0,662	0,092	1,271	0,092	0,735	0,093	0,855	0,092	0,886	0,092	0,092	1,164	0,094	1,243	0,092	1,261	0,091	1,242	0,092	1,258	0,092	1,346	0,092	0,094	0,093	0,094	0,096	0,094	0,093	0,093	0,092	0,093	0,094	0,092	0,098	0,092	0,091	0,093	0,092	0,092	0,092	0,093	0,093	0,093	0,092	0,092
10:58:04	37,0	1,241	0,117	1,273	0,096	1,249	0,126	1,285	0,093	1,227	0,092	1,292	0,093	0,094	1,176	0,093	1,285	0,095	1,278	0,094	1,236	0,094	1,239	0,093	1,277	1,277	0,094	1,285	0,093	1,319	0,092	1,315	0,092	1,365	0,094	1,333	0,092	0,091	1,276	0,092	1,324	0,093	1,355	0,093	1,419	0,096	1,335	0,093	1,328	0,697	0,092	0,668	0,093	1,279	0,092	0,741	0,093	0,861	0,093	0,894	0,092	0,093	1,171	0,095	1,252	0,093	1,272	0,092	1,250	0,092	1,262	0,092	1,351	0,092	0,095	0,094	0,094	0,096	0,094	0,093	0,093	0,092	0,093	0,094	0,092	0,099	0,092	0,092	0,093	0,092	0,092	0,092	0,093	0,093	0,093	0,092	0,093
11:08:04	37,0	1,239	0,117	1,273	0,095	1,246	0,125	1,288	0,093	1,238	0,092	1,293	0,093	0,094	1,181	0,093	1,289	0,095	1,281	0,093	1,238	0,094	1,241	0,093	1,280	1,279	0,093	1,293	0,092	1,328	0,092	1,320	0,092	1,370	0,094	1,334	0,092	0,091	1,279	0,092	1,329	0,093	1,360	0,093	1,421	0,095	1,341	0,093	1,333	0,699	0,092	0,673	0,092	1,283	0,092	0,745	0,092	0,867	0,092	0,899	0,092	0,093	1,177	0,095	1,256	0,092	1,276	0,091	1,255	0,092	1,270	0,092	1,354	0,092	0,095	0,093	0,093	0,096	0,093	0,093	0,093	0,092	0,093	0,094	0,092	0,098	0,092	0,091	0,093	0,092	0,092	0,092	0,093	0,093	0,093	0,092	0,092
11:18:04	37,0	1,238	0,117	1,275	0,096	1,253	0,125	1,291	0,093	1,249	0,092	1,293	0,093	0,094	1,183	0,093	1,291	0,095	1,278	0,093	1,239	0,094	1,240	0,093	1,285	1,281	0,093	1,296	0,093	1,334	0,092	1,329	0,092	1,375	0,094	1,337	0,092	0,091	1,279	0,092	1,333	0,093	1,365	0,093	1,420	0,095	1,344	0,093	1,335	0,705	0,092	0,679	0,092	1,286	0,092	0,749	0,093	0,868	0,092	0,907	0,092	0,093	1,185	0,094	1,264	0,092	1,276	0,091	1,269	0,092	1,275	0,092	1,357	0,092	0,094	0,094	0,093	0,096	0,093	0,093	0,093	0,092	0,093	0,094	0,092	0,098	0,092	0,091	0,093	0,092	0,092	0,092	0,093	0,093	0,093	0,092	0,092
11:28:04	37,0	1,236	0,117	1,273	0,096	1,252	0,125	1,293	0,093	1,244	0,092	1,296	0,093	0,094	1,191	0,093	1,297	0,095	1,288	0,093	1,245	0,094	1,248	0,093	1,286	1,288	0,093	1,305	0,093	1,342	0,092	1,332	0,092	1,379	0,094	1,340	0,092	0,091	1,284	0,092	1,342	0,093	1,370	0,093	1,427	0,095	1,351	0,093	1,340	0,710	0,092	0,684	0,092	1,293	0,092	0,753	0,093	0,876	0,092	0,913	0,092	0,093	1,193	0,095	1,270	0,092	1,289	0,091	1,271	0,092	1,283	0,092	1,362	0,092	0,095	0,094	0,094	0,096	0,093	0,093	0,093	0,092	0,093	0,094	0,092	0,098	0,092	0,092	0,093	0,092	0,092	0,092	0,093	0,093	0,093	0,092	0,092
11:38:04	37,0	1,235	0,117	1,276	0,096	1,258	0,125	1,295	0,093	1,245	0,092	1,295	0,093	0,093	1,195	0,093	1,303	0,095	1,289	0,093	1,248	0,094	1,250	0,093	1,292	1,291	0,093	1,309	0,093	1,350	0,092	1,337	0,092	1,385	0,094	1,343	0,092	0,091	1,285	0,092	1,347	0,093	1,374	0,093	1,432	0,095	1,355	0,093	1,343	0,716	0,092	0,688	0,093	1,296	0,092	0,758	0,093	0,883	0,092	0,920	0,092	0,093	1,201	0,094	1,275	0,092	1,291	0,092	1,278	0,092	1,291	0,092	1,367	0,092	0,095	0,093	0,093	0,096	0,093	0,093	0,093	0,092	0,093	0,094	0,092	0,098	0,092	0,091	0,093	0,092	0,092	0,092	0,093	0,092	0,093	0,092	0,092
11:48:04	37,0	1,231	0,117	1,279	0,096	1,258	0,125	1,291	0,093	1,243	0,092	1,299	0,093	0,094	1,200	0,094	1,299	0,095	1,297	0,093	1,258	0,094	1,256	0,093	1,294	1,294	0,093	1,317	0,093	1,357	0,092	1,346	0,092	1,383	0,094	1,362	0,092	0,092	1,289	0,092	1,356	0,093	1,380	0,093	1,437	0,095	1,363	0,093	1,347	0,720	0,092	0,695	0,092	1,302	0,092	0,762	0,093	0,888	0,092	0,930	0,092	0,093	1,209	0,095	1,284	0,092	1,296	0,091	1,287	0,093	1,296	0,092	1,369	0,092	0,095	0,094	0,094	0,096	0,093	0,093	0,093	0,092	0,093	0,094	0,092	0,099	0,092	0,092	0,093	0,092	0,092	0,092	0,093	0,093	0,093	0,092	0,093
11:58:04	37,0	1,230	0,117	1,275	0,096	1,259	0,126	1,296	0,093	1,255	0,092	1,301	0,093	0,094	1,204	0,094	1,304	0,095	1,298	0,094	1,259	0,094	1,257	0,093	1,296	1,299	0,094	1,321	0,093	1,363	0,093	1,347	0,092	1,386	0,094	1,355	0,092	0,092	1,293	0,092	1,361	0,093	1,383	0,093	1,442	0,096	1,368	0,093	1,350	0,727	0,092	0,698	0,093	1,304	0,093	0,767	0,093	0,893	0,093	0,937	0,092	0,093	1,215	0,095	1,287	0,092	1,304	0,092	1,292	0,092	1,304	0,092	1,374	0,092	0,095	0,094	0,094	0,096	0,094	0,093	0,093	0,092	0,093	0,094	0,092	0,099	0,092	0,092	0,093	0,092	0,092	0,092	0,093	0,093	0,093	0,092	0,092
12:08:04	37,0	1,232	0,117	1,276	0,096	1,262	0,126	1,298	0,093	1,267	0,092	1,299	0,094	0,094	1,207	0,093	1,302	0,095	1,296	0,093	1,259	0,094	1,257	0,093	1,302	1,301	0,094	1,323	0,093	1,368	0,092	1,351	0,092	1,384	0,094	1,359	0,092	0,092	1,292	0,092	1,366	0,093	1,388	0,093	1,440	0,095	1,372	0,093	1,352	0,733	0,093	0,702	0,093	1,307	0,093	0,770	0,093	0,900	0,093	0,945	0,092	0,093	1,220	0,095	1,294	0,092	1,305	0,091	1,298	0,092	1,310	0,092	1,376	0,092	0,095	0,094	0,094	0,096	0,094	0,093	0,093	0,092	0,093	0,094	0,092	0,099	0,092	0,092	0,093	0,092	0,092	0,092	0,093	0,093	0,093	0,092	0,092
12:18:04	37,0	1,232	0,117	1,273	0,096	1,265	0,126	1,298	0,093	1,265	0,092	1,301	0,093	0,094	1,209	0,094	1,306	0,095	1,298	0,093	1,265	0,094	1,259	0,093	1,302	1,302	0,094	1,328	0,093	1,372	0,093	1,356	0,092	1,385	0,094	1,361	0,092	0,091	1,294	0,092	1,368	0,093	1,392	0,093	1,443	0,095	1,375	0,093	1,355	0,739	0,092	0,707	0,092	1,309	0,092	0,774	0,093	0,906	0,093	0,950	0,092	0,093	1,225	0,095	1,300	0,092	1,306	0,092	1,306	0,092	1,317	0,092	1,382	0,092	0,095	0,094	0,094	0,096	0,094	0,093	0,093	0,092	0,093	0,094	0,092	0,099	0,092	0,092	0,093	0,092	0,092	0,092	0,093	0,093	0,093	0,092	0,092
12:28:04	37,0	1,232	0,117	1,273	0,096	1,264	0,126	1,297	0,093	1,256	0,092	1,302	0,093	0,094	1,214	0,093	1,312	0,095	1,301	0,093	1,265	0,094	1,263	0,093	1,299	1,305	0,094	1,332	0,093	1,377	0,093	1,358	0,092	1,387	0,094	1,363	0,092	0,091	1,294	0,092	1,373	0,093	1,395	0,093	1,449	0,095	1,379	0,093	1,358	0,743	0,092	0,712	0,092	1,317	0,092	0,777	0,093	0,914	0,093	0,955	0,092	0,093	1,232	0,095	1,302	0,092	1,314	0,092	1,306	0,093	1,320	0,092	1,386	0,092	0,095	0,094	0,094	0,096	0,094	0,093	0,093	0,092	0,093	0,094	0,092	0,099	0,092	0,092	0,093	0,092	0,092	0,092	0,093	0,093	0,093	0,092	0,092
12:38:04	37,0	1,229	0,117	1,273	0,096	1,266	0,125	1,294	0,093	1,256	0,092	1,305	0,093	0,094	1,216	0,094	1,305	0,095	1,305	0,093	1,274	0,094	1,269	0,093	1,304	1,309	0,093	1,336	0,093	1,382	0,092	1,362	0,092	1,389	0,094	1,374	0,092	0,091	1,296	0,092	1,378	0,093	1,399	0,093	1,454	0,095	1,385	0,093	1,361	0,748	0,092	0,717	0,092	1,322	0,092	0,782	0,093	0,921	0,092	0,962	0,092	0,093	1,238	0,095	1,306	0,092	1,320	0,091	1,313	0,092	1,326	0,092	1,386	0,092	0,095	0,093	0,094	0,096	0,093	0,093	0,093	0,092	0,093	0,094	0,092	0,099	0,092	0,091	0,093	0,092	0,092	0,092	0,093	0,093	0,093	0,092	0,092
12:48:04	37,0	1,228	0,117	1,269	0,096	1,265	0,125	1,296	0,093	1,257	0,092	1,303	0,093	0,094	1,218	0,094	1,308	0,095	1,305	0,093	1,275	0,094	1,272	0,093	1,302	1,309	0,094	1,340	0,093	1,386	0,093	1,366	0,092	1,390	0,094	1,370	0,092	0,092	1,298	0,092	1,381	0,093	1,402	0,093	1,457	0,095	1,386	0,093	1,365	0,753	0,093	0,717	0,093	1,324	0,092	0,785	0,093	0,926	0,093	0,966	0,092	0,093	1,244	0,095	1,312	0,092	1,323	0,092	1,318	0,092	1,331	0,092	1,389	0,092	0,095	0,094	0,094	0,096	0,094	0,093	0,093	0,092	0,093	0,094	0,092	0,099	0,092	0,092	0,093	0,092	0,092	0,092	0,093	0,093	0,093	0,092	0,092
12:58:04	37,0	1,228	0,116	1,270	0,096	1,263	0,125	1,292	0,093	1,260	0,092	1,303	0,093	0,094	1,225	0,093	1,306	0,095	1,306	0,093	1,278	0,094	1,275	0,093	1,302	1,313	0,094	1,343	0,093	1,390	0,092	1,370	0,092	1,390	0,094	1,375	0,092	0,092	1,302	0,092	1,386	0,093	1,407	0,093	1,460	0,095	1,394	0,093	1,367	0,755	0,092	0,723	0,092	1,328	0,092	0,790	0,093	0,929	0,092	0,971	0,092	0,093	1,251	0,095	1,318	0,092	1,329	0,091	1,324	0,092	1,337	0,092	1,389	0,092	0,095	0,094	0,094	0,096	0,093	0,093	0,093	0,092	0,093	0,094	0,092	0,099	0,092	0,091	0,093	0,092	0,092	0,092	0,093	0,093	0,093	0,092	0,092
13:08:04	37,0	1,228	0,117	1,269	0,096	1,267	0,125	1,294	0,093	1,266	0,092	1,306	0,093	0,094	1,228	0,094	1,305	0,095	1,308	0,094	1,282	0,094	1,277	0,093	1,311	1,315	0,094	1,345	0,093	1,394	0,093	1,372	0,092	1,393	0,094	1,386	0,092	0,092	1,304	0,092	1,388	0,093	1,410	0,094	1,464	0,095	1,399	0,093	1,369	0,764	0,092	0,730	0,092	1,332	0,093	0,793	0,093	0,939	0,093	0,978	0,092	0,093	1,254	0,095	1,321	0,092	1,332	0,091	1,327	0,093	1,342	0,092	1,395	0,092	0,095	0,094	0,094	0,096	0,094	0,093	0,093	0,092	0,093	0,094	0,092	0,099	0,092	0,092	0,093	0,092	0,092	0,092	0,093	0,093	0,093	0,092	0,092
13:18:04	37,0	1,228	0,117	1,267	0,096	1,266	0,125	1,291	0,093	1,266	0,092	1,306	0,093	0,094	1,231	0,093	1,304	0,095	1,307	0,093	1,280	0,094	1,279	0,093	1,311	1,316	0,094	1,349	0,093	1,398	0,093	1,374	0,092	1,396	0,094	1,380	0,092	0,091	1,304	0,092	1,391	0,093	1,414	0,093	1,464	0,095	1,401	0,093	1,374	0,771	0,092	0,734	0,093	1,335	0,092	0,798	0,093	0,943	0,093	0,984	0,093	0,093	1,260	0,095	1,325	0,092	1,333	0,092	1,335	0,092	1,347	0,092	1,400	0,092	0,095	0,094	0,094	0,096	0,094	0,093	0,093	0,092	0,093	0,094	0,092	0,099	0,092	0,092	0,093	0,092	0,092	0,092	0,093	0,093	0,093	0,092	0,092
13:28:04	37,0	1,226	0,117	1,265	0,096	1,264	0,125	1,292	0,093	1,257	0,092	1,306	0,093	0,094	1,232	0,093	1,308	0,095	1,315	0,093	1,283	0,094	1,281	0,093	1,309	1,319	0,094	1,351	0,093	1,401	0,093	1,378	0,092	1,395	0,094	1,384	0,092	0,091	1,304	0,092	1,395	0,093	1,414	0,093	1,471	0,095	1,400	0,093	1,376	0,778	0,092	0,739	0,093	1,340	0,092	0,801	0,093	0,948	0,092	0,989	0,092	0,093	1,265	0,094	1,330	0,093	1,342	0,092	1,339	0,092	1,351	0,092	1,402	0,092	0,095	0,093	0,094	0,096	0,094	0,093	0,093	0,092	0,093	0,094	0,092	0,099	0,092	0,091	0,093	0,092	0,092	0,092	0,093	0,093	0,093	0,092	0,092
13:38:04	37,0	1,226	0,117	1,262	0,096	1,267	0,125	1,293	0,093	1,268	0,092	1,306	0,093	0,094	1,235	0,093	1,306	0,095	1,309	0,093	1,286	0,094	1,278	0,093	1,314	1,319	0,094	1,355	0,093	1,406	0,092	1,375	0,092	1,395	0,094	1,386	0,092	0,091	1,305	0,092	1,395	0,093	1,417	0,093	1,469	0,096	1,406	0,093	1,378	0,783	0,093	0,742	0,093	1,341	0,092	0,805	0,093	0,951	0,092	0,992	0,092	0,093	1,269	0,095	1,334	0,092	1,345	0,092	1,341	0,093	1,357	0,092	1,402	0,092	0,095	0,094	0,094	0,096	0,094	0,093	0,093	0,092	0,093	0,094	0,092	0,099	0,092	0,092	0,093	0,092	0,092	0,092	0,093	0,093	0,093	0,092	0,092
13:48:04	37,0	1,226	0,117	1,263	0,096	1,264	0,125	1,292	0,093	1,263	0,092	1,304	0,093	0,094	1,237	0,094	1,307	0,095	1,312	0,093	1,286	0,094	1,281	0,093	1,317	1,319	0,094	1,358	0,093	1,408	0,093	1,379	0,092	1,397	0,094	1,387	0,092	0,091	1,308	0,092	1,401	0,093	1,422	0,093	1,473	0,095	1,408	0,093	1,382	0,788	0,093	0,746	0,093	1,343	0,092	0,809	0,093	0,956	0,093	0,999	0,092	0,093	1,274	0,095	1,337	0,093	1,348	0,092	1,348	0,092	1,361	0,092	1,406	0,092	0,095	0,094	0,094	0,096	0,094	0,093	0,093	0,092	0,093	0,094	0,092	0,099	0,092	0,092	0,093	0,092	0,092	0,092	0,093	0,093	0,093	0,092	0,092
13:58:04	37,0	1,226	0,116	1,260	0,096	1,264	0,125	1,293	0,093	1,270	0,092	1,304	0,093	0,094	1,236	0,094	1,308	0,095	1,313	0,093	1,287	0,094	1,287	0,093	1,312	1,322	0,094	1,360	0,093	1,410	0,093	1,379	0,092	1,400	0,094	1,389	0,092	0,092	1,308	0,092	1,401	0,093	1,422	0,093	1,471	0,095	1,410	0,093	1,384	0,793	0,092	0,748	0,093	1,347	0,093	0,810	0,093	0,960	0,093	1,003	0,092	0,093	1,279	0,095	1,341	0,092	1,346	0,092	1,354	0,092	1,364	0,092	1,410	0,092	0,095	0,094	0,094	0,096	0,094	0,093	0,093	0,092	0,093	0,094	0,092	0,099	0,092	0,092	0,093	0,092	0,092	0,092	0,093	0,093	0,093	0,092	0,092
14:08:04	37,0	1,224	0,117	1,259	0,096	1,266	0,125	1,290	0,093	1,270	0,092	1,304	0,093	0,094	1,240	0,093	1,306	0,095	1,313	0,093	1,286	0,094	1,284	0,093	1,313	1,322	0,094	1,362	0,093	1,413	0,093	1,381	0,092	1,399	0,094	1,391	0,092	0,091	1,307	0,092	1,403	0,093	1,425	0,093	1,476	0,095	1,411	0,093	1,386	0,798	0,093	0,752	0,093	1,349	0,093	0,816	0,093	0,965	0,093	1,005	0,092	0,093	1,282	0,095	1,345	0,092	1,349	0,092	1,357	0,093	1,369	0,092	1,414	0,092	0,095	0,094	0,094	0,096	0,094	0,093	0,093	0,093	0,093	0,094	0,092	0,099	0,092	0,092	0,093	0,092	0,092	0,092	0,093	0,093	0,093	0,092	0,092
14:18:04	37,0	1,223	0,117	1,256	0,096	1,266	0,125	1,288	0,093	1,257	0,092	1,304	0,093	0,094	1,243	0,094	1,308	0,095	1,313	0,093	1,290	0,094	1,281	0,093	1,310	1,325	0,094	1,365	0,093	1,416	0,093	1,385	0,092	1,400	0,094	1,393	0,092	0,092	1,309	0,092	1,405	0,093	1,428	0,093	1,478	0,096	1,413	0,093	1,388	0,801	0,093	0,755	0,093	1,351	0,093	0,820	0,093	0,969	0,093	1,010	0,093	0,093	1,289	0,095	1,349	0,093	1,357	0,092	1,360	0,093	1,374	0,092	1,415	0,092	0,095	0,094	0,094	0,096	0,094	0,093	0,093	0,092	0,093	0,094	0,092	0,099	0,092	0,092	0,093	0,092	0,092	0,092	0,093	0,093	0,093	0,092	0,092
14:28:04	37,0	1,220	0,117	1,255	0,096	1,264	0,125	1,286	0,093	1,266	0,092	1,306	0,093	0,094	1,246	0,094	1,298	0,095	1,316	0,093	1,291	0,094	1,284	0,093	1,318	1,326	0,094	1,366	0,093	1,418	0,093	1,384	0,092	1,401	0,094	1,395	0,092	0,092	1,310	0,092	1,410	0,093	1,430	0,094	1,482	0,095	1,419	0,093	1,391	0,806	0,093	0,759	0,093	1,354	0,093	0,823	0,093	0,971	0,093	1,016	0,092	0,093	1,294	0,095	1,353	0,092	1,362	0,091	1,363	0,093	1,378	0,092	1,414	0,092	0,095	0,094	0,094	0,096	0,094	0,093	0,093	0,092	0,093	0,094	0,092	0,099	0,092	0,092	0,093	0,092	0,092	0,092	0,093	0,093	0,093	0,092	0,092
14:38:04	37,0	1,218	0,116	1,251	0,096	1,263	0,125	1,286	0,093	1,272	0,092	1,302	0,093	0,094	1,246	0,094	1,293	0,095	1,313	0,093	1,291	0,094	1,282	0,093	1,319	1,325	0,094	1,369	0,093	1,421	0,093	1,387	0,092	1,404	0,094	1,396	0,092	0,092	1,310	0,092	1,410	0,093	1,432	0,093	1,483	0,095	1,421	0,093	1,394	0,812	0,093	0,765	0,093	1,355	0,093	0,826	0,093	0,976	0,093	1,020	0,092	0,093	1,297	0,095	1,354	0,093	1,360	0,092	1,367	0,093	1,382	0,092	1,417	0,092	0,095	0,094	0,094	0,096	0,094	0,093	0,093	0,092	0,093	0,094	0,093	0,099	0,092	0,091	0,093	0,092	0,092	0,092	0,093	0,093	0,093	0,092	0,092
14:48:04	37,0	1,217	0,117	1,248	0,096	1,261	0,125	1,285	0,093	1,270	0,092	1,305	0,094	0,094	1,249	0,093	1,295	0,095	1,318	0,093	1,292	0,094	1,286	0,093	1,321	1,328	0,094	1,370	0,093	1,423	0,093	1,387	0,092	1,404	0,094	1,398	0,092	0,092	1,310	0,093	1,414	0,093	1,434	0,094	1,487	0,096	1,423	0,093	1,394	0,813	0,093	0,767	0,093	1,357	0,093	0,828	0,093	0,980	0,093	1,024	0,093	0,093	1,302	0,095	1,359	0,093	1,366	0,092	1,369	0,093	1,386	0,092	1,418	0,092	0,095	0,093	0,094	0,096	0,094	0,093	0,093	0,092	0,093	0,094	0,092	0,099	0,092	0,092	0,093	0,092	0,092	0,092	0,093	0,093	0,093	0,092	0,092
14:58:04	36,9	1,217	0,117	1,245	0,096	1,261	0,125	1,287	0,093	1,267	0,093	1,302	0,094	0,094	1,248	0,094	1,294	0,095	1,317	0,094	1,289	0,094	1,287	0,094	1,319	1,328	0,094	1,372	0,093	1,425	0,093	1,389	0,092	1,407	0,094	1,400	0,093	0,092	1,312	0,093	1,415	0,093	1,436	0,094	1,489	0,096	1,423	0,093	1,397	0,814	0,093	0,770	0,093	1,360	0,093	0,832	0,093	0,984	0,093	1,029	0,093	0,093	1,304	0,095	1,361	0,093	1,365	0,092	1,374	0,093	1,388	0,092	1,422	0,093	0,095	0,094	0,094	0,096	0,094	0,094	0,093	0,093	0,093	0,094	0,092	0,099	0,092	0,092	0,093	0,092	0,093	0,093	0,094	0,093	0,093	0,092	0,092
15:08:04	37,0	1,215	0,116	1,243	0,096	1,260	0,125	1,284	0,093	1,260	0,092	1,302	0,093	0,094	1,250	0,093	1,299	0,095	1,319	0,093	1,292	0,094	1,287	0,093	1,314	1,327	0,094	1,374	0,093	1,428	0,092	1,392	0,092	1,408	0,094	1,400	0,092	0,091	1,312	0,092	1,417	0,093	1,439	0,093	1,492	0,096	1,425	0,093	1,399	0,818	0,093	0,773	0,093	1,362	0,093	0,837	0,093	0,989	0,093	1,033	0,092	0,093	1,309	0,095	1,363	0,092	1,370	0,092	1,378	0,093	1,392	0,092	1,421	0,092	0,095	0,094	0,094	0,096	0,094	0,093	0,093	0,092	0,093	0,094	0,092	0,099	0,092	0,092	0,093	0,092	0,092	0,092	0,093	0,093	0,093	0,092	0,092
15:18:04	37,0	1,214	0,117	1,240	0,096	1,259	0,125	1,283	0,093	1,265	0,092	1,300	0,093	0,094	1,250	0,093	1,297	0,095	1,316	0,093	1,288	0,094	1,284	0,093	1,315	1,327	0,094	1,375	0,093	1,428	0,093	1,390	0,092	1,405	0,094	1,401	0,092	0,091	1,312	0,092	1,417	0,093	1,441	0,093	1,490	0,095	1,426	0,093	1,401	0,819	0,093	0,777	0,093	1,364	0,093	0,836	0,093	0,991	0,093	1,037	0,093	0,093	1,311	0,095	1,368	0,093	1,370	0,092	1,379	0,092	1,396	0,092	1,423	0,092	0,095	0,094	0,094	0,096	0,094	0,093	0,093	0,092	0,093	0,094	0,092	0,099	0,092	0,091	0,093	0,092	0,092	0,092	0,093	0,093	0,093	0,092	0,092
15:28:04	37,0	1,212	0,116	1,238	0,096	1,256	0,125	1,280	0,093	1,263	0,092	1,297	0,094	0,094	1,250	0,093	1,299	0,095	1,315	0,093	1,291	0,094	1,282	0,093	1,316	1,328	0,094	1,377	0,093	1,430	0,093	1,392	0,092	1,407	0,094	1,402	0,092	0,092	1,313	0,093	1,421	0,093	1,443	0,094	1,494	0,096	1,428	0,093	1,402	0,821	0,093	0,782	0,093	1,367	0,093	0,839	0,093	0,995	0,093	1,040	0,093	0,093	1,315	0,095	1,368	0,092	1,373	0,092	1,381	0,093	1,398	0,092	1,424	0,092	0,095	0,094	0,094	0,096	0,094	0,093	0,093	0,092	0,093	0,094	0,092	0,099	0,092	0,092	0,093	0,092	0,092	0,092	0,093	0,093	0,093	0,092	0,092
15:38:04	37,0	1,210	0,117	1,235	0,096	1,252	0,125	1,278	0,093	1,268	0,092	1,298	0,094	0,094	1,251	0,094	1,289	0,095	1,312	0,094	1,288	0,094	1,285	0,093	1,315	1,328	0,094	1,376	0,093	1,431	0,093	1,393	0,092	1,409	0,094	1,405	0,092	0,092	1,313	0,093	1,421	0,093	1,443	0,093	1,492	0,096	1,431	0,093	1,403	0,824	0,093	0,782	0,093	1,365	0,093	0,838	0,093	0,997	0,093	1,045	0,093	0,093	1,317	0,095	1,372	0,093	1,373	0,092	1,387	0,093	1,398	0,092	1,429	0,092	0,095	0,094	0,094	0,096	0,094	0,093	0,093	0,092	0,093	0,094	0,092	0,099	0,092	0,092	0,093	0,092	0,092	0,092	0,093	0,093	0,093	0,092	0,093
15:48:04	37,0	1,211	0,117	1,232	0,096	1,249	0,125	1,275	0,093	1,267	0,092	1,296	0,094	0,094	1,250	0,093	1,290	0,095	1,312	0,093	1,285	0,094	1,286	0,093	1,315	1,327	0,094	1,377	0,093	1,432	0,093	1,394	0,092	1,408	0,094	1,407	0,092	0,091	1,312	0,092	1,423	0,093	1,445	0,093	1,493	0,095	1,431	0,093	1,401	0,825	0,093	0,786	0,093	1,368	0,093	0,841	0,093	1,000	0,093	1,046	0,092	0,093	1,322	0,095	1,373	0,093	1,373	0,092	1,389	0,092	1,401	0,092	1,427	0,092	0,095	0,094	0,094	0,096	0,094	0,093	0,093	0,092	0,093	0,094	0,093	0,099	0,092	0,092	0,093	0,092	0,092	0,092	0,093	0,093	0,093	0,092	0,092
15:58:04	37,0	1,208	0,117	1,226	0,096	1,249	0,125	1,274	0,093	1,266	0,092	1,296	0,093	0,094	1,249	0,093	1,291	0,095	1,310	0,093	1,286	0,094	1,285	0,093	1,312	1,328	0,094	1,380	0,093	1,434	0,093	1,393	0,092	1,410	0,094	1,408	0,092	0,092	1,312	0,092	1,425	0,093	1,448	0,093	1,495	0,095	1,432	0,093	1,407	0,827	0,093	0,788	0,093	1,370	0,092	0,843	0,093	1,003	0,093	1,048	0,092	0,093	1,324	0,095	1,373	0,092	1,376	0,092	1,393	0,093	1,403	0,092	1,425	0,092	0,095	0,094	0,094	0,096	0,093	0,093	0,093	0,092	0,093	0,094	0,092	0,099	0,092	0,092	0,093	0,092	0,092	0,092	0,093	0,093	0,093	0,092	0,092
16:08:04	37,0	1,208	0,116	1,228	0,096	1,251	0,125	1,273	0,093	1,252	0,092	1,295	0,094	0,094	1,252	0,093	1,293	0,095	1,316	0,093	1,292	0,094	1,284	0,093	1,307	1,331	0,094	1,383	0,093	1,435	0,093	1,398	0,092	1,409	0,094	1,411	0,092	0,092	1,313	0,092	1,430	0,093	1,451	0,093	1,500	0,096	1,434	0,093	1,408	0,826	0,093	0,795	0,093	1,370	0,093	0,849	0,093	1,006	0,093	1,051	0,093	0,093	1,329	0,095	1,376	0,092	1,382	0,092	1,394	0,093	1,407	0,092	1,424	0,092	0,095	0,094	0,094	0,096	0,093	0,093	0,093	0,092	0,093	0,094	0,092	0,099	0,092	0,092	0,093	0,092	0,092	0,092	0,093	0,093	0,093	0,092	0,092
16:18:04	37,0	1,206	0,117	1,220	0,096	1,245	0,125	1,267	0,093	1,268	0,092	1,292	0,094	0,094	1,250	0,094	1,278	0,095	1,308	0,093	1,286	0,094	1,281	0,093	1,312	1,330	0,094	1,383	0,093	1,437	0,093	1,395	0,092	1,411	0,094	1,410	0,092	0,092	1,312	0,093	1,428	0,093	1,453	0,093	1,500	0,096	1,438	0,093	1,409	0,830	0,093	0,797	0,093	1,370	0,093	0,851	0,093	1,010	0,093	1,053	0,092	0,093	1,331	0,095	1,379	0,093	1,380	0,092	1,397	0,093	1,411	0,092	1,427	0,092	0,095	0,094	0,094	0,096	0,094	0,093	0,093	0,092	0,093	0,094	0,092	0,099	0,092	0,092	0,093	0,092	0,092	0,092	0,093	0,093	0,093	0,092	0,092
16:28:04	37,0	1,204	0,116	1,223	0,096	1,247	0,125	1,262	0,093	1,254	0,092	1,297	0,093	0,094	1,255	0,093	1,281	0,095	1,314	0,093	1,293	0,094	1,286	0,093	1,312	1,332	0,094	1,385	0,093	1,440	0,092	1,399	0,092	1,411	0,094	1,416	0,092	0,092	1,316	0,092	1,435	0,093	1,457	0,093	1,502	0,096	1,443	0,093	1,411	0,831	0,092	0,804	0,093	1,374	0,092	0,856	0,093	1,016	0,093	1,057	0,092	0,093	1,340	0,095	1,383	0,092	1,387	0,092	1,401	0,092	1,415	0,092	1,424	0,092	0,095	0,094	0,094	0,096	0,094	0,093	0,093	0,092	0,093	0,094	0,092	0,099	0,092	0,092	0,093	0,092	0,092	0,092	0,093	0,093	0,093	0,092	0,092
16:38:04	37,0	1,200	0,117	1,212	0,096	1,244	0,125	1,262	0,093	1,267	0,092	1,289	0,093	0,094	1,252	0,094	1,278	0,095	1,305	0,093	1,285	0,094	1,280	0,093	1,313	1,335	0,094	1,385	0,093	1,439	0,093	1,396	0,092	1,412	0,094	1,411	0,092	0,092	1,315	0,092	1,433	0,093	1,456	0,093	1,503	0,096	1,441	0,093	1,412	0,835	0,093	0,807	0,093	1,373	0,093	0,858	0,093	1,016	0,093	1,059	0,092	0,093	1,341	0,095	1,385	0,092	1,383	0,092	1,402	0,093	1,416	0,092	1,428	0,092	0,095	0,094	0,094	0,096	0,094	0,093	0,093	0,092	0,093	0,094	0,092	0,099	0,092	0,092	0,093	0,092	0,092	0,092	0,093	0,093	0,093	0,092	0,092
16:48:04	37,0	1,200	0,116	1,214	0,096	1,245	0,125	1,262	0,093	1,259	0,092	1,290	0,093	0,094	1,254	0,093	1,280	0,095	1,305	0,093	1,292	0,094	1,281	0,093	1,311	1,333	0,094	1,387	0,093	1,441	0,093	1,397	0,092	1,413	0,094	1,411	0,092	0,092	1,316	0,092	1,434	0,093	1,457	0,093	1,505	0,095	1,446	0,093	1,414	0,833	0,092	0,807	0,092	1,375	0,093	0,862	0,093	1,020	0,093	1,062	0,092	0,093	1,342	0,095	1,386	0,092	1,389	0,092	1,403	0,092	1,420	0,092	1,428	0,092	0,095	0,094	0,094	0,096	0,094	0,093	0,093	0,092	0,093	0,094	0,092	0,099	0,092	0,092	0,093	0,092	0,092	0,092	0,093	0,093	0,093	0,092	0,092
16:58:04	37,0	1,201	0,117	1,210	0,096	1,245	0,125	1,259	0,093	1,258	0,092	1,285	0,093	0,094	1,254	0,094	1,277	0,095	1,310	0,093	1,286	0,094	1,278	0,093	1,311	1,333	0,094	1,388	0,093	1,440	0,092	1,398	0,092	1,415	0,094	1,409	0,092	0,092	1,315	0,092	1,436	0,093	1,458	0,093	1,507	0,095	1,444	0,093	1,417	0,835	0,092	0,811	0,093	1,376	0,092	0,866	0,093	1,024	0,093	1,065	0,093	0,093	1,345	0,095	1,388	0,092	1,390	0,092	1,405	0,093	1,424	0,092	1,428	0,092	0,095	0,094	0,094	0,096	0,093	0,093	0,093	0,092	0,093	0,094	0,092	0,099	0,092	0,092	0,093	0,092	0,092	0,092	0,093	0,093	0,093	0,092	0,092
17:08:04	36,9	1,199	0,116	1,210	0,096	1,244	0,125	1,257	0,093	1,250	0,092	1,285	0,094	0,094	1,255	0,093	1,280	0,095	1,310	0,093	1,287	0,094	1,276	0,093	1,304	1,332	0,094	1,389	0,093	1,441	0,092	1,400	0,092	1,414	0,094	1,411	0,092	0,092	1,317	0,092	1,438	0,093	1,459	0,093	1,508	0,096	1,445	0,093	1,418	0,837	0,093	0,814	0,092	1,376	0,092	0,869	0,093	1,026	0,093	1,067	0,093	0,093	1,347	0,095	1,390	0,092	1,395	0,092	1,409	0,093	1,425	0,092	1,428	0,092	0,095	0,094	0,094	0,096	0,094	0,093	0,093	0,092	0,093	0,094	0,092	0,099	0,092	0,092	0,093	0,092	0,092	0,092	0,093	0,093	0,093	0,092	0,092
17:18:04	37,0	1,197	0,116	1,205	0,096	1,242	0,125	1,252	0,093	1,262	0,092	1,282	0,093	0,094	1,254	0,093	1,273	0,095	1,305	0,093	1,285	0,094	1,277	0,093	1,311	1,334	0,094	1,389	0,093	1,441	0,093	1,399	0,092	1,415	0,094	1,410	0,092	0,091	1,316	0,092	1,438	0,093	1,459	0,094	1,510	0,096	1,448	0,093	1,418	0,837	0,092	0,815	0,093	1,377	0,092	0,871	0,093	1,027	0,092	1,068	0,092	0,093	1,349	0,095	1,392	0,092	1,395	0,092	1,408	0,093	1,427	0,092	1,427	0,092	0,095	0,094	0,094	0,096	0,094	0,093	0,093	0,092	0,093	0,094	0,092	0,099	0,092	0,092	0,093	0,092	0,092	0,092	0,093	0,093	0,093	0,092	0,092
17:28:04	37,0	1,193	0,117	1,203	0,096	1,239	0,125	1,249	0,093	1,262	0,092	1,279	0,094	0,094	1,254	0,093	1,266	0,095	1,304	0,093	1,284	0,094	1,279	0,093	1,314	1,332	0,094	1,390	0,093	1,442	0,093	1,400	0,092	1,417	0,094	1,411	0,092	0,092	1,317	0,092	1,439	0,093	1,460	0,093	1,510	0,096	1,449	0,093	1,419	0,838	0,093	0,816	0,093	1,376	0,093	0,870	0,093	1,028	0,093	1,070	0,092	0,093	1,350	0,095	1,393	0,093	1,395	0,092	1,412	0,093	1,429	0,092	1,427	0,092	0,095	0,094	0,094	0,096	0,094	0,093	0,093	0,093	0,093	0,094	0,093	0,099	0,092	0,092	0,093	0,092	0,093	0,093	0,093	0,093	0,093	0,092	0,092
17:38:04	37,0	1,195	0,116	1,198	0,096	1,237	0,125	1,247	0,093	1,260	0,092	1,278	0,094	0,094	1,253	0,093	1,274	0,095	1,305	0,093	1,279	0,094	1,274	0,093	1,309	1,331	0,094	1,390	0,093	1,442	0,093	1,400	0,092	1,415	0,094	1,408	0,092	0,092	1,315	0,093	1,439	0,093	1,461	0,093	1,511	0,096	1,448	0,093	1,420	0,838	0,092	0,818	0,093	1,379	0,093	0,875	0,093	1,030	0,093	1,071	0,093	0,093	1,351	0,095	1,393	0,092	1,395	0,092	1,411	0,092	1,429	0,092	1,428	0,092	0,095	0,094	0,094	0,096	0,094	0,093	0,093	0,092	0,093	0,094	0,092	0,099	0,092	0,092	0,093	0,092	0,092	0,092	0,093	0,093	0,093	0,092	0,092
17:48:04	37,0	1,192	0,117	1,202	0,096	1,238	0,126	1,247	0,093	1,255	0,093	1,277	0,094	0,094	1,253	0,094	1,272	0,095	1,307	0,093	1,287	0,094	1,273	0,093	1,301	1,332	0,094	1,392	0,093	1,443	0,093	1,402	0,092	1,419	0,094	1,411	0,092	0,092	1,317	0,093	1,443	0,093	1,463	0,093	1,513	0,096	1,450	0,093	1,422	0,840	0,093	0,822	0,093	1,380	0,093	0,877	0,093	1,033	0,093	1,075	0,093	0,093	1,356	0,095	1,394	0,093	1,397	0,092	1,416	0,093	1,432	0,092	1,427	0,092	0,095	0,094	0,094	0,096	0,094	0,093	0,093	0,092	0,093	0,094	0,093	0,099	0,092	0,092	0,093	0,092	0,092	0,092	0,093	0,093	0,093	0,092	0,092
17:58:04	37,0	1,190	0,116	1,195	0,096	1,236	0,125	1,242	0,093	1,261	0,092	1,271	0,094	0,094	1,253	0,093	1,272	0,095	1,303	0,093	1,279	0,094	1,271	0,093	1,312	1,333	0,094	1,392	0,093	1,444	0,093	1,402	0,092	1,417	0,094	1,410	0,092	0,092	1,317	0,093	1,442	0,093	1,464	0,094	1,513	0,096	1,451	0,093	1,423	0,843	0,093	0,821	0,093	1,379	0,093	0,879	0,093	1,036	0,093	1,076	0,093	0,093	1,357	0,095	1,397	0,092	1,401	0,092	1,416	0,093	1,434	0,092	1,427	0,092	0,095	0,094	0,094	0,096	0,094	0,093	0,093	0,092	0,093	0,094	0,093	0,099	0,092	0,092	0,093	0,092	0,092	0,092	0,093	0,093	0,093	0,092	0,092
18:08:04	37,0	1,191	0,116	1,193	0,096	1,234	0,125	1,243	0,093	1,256	0,092	1,268	0,093	0,094	1,252	0,093	1,267	0,095	1,304	0,093	1,280	0,094	1,269	0,093	1,306	1,332	0,094	1,393	0,093	1,445	0,092	1,402	0,092	1,416	0,094	1,410	0,092	0,092	1,317	0,092	1,445	0,093	1,466	0,093	1,514	0,095	1,451	0,093	1,425	0,841	0,092	0,824	0,092	1,380	0,092	0,881	0,093	1,038	0,093	1,078	0,092	0,093	1,358	0,095	1,397	0,092	1,402	0,092	1,419	0,093	1,434	0,092	1,427	0,092	0,094	0,094	0,094	0,096	0,094	0,093	0,093	0,092	0,093	0,094	0,092	0,099	0,092	0,092	0,093	0,092	0,092	0,092	0,093	0,093	0,093	0,092	0,092
18:18:04	37,0	1,188	0,117	1,190	0,096	1,232	0,125	1,240	0,093	1,259	0,092	1,270	0,094	0,094	1,252	0,093	1,261	0,095	1,301	0,093	1,279	0,094	1,271	0,093	1,313	1,333	0,094	1,393	0,093	1,446	0,093	1,402	0,092	1,419	0,094	1,412	0,092	0,092	1,320	0,093	1,445	0,093	1,466	0,093	1,516	0,096	1,454	0,093	1,425	0,846	0,093	0,827	0,093	1,381	0,093	0,880	0,093	1,039	0,093	1,081	0,093	0,093	1,362	0,095	1,402	0,093	1,403	0,092	1,421	0,093	1,437	0,092	1,427	0,092	0,095	0,094	0,094	0,096	0,094	0,094	0,093	0,092	0,093	0,094	0,092	0,099	0,092	0,092	0,093	0,092	0,092	0,092	0,093	0,093	0,093	0,092	0,092
18:28:04	37,0	1,188	0,117	1,187	0,096	1,232	0,125	1,235	0,093	1,256	0,092	1,265	0,094	0,094	1,250	0,094	1,265	0,095	1,304	0,094	1,279	0,094	1,267	0,093	1,305	1,333	0,094	1,395	0,093	1,447	0,093	1,403	0,092	1,416	0,094	1,409	0,093	0,092	1,318	0,093	1,446	0,093	1,466	0,094	1,517	0,096	1,454	0,093	1,426	0,848	0,093	0,828	0,093	1,382	0,093	0,884	0,093	1,041	0,093	1,083	0,093	0,093	1,362	0,095	1,401	0,092	1,405	0,092	1,423	0,093	1,439	0,092	1,428	0,093	0,095	0,094	0,094	0,096	0,094	0,094	0,093	0,092	0,093	0,094	0,093	0,099	0,092	0,092	0,093	0,092	0,093	0,093	0,094	0,093	0,093	0,092	0,093
18:38:04	37,0	1,181	0,117	1,182	0,096	1,228	0,125	1,234	0,093	1,253	0,092	1,264	0,094	0,094	1,250	0,093	1,255	0,095	1,297	0,093	1,274	0,094	1,271	0,093	1,304	1,332	0,094	1,394	0,093	1,447	0,093	1,403	0,092	1,418	0,094	1,411	0,092	0,092	1,316	0,092	1,447	0,093	1,468	0,093	1,516	0,096	1,455	0,093	1,426	0,847	0,093	0,830	0,093	1,381	0,093	0,885	0,093	1,042	0,093	1,085	0,092	0,093	1,366	0,095	1,401	0,093	1,401	0,092	1,425	0,093	1,439	0,092	1,428	0,092	0,095	0,094	0,094	0,096	0,094	0,093	0,093	0,093	0,093	0,094	0,092	0,098	0,092	0,092	0,093	0,092	0,092	0,093	0,093	0,093	0,093	0,092	0,092
18:48:04	37,0	1,184	0,116	1,184	0,096	1,226	0,125	1,232	0,093	1,254	0,092	1,266	0,093	0,094	1,249	0,093	1,251	0,095	1,299	0,093	1,278	0,094	1,268	0,093	1,306	1,331	0,094	1,394	0,093	1,447	0,092	1,403	0,092	1,419	0,094	1,409	0,092	0,092	1,318	0,092	1,446	0,093	1,468	0,093	1,518	0,095	1,458	0,093	1,428	0,848	0,092	0,832	0,093	1,382	0,093	0,887	0,093	1,043	0,092	1,087	0,092	0,093	1,368	0,095	1,403	0,092	1,406	0,092	1,425	0,093	1,442	0,092	1,426	0,092	0,095	0,094	0,094	0,096	0,094	0,093	0,093	0,092	0,093	0,094	0,092	0,098	0,092	0,092	0,093	0,092	0,092	0,092	0,093	0,093	0,093	0,092	0,092
18:58:04	37,0	1,180	0,116	1,178	0,096	1,225	0,125	1,230	0,093	1,252	0,092	1,258	0,094	0,094	1,247	0,093	1,250	0,095	1,299	0,093	1,272	0,094	1,264	0,093	1,301	1,331	0,094	1,395	0,093	1,446	0,092	1,403	0,092	1,419	0,094	1,409	0,092	0,092	1,317	0,092	1,446	0,093	1,469	0,094	1,519	0,096	1,456	0,093	1,428	0,848	0,093	0,832	0,093	1,382	0,093	0,889	0,093	1,046	0,093	1,089	0,093	0,093	1,368	0,095	1,407	0,092	1,405	0,092	1,426	0,093	1,443	0,092	1,427	0,092	0,095	0,094	0,094	0,096	0,094	0,093	0,093	0,092	0,093	0,094	0,092	0,099	0,092	0,092	0,093	0,092	0,092	0,092	0,093	0,093	0,093	0,092	0,092
19:08:04	37,0	1,178	0,116	1,174	0,096	1,222	0,125	1,226	0,093	1,249	0,092	1,255	0,094	0,094	1,246	0,093	1,250	0,095	1,295	0,093	1,271	0,094	1,267	0,093	1,297	1,332	0,094	1,394	0,093	1,445	0,093	1,402	0,092	1,415	0,094	1,409	0,092	0,092	1,315	0,092	1,448	0,093	1,469	0,093	1,518	0,096	1,457	0,093	1,429	0,848	0,093	0,833	0,093	1,383	0,093	0,890	0,093	1,047	0,093	1,087	0,093	0,093	1,366	0,095	1,406	0,093	1,406	0,092	1,426	0,093	1,442	0,092	1,427	0,092	0,095	0,094	0,094	0,096	0,094	0,094	0,093	0,092	0,093	0,094	0,092	0,099	0,092	0,092	0,093	0,092	0,092	0,093	0,093	0,093	0,093	0,092	0,092
19:18:04	37,0	1,173	0,117	1,175	0,096	1,221	0,125	1,227	0,093	1,244	0,092	1,258	0,094	0,094	1,244	0,093	1,244	0,095	1,291	0,093	1,273	0,094	1,266	0,093	1,299	1,330	0,094	1,396	0,093	1,446	0,093	1,402	0,092	1,419	0,094	1,410	0,092	0,092	1,318	0,092	1,449	0,093	1,469	0,093	1,519	0,096	1,459	0,093	1,430	0,849	0,093	0,835	0,093	1,382	0,093	0,894	0,093	1,050	0,093	1,094	0,092	0,093	1,370	0,095	1,406	0,093	1,405	0,092	1,428	0,093	1,444	0,092	1,425	0,092	0,095	0,094	0,094	0,096	0,094	0,093	0,093	0,092	0,093	0,094	0,093	0,099	0,092	0,092	0,093	0,092	0,092	0,093	0,094	0,093	0,093	0,092	0,092
19:28:04	37,0	1,174	0,116	1,172	0,096	1,220	0,125	1,225	0,093	1,240	0,092	1,253	0,094	0,094	1,245	0,093	1,246	0,095	1,290	0,093	1,274	0,094	1,267	0,093	1,297	1,332	0,094	1,397	0,093	1,447	0,092	1,404	0,092	1,418	0,094	1,407	0,092	0,092	1,315	0,092	1,450	0,093	1,469	0,093	1,521	0,096	1,458	0,093	1,430	0,845	0,093	0,836	0,093	1,385	0,093	0,894	0,093	1,051	0,093	1,094	0,092	0,093	1,369	0,095	1,408	0,093	1,407	0,092	1,431	0,093	1,445	0,092	1,425	0,093	0,095	0,094	0,094	0,096	0,094	0,093	0,093	0,092	0,093	0,094	0,092	0,099	0,092	0,092	0,093	0,092	0,092	0,092	0,093	0,093	0,093	0,092	0,093
19:38:04	37,0	1,168	0,116	1,169	0,096	1,217	0,125	1,221	0,093	1,245	0,092	1,250	0,094	0,094	1,244	0,093	1,250	0,095	1,288	0,093	1,272	0,094	1,260	0,093	1,297	1,332	0,094	1,395	0,093	1,446	0,093	1,402	0,092	1,416	0,094	1,408	0,092	0,092	1,315	0,092	1,449	0,093	1,471	0,093	1,520	0,096	1,461	0,093	1,431	0,849	0,092	0,838	0,092	1,382	0,092	0,895	0,093	1,051	0,093	1,093	0,092	0,093	1,371	0,095	1,408	0,092	1,409	0,091	1,431	0,093	1,445	0,092	1,423	0,092	0,095	0,094	0,094	0,096	0,094	0,093	0,093	0,092	0,093	0,094	0,092	0,099	0,092	0,092	0,093	0,092	0,092	0,092	0,093	0,093	0,093	0,092	0,092
19:48:04	36,9	1,169	0,116	1,171	0,096	1,215	0,125	1,218	0,093	1,246	0,092	1,250	0,094	0,094	1,244	0,093	1,243	0,095	1,286	0,093	1,275	0,094	1,266	0,093	1,296	1,331	0,094	1,395	0,093	1,447	0,092	1,404	0,092	1,418	0,094	1,410	0,092	0,092	1,316	0,093	1,451	0,093	1,472	0,094	1,522	0,096	1,463	0,093	1,431	0,850	0,093	0,841	0,093	1,381	0,093	0,895	0,093	1,052	0,093	1,096	0,092	0,093	1,373	0,095	1,410	0,093	1,409	0,092	1,433	0,093	1,446	0,092	1,422	0,092	0,095	0,094	0,094	0,096	0,094	0,093	0,093	0,093	0,093	0,094	0,092	0,099	0,092	0,092	0,093	0,092	0,092	0,093	0,093	0,093	0,093	0,092	0,093
19:58:04	37,0	1,172	0,116	1,170	0,096	1,217	0,125	1,221	0,093	1,233	0,092	1,253	0,094	0,094	1,246	0,093	1,250	0,095	1,291	0,093	1,275	0,094	1,262	0,093	1,289	1,334	0,094	1,397	0,093	1,448	0,093	1,404	0,092	1,415	0,094	1,411	0,092	0,092	1,319	0,093	1,454	0,093	1,473	0,093	1,520	0,096	1,466	0,093	1,435	0,849	0,093	0,844	0,093	1,383	0,093	0,898	0,093	1,056	0,093	1,099	0,093	0,093	1,376	0,095	1,409	0,093	1,415	0,092	1,436	0,093	1,448	0,092	1,422	0,093	0,095	0,094	0,094	0,096	0,094	0,093	0,093	0,093	0,093	0,094	0,092	0,099	0,092	0,092	0,093	0,092	0,093	0,093	0,093	0,093	0,093	0,092	0,092
20:08:04	37,0	1,166	0,116	1,165	0,096	1,210	0,125	1,213	0,093	1,242	0,092	1,250	0,094	0,094	1,244	0,093	1,244	0,095	1,278	0,093	1,272	0,094	1,268	0,093	1,294	1,333	0,094	1,396	0,093	1,448	0,092	1,406	0,092	1,416	0,094	1,408	0,092	0,092	1,314	0,092	1,453	0,093	1,473	0,093	1,524	0,095	1,469	0,093	1,434	0,852	0,093	0,847	0,093	1,382	0,093	0,900	0,093	1,059	0,093	1,099	0,093	0,093	1,379	0,095	1,414	0,092	1,412	0,092	1,436	0,093	1,450	0,092	1,423	0,093	0,095	0,094	0,094	0,096	0,094	0,093	0,093	0,092	0,093	0,094	0,092	0,099	0,092	0,092	0,093	0,092	0,093	0,093	0,093	0,093	0,093	0,092	0,093
20:18:04	37,0	1,169	0,116	1,165	0,096	1,210	0,125	1,214	0,093	1,237	0,092	1,248	0,094	0,094	1,244	0,093	1,241	0,095	1,280	0,093	1,270	0,094	1,266	0,093	1,290	1,335	0,094	1,397	0,093	1,448	0,093	1,405	0,092	1,413	0,094	1,410	0,092	0,092	1,315	0,093	1,456	0,093	1,473	0,093	1,523	0,096	1,469	0,093	1,434	0,851	0,092	0,848	0,093	1,384	0,093	0,901	0,093	1,059	0,093	1,101	0,093	0,093	1,379	0,095	1,413	0,092	1,418	0,092	1,437	0,092	1,452	0,092	1,424	0,092	0,095	0,094	0,094	0,096	0,094	0,093	0,093	0,092	0,093	0,094	0,092	0,099	0,092	0,092	0,093	0,092	0,092	0,093	0,093	0,093	0,093	0,092	0,092
20:28:04	37,0	1,161	0,116	1,161	0,096	1,206	0,125	1,213	0,093	1,234	0,092	1,238	0,094	0,094	1,240	0,093	1,240	0,095	1,278	0,093	1,266	0,094	1,259	0,093	1,287	1,334	0,094	1,396	0,093	1,447	0,092	1,402	0,092	1,416	0,094	1,406	0,092	0,092	1,315	0,092	1,452	0,093	1,471	0,093	1,525	0,095	1,464	0,093	1,433	0,852	0,092	0,845	0,093	1,381	0,092	0,902	0,093	1,059	0,093	1,102	0,092	0,093	1,378	0,095	1,413	0,092	1,415	0,092	1,436	0,093	1,453	0,092	1,423	0,092	0,095	0,094	0,094	0,096	0,093	0,093	0,093	0,092	0,093	0,094	0,092	0,099	0,092	0,092	0,093	0,092	0,092	0,092	0,093	0,093	0,093	0,092	0,092
20:38:04	37,0	1,161	0,117	1,159	0,096	1,203	0,125	1,210	0,093	1,234	0,092	1,244	0,094	0,094	1,242	0,093	1,234	0,095	1,275	0,093	1,268	0,094	1,255	0,093	1,290	1,334	0,094	1,397	0,093	1,447	0,092	1,401	0,092	1,414	0,094	1,406	0,092	0,092	1,316	0,093	1,453	0,093	1,473	0,093	1,526	0,096	1,465	0,093	1,436	0,852	0,092	0,847	0,093	1,384	0,093	0,902	0,093	1,060	0,093	1,104	0,093	0,093	1,379	0,095	1,415	0,092	1,415	0,092	1,437	0,093	1,454	0,092	1,423	0,092	0,095	0,094	0,094	0,096	0,094	0,094	0,093	0,093	0,093	0,094	0,093	0,099	0,092	0,092	0,093	0,092	0,093	0,093	0,093	0,093	0,093	0,092	0,092
20:48:04	37,0	1,158	0,116	1,158	0,096	1,202	0,125	1,210	0,093	1,234	0,092	1,241	0,094	0,094	1,240	0,093	1,235	0,095	1,274	0,093	1,262	0,094	1,255	0,093	1,288	1,333	0,094	1,397	0,093	1,446	0,093	1,401	0,092	1,415	0,094	1,406	0,092	0,092	1,316	0,093	1,453	0,093	1,473	0,093	1,526	0,096	1,468	0,093	1,433	0,851	0,093	0,848	0,093	1,381	0,093	0,904	0,093	1,063	0,093	1,108	0,093	0,093	1,381	0,095	1,413	0,093	1,416	0,092	1,437	0,093	1,456	0,092	1,421	0,093	0,095	0,094	0,094	0,096	0,094	0,093	0,093	0,093	0,093	0,094	0,092	0,099	0,092	0,092	0,093	0,092	0,092	0,093	0,093	0,093	0,093	0,092	0,093
20:58:04	37,0	1,155	0,116	1,156	0,096	1,199	0,125	1,207	0,093	1,223	0,092	1,236	0,094	0,094	1,239	0,093	1,236	0,095	1,276	0,093	1,259	0,094	1,253	0,093	1,280	1,330	0,094	1,396	0,093	1,445	0,092	1,403	0,092	1,412	0,094	1,405	0,092	0,092	1,312	0,093	1,453	0,093	1,473	0,093	1,525	0,095	1,466	0,093	1,434	0,850	0,093	0,847	0,093	1,383	0,093	0,904	0,093	1,064	0,093	1,110	0,092	0,093	1,379	0,095	1,415	0,092	1,415	0,092	1,436	0,093	1,456	0,092	1,423	0,092	0,095	0,094	0,094	0,096	0,094	0,093	0,093	0,092	0,093	0,094	0,092	0,099	0,092	0,092	0,093	0,092	0,092	0,092	0,093	0,093	0,093	0,092	0,092
21:08:04	37,0	1,155	0,116	1,153	0,096	1,197	0,125	1,204	0,093	1,219	0,092	1,231	0,094	0,094	1,238	0,093	1,235	0,095	1,271	0,093	1,256	0,094	1,251	0,093	1,281	1,330	0,094	1,397	0,093	1,444	0,092	1,404	0,092	1,410	0,094	1,404	0,092	0,092	1,310	0,092	1,452	0,093	1,473	0,093	1,525	0,095	1,466	0,093	1,433	0,850	0,093	0,847	0,093	1,384	0,092	0,904	0,093	1,063	0,093	1,110	0,092	0,093	1,378	0,095	1,413	0,092	1,416	0,092	1,435	0,093	1,455	0,092	1,423	0,092	0,095	0,094	0,094	0,096	0,094	0,094	0,093	0,092	0,093	0,094	0,092	0,099	0,092	0,092	0,093	0,092	0,093	0,092	0,093	0,093	0,093	0,092	0,093
21:18:04	36,9	1,151	0,116	1,153	0,096	1,196	0,125	1,202	0,093	1,234	0,092	1,238	0,094	0,094	1,239	0,093	1,229	0,095	1,268	0,093	1,261	0,094	1,256	0,093	1,285	1,334	0,094	1,397	0,093	1,444	0,092	1,405	0,092	1,412	0,094	1,406	0,092	0,092	1,312	0,092	1,457	0,093	1,475	0,093	1,524	0,095	1,468	0,093	1,433	0,853	0,093	0,848	0,093	1,382	0,093	0,907	0,093	1,065	0,093	1,112	0,093	0,093	1,385	0,095	1,416	0,092	1,415	0,092	1,437	0,092	1,455	0,092	1,420	0,092	0,095	0,094	0,094	0,096	0,094	0,093	0,093	0,092	0,093	0,094	0,092	0,099	0,092	0,092	0,093	0,092	0,093	0,092	0,093	0,093	0,093	0,092	0,093
21:28:04	37,0	1,148	0,116	1,151	0,096	1,193	0,125	1,204	0,093	1,207	0,092	1,228	0,094	0,094	1,236	0,093	1,236	0,095	1,268	0,093	1,250	0,094	1,249	0,093	1,274	1,332	0,094	1,396	0,093	1,443	0,092	1,401	0,092	1,408	0,094	1,407	0,092	0,092	1,310	0,092	1,453	0,093	1,475	0,093	1,524	0,095	1,467	0,093	1,431	0,852	0,092	0,848	0,092	1,381	0,093	0,907	0,093	1,066	0,093	1,114	0,092	0,093	1,383	0,095	1,415	0,092	1,414	0,092	1,435	0,093	1,457	0,092	1,423	0,092	0,095	0,094	0,094	0,096	0,094	0,093	0,093	0,092	0,093	0,094	0,092	0,099	0,092	0,092	0,093	0,092	0,092	0,092	0,093	0,093	0,093	0,092	0,093
21:38:04	37,0	1,144	0,116	1,147	0,096	1,188	0,125	1,197	0,093	1,208	0,092	1,227	0,094	0,094	1,234	0,093	1,231	0,095	1,260	0,093	1,244	0,094	1,249	0,093	1,262	1,331	0,094	1,394	0,093	1,440	0,093	1,402	0,092	1,409	0,094	1,405	0,092	0,092	1,308	0,093	1,452	0,093	1,474	0,093	1,519	0,096	1,470	0,093	1,430	0,847	0,093	0,848	0,093	1,381	0,093	0,907	0,093	1,066	0,093	1,113	0,092	0,093	1,381	0,095	1,411	0,092	1,410	0,092	1,437	0,093	1,452	0,092	1,427	0,092	0,095	0,094	0,094	0,096	0,094	0,094	0,093	0,092	0,093	0,094	0,092	0,099	0,092	0,092	0,093	0,092	0,093	0,093	0,093	0,093	0,093	0,092	0,093
21:48:04	37,0	1,143	0,116	1,144	0,096	1,184	0,125	1,194	0,093	1,197	0,092	1,220	0,094	0,094	1,231	0,093	1,231	0,095	1,258	0,093	1,243	0,094	1,245	0,093	1,256	1,329	0,094	1,393	0,093	1,439	0,092	1,402	0,092	1,408	0,094	1,405	0,092	0,092	1,307	0,093	1,452	0,093	1,471	0,093	1,519	0,095	1,467	0,093	1,429	0,844	0,093	0,846	0,093	1,380	0,093	0,904	0,093	1,066	0,093	1,113	0,093	0,093	1,379	0,095	1,410	0,092	1,413	0,092	1,435	0,093	1,452	0,092	1,425	0,093	0,095	0,094	0,094	0,096	0,094	0,093	0,093	0,093	0,093	0,094	0,092	0,099	0,092	0,092	0,093	0,092	0,092	0,093	0,093	0,093	0,093	0,092	0,092
21:58:04	37,0	1,142	0,116	1,143	0,096	1,184	0,125	1,195	0,093	1,194	0,092	1,219	0,093	0,094	1,231	0,093	1,235	0,095	1,257	0,093	1,237	0,094	1,240	0,093	1,259	1,329	0,093	1,394	0,093	1,438	0,092	1,400	0,092	1,403	0,094	1,403	0,092	0,092	1,306	0,092	1,454	0,093	1,475	0,093	1,520	0,095	1,468	0,093	1,425	0,845	0,093	0,847	0,093	1,380	0,092	0,904	0,093	1,063	0,093	1,112	0,092	0,093	1,381	0,095	1,409	0,092	1,411	0,092	1,432	0,093	1,454	0,092	1,423	0,092	0,095	0,094	0,094	0,096	0,094	0,093	0,093	0,093	0,093	0,094	0,092	0,099	0,092	0,092	0,093	0,092	0,092	0,093	0,093	0,093	0,093	0,092	0,093
22:08:04	37,0	1,138	0,116	1,141	0,096	1,180	0,125	1,189	0,093	1,192	0,092	1,217	0,093	0,094	1,228	0,093	1,225	0,095	1,252	0,093	1,238	0,094	1,237	0,093	1,252	1,328	0,094	1,392	0,093	1,436	0,092	1,400	0,092	1,407	0,094	1,403	0,092	0,092	1,304	0,092	1,452	0,093	1,473	0,093	1,518	0,096	1,470	0,093	1,426	0,842	0,093	0,846	0,092	1,379	0,092	0,903	0,093	1,065	0,093	1,113	0,092	0,093	1,380	0,095	1,409	0,093	1,410	0,092	1,434	0,093	1,450	0,092	1,423	0,093	0,095	0,094	0,094	0,096	0,094	0,093	0,093	0,092	0,093	0,094	0,092	0,099	0,092	0,092	0,093	0,092	0,092	0,092	0,094	0,093	0,093	0,092	0,092

