Time	T∞ Optical Density:600	A1	A2	A3	A4	A5	A6	A7	A8	A9	A10	A11	A12	B1	B2	B3	B4	B5	B6	B7	B8	B9	B10	B11	B12	C1	C2	C3	C4	C5	C6	C7	C8	C9	C10	C11	C12	D1	D2	D3	D4	D5	D6	D7	D8	D9	D10	D11	D12	E1	E2	E3	E4	E5	E6	E7	E8	E9	E10	E11	E12	F1	F2	F3	F4	F5	F6	F7	F8	F9	F10	F11	F12	G1	G2	G3	G4	G5	G6	G7	G8	G9	G10	G11	G12	H1	H2	H3	H4	H5	H6	H7	H8	H9	H10	H11	H12
0:08:04	37,0	0,093	0,093	0,093	0,093	0,093	0,093	0,093	0,093	0,093	0,093	0,093	0,093	0,093	0,093	0,093	0,093	0,093	0,093	0,093	0,093	0,093	0,093	0,093	0,093	0,093	0,093	0,093	0,093	0,093	0,093	0,093	0,093	0,093	0,093	0,093	0,093	0,093	0,093	0,093	0,093	0,093	0,093	0,093	0,093	0,093	0,093	0,093	0,093	0,093	0,093	0,093	0,093	0,093	0,093	0,093	0,093	0,093	0,093	0,093	0,093	0,093	0,093	0,093	0,093	0,093	0,093	0,093	0,093	0,093	0,093	0,093	0,093	0,108	0,135	0,105	0,126	0,120	0,126	0,108	0,117	0,171	0,106	0,118	0,102	0,095	0,096	0,095	0,095	0,096	0,095	0,096	0,096	0,095	0,095	0,099	0,096
0:18:04	37,0	0,093	0,093	0,093	0,093	0,093	0,093	0,093	0,093	0,093	0,093	0,093	0,093	0,093	0,093	0,093	0,093	0,093	0,093	0,093	0,093	0,093	0,093	0,093	0,093	0,093	0,093	0,093	0,093	0,093	0,093	0,093	0,093	0,093	0,093	0,093	0,093	0,093	0,093	0,093	0,093	0,093	0,093	0,093	0,093	0,093	0,093	0,093	0,093	0,093	0,093	0,093	0,093	0,093	0,093	0,093	0,093	0,093	0,093	0,093	0,093	0,093	0,093	0,093	0,093	0,093	0,093	0,093	0,093	0,093	0,093	0,093	0,093	0,110	0,134	0,106	0,124	0,124	0,128	0,110	0,119	0,159	0,106	0,118	0,102	0,094	0,096	0,095	0,095	0,095	0,095	0,096	0,095	0,095	0,095	0,099	0,096
0:28:04	37,0	0,093	0,093	0,093	0,093	0,093	0,093	0,093	0,093	0,093	0,093	0,093	0,093	0,093	0,093	0,093	0,093	0,093	0,093	0,093	0,093	0,093	0,093	0,093	0,093	0,093	0,093	0,093	0,093	0,093	0,093	0,093	0,093	0,093	0,093	0,093	0,093	0,093	0,093	0,093	0,093	0,093	0,093	0,093	0,093	0,093	0,093	0,093	0,093	0,093	0,093	0,093	0,093	0,093	0,093	0,093	0,093	0,093	0,093	0,093	0,093	0,093	0,093	0,093	0,093	0,093	0,093	0,093	0,093	0,093	0,093	0,093	0,093	0,110	0,135	0,107	0,125	0,128	0,130	0,111	0,120	0,153	0,106	0,118	0,102	0,095	0,096	0,096	0,095	0,095	0,095	0,096	0,095	0,095	0,095	0,099	0,096
0:38:04	37,0	0,093	0,093	0,093	0,093	0,093	0,093	0,093	0,093	0,093	0,093	0,093	0,093	0,093	0,093	0,093	0,093	0,093	0,093	0,093	0,093	0,093	0,093	0,093	0,093	0,093	0,093	0,093	0,093	0,093	0,093	0,093	0,093	0,093	0,093	0,093	0,093	0,093	0,093	0,093	0,093	0,093	0,093	0,093	0,093	0,093	0,093	0,093	0,093	0,093	0,093	0,093	0,093	0,093	0,093	0,093	0,093	0,093	0,093	0,093	0,093	0,093	0,093	0,093	0,093	0,093	0,093	0,093	0,093	0,093	0,093	0,093	0,093	0,111	0,139	0,108	0,128	0,131	0,133	0,112	0,122	0,163	0,107	0,119	0,103	0,095	0,096	0,095	0,095	0,095	0,095	0,096	0,095	0,095	0,095	0,099	0,096
0:48:04	37,0	0,093	0,093	0,093	0,093	0,093	0,093	0,093	0,093	0,093	0,093	0,093	0,093	0,093	0,093	0,093	0,093	0,093	0,093	0,093	0,093	0,093	0,093	0,093	0,093	0,093	0,093	0,093	0,093	0,093	0,093	0,093	0,093	0,093	0,093	0,093	0,093	0,093	0,093	0,093	0,093	0,093	0,093	0,093	0,093	0,093	0,093	0,093	0,093	0,093	0,093	0,093	0,093	0,093	0,093	0,093	0,093	0,093	0,093	0,093	0,093	0,093	0,093	0,093	0,093	0,093	0,093	0,093	0,093	0,093	0,093	0,093	0,093	0,112	0,143	0,108	0,131	0,137	0,139	0,113	0,126	0,194	0,108	0,120	0,103	0,095	0,096	0,095	0,095	0,095	0,095	0,096	0,095	0,095	0,095	0,099	0,096
0:58:04	37,0	0,093	0,093	0,093	0,093	0,093	0,093	0,093	0,093	0,093	0,093	0,093	0,093	0,093	0,093	0,093	0,093	0,093	0,093	0,093	0,093	0,093	0,093	0,093	0,093	0,093	0,093	0,093	0,093	0,093	0,093	0,093	0,093	0,093	0,093	0,093	0,093	0,093	0,093	0,093	0,093	0,093	0,093	0,093	0,093	0,093	0,093	0,093	0,093	0,093	0,093	0,093	0,093	0,093	0,093	0,093	0,093	0,093	0,093	0,093	0,093	0,093	0,093	0,093	0,093	0,093	0,093	0,093	0,093	0,093	0,093	0,093	0,093	0,113	0,152	0,108	0,137	0,146	0,146	0,114	0,132	0,186	0,111	0,121	0,104	0,095	0,096	0,095	0,095	0,095	0,095	0,096	0,095	0,095	0,095	0,099	0,096
1:08:04	37,0	0,093	0,093	0,093	0,093	0,093	0,093	0,093	0,093	0,093	0,093	0,093	0,093	0,093	0,093	0,093	0,093	0,093	0,093	0,093	0,093	0,093	0,093	0,093	0,093	0,093	0,093	0,093	0,093	0,093	0,093	0,093	0,093	0,093	0,093	0,093	0,093	0,093	0,093	0,093	0,093	0,093	0,093	0,093	0,093	0,093	0,093	0,093	0,093	0,093	0,093	0,093	0,093	0,093	0,093	0,093	0,093	0,093	0,093	0,093	0,093	0,093	0,093	0,093	0,093	0,093	0,093	0,093	0,093	0,093	0,093	0,093	0,093	0,114	0,164	0,108	0,145	0,158	0,157	0,117	0,140	0,200	0,114	0,122	0,105	0,095	0,096	0,096	0,095	0,095	0,095	0,096	0,095	0,095	0,095	0,099	0,096
1:18:04	37,0	0,092	0,092	0,092	0,092	0,092	0,092	0,092	0,092	0,092	0,092	0,092	0,092	0,092	0,092	0,092	0,092	0,092	0,092	0,092	0,092	0,092	0,092	0,092	0,092	0,092	0,092	0,092	0,092	0,092	0,092	0,092	0,092	0,092	0,092	0,092	0,092	0,092	0,092	0,092	0,092	0,092	0,092	0,092	0,092	0,092	0,092	0,092	0,092	0,092	0,092	0,092	0,092	0,092	0,092	0,092	0,092	0,092	0,092	0,092	0,092	0,092	0,092	0,092	0,092	0,092	0,092	0,092	0,092	0,092	0,092	0,092	0,092	0,115	0,176	0,109	0,154	0,173	0,170	0,118	0,149	0,211	0,118	0,123	0,106	0,095	0,096	0,095	0,095	0,095	0,094	0,096	0,095	0,094	0,095	0,099	0,096
1:28:04	37,0	0,093	0,093	0,093	0,093	0,093	0,093	0,093	0,093	0,093	0,093	0,093	0,093	0,093	0,093	0,093	0,093	0,093	0,093	0,093	0,093	0,093	0,093	0,093	0,093	0,093	0,093	0,093	0,093	0,093	0,093	0,093	0,093	0,093	0,093	0,093	0,093	0,093	0,093	0,093	0,093	0,093	0,093	0,093	0,093	0,093	0,093	0,093	0,093	0,093	0,093	0,093	0,093	0,093	0,093	0,093	0,093	0,093	0,093	0,093	0,093	0,093	0,093	0,093	0,093	0,093	0,093	0,093	0,093	0,093	0,093	0,093	0,093	0,118	0,196	0,110	0,169	0,192	0,188	0,121	0,163	0,225	0,125	0,126	0,108	0,095	0,096	0,096	0,095	0,095	0,095	0,096	0,095	0,095	0,095	0,100	0,096
1:38:04	37,0	0,093	0,093	0,093	0,093	0,093	0,093	0,093	0,093	0,093	0,093	0,093	0,093	0,093	0,093	0,093	0,093	0,093	0,093	0,093	0,093	0,093	0,093	0,093	0,093	0,093	0,093	0,093	0,093	0,093	0,093	0,093	0,093	0,093	0,093	0,093	0,093	0,093	0,093	0,093	0,093	0,093	0,093	0,093	0,093	0,093	0,093	0,093	0,093	0,093	0,093	0,093	0,093	0,093	0,093	0,093	0,093	0,093	0,093	0,093	0,093	0,093	0,093	0,093	0,093	0,093	0,093	0,093	0,093	0,093	0,093	0,093	0,093	0,120	0,211	0,111	0,183	0,216	0,208	0,124	0,178	0,236	0,133	0,128	0,111	0,095	0,096	0,095	0,095	0,095	0,095	0,096	0,095	0,095	0,095	0,099	0,096
1:48:04	37,0	0,092	0,092	0,092	0,092	0,092	0,092	0,092	0,092	0,092	0,092	0,092	0,092	0,092	0,092	0,092	0,092	0,092	0,092	0,092	0,092	0,092	0,092	0,092	0,092	0,092	0,092	0,092	0,092	0,092	0,092	0,092	0,092	0,092	0,092	0,092	0,092	0,092	0,092	0,092	0,092	0,092	0,092	0,092	0,092	0,092	0,092	0,092	0,092	0,092	0,092	0,092	0,092	0,092	0,092	0,092	0,092	0,092	0,092	0,092	0,092	0,092	0,092	0,092	0,092	0,092	0,092	0,092	0,092	0,092	0,092	0,092	0,092	0,123	0,233	0,112	0,200	0,240	0,238	0,128	0,206	0,247	0,144	0,131	0,115	0,095	0,096	0,095	0,095	0,095	0,095	0,096	0,095	0,095	0,095	0,099	0,096
1:58:04	37,0	0,092	0,092	0,092	0,092	0,092	0,092	0,092	0,092	0,092	0,092	0,092	0,092	0,092	0,092	0,092	0,092	0,092	0,092	0,092	0,092	0,092	0,092	0,092	0,092	0,092	0,092	0,092	0,092	0,092	0,092	0,092	0,092	0,092	0,092	0,092	0,092	0,092	0,092	0,092	0,092	0,092	0,092	0,092	0,092	0,092	0,092	0,092	0,092	0,092	0,092	0,092	0,092	0,092	0,092	0,092	0,092	0,092	0,092	0,092	0,092	0,092	0,092	0,092	0,092	0,092	0,092	0,092	0,092	0,092	0,092	0,092	0,092	0,128	0,254	0,114	0,219	0,271	0,258	0,132	0,217	0,260	0,158	0,135	0,118	0,094	0,096	0,095	0,095	0,095	0,094	0,096	0,095	0,094	0,095	0,099	0,096
2:08:04	37,0	0,092	0,092	0,092	0,092	0,092	0,092	0,092	0,092	0,092	0,092	0,092	0,092	0,092	0,092	0,092	0,092	0,092	0,092	0,092	0,092	0,092	0,092	0,092	0,092	0,092	0,092	0,092	0,092	0,092	0,092	0,092	0,092	0,092	0,092	0,092	0,092	0,092	0,092	0,092	0,092	0,092	0,092	0,092	0,092	0,092	0,092	0,092	0,092	0,092	0,092	0,092	0,092	0,092	0,092	0,092	0,092	0,092	0,092	0,092	0,092	0,092	0,092	0,092	0,092	0,092	0,092	0,092	0,092	0,092	0,092	0,092	0,092	0,132	0,277	0,116	0,244	0,302	0,303	0,138	0,234	0,274	0,177	0,140	0,123	0,094	0,096	0,095	0,096	0,095	0,095	0,096	0,095	0,094	0,095	0,099	0,096
2:18:04	37,0	0,092	0,092	0,092	0,092	0,092	0,092	0,092	0,092	0,092	0,092	0,092	0,092	0,092	0,092	0,092	0,092	0,092	0,092	0,092	0,092	0,092	0,092	0,092	0,092	0,092	0,092	0,092	0,092	0,092	0,092	0,092	0,092	0,092	0,092	0,092	0,092	0,092	0,092	0,092	0,092	0,092	0,092	0,092	0,092	0,092	0,092	0,092	0,092	0,092	0,092	0,092	0,092	0,092	0,092	0,092	0,092	0,092	0,092	0,092	0,092	0,092	0,092	0,092	0,092	0,092	0,092	0,092	0,092	0,092	0,092	0,092	0,092	0,140	0,300	0,119	0,262	0,329	0,320	0,146	0,260	0,288	0,188	0,146	0,134	0,095	0,096	0,095	0,096	0,095	0,095	0,096	0,095	0,095	0,095	0,099	0,096
2:28:04	37,0	0,092	0,092	0,092	0,092	0,092	0,092	0,092	0,092	0,092	0,092	0,092	0,092	0,092	0,092	0,092	0,092	0,092	0,092	0,092	0,092	0,092	0,092	0,092	0,092	0,092	0,092	0,092	0,092	0,092	0,092	0,092	0,092	0,092	0,092	0,092	0,092	0,092	0,092	0,092	0,092	0,092	0,092	0,092	0,092	0,092	0,092	0,092	0,092	0,092	0,092	0,092	0,092	0,092	0,092	0,092	0,092	0,092	0,092	0,092	0,092	0,092	0,092	0,092	0,092	0,092	0,092	0,092	0,092	0,092	0,092	0,092	0,092	0,148	0,322	0,122	0,285	0,368	0,353	0,154	0,283	0,303	0,211	0,154	0,144	0,094	0,096	0,095	0,095	0,095	0,095	0,096	0,095	0,094	0,095	0,099	0,096
2:38:04	37,0	0,092	0,092	0,092	0,092	0,092	0,092	0,092	0,092	0,092	0,092	0,092	0,092	0,092	0,092	0,092	0,092	0,092	0,092	0,092	0,092	0,092	0,092	0,092	0,092	0,092	0,092	0,092	0,092	0,092	0,092	0,092	0,092	0,092	0,092	0,092	0,092	0,092	0,092	0,092	0,092	0,092	0,092	0,092	0,092	0,092	0,092	0,092	0,092	0,092	0,092	0,092	0,092	0,092	0,092	0,092	0,092	0,092	0,092	0,092	0,092	0,092	0,092	0,092	0,092	0,092	0,092	0,092	0,092	0,092	0,092	0,092	0,092	0,160	0,347	0,127	0,306	0,407	0,384	0,162	0,302	0,318	0,234	0,164	0,168	0,095	0,096	0,095	0,095	0,095	0,094	0,096	0,095	0,095	0,095	0,099	0,096
2:48:04	37,0	0,092	0,092	0,092	0,092	0,092	0,092	0,092	0,092	0,092	0,092	0,092	0,092	0,092	0,092	0,092	0,092	0,092	0,092	0,092	0,092	0,092	0,092	0,092	0,092	0,092	0,092	0,092	0,092	0,092	0,092	0,092	0,092	0,092	0,092	0,092	0,092	0,092	0,092	0,092	0,092	0,092	0,092	0,092	0,092	0,092	0,092	0,092	0,092	0,092	0,092	0,092	0,092	0,092	0,092	0,092	0,092	0,092	0,092	0,092	0,092	0,092	0,092	0,092	0,092	0,092	0,092	0,092	0,092	0,092	0,092	0,092	0,092	0,171	0,365	0,132	0,328	0,442	0,429	0,173	0,326	0,332	0,264	0,174	0,177	0,095	0,096	0,095	0,096	0,095	0,095	0,096	0,095	0,094	0,095	0,099	0,096
2:58:04	37,0	0,092	0,092	0,092	0,092	0,092	0,092	0,092	0,092	0,092	0,092	0,092	0,092	0,092	0,092	0,092	0,092	0,092	0,092	0,092	0,092	0,092	0,092	0,092	0,092	0,092	0,092	0,092	0,092	0,092	0,092	0,092	0,092	0,092	0,092	0,092	0,092	0,092	0,092	0,092	0,092	0,092	0,092	0,092	0,092	0,092	0,092	0,092	0,092	0,092	0,092	0,092	0,092	0,092	0,092	0,092	0,092	0,092	0,092	0,092	0,092	0,092	0,092	0,092	0,092	0,092	0,092	0,092	0,092	0,092	0,092	0,092	0,092	0,185	0,390	0,139	0,349	0,477	0,468	0,182	0,348	0,344	0,292	0,184	0,198	0,094	0,096	0,095	0,095	0,095	0,095	0,096	0,095	0,094	0,095	0,099	0,096
3:08:04	37,0	0,092	0,092	0,092	0,092	0,092	0,092	0,092	0,092	0,092	0,092	0,092	0,092	0,092	0,092	0,092	0,092	0,092	0,092	0,092	0,092	0,092	0,092	0,092	0,092	0,092	0,092	0,092	0,092	0,092	0,092	0,092	0,092	0,092	0,092	0,092	0,092	0,092	0,092	0,092	0,092	0,092	0,092	0,092	0,092	0,092	0,092	0,092	0,092	0,092	0,092	0,092	0,092	0,092	0,092	0,092	0,092	0,092	0,092	0,092	0,092	0,092	0,092	0,092	0,092	0,092	0,092	0,092	0,092	0,092	0,092	0,092	0,092	0,198	0,412	0,147	0,370	0,509	0,497	0,196	0,367	0,360	0,317	0,199	0,219	0,095	0,096	0,095	0,095	0,095	0,095	0,096	0,095	0,095	0,095	0,099	0,096
3:18:04	37,0	0,093	0,093	0,093	0,093	0,093	0,093	0,093	0,093	0,093	0,093	0,093	0,093	0,093	0,093	0,093	0,093	0,093	0,093	0,093	0,093	0,093	0,093	0,093	0,093	0,093	0,093	0,093	0,093	0,093	0,093	0,093	0,093	0,093	0,093	0,093	0,093	0,093	0,093	0,093	0,093	0,093	0,093	0,093	0,093	0,093	0,093	0,093	0,093	0,093	0,093	0,093	0,093	0,093	0,093	0,093	0,093	0,093	0,093	0,093	0,093	0,093	0,093	0,093	0,093	0,093	0,093	0,093	0,093	0,093	0,093	0,093	0,093	0,214	0,432	0,157	0,392	0,546	0,523	0,208	0,390	0,375	0,340	0,212	0,247	0,095	0,096	0,095	0,096	0,095	0,095	0,096	0,095	0,095	0,095	0,099	0,097
3:28:04	37,0	0,092	0,092	0,092	0,092	0,092	0,092	0,092	0,092	0,092	0,092	0,092	0,092	0,092	0,092	0,092	0,092	0,092	0,092	0,092	0,092	0,092	0,092	0,092	0,092	0,092	0,092	0,092	0,092	0,092	0,092	0,092	0,092	0,092	0,092	0,092	0,092	0,092	0,092	0,092	0,092	0,092	0,092	0,092	0,092	0,092	0,092	0,092	0,092	0,092	0,092	0,092	0,092	0,092	0,092	0,092	0,092	0,092	0,092	0,092	0,092	0,092	0,092	0,092	0,092	0,092	0,092	0,092	0,092	0,092	0,092	0,092	0,092	0,233	0,454	0,167	0,413	0,567	0,548	0,224	0,412	0,393	0,371	0,227	0,276	0,094	0,096	0,095	0,095	0,095	0,095	0,096	0,095	0,095	0,095	0,099	0,096
3:38:04	37,0	0,092	0,092	0,092	0,092	0,092	0,092	0,092	0,092	0,092	0,092	0,092	0,092	0,092	0,092	0,092	0,092	0,092	0,092	0,092	0,092	0,092	0,092	0,092	0,092	0,092	0,092	0,092	0,092	0,092	0,092	0,092	0,092	0,092	0,092	0,092	0,092	0,092	0,092	0,092	0,092	0,092	0,092	0,092	0,092	0,092	0,092	0,092	0,092	0,092	0,092	0,092	0,092	0,092	0,092	0,092	0,092	0,092	0,092	0,092	0,092	0,092	0,092	0,092	0,092	0,092	0,092	0,092	0,092	0,092	0,092	0,092	0,092	0,251	0,472	0,178	0,434	0,592	0,573	0,236	0,440	0,407	0,394	0,240	0,306	0,094	0,096	0,095	0,095	0,095	0,095	0,096	0,095	0,094	0,095	0,099	0,096
3:48:04	37,0	0,093	0,093	0,093	0,093	0,093	0,093	0,093	0,093	0,093	0,093	0,093	0,093	0,093	0,093	0,093	0,093	0,093	0,093	0,093	0,093	0,093	0,093	0,093	0,093	0,093	0,093	0,093	0,093	0,093	0,093	0,093	0,093	0,093	0,093	0,093	0,093	0,093	0,093	0,093	0,093	0,093	0,093	0,093	0,093	0,093	0,093	0,093	0,093	0,093	0,093	0,093	0,093	0,093	0,093	0,093	0,093	0,093	0,093	0,093	0,093	0,093	0,093	0,093	0,093	0,093	0,093	0,093	0,093	0,093	0,093	0,093	0,093	0,267	0,496	0,194	0,453	0,605	0,599	0,249	0,464	0,423	0,421	0,255	0,342	0,095	0,096	0,095	0,095	0,095	0,095	0,096	0,095	0,094	0,095	0,100	0,096
3:58:04	37,0	0,093	0,093	0,093	0,093	0,093	0,093	0,093	0,093	0,093	0,093	0,093	0,093	0,093	0,093	0,093	0,093	0,093	0,093	0,093	0,093	0,093	0,093	0,093	0,093	0,093	0,093	0,093	0,093	0,093	0,093	0,093	0,093	0,093	0,093	0,093	0,093	0,093	0,093	0,093	0,093	0,093	0,093	0,093	0,093	0,093	0,093	0,093	0,093	0,093	0,093	0,093	0,093	0,093	0,093	0,093	0,093	0,093	0,093	0,093	0,093	0,093	0,093	0,093	0,093	0,093	0,093	0,093	0,093	0,093	0,093	0,093	0,093	0,283	0,513	0,208	0,472	0,624	0,622	0,263	0,492	0,440	0,446	0,270	0,377	0,095	0,096	0,095	0,095	0,095	0,095	0,096	0,095	0,095	0,095	0,099	0,096
4:08:04	37,0	0,093	0,093	0,093	0,093	0,093	0,093	0,093	0,093	0,093	0,093	0,093	0,093	0,093	0,093	0,093	0,093	0,093	0,093	0,093	0,093	0,093	0,093	0,093	0,093	0,093	0,093	0,093	0,093	0,093	0,093	0,093	0,093	0,093	0,093	0,093	0,093	0,093	0,093	0,093	0,093	0,093	0,093	0,093	0,093	0,093	0,093	0,093	0,093	0,093	0,093	0,093	0,093	0,093	0,093	0,093	0,093	0,093	0,093	0,093	0,093	0,093	0,093	0,093	0,093	0,093	0,093	0,093	0,093	0,093	0,093	0,093	0,093	0,303	0,532	0,225	0,493	0,642	0,636	0,274	0,515	0,453	0,476	0,285	0,416	0,095	0,096	0,095	0,095	0,095	0,095	0,096	0,095	0,095	0,095	0,099	0,096
4:18:04	37,0	0,092	0,092	0,092	0,092	0,092	0,092	0,092	0,092	0,092	0,092	0,092	0,092	0,092	0,092	0,092	0,092	0,092	0,092	0,092	0,092	0,092	0,092	0,092	0,092	0,092	0,092	0,092	0,092	0,092	0,092	0,092	0,092	0,092	0,092	0,092	0,092	0,092	0,092	0,092	0,092	0,092	0,092	0,092	0,092	0,092	0,092	0,092	0,092	0,092	0,092	0,092	0,092	0,092	0,092	0,092	0,092	0,092	0,092	0,092	0,092	0,092	0,092	0,092	0,092	0,092	0,092	0,092	0,092	0,092	0,092	0,092	0,092	0,320	0,554	0,244	0,512	0,657	0,654	0,288	0,535	0,471	0,502	0,302	0,460	0,095	0,096	0,095	0,095	0,095	0,095	0,096	0,095	0,094	0,095	0,099	0,096
4:28:04	37,0	0,093	0,093	0,093	0,093	0,093	0,093	0,093	0,093	0,093	0,093	0,093	0,093	0,093	0,093	0,093	0,093	0,093	0,093	0,093	0,093	0,093	0,093	0,093	0,093	0,093	0,093	0,093	0,093	0,093	0,093	0,093	0,093	0,093	0,093	0,093	0,093	0,093	0,093	0,093	0,093	0,093	0,093	0,093	0,093	0,093	0,093	0,093	0,093	0,093	0,093	0,093	0,093	0,093	0,093	0,093	0,093	0,093	0,093	0,093	0,093	0,093	0,093	0,093	0,093	0,093	0,093	0,093	0,093	0,093	0,093	0,093	0,093	0,339	0,576	0,259	0,537	0,674	0,677	0,300	0,563	0,485	0,524	0,317	0,484	0,095	0,096	0,095	0,095	0,095	0,095	0,096	0,095	0,095	0,095	0,099	0,096
4:38:04	37,0	0,092	0,092	0,092	0,092	0,092	0,092	0,092	0,092	0,092	0,092	0,092	0,092	0,092	0,092	0,092	0,092	0,092	0,092	0,092	0,092	0,092	0,092	0,092	0,092	0,092	0,092	0,092	0,092	0,092	0,092	0,092	0,092	0,092	0,092	0,092	0,092	0,092	0,092	0,092	0,092	0,092	0,092	0,092	0,092	0,092	0,092	0,092	0,092	0,092	0,092	0,092	0,092	0,092	0,092	0,092	0,092	0,092	0,092	0,092	0,092	0,092	0,092	0,092	0,092	0,092	0,092	0,092	0,092	0,092	0,092	0,092	0,092	0,356	0,594	0,274	0,562	0,692	0,710	0,315	0,584	0,498	0,554	0,333	0,532	0,095	0,096	0,095	0,095	0,095	0,095	0,096	0,095	0,094	0,095	0,099	0,096
4:48:04	37,0	0,092	0,092	0,092	0,092	0,092	0,092	0,092	0,092	0,092	0,092	0,092	0,092	0,092	0,092	0,092	0,092	0,092	0,092	0,092	0,092	0,092	0,092	0,092	0,092	0,092	0,092	0,092	0,092	0,092	0,092	0,092	0,092	0,092	0,092	0,092	0,092	0,092	0,092	0,092	0,092	0,092	0,092	0,092	0,092	0,092	0,092	0,092	0,092	0,092	0,092	0,092	0,092	0,092	0,092	0,092	0,092	0,092	0,092	0,092	0,092	0,092	0,092	0,092	0,092	0,092	0,092	0,092	0,092	0,092	0,092	0,092	0,092	0,372	0,612	0,291	0,587	0,707	0,720	0,326	0,617	0,511	0,580	0,347	0,569	0,095	0,096	0,095	0,095	0,095	0,095	0,096	0,095	0,094	0,095	0,099	0,096
4:58:04	37,0	0,092	0,092	0,092	0,092	0,092	0,092	0,092	0,092	0,092	0,092	0,092	0,092	0,092	0,092	0,092	0,092	0,092	0,092	0,092	0,092	0,092	0,092	0,092	0,092	0,092	0,092	0,092	0,092	0,092	0,092	0,092	0,092	0,092	0,092	0,092	0,092	0,092	0,092	0,092	0,092	0,092	0,092	0,092	0,092	0,092	0,092	0,092	0,092	0,092	0,092	0,092	0,092	0,092	0,092	0,092	0,092	0,092	0,092	0,092	0,092	0,092	0,092	0,092	0,092	0,092	0,092	0,092	0,092	0,092	0,092	0,092	0,092	0,388	0,628	0,310	0,603	0,725	0,752	0,337	0,640	0,525	0,601	0,363	0,600	0,095	0,096	0,095	0,095	0,095	0,095	0,096	0,095	0,095	0,095	0,099	0,096
5:08:04	37,0	0,092	0,092	0,092	0,092	0,092	0,092	0,092	0,092	0,092	0,092	0,092	0,092	0,092	0,092	0,092	0,092	0,092	0,092	0,092	0,092	0,092	0,092	0,092	0,092	0,092	0,092	0,092	0,092	0,092	0,092	0,092	0,092	0,092	0,092	0,092	0,092	0,092	0,092	0,092	0,092	0,092	0,092	0,092	0,092	0,092	0,092	0,092	0,092	0,092	0,092	0,092	0,092	0,092	0,092	0,092	0,092	0,092	0,092	0,092	0,092	0,092	0,092	0,092	0,092	0,092	0,092	0,092	0,092	0,092	0,092	0,092	0,092	0,402	0,643	0,330	0,619	0,746	0,776	0,351	0,651	0,536	0,629	0,382	0,634	0,095	0,096	0,095	0,095	0,095	0,095	0,096	0,095	0,094	0,095	0,099	0,096
5:18:04	37,0	0,092	0,092	0,092	0,092	0,092	0,092	0,092	0,092	0,092	0,092	0,092	0,092	0,092	0,092	0,092	0,092	0,092	0,092	0,092	0,092	0,092	0,092	0,092	0,092	0,092	0,092	0,092	0,092	0,092	0,092	0,092	0,092	0,092	0,092	0,092	0,092	0,092	0,092	0,092	0,092	0,092	0,092	0,092	0,092	0,092	0,092	0,092	0,092	0,092	0,092	0,092	0,092	0,092	0,092	0,092	0,092	0,092	0,092	0,092	0,092	0,092	0,092	0,092	0,092	0,092	0,092	0,092	0,092	0,092	0,092	0,092	0,092	0,416	0,660	0,346	0,635	0,764	0,780	0,362	0,681	0,547	0,648	0,395	0,657	0,095	0,096	0,095	0,095	0,095	0,095	0,096	0,095	0,095	0,095	0,099	0,096
5:28:04	37,0	0,092	0,092	0,092	0,092	0,092	0,092	0,092	0,092	0,092	0,092	0,092	0,092	0,092	0,092	0,092	0,092	0,092	0,092	0,092	0,092	0,092	0,092	0,092	0,092	0,092	0,092	0,092	0,092	0,092	0,092	0,092	0,092	0,092	0,092	0,092	0,092	0,092	0,092	0,092	0,092	0,092	0,092	0,092	0,092	0,092	0,092	0,092	0,092	0,092	0,092	0,092	0,092	0,092	0,092	0,092	0,092	0,092	0,092	0,092	0,092	0,092	0,092	0,092	0,092	0,092	0,092	0,092	0,092	0,092	0,092	0,092	0,092	0,428	0,677	0,364	0,652	0,789	0,799	0,374	0,695	0,559	0,665	0,409	0,693	0,094	0,096	0,095	0,095	0,095	0,094	0,096	0,094	0,094	0,095	0,099	0,096
5:38:04	37,0	0,092	0,092	0,092	0,092	0,092	0,092	0,092	0,092	0,092	0,092	0,092	0,092	0,092	0,092	0,092	0,092	0,092	0,092	0,092	0,092	0,092	0,092	0,092	0,092	0,092	0,092	0,092	0,092	0,092	0,092	0,092	0,092	0,092	0,092	0,092	0,092	0,092	0,092	0,092	0,092	0,092	0,092	0,092	0,092	0,092	0,092	0,092	0,092	0,092	0,092	0,092	0,092	0,092	0,092	0,092	0,092	0,092	0,092	0,092	0,092	0,092	0,092	0,092	0,092	0,092	0,092	0,092	0,092	0,092	0,092	0,092	0,092	0,443	0,692	0,382	0,668	0,804	0,845	0,384	0,712	0,570	0,691	0,430	0,717	0,095	0,096	0,095	0,095	0,095	0,095	0,096	0,095	0,095	0,095	0,099	0,096
5:48:04	37,0	0,092	0,092	0,092	0,092	0,092	0,092	0,092	0,092	0,092	0,092	0,092	0,092	0,092	0,092	0,092	0,092	0,092	0,092	0,092	0,092	0,092	0,092	0,092	0,092	0,092	0,092	0,092	0,092	0,092	0,092	0,092	0,092	0,092	0,092	0,092	0,092	0,092	0,092	0,092	0,092	0,092	0,092	0,092	0,092	0,092	0,092	0,092	0,092	0,092	0,092	0,092	0,092	0,092	0,092	0,092	0,092	0,092	0,092	0,092	0,092	0,092	0,092	0,092	0,092	0,092	0,092	0,092	0,092	0,092	0,092	0,092	0,092	0,457	0,709	0,399	0,683	0,824	0,871	0,392	0,737	0,579	0,711	0,444	0,750	0,095	0,096	0,095	0,095	0,095	0,095	0,096	0,095	0,094	0,095	0,099	0,096
5:58:04	37,0	0,092	0,092	0,092	0,092	0,092	0,092	0,092	0,092	0,092	0,092	0,092	0,092	0,092	0,092	0,092	0,092	0,092	0,092	0,092	0,092	0,092	0,092	0,092	0,092	0,092	0,092	0,092	0,092	0,092	0,092	0,092	0,092	0,092	0,092	0,092	0,092	0,092	0,092	0,092	0,092	0,092	0,092	0,092	0,092	0,092	0,092	0,092	0,092	0,092	0,092	0,092	0,092	0,092	0,092	0,092	0,092	0,092	0,092	0,092	0,092	0,092	0,092	0,092	0,092	0,092	0,092	0,092	0,092	0,092	0,092	0,092	0,092	0,466	0,724	0,415	0,703	0,842	0,878	0,402	0,757	0,591	0,746	0,456	0,766	0,095	0,096	0,095	0,095	0,095	0,095	0,096	0,095	0,094	0,095	0,099	0,096
6:08:04	37,0	0,092	0,092	0,092	0,092	0,092	0,092	0,092	0,092	0,092	0,092	0,092	0,092	0,092	0,092	0,092	0,092	0,092	0,092	0,092	0,092	0,092	0,092	0,092	0,092	0,092	0,092	0,092	0,092	0,092	0,092	0,092	0,092	0,092	0,092	0,092	0,092	0,092	0,092	0,092	0,092	0,092	0,092	0,092	0,092	0,092	0,092	0,092	0,092	0,092	0,092	0,092	0,092	0,092	0,092	0,092	0,092	0,092	0,092	0,092	0,092	0,092	0,092	0,092	0,092	0,092	0,092	0,092	0,092	0,092	0,092	0,092	0,092	0,478	0,741	0,429	0,720	0,864	0,897	0,411	0,782	0,601	0,745	0,468	0,790	0,095	0,096	0,095	0,095	0,095	0,095	0,096	0,095	0,094	0,095	0,099	0,096
6:18:04	37,0	0,092	0,092	0,092	0,092	0,092	0,092	0,092	0,092	0,092	0,092	0,092	0,092	0,092	0,092	0,092	0,092	0,092	0,092	0,092	0,092	0,092	0,092	0,092	0,092	0,092	0,092	0,092	0,092	0,092	0,092	0,092	0,092	0,092	0,092	0,092	0,092	0,092	0,092	0,092	0,092	0,092	0,092	0,092	0,092	0,092	0,092	0,092	0,092	0,092	0,092	0,092	0,092	0,092	0,092	0,092	0,092	0,092	0,092	0,092	0,092	0,092	0,092	0,092	0,092	0,092	0,092	0,092	0,092	0,092	0,092	0,092	0,092	0,487	0,756	0,444	0,737	0,876	0,924	0,419	0,798	0,611	0,788	0,483	0,815	0,095	0,096	0,095	0,096	0,095	0,095	0,096	0,095	0,094	0,095	0,099	0,096
6:28:04	37,0	0,092	0,092	0,092	0,092	0,092	0,092	0,092	0,092	0,092	0,092	0,092	0,092	0,092	0,092	0,092	0,092	0,092	0,092	0,092	0,092	0,092	0,092	0,092	0,092	0,092	0,092	0,092	0,092	0,092	0,092	0,092	0,092	0,092	0,092	0,092	0,092	0,092	0,092	0,092	0,092	0,092	0,092	0,092	0,092	0,092	0,092	0,092	0,092	0,092	0,092	0,092	0,092	0,092	0,092	0,092	0,092	0,092	0,092	0,092	0,092	0,092	0,092	0,092	0,092	0,092	0,092	0,092	0,092	0,092	0,092	0,092	0,092	0,498	0,769	0,457	0,757	0,895	0,926	0,428	0,824	0,619	0,788	0,495	0,830	0,095	0,096	0,095	0,095	0,095	0,095	0,096	0,095	0,094	0,095	0,099	0,096
6:38:04	37,0	0,093	0,093	0,093	0,093	0,093	0,093	0,093	0,093	0,093	0,093	0,093	0,093	0,093	0,093	0,093	0,093	0,093	0,093	0,093	0,093	0,093	0,093	0,093	0,093	0,093	0,093	0,093	0,093	0,093	0,093	0,093	0,093	0,093	0,093	0,093	0,093	0,093	0,093	0,093	0,093	0,093	0,093	0,093	0,093	0,093	0,093	0,093	0,093	0,093	0,093	0,093	0,093	0,093	0,093	0,093	0,093	0,093	0,093	0,093	0,093	0,093	0,093	0,093	0,093	0,093	0,093	0,093	0,093	0,093	0,093	0,093	0,093	0,508	0,789	0,469	0,773	0,907	0,959	0,436	0,838	0,629	0,826	0,509	0,852	0,095	0,096	0,095	0,096	0,095	0,095	0,096	0,095	0,094	0,095	0,099	0,096
6:48:04	37,0	0,093	0,093	0,093	0,093	0,093	0,093	0,093	0,093	0,093	0,093	0,093	0,093	0,093	0,093	0,093	0,093	0,093	0,093	0,093	0,093	0,093	0,093	0,093	0,093	0,093	0,093	0,093	0,093	0,093	0,093	0,093	0,093	0,093	0,093	0,093	0,093	0,093	0,093	0,093	0,093	0,093	0,093	0,093	0,093	0,093	0,093	0,093	0,093	0,093	0,093	0,093	0,093	0,093	0,093	0,093	0,093	0,093	0,093	0,093	0,093	0,093	0,093	0,093	0,093	0,093	0,093	0,093	0,093	0,093	0,093	0,093	0,093	0,511	0,803	0,482	0,791	0,923	0,983	0,446	0,858	0,638	0,835	0,523	0,878	0,095	0,096	0,095	0,095	0,095	0,095	0,096	0,095	0,094	0,095	0,100	0,096
6:58:04	37,0	0,093	0,093	0,093	0,093	0,093	0,093	0,093	0,093	0,093	0,093	0,093	0,093	0,093	0,093	0,093	0,093	0,093	0,093	0,093	0,093	0,093	0,093	0,093	0,093	0,093	0,093	0,093	0,093	0,093	0,093	0,093	0,093	0,093	0,093	0,093	0,093	0,093	0,093	0,093	0,093	0,093	0,093	0,093	0,093	0,093	0,093	0,093	0,093	0,093	0,093	0,093	0,093	0,093	0,093	0,093	0,093	0,093	0,093	0,093	0,093	0,093	0,093	0,093	0,093	0,093	0,093	0,093	0,093	0,093	0,093	0,093	0,093	0,518	0,821	0,496	0,806	0,945	0,977	0,454	0,877	0,644	0,844	0,532	0,897	0,095	0,096	0,095	0,095	0,095	0,095	0,096	0,095	0,095	0,095	0,099	0,097
7:08:04	37,0	0,093	0,093	0,093	0,093	0,093	0,093	0,093	0,093	0,093	0,093	0,093	0,093	0,093	0,093	0,093	0,093	0,093	0,093	0,093	0,093	0,093	0,093	0,093	0,093	0,093	0,093	0,093	0,093	0,093	0,093	0,093	0,093	0,093	0,093	0,093	0,093	0,093	0,093	0,093	0,093	0,093	0,093	0,093	0,093	0,093	0,093	0,093	0,093	0,093	0,093	0,093	0,093	0,093	0,093	0,093	0,093	0,093	0,093	0,093	0,093	0,093	0,093	0,093	0,093	0,093	0,093	0,093	0,093	0,093	0,093	0,093	0,093	0,520	0,838	0,505	0,822	0,951	0,985	0,463	0,895	0,655	0,879	0,543	0,920	0,095	0,096	0,095	0,095	0,095	0,095	0,096	0,095	0,094	0,095	0,099	0,096
7:18:04	37,0	0,092	0,092	0,092	0,092	0,092	0,092	0,092	0,092	0,092	0,092	0,092	0,092	0,092	0,092	0,092	0,092	0,092	0,092	0,092	0,092	0,092	0,092	0,092	0,092	0,092	0,092	0,092	0,092	0,092	0,092	0,092	0,092	0,092	0,092	0,092	0,092	0,092	0,092	0,092	0,092	0,092	0,092	0,092	0,092	0,092	0,092	0,092	0,092	0,092	0,092	0,092	0,092	0,092	0,092	0,092	0,092	0,092	0,092	0,092	0,092	0,092	0,092	0,092	0,092	0,092	0,092	0,092	0,092	0,092	0,092	0,092	0,092	0,528	0,851	0,516	0,834	0,969	1,005	0,473	0,913	0,664	0,880	0,555	0,939	0,094	0,096	0,095	0,095	0,095	0,095	0,096	0,095	0,094	0,095	0,099	0,096
7:28:04	37,0	0,093	0,093	0,093	0,093	0,093	0,093	0,093	0,093	0,093	0,093	0,093	0,093	0,093	0,093	0,093	0,093	0,093	0,093	0,093	0,093	0,093	0,093	0,093	0,093	0,093	0,093	0,093	0,093	0,093	0,093	0,093	0,093	0,093	0,093	0,093	0,093	0,093	0,093	0,093	0,093	0,093	0,093	0,093	0,093	0,093	0,093	0,093	0,093	0,093	0,093	0,093	0,093	0,093	0,093	0,093	0,093	0,093	0,093	0,093	0,093	0,093	0,093	0,093	0,093	0,093	0,093	0,093	0,093	0,093	0,093	0,093	0,093	0,533	0,868	0,527	0,850	0,980	1,040	0,481	0,930	0,670	0,904	0,570	0,966	0,095	0,096	0,095	0,095	0,095	0,095	0,096	0,095	0,094	0,095	0,099	0,096
7:38:04	37,0	0,093	0,093	0,093	0,093	0,093	0,093	0,093	0,093	0,093	0,093	0,093	0,093	0,093	0,093	0,093	0,093	0,093	0,093	0,093	0,093	0,093	0,093	0,093	0,093	0,093	0,093	0,093	0,093	0,093	0,093	0,093	0,093	0,093	0,093	0,093	0,093	0,093	0,093	0,093	0,093	0,093	0,093	0,093	0,093	0,093	0,093	0,093	0,093	0,093	0,093	0,093	0,093	0,093	0,093	0,093	0,093	0,093	0,093	0,093	0,093	0,093	0,093	0,093	0,093	0,093	0,093	0,093	0,093	0,093	0,093	0,093	0,093	0,539	0,883	0,532	0,866	0,994	1,038	0,491	0,954	0,680	0,941	0,581	0,981	0,095	0,096	0,095	0,095	0,095	0,095	0,096	0,095	0,094	0,095	0,099	0,096
7:48:04	37,0	0,093	0,093	0,093	0,093	0,093	0,093	0,093	0,093	0,093	0,093	0,093	0,093	0,093	0,093	0,093	0,093	0,093	0,093	0,093	0,093	0,093	0,093	0,093	0,093	0,093	0,093	0,093	0,093	0,093	0,093	0,093	0,093	0,093	0,093	0,093	0,093	0,093	0,093	0,093	0,093	0,093	0,093	0,093	0,093	0,093	0,093	0,093	0,093	0,093	0,093	0,093	0,093	0,093	0,093	0,093	0,093	0,093	0,093	0,093	0,093	0,093	0,093	0,093	0,093	0,093	0,093	0,093	0,093	0,093	0,093	0,093	0,093	0,546	0,896	0,537	0,875	1,004	1,047	0,500	0,967	0,686	0,935	0,591	1,002	0,095	0,096	0,095	0,095	0,095	0,095	0,096	0,095	0,094	0,095	0,099	0,096
7:58:04	37,0	0,093	0,093	0,093	0,093	0,093	0,093	0,093	0,093	0,093	0,093	0,093	0,093	0,093	0,093	0,093	0,093	0,093	0,093	0,093	0,093	0,093	0,093	0,093	0,093	0,093	0,093	0,093	0,093	0,093	0,093	0,093	0,093	0,093	0,093	0,093	0,093	0,093	0,093	0,093	0,093	0,093	0,093	0,093	0,093	0,093	0,093	0,093	0,093	0,093	0,093	0,093	0,093	0,093	0,093	0,093	0,093	0,093	0,093	0,093	0,093	0,093	0,093	0,093	0,093	0,093	0,093	0,093	0,093	0,093	0,093	0,093	0,093	0,555	0,909	0,543	0,892	1,018	1,078	0,506	0,980	0,694	0,966	0,599	1,014	0,095	0,096	0,095	0,096	0,095	0,095	0,096	0,095	0,095	0,095	0,099	0,097
8:08:04	37,0	0,093	0,093	0,093	0,093	0,093	0,093	0,093	0,093	0,093	0,093	0,093	0,093	0,093	0,093	0,093	0,093	0,093	0,093	0,093	0,093	0,093	0,093	0,093	0,093	0,093	0,093	0,093	0,093	0,093	0,093	0,093	0,093	0,093	0,093	0,093	0,093	0,093	0,093	0,093	0,093	0,093	0,093	0,093	0,093	0,093	0,093	0,093	0,093	0,093	0,093	0,093	0,093	0,093	0,093	0,093	0,093	0,093	0,093	0,093	0,093	0,093	0,093	0,093	0,093	0,093	0,093	0,093	0,093	0,093	0,093	0,093	0,093	0,561	0,923	0,551	0,907	1,035	1,074	0,513	0,999	0,699	0,965	0,605	1,034	0,095	0,096	0,095	0,096	0,095	0,095	0,096	0,095	0,095	0,095	0,099	0,096
8:18:04	37,0	0,093	0,093	0,093	0,093	0,093	0,093	0,093	0,093	0,093	0,093	0,093	0,093	0,093	0,093	0,093	0,093	0,093	0,093	0,093	0,093	0,093	0,093	0,093	0,093	0,093	0,093	0,093	0,093	0,093	0,093	0,093	0,093	0,093	0,093	0,093	0,093	0,093	0,093	0,093	0,093	0,093	0,093	0,093	0,093	0,093	0,093	0,093	0,093	0,093	0,093	0,093	0,093	0,093	0,093	0,093	0,093	0,093	0,093	0,093	0,093	0,093	0,093	0,093	0,093	0,093	0,093	0,093	0,093	0,093	0,093	0,093	0,093	0,566	0,935	0,557	0,920	1,040	1,095	0,517	1,008	0,706	0,981	0,612	1,050	0,095	0,096	0,095	0,096	0,095	0,095	0,096	0,095	0,095	0,095	0,100	0,096
8:28:04	37,0	0,093	0,093	0,093	0,093	0,093	0,093	0,093	0,093	0,093	0,093	0,093	0,093	0,093	0,093	0,093	0,093	0,093	0,093	0,093	0,093	0,093	0,093	0,093	0,093	0,093	0,093	0,093	0,093	0,093	0,093	0,093	0,093	0,093	0,093	0,093	0,093	0,093	0,093	0,093	0,093	0,093	0,093	0,093	0,093	0,093	0,093	0,093	0,093	0,093	0,093	0,093	0,093	0,093	0,093	0,093	0,093	0,093	0,093	0,093	0,093	0,093	0,093	0,093	0,093	0,093	0,093	0,093	0,093	0,093	0,093	0,093	0,093	0,571	0,948	0,565	0,932	1,063	1,095	0,524	1,022	0,709	0,989	0,615	1,069	0,095	0,096	0,095	0,096	0,095	0,095	0,096	0,095	0,094	0,095	0,099	0,096
8:38:04	37,0	0,093	0,093	0,093	0,093	0,093	0,093	0,093	0,093	0,093	0,093	0,093	0,093	0,093	0,093	0,093	0,093	0,093	0,093	0,093	0,093	0,093	0,093	0,093	0,093	0,093	0,093	0,093	0,093	0,093	0,093	0,093	0,093	0,093	0,093	0,093	0,093	0,093	0,093	0,093	0,093	0,093	0,093	0,093	0,093	0,093	0,093	0,093	0,093	0,093	0,093	0,093	0,093	0,093	0,093	0,093	0,093	0,093	0,093	0,093	0,093	0,093	0,093	0,093	0,093	0,093	0,093	0,093	0,093	0,093	0,093	0,093	0,093	0,577	0,964	0,569	0,947	1,060	1,119	0,527	1,034	0,717	1,017	0,623	1,083	0,095	0,096	0,095	0,095	0,095	0,095	0,096	0,095	0,094	0,095	0,099	0,097
8:48:04	37,0	0,093	0,093	0,093	0,093	0,093	0,093	0,093	0,093	0,093	0,093	0,093	0,093	0,093	0,093	0,093	0,093	0,093	0,093	0,093	0,093	0,093	0,093	0,093	0,093	0,093	0,093	0,093	0,093	0,093	0,093	0,093	0,093	0,093	0,093	0,093	0,093	0,093	0,093	0,093	0,093	0,093	0,093	0,093	0,093	0,093	0,093	0,093	0,093	0,093	0,093	0,093	0,093	0,093	0,093	0,093	0,093	0,093	0,093	0,093	0,093	0,093	0,093	0,093	0,093	0,093	0,093	0,093	0,093	0,093	0,093	0,093	0,093	0,585	0,973	0,578	0,958	1,079	1,117	0,536	1,052	0,720	1,020	0,628	1,101	0,095	0,096	0,095	0,095	0,095	0,095	0,096	0,095	0,094	0,095	0,099	0,096
8:58:04	37,0	0,093	0,093	0,093	0,093	0,093	0,093	0,093	0,093	0,093	0,093	0,093	0,093	0,093	0,093	0,093	0,093	0,093	0,093	0,093	0,093	0,093	0,093	0,093	0,093	0,093	0,093	0,093	0,093	0,093	0,093	0,093	0,093	0,093	0,093	0,093	0,093	0,093	0,093	0,093	0,093	0,093	0,093	0,093	0,093	0,093	0,093	0,093	0,093	0,093	0,093	0,093	0,093	0,093	0,093	0,093	0,093	0,093	0,093	0,093	0,093	0,093	0,093	0,093	0,093	0,093	0,093	0,093	0,093	0,093	0,093	0,093	0,093	0,591	0,986	0,581	0,970	1,085	1,126	0,540	1,062	0,726	1,032	0,635	1,114	0,095	0,096	0,096	0,096	0,096	0,096	0,097	0,095	0,095	0,095	0,099	0,097
9:08:04	36,9	0,093	0,093	0,093	0,093	0,093	0,093	0,093	0,093	0,093	0,093	0,093	0,093	0,093	0,093	0,093	0,093	0,093	0,093	0,093	0,093	0,093	0,093	0,093	0,093	0,093	0,093	0,093	0,093	0,093	0,093	0,093	0,093	0,093	0,093	0,093	0,093	0,093	0,093	0,093	0,093	0,093	0,093	0,093	0,093	0,093	0,093	0,093	0,093	0,093	0,093	0,093	0,093	0,093	0,093	0,093	0,093	0,093	0,093	0,093	0,093	0,093	0,093	0,093	0,093	0,093	0,093	0,093	0,093	0,093	0,093	0,093	0,093	0,596	0,998	0,586	0,984	1,089	1,152	0,544	1,075	0,735	1,063	0,642	1,130	0,095	0,096	0,095	0,096	0,096	0,095	0,096	0,095	0,094	0,095	0,099	0,097
9:18:04	37,0	0,093	0,093	0,093	0,093	0,093	0,093	0,093	0,093	0,093	0,093	0,093	0,093	0,093	0,093	0,093	0,093	0,093	0,093	0,093	0,093	0,093	0,093	0,093	0,093	0,093	0,093	0,093	0,093	0,093	0,093	0,093	0,093	0,093	0,093	0,093	0,093	0,093	0,093	0,093	0,093	0,093	0,093	0,093	0,093	0,093	0,093	0,093	0,093	0,093	0,093	0,093	0,093	0,093	0,093	0,093	0,093	0,093	0,093	0,093	0,093	0,093	0,093	0,093	0,093	0,093	0,093	0,093	0,093	0,093	0,093	0,093	0,093	0,603	1,006	0,593	0,995	1,095	1,148	0,551	1,088	0,741	1,079	0,648	1,147	0,095	0,096	0,095	0,096	0,096	0,095	0,096	0,095	0,095	0,095	0,099	0,097
9:28:04	37,0	0,093	0,093	0,093	0,093	0,093	0,093	0,093	0,093	0,093	0,093	0,093	0,093	0,093	0,093	0,093	0,093	0,093	0,093	0,093	0,093	0,093	0,093	0,093	0,093	0,093	0,093	0,093	0,093	0,093	0,093	0,093	0,093	0,093	0,093	0,093	0,093	0,093	0,093	0,093	0,093	0,093	0,093	0,093	0,093	0,093	0,093	0,093	0,093	0,093	0,093	0,093	0,093	0,093	0,093	0,093	0,093	0,093	0,093	0,093	0,093	0,093	0,093	0,093	0,093	0,093	0,093	0,093	0,093	0,093	0,093	0,093	0,093	0,607	1,017	0,599	1,004	1,109	1,154	0,560	1,099	0,742	1,072	0,654	1,158	0,095	0,096	0,095	0,096	0,095	0,096	0,096	0,095	0,095	0,095	0,099	0,097
9:38:04	37,0	0,093	0,093	0,093	0,093	0,093	0,093	0,093	0,093	0,093	0,093	0,093	0,093	0,093	0,093	0,093	0,093	0,093	0,093	0,093	0,093	0,093	0,093	0,093	0,093	0,093	0,093	0,093	0,093	0,093	0,093	0,093	0,093	0,093	0,093	0,093	0,093	0,093	0,093	0,093	0,093	0,093	0,093	0,093	0,093	0,093	0,093	0,093	0,093	0,093	0,093	0,093	0,093	0,093	0,093	0,093	0,093	0,093	0,093	0,093	0,093	0,093	0,093	0,093	0,093	0,093	0,093	0,093	0,093	0,093	0,093	0,093	0,093	0,615	1,028	0,604	1,015	1,117	1,163	0,565	1,113	0,751	1,090	0,661	1,170	0,095	0,096	0,095	0,095	0,095	0,096	0,096	0,095	0,094	0,095	0,099	0,097
9:48:04	37,0	0,093	0,093	0,093	0,093	0,093	0,093	0,093	0,093	0,093	0,093	0,093	0,093	0,093	0,093	0,093	0,093	0,093	0,093	0,093	0,093	0,093	0,093	0,093	0,093	0,093	0,093	0,093	0,093	0,093	0,093	0,093	0,093	0,093	0,093	0,093	0,093	0,093	0,093	0,093	0,093	0,093	0,093	0,093	0,093	0,093	0,093	0,093	0,093	0,093	0,093	0,093	0,093	0,093	0,093	0,093	0,093	0,093	0,093	0,093	0,093	0,093	0,093	0,093	0,093	0,093	0,093	0,093	0,093	0,093	0,093	0,093	0,093	0,622	1,038	0,610	1,023	1,137	1,171	0,574	1,121	0,754	1,094	0,667	1,184	0,095	0,096	0,095	0,096	0,095	0,095	0,096	0,095	0,095	0,095	0,099	0,097
9:58:04	37,0	0,093	0,093	0,093	0,093	0,093	0,093	0,093	0,093	0,093	0,093	0,093	0,093	0,093	0,093	0,093	0,093	0,093	0,093	0,093	0,093	0,093	0,093	0,093	0,093	0,093	0,093	0,093	0,093	0,093	0,093	0,093	0,093	0,093	0,093	0,093	0,093	0,093	0,093	0,093	0,093	0,093	0,093	0,093	0,093	0,093	0,093	0,093	0,093	0,093	0,093	0,093	0,093	0,093	0,093	0,093	0,093	0,093	0,093	0,093	0,093	0,093	0,093	0,093	0,093	0,093	0,093	0,093	0,093	0,093	0,093	0,093	0,093	0,629	1,049	0,615	1,035	1,132	1,186	0,578	1,129	0,763	1,129	0,674	1,197	0,095	0,096	0,095	0,096	0,095	0,095	0,096	0,095	0,094	0,095	0,099	0,097
10:08:04	37,0	0,093	0,093	0,093	0,093	0,093	0,093	0,093	0,093	0,093	0,093	0,093	0,093	0,093	0,093	0,093	0,093	0,093	0,093	0,093	0,093	0,093	0,093	0,093	0,093	0,093	0,093	0,093	0,093	0,093	0,093	0,093	0,093	0,093	0,093	0,093	0,093	0,093	0,093	0,093	0,093	0,093	0,093	0,093	0,093	0,093	0,093	0,093	0,093	0,093	0,093	0,093	0,093	0,093	0,093	0,093	0,093	0,093	0,093	0,093	0,093	0,093	0,093	0,093	0,093	0,093	0,093	0,093	0,093	0,093	0,093	0,093	0,093	0,634	1,058	0,620	1,046	1,138	1,202	0,585	1,150	0,768	1,133	0,682	1,206	0,095	0,096	0,095	0,096	0,095	0,095	0,096	0,095	0,094	0,095	0,099	0,097
10:18:04	37,0	0,093	0,093	0,093	0,093	0,093	0,093	0,093	0,093	0,093	0,093	0,093	0,093	0,093	0,093	0,093	0,093	0,093	0,093	0,093	0,093	0,093	0,093	0,093	0,093	0,093	0,093	0,093	0,093	0,093	0,093	0,093	0,093	0,093	0,093	0,093	0,093	0,093	0,093	0,093	0,093	0,093	0,093	0,093	0,093	0,093	0,093	0,093	0,093	0,093	0,093	0,093	0,093	0,093	0,093	0,093	0,093	0,093	0,093	0,093	0,093	0,093	0,093	0,093	0,093	0,093	0,093	0,093	0,093	0,093	0,093	0,093	0,093	0,641	1,067	0,629	1,055	1,155	1,196	0,592	1,161	0,773	1,134	0,689	1,225	0,095	0,096	0,095	0,096	0,095	0,096	0,096	0,095	0,095	0,095	0,099	0,097
10:28:04	37,0	0,093	0,093	0,093	0,093	0,093	0,093	0,093	0,093	0,093	0,093	0,093	0,093	0,093	0,093	0,093	0,093	0,093	0,093	0,093	0,093	0,093	0,093	0,093	0,093	0,093	0,093	0,093	0,093	0,093	0,093	0,093	0,093	0,093	0,093	0,093	0,093	0,093	0,093	0,093	0,093	0,093	0,093	0,093	0,093	0,093	0,093	0,093	0,093	0,093	0,093	0,093	0,093	0,093	0,093	0,093	0,093	0,093	0,093	0,093	0,093	0,093	0,093	0,093	0,093	0,093	0,093	0,093	0,093	0,093	0,093	0,093	0,093	0,647	1,075	0,633	1,066	1,154	1,202	0,597	1,167	0,775	1,145	0,696	1,228	0,095	0,096	0,095	0,096	0,096	0,095	0,096	0,095	0,095	0,095	0,099	0,097
10:38:04	37,0	0,093	0,093	0,093	0,093	0,093	0,093	0,093	0,093	0,093	0,093	0,093	0,093	0,093	0,093	0,093	0,093	0,093	0,093	0,093	0,093	0,093	0,093	0,093	0,093	0,093	0,093	0,093	0,093	0,093	0,093	0,093	0,093	0,093	0,093	0,093	0,093	0,093	0,093	0,093	0,093	0,093	0,093	0,093	0,093	0,093	0,093	0,093	0,093	0,093	0,093	0,093	0,093	0,093	0,093	0,093	0,093	0,093	0,093	0,093	0,093	0,093	0,093	0,093	0,093	0,093	0,093	0,093	0,093	0,093	0,093	0,093	0,093	0,652	1,085	0,639	1,078	1,161	1,208	0,603	1,178	0,779	1,153	0,700	1,242	0,095	0,096	0,095	0,096	0,096	0,096	0,096	0,095	0,095	0,095	0,099	0,097
10:48:04	36,9	0,093	0,093	0,093	0,093	0,093	0,093	0,093	0,093	0,093	0,093	0,093	0,093	0,093	0,093	0,093	0,093	0,093	0,093	0,093	0,093	0,093	0,093	0,093	0,093	0,093	0,093	0,093	0,093	0,093	0,093	0,093	0,093	0,093	0,093	0,093	0,093	0,093	0,093	0,093	0,093	0,093	0,093	0,093	0,093	0,093	0,093	0,093	0,093	0,093	0,093	0,093	0,093	0,093	0,093	0,093	0,093	0,093	0,093	0,093	0,093	0,093	0,093	0,093	0,093	0,093	0,093	0,093	0,093	0,093	0,093	0,093	0,093	0,658	1,095	0,644	1,086	1,171	1,216	0,608	1,182	0,783	1,159	0,705	1,251	0,095	0,096	0,095	0,096	0,096	0,096	0,096	0,095	0,095	0,095	0,099	0,097
10:58:04	37,0	0,093	0,093	0,093	0,093	0,093	0,093	0,093	0,093	0,093	0,093	0,093	0,093	0,093	0,093	0,093	0,093	0,093	0,093	0,093	0,093	0,093	0,093	0,093	0,093	0,093	0,093	0,093	0,093	0,093	0,093	0,093	0,093	0,093	0,093	0,093	0,093	0,093	0,093	0,093	0,093	0,093	0,093	0,093	0,093	0,093	0,093	0,093	0,093	0,093	0,093	0,093	0,093	0,093	0,093	0,093	0,093	0,093	0,093	0,093	0,093	0,093	0,093	0,093	0,093	0,093	0,093	0,093	0,093	0,093	0,093	0,093	0,093	0,664	1,106	0,648	1,094	1,179	1,220	0,614	1,192	0,788	1,169	0,713	1,247	0,095	0,096	0,095	0,096	0,096	0,096	0,096	0,095	0,095	0,095	0,099	0,097
11:08:04	37,0	0,093	0,093	0,093	0,093	0,093	0,093	0,093	0,093	0,093	0,093	0,093	0,093	0,093	0,093	0,093	0,093	0,093	0,093	0,093	0,093	0,093	0,093	0,093	0,093	0,093	0,093	0,093	0,093	0,093	0,093	0,093	0,093	0,093	0,093	0,093	0,093	0,093	0,093	0,093	0,093	0,093	0,093	0,093	0,093	0,093	0,093	0,093	0,093	0,093	0,093	0,093	0,093	0,093	0,093	0,093	0,093	0,093	0,093	0,093	0,093	0,093	0,093	0,093	0,093	0,093	0,093	0,093	0,093	0,093	0,093	0,093	0,093	0,671	1,117	0,655	1,105	1,182	1,224	0,619	1,201	0,792	1,179	0,718	1,264	0,095	0,096	0,095	0,096	0,095	0,095	0,096	0,095	0,094	0,095	0,099	0,097
11:18:04	37,0	0,093	0,093	0,093	0,093	0,093	0,093	0,093	0,093	0,093	0,093	0,093	0,093	0,093	0,093	0,093	0,093	0,093	0,093	0,093	0,093	0,093	0,093	0,093	0,093	0,093	0,093	0,093	0,093	0,093	0,093	0,093	0,093	0,093	0,093	0,093	0,093	0,093	0,093	0,093	0,093	0,093	0,093	0,093	0,093	0,093	0,093	0,093	0,093	0,093	0,093	0,093	0,093	0,093	0,093	0,093	0,093	0,093	0,093	0,093	0,093	0,093	0,093	0,093	0,093	0,093	0,093	0,093	0,093	0,093	0,093	0,093	0,093	0,678	1,124	0,660	1,116	1,184	1,229	0,625	1,218	0,803	1,195	0,725	1,277	0,095	0,096	0,095	0,096	0,096	0,096	0,096	0,095	0,095	0,095	0,100	0,097
11:28:04	37,0	0,093	0,093	0,093	0,093	0,093	0,093	0,093	0,093	0,093	0,093	0,093	0,093	0,093	0,093	0,093	0,093	0,093	0,093	0,093	0,093	0,093	0,093	0,093	0,093	0,093	0,093	0,093	0,093	0,093	0,093	0,093	0,093	0,093	0,093	0,093	0,093	0,093	0,093	0,093	0,093	0,093	0,093	0,093	0,093	0,093	0,093	0,093	0,093	0,093	0,093	0,093	0,093	0,093	0,093	0,093	0,093	0,093	0,093	0,093	0,093	0,093	0,093	0,093	0,093	0,093	0,093	0,093	0,093	0,093	0,093	0,093	0,093	0,684	1,130	0,664	1,127	1,194	1,234	0,633	1,224	0,806	1,199	0,731	1,284	0,095	0,096	0,096	0,096	0,096	0,096	0,096	0,095	0,095	0,095	0,100	0,097
11:38:04	37,0	0,093	0,093	0,093	0,093	0,093	0,093	0,093	0,093	0,093	0,093	0,093	0,093	0,093	0,093	0,093	0,093	0,093	0,093	0,093	0,093	0,093	0,093	0,093	0,093	0,093	0,093	0,093	0,093	0,093	0,093	0,093	0,093	0,093	0,093	0,093	0,093	0,093	0,093	0,093	0,093	0,093	0,093	0,093	0,093	0,093	0,093	0,093	0,093	0,093	0,093	0,093	0,093	0,093	0,093	0,093	0,093	0,093	0,093	0,093	0,093	0,093	0,093	0,093	0,093	0,093	0,093	0,093	0,093	0,093	0,093	0,093	0,093	0,688	1,141	0,670	1,136	1,195	1,240	0,639	1,230	0,811	1,208	0,735	1,293	0,095	0,097	0,096	0,096	0,096	0,096	0,097	0,095	0,095	0,096	0,100	0,097
11:48:04	37,0	0,093	0,093	0,093	0,093	0,093	0,093	0,093	0,093	0,093	0,093	0,093	0,093	0,093	0,093	0,093	0,093	0,093	0,093	0,093	0,093	0,093	0,093	0,093	0,093	0,093	0,093	0,093	0,093	0,093	0,093	0,093	0,093	0,093	0,093	0,093	0,093	0,093	0,093	0,093	0,093	0,093	0,093	0,093	0,093	0,093	0,093	0,093	0,093	0,093	0,093	0,093	0,093	0,093	0,093	0,093	0,093	0,093	0,093	0,093	0,093	0,093	0,093	0,093	0,093	0,093	0,093	0,093	0,093	0,093	0,093	0,093	0,093	0,698	1,149	0,675	1,143	1,200	1,262	0,645	1,239	0,821	1,229	0,745	1,303	0,095	0,096	0,095	0,096	0,096	0,095	0,096	0,095	0,095	0,095	0,099	0,096
11:58:04	37,0	0,093	0,093	0,093	0,093	0,093	0,093	0,093	0,093	0,093	0,093	0,093	0,093	0,093	0,093	0,093	0,093	0,093	0,093	0,093	0,093	0,093	0,093	0,093	0,093	0,093	0,093	0,093	0,093	0,093	0,093	0,093	0,093	0,093	0,093	0,093	0,093	0,093	0,093	0,093	0,093	0,093	0,093	0,093	0,093	0,093	0,093	0,093	0,093	0,093	0,093	0,093	0,093	0,093	0,093	0,093	0,093	0,093	0,093	0,093	0,093	0,093	0,093	0,093	0,093	0,093	0,093	0,093	0,093	0,093	0,093	0,093	0,093	0,700	1,154	0,681	1,152	1,204	1,253	0,649	1,250	0,822	1,228	0,749	1,309	0,095	0,096	0,095	0,096	0,096	0,096	0,096	0,095	0,094	0,095	0,100	0,097
12:08:04	37,0	0,093	0,093	0,093	0,093	0,093	0,093	0,093	0,093	0,093	0,093	0,093	0,093	0,093	0,093	0,093	0,093	0,093	0,093	0,093	0,093	0,093	0,093	0,093	0,093	0,093	0,093	0,093	0,093	0,093	0,093	0,093	0,093	0,093	0,093	0,093	0,093	0,093	0,093	0,093	0,093	0,093	0,093	0,093	0,093	0,093	0,093	0,093	0,093	0,093	0,093	0,093	0,093	0,093	0,093	0,093	0,093	0,093	0,093	0,093	0,093	0,093	0,093	0,093	0,093	0,093	0,093	0,093	0,093	0,093	0,093	0,093	0,093	0,707	1,162	0,686	1,162	1,208	1,261	0,655	1,256	0,834	1,250	0,759	1,319	0,095	0,096	0,095	0,096	0,096	0,096	0,096	0,095	0,095	0,096	0,099	0,097
12:18:04	36,9	0,093	0,093	0,093	0,093	0,093	0,093	0,093	0,093	0,093	0,093	0,093	0,093	0,093	0,093	0,093	0,093	0,093	0,093	0,093	0,093	0,093	0,093	0,093	0,093	0,093	0,093	0,093	0,093	0,093	0,093	0,093	0,093	0,093	0,093	0,093	0,093	0,093	0,093	0,093	0,093	0,093	0,093	0,093	0,093	0,093	0,093	0,093	0,093	0,093	0,093	0,093	0,093	0,093	0,093	0,093	0,093	0,093	0,093	0,093	0,093	0,093	0,093	0,093	0,093	0,093	0,093	0,093	0,093	0,093	0,093	0,093	0,093	0,713	1,167	0,693	1,169	1,218	1,263	0,659	1,257	0,834	1,243	0,763	1,318	0,095	0,096	0,095	0,096	0,096	0,096	0,096	0,095	0,095	0,095	0,100	0,097
12:28:04	37,0	0,093	0,093	0,093	0,093	0,093	0,093	0,093	0,093	0,093	0,093	0,093	0,093	0,093	0,093	0,093	0,093	0,093	0,093	0,093	0,093	0,093	0,093	0,093	0,093	0,093	0,093	0,093	0,093	0,093	0,093	0,093	0,093	0,093	0,093	0,093	0,093	0,093	0,093	0,093	0,093	0,093	0,093	0,093	0,093	0,093	0,093	0,093	0,093	0,093	0,093	0,093	0,093	0,093	0,093	0,093	0,093	0,093	0,093	0,093	0,093	0,093	0,093	0,093	0,093	0,093	0,093	0,093	0,093	0,093	0,093	0,093	0,093	0,721	1,176	0,699	1,178	1,218	1,268	0,663	1,268	0,843	1,249	0,771	1,325	0,095	0,096	0,095	0,096	0,096	0,096	0,096	0,095	0,095	0,095	0,100	0,097
12:38:04	37,0	0,093	0,093	0,093	0,093	0,093	0,093	0,093	0,093	0,093	0,093	0,093	0,093	0,093	0,093	0,093	0,093	0,093	0,093	0,093	0,093	0,093	0,093	0,093	0,093	0,093	0,093	0,093	0,093	0,093	0,093	0,093	0,093	0,093	0,093	0,093	0,093	0,093	0,093	0,093	0,093	0,093	0,093	0,093	0,093	0,093	0,093	0,093	0,093	0,093	0,093	0,093	0,093	0,093	0,093	0,093	0,093	0,093	0,093	0,093	0,093	0,093	0,093	0,093	0,093	0,093	0,093	0,093	0,093	0,093	0,093	0,093	0,093	0,725	1,181	0,704	1,183	1,224	1,272	0,667	1,268	0,845	1,255	0,776	1,327	0,095	0,096	0,095	0,096	0,096	0,096	0,096	0,095	0,095	0,095	0,099	0,097
12:48:04	37,0	0,093	0,093	0,093	0,093	0,093	0,093	0,093	0,093	0,093	0,093	0,093	0,093	0,093	0,093	0,093	0,093	0,093	0,093	0,093	0,093	0,093	0,093	0,093	0,093	0,093	0,093	0,093	0,093	0,093	0,093	0,093	0,093	0,093	0,093	0,093	0,093	0,093	0,093	0,093	0,093	0,093	0,093	0,093	0,093	0,093	0,093	0,093	0,093	0,093	0,093	0,093	0,093	0,093	0,093	0,093	0,093	0,093	0,093	0,093	0,093	0,093	0,093	0,093	0,093	0,093	0,093	0,093	0,093	0,093	0,093	0,093	0,093	0,731	1,188	0,708	1,189	1,232	1,275	0,672	1,272	0,851	1,254	0,782	1,328	0,095	0,096	0,096	0,096	0,096	0,096	0,096	0,095	0,095	0,096	0,100	0,097
12:58:04	37,0	0,093	0,093	0,093	0,093	0,093	0,093	0,093	0,093	0,093	0,093	0,093	0,093	0,093	0,093	0,093	0,093	0,093	0,093	0,093	0,093	0,093	0,093	0,093	0,093	0,093	0,093	0,093	0,093	0,093	0,093	0,093	0,093	0,093	0,093	0,093	0,093	0,093	0,093	0,093	0,093	0,093	0,093	0,093	0,093	0,093	0,093	0,093	0,093	0,093	0,093	0,093	0,093	0,093	0,093	0,093	0,093	0,093	0,093	0,093	0,093	0,093	0,093	0,093	0,093	0,093	0,093	0,093	0,093	0,093	0,093	0,093	0,093	0,736	1,194	0,715	1,197	1,234	1,277	0,676	1,277	0,854	1,257	0,788	1,333	0,095	0,096	0,095	0,096	0,096	0,096	0,096	0,095	0,095	0,095	0,100	0,097
13:08:04	37,0	0,093	0,093	0,093	0,093	0,093	0,093	0,093	0,093	0,093	0,093	0,093	0,093	0,093	0,093	0,093	0,093	0,093	0,093	0,093	0,093	0,093	0,093	0,093	0,093	0,093	0,093	0,093	0,093	0,093	0,093	0,093	0,093	0,093	0,093	0,093	0,093	0,093	0,093	0,093	0,093	0,093	0,093	0,093	0,093	0,093	0,093	0,093	0,093	0,093	0,093	0,093	0,093	0,093	0,093	0,093	0,093	0,093	0,093	0,093	0,093	0,093	0,093	0,093	0,093	0,093	0,093	0,093	0,093	0,093	0,093	0,093	0,093	0,743	1,200	0,719	1,204	1,238	1,282	0,681	1,285	0,860	1,262	0,793	1,339	0,095	0,096	0,095	0,096	0,096	0,096	0,096	0,095	0,095	0,095	0,099	0,096
13:18:04	37,0	0,093	0,093	0,093	0,093	0,093	0,093	0,093	0,093	0,093	0,093	0,093	0,093	0,093	0,093	0,093	0,093	0,093	0,093	0,093	0,093	0,093	0,093	0,093	0,093	0,093	0,093	0,093	0,093	0,093	0,093	0,093	0,093	0,093	0,093	0,093	0,093	0,093	0,093	0,093	0,093	0,093	0,093	0,093	0,093	0,093	0,093	0,093	0,093	0,093	0,093	0,093	0,093	0,093	0,093	0,093	0,093	0,093	0,093	0,093	0,093	0,093	0,093	0,093	0,093	0,093	0,093	0,093	0,093	0,093	0,093	0,093	0,093	0,748	1,204	0,724	1,212	1,241	1,290	0,684	1,290	0,868	1,286	0,802	1,348	0,095	0,096	0,095	0,096	0,096	0,096	0,096	0,095	0,095	0,095	0,099	0,097
13:28:04	37,0	0,093	0,093	0,093	0,093	0,093	0,093	0,093	0,093	0,093	0,093	0,093	0,093	0,093	0,093	0,093	0,093	0,093	0,093	0,093	0,093	0,093	0,093	0,093	0,093	0,093	0,093	0,093	0,093	0,093	0,093	0,093	0,093	0,093	0,093	0,093	0,093	0,093	0,093	0,093	0,093	0,093	0,093	0,093	0,093	0,093	0,093	0,093	0,093	0,093	0,093	0,093	0,093	0,093	0,093	0,093	0,093	0,093	0,093	0,093	0,093	0,093	0,093	0,093	0,093	0,093	0,093	0,093	0,093	0,093	0,093	0,093	0,093	0,754	1,210	0,730	1,219	1,243	1,292	0,688	1,299	0,875	1,300	0,811	1,355	0,095	0,096	0,095	0,096	0,096	0,096	0,096	0,095	0,095	0,095	0,099	0,096
13:38:04	37,0	0,093	0,093	0,093	0,093	0,093	0,093	0,093	0,093	0,093	0,093	0,093	0,093	0,093	0,093	0,093	0,093	0,093	0,093	0,093	0,093	0,093	0,093	0,093	0,093	0,093	0,093	0,093	0,093	0,093	0,093	0,093	0,093	0,093	0,093	0,093	0,093	0,093	0,093	0,093	0,093	0,093	0,093	0,093	0,093	0,093	0,093	0,093	0,093	0,093	0,093	0,093	0,093	0,093	0,093	0,093	0,093	0,093	0,093	0,093	0,093	0,093	0,093	0,093	0,093	0,093	0,093	0,093	0,093	0,093	0,093	0,093	0,093	0,760	1,214	0,735	1,222	1,250	1,294	0,693	1,301	0,874	1,286	0,815	1,351	0,095	0,096	0,095	0,096	0,096	0,096	0,096	0,095	0,095	0,095	0,100	0,097
13:48:04	37,0	0,093	0,093	0,093	0,093	0,093	0,093	0,093	0,093	0,093	0,093	0,093	0,093	0,093	0,093	0,093	0,093	0,093	0,093	0,093	0,093	0,093	0,093	0,093	0,093	0,093	0,093	0,093	0,093	0,093	0,093	0,093	0,093	0,093	0,093	0,093	0,093	0,093	0,093	0,093	0,093	0,093	0,093	0,093	0,093	0,093	0,093	0,093	0,093	0,093	0,093	0,093	0,093	0,093	0,093	0,093	0,093	0,093	0,093	0,093	0,093	0,093	0,093	0,093	0,093	0,093	0,093	0,093	0,093	0,093	0,093	0,093	0,093	0,768	1,220	0,740	1,229	1,249	1,298	0,695	1,308	0,884	1,300	0,823	1,360	0,095	0,096	0,095	0,096	0,096	0,096	0,096	0,095	0,095	0,096	0,099	0,097
13:58:04	37,0	0,093	0,093	0,093	0,093	0,093	0,093	0,093	0,093	0,093	0,093	0,093	0,093	0,093	0,093	0,093	0,093	0,093	0,093	0,093	0,093	0,093	0,093	0,093	0,093	0,093	0,093	0,093	0,093	0,093	0,093	0,093	0,093	0,093	0,093	0,093	0,093	0,093	0,093	0,093	0,093	0,093	0,093	0,093	0,093	0,093	0,093	0,093	0,093	0,093	0,093	0,093	0,093	0,093	0,093	0,093	0,093	0,093	0,093	0,093	0,093	0,093	0,093	0,093	0,093	0,093	0,093	0,093	0,093	0,093	0,093	0,093	0,093	0,774	1,223	0,744	1,235	1,251	1,297	0,701	1,309	0,885	1,293	0,827	1,356	0,095	0,096	0,096	0,096	0,096	0,096	0,096	0,095	0,095	0,095	0,100	0,097
14:08:04	37,0	0,094	0,094	0,094	0,094	0,094	0,094	0,094	0,094	0,094	0,094	0,094	0,094	0,094	0,094	0,094	0,094	0,094	0,094	0,094	0,094	0,094	0,094	0,094	0,094	0,094	0,094	0,094	0,094	0,094	0,094	0,094	0,094	0,094	0,094	0,094	0,094	0,094	0,094	0,094	0,094	0,094	0,094	0,094	0,094	0,094	0,094	0,094	0,094	0,094	0,094	0,094	0,094	0,094	0,094	0,094	0,094	0,094	0,094	0,094	0,094	0,094	0,094	0,094	0,094	0,094	0,094	0,094	0,094	0,094	0,094	0,094	0,094	0,779	1,229	0,751	1,242	1,256	1,304	0,702	1,313	0,894	1,295	0,836	1,365	0,095	0,097	0,096	0,096	0,096	0,096	0,097	0,096	0,095	0,096	0,100	0,097
14:18:04	37,0	0,093	0,093	0,093	0,093	0,093	0,093	0,093	0,093	0,093	0,093	0,093	0,093	0,093	0,093	0,093	0,093	0,093	0,093	0,093	0,093	0,093	0,093	0,093	0,093	0,093	0,093	0,093	0,093	0,093	0,093	0,093	0,093	0,093	0,093	0,093	0,093	0,093	0,093	0,093	0,093	0,093	0,093	0,093	0,093	0,093	0,093	0,093	0,093	0,093	0,093	0,093	0,093	0,093	0,093	0,093	0,093	0,093	0,093	0,093	0,093	0,093	0,093	0,093	0,093	0,093	0,093	0,093	0,093	0,093	0,093	0,093	0,093	0,783	1,231	0,755	1,244	1,259	1,301	0,707	1,319	0,899	1,301	0,841	1,365	0,095	0,096	0,095	0,096	0,096	0,096	0,096	0,095	0,095	0,095	0,100	0,097
14:28:04	37,0	0,093	0,093	0,093	0,093	0,093	0,093	0,093	0,093	0,093	0,093	0,093	0,093	0,093	0,093	0,093	0,093	0,093	0,093	0,093	0,093	0,093	0,093	0,093	0,093	0,093	0,093	0,093	0,093	0,093	0,093	0,093	0,093	0,093	0,093	0,093	0,093	0,093	0,093	0,093	0,093	0,093	0,093	0,093	0,093	0,093	0,093	0,093	0,093	0,093	0,093	0,093	0,093	0,093	0,093	0,093	0,093	0,093	0,093	0,093	0,093	0,093	0,093	0,093	0,093	0,093	0,093	0,093	0,093	0,093	0,093	0,093	0,093	0,788	1,237	0,758	1,250	1,263	1,309	0,712	1,320	0,896	1,301	0,846	1,360	0,095	0,096	0,095	0,096	0,096	0,096	0,096	0,095	0,095	0,095	0,100	0,097
14:38:04	37,0	0,094	0,094	0,094	0,094	0,094	0,094	0,094	0,094	0,094	0,094	0,094	0,094	0,094	0,094	0,094	0,094	0,094	0,094	0,094	0,094	0,094	0,094	0,094	0,094	0,094	0,094	0,094	0,094	0,094	0,094	0,094	0,094	0,094	0,094	0,094	0,094	0,094	0,094	0,094	0,094	0,094	0,094	0,094	0,094	0,094	0,094	0,094	0,094	0,094	0,094	0,094	0,094	0,094	0,094	0,094	0,094	0,094	0,094	0,094	0,094	0,094	0,094	0,094	0,094	0,094	0,094	0,094	0,094	0,094	0,094	0,094	0,094	0,793	1,243	0,764	1,256	1,263	1,309	0,712	1,329	0,908	1,308	0,854	1,366	0,095	0,097	0,096	0,096	0,096	0,096	0,096	0,095	0,095	0,096	0,100	0,097
14:48:04	37,0	0,093	0,093	0,093	0,093	0,093	0,093	0,093	0,093	0,093	0,093	0,093	0,093	0,093	0,093	0,093	0,093	0,093	0,093	0,093	0,093	0,093	0,093	0,093	0,093	0,093	0,093	0,093	0,093	0,093	0,093	0,093	0,093	0,093	0,093	0,093	0,093	0,093	0,093	0,093	0,093	0,093	0,093	0,093	0,093	0,093	0,093	0,093	0,093	0,093	0,093	0,093	0,093	0,093	0,093	0,093	0,093	0,093	0,093	0,093	0,093	0,093	0,093	0,093	0,093	0,093	0,093	0,093	0,093	0,093	0,093	0,093	0,093	0,795	1,246	0,770	1,261	1,268	1,313	0,719	1,326	0,907	1,310	0,859	1,363	0,095	0,096	0,096	0,096	0,096	0,096	0,096	0,095	0,095	0,096	0,100	0,097
14:58:04	37,0	0,093	0,093	0,093	0,093	0,093	0,093	0,093	0,093	0,093	0,093	0,093	0,093	0,093	0,093	0,093	0,093	0,093	0,093	0,093	0,093	0,093	0,093	0,093	0,093	0,093	0,093	0,093	0,093	0,093	0,093	0,093	0,093	0,093	0,093	0,093	0,093	0,093	0,093	0,093	0,093	0,093	0,093	0,093	0,093	0,093	0,093	0,093	0,093	0,093	0,093	0,093	0,093	0,093	0,093	0,093	0,093	0,093	0,093	0,093	0,093	0,093	0,093	0,093	0,093	0,093	0,093	0,093	0,093	0,093	0,093	0,093	0,093	0,799	1,248	0,776	1,267	1,270	1,314	0,722	1,331	0,914	1,309	0,862	1,369	0,095	0,096	0,095	0,096	0,096	0,096	0,096	0,095	0,095	0,096	0,100	0,097
15:08:04	37,0	0,094	0,094	0,094	0,094	0,094	0,094	0,094	0,094	0,094	0,094	0,094	0,094	0,094	0,094	0,094	0,094	0,094	0,094	0,094	0,094	0,094	0,094	0,094	0,094	0,094	0,094	0,094	0,094	0,094	0,094	0,094	0,094	0,094	0,094	0,094	0,094	0,094	0,094	0,094	0,094	0,094	0,094	0,094	0,094	0,094	0,094	0,094	0,094	0,094	0,094	0,094	0,094	0,094	0,094	0,094	0,094	0,094	0,094	0,094	0,094	0,094	0,094	0,094	0,094	0,094	0,094	0,094	0,094	0,094	0,094	0,094	0,094	0,803	1,252	0,780	1,271	1,272	1,316	0,726	1,340	0,916	1,315	0,869	1,374	0,095	0,096	0,096	0,096	0,096	0,096	0,096	0,095	0,095	0,095	0,100	0,097
15:18:04	37,0	0,093	0,093	0,093	0,093	0,093	0,093	0,093	0,093	0,093	0,093	0,093	0,093	0,093	0,093	0,093	0,093	0,093	0,093	0,093	0,093	0,093	0,093	0,093	0,093	0,093	0,093	0,093	0,093	0,093	0,093	0,093	0,093	0,093	0,093	0,093	0,093	0,093	0,093	0,093	0,093	0,093	0,093	0,093	0,093	0,093	0,093	0,093	0,093	0,093	0,093	0,093	0,093	0,093	0,093	0,093	0,093	0,093	0,093	0,093	0,093	0,093	0,093	0,093	0,093	0,093	0,093	0,093	0,093	0,093	0,093	0,093	0,093	0,806	1,254	0,784	1,275	1,278	1,320	0,727	1,337	0,918	1,315	0,869	1,366	0,095	0,096	0,096	0,096	0,096	0,096	0,096	0,095	0,095	0,096	0,100	0,097
15:28:04	37,0	0,093	0,093	0,093	0,093	0,093	0,093	0,093	0,093	0,093	0,093	0,093	0,093	0,093	0,093	0,093	0,093	0,093	0,093	0,093	0,093	0,093	0,093	0,093	0,093	0,093	0,093	0,093	0,093	0,093	0,093	0,093	0,093	0,093	0,093	0,093	0,093	0,093	0,093	0,093	0,093	0,093	0,093	0,093	0,093	0,093	0,093	0,093	0,093	0,093	0,093	0,093	0,093	0,093	0,093	0,093	0,093	0,093	0,093	0,093	0,093	0,093	0,093	0,093	0,093	0,093	0,093	0,093	0,093	0,093	0,093	0,093	0,093	0,809	1,258	0,791	1,279	1,280	1,324	0,730	1,342	0,923	1,321	0,878	1,373	0,095	0,096	0,095	0,096	0,096	0,096	0,096	0,095	0,095	0,095	0,100	0,097
15:38:04	37,0	0,093	0,093	0,093	0,093	0,093	0,093	0,093	0,093	0,093	0,093	0,093	0,093	0,093	0,093	0,093	0,093	0,093	0,093	0,093	0,093	0,093	0,093	0,093	0,093	0,093	0,093	0,093	0,093	0,093	0,093	0,093	0,093	0,093	0,093	0,093	0,093	0,093	0,093	0,093	0,093	0,093	0,093	0,093	0,093	0,093	0,093	0,093	0,093	0,093	0,093	0,093	0,093	0,093	0,093	0,093	0,093	0,093	0,093	0,093	0,093	0,093	0,093	0,093	0,093	0,093	0,093	0,093	0,093	0,093	0,093	0,093	0,093	0,813	1,260	0,796	1,284	1,282	1,325	0,734	1,342	0,918	1,325	0,881	1,373	0,095	0,096	0,096	0,096	0,096	0,096	0,096	0,095	0,095	0,096	0,100	0,097
15:48:04	37,0	0,093	0,093	0,093	0,093	0,093	0,093	0,093	0,093	0,093	0,093	0,093	0,093	0,093	0,093	0,093	0,093	0,093	0,093	0,093	0,093	0,093	0,093	0,093	0,093	0,093	0,093	0,093	0,093	0,093	0,093	0,093	0,093	0,093	0,093	0,093	0,093	0,093	0,093	0,093	0,093	0,093	0,093	0,093	0,093	0,093	0,093	0,093	0,093	0,093	0,093	0,093	0,093	0,093	0,093	0,093	0,093	0,093	0,093	0,093	0,093	0,093	0,093	0,093	0,093	0,093	0,093	0,093	0,093	0,093	0,093	0,093	0,093	0,814	1,263	0,798	1,288	1,283	1,325	0,734	1,343	0,922	1,325	0,883	1,371	0,095	0,096	0,096	0,096	0,096	0,096	0,096	0,095	0,095	0,096	0,100	0,097
15:58:04	37,0	0,094	0,094	0,094	0,094	0,094	0,094	0,094	0,094	0,094	0,094	0,094	0,094	0,094	0,094	0,094	0,094	0,094	0,094	0,094	0,094	0,094	0,094	0,094	0,094	0,094	0,094	0,094	0,094	0,094	0,094	0,094	0,094	0,094	0,094	0,094	0,094	0,094	0,094	0,094	0,094	0,094	0,094	0,094	0,094	0,094	0,094	0,094	0,094	0,094	0,094	0,094	0,094	0,094	0,094	0,094	0,094	0,094	0,094	0,094	0,094	0,094	0,094	0,094	0,094	0,094	0,094	0,094	0,094	0,094	0,094	0,094	0,094	0,816	1,268	0,803	1,292	1,285	1,327	0,738	1,348	0,931	1,329	0,890	1,375	0,095	0,097	0,096	0,096	0,096	0,096	0,096	0,095	0,095	0,096	0,100	0,097
16:08:04	36,9	0,094	0,094	0,094	0,094	0,094	0,094	0,094	0,094	0,094	0,094	0,094	0,094	0,094	0,094	0,094	0,094	0,094	0,094	0,094	0,094	0,094	0,094	0,094	0,094	0,094	0,094	0,094	0,094	0,094	0,094	0,094	0,094	0,094	0,094	0,094	0,094	0,094	0,094	0,094	0,094	0,094	0,094	0,094	0,094	0,094	0,094	0,094	0,094	0,094	0,094	0,094	0,094	0,094	0,094	0,094	0,094	0,094	0,094	0,094	0,094	0,094	0,094	0,094	0,094	0,094	0,094	0,094	0,094	0,094	0,094	0,094	0,094	0,820	1,270	0,807	1,296	1,288	1,327	0,742	1,352	0,933	1,334	0,895	1,374	0,096	0,097	0,096	0,096	0,096	0,096	0,097	0,096	0,095	0,096	0,100	0,097
16:18:04	37,0	0,094	0,094	0,094	0,094	0,094	0,094	0,094	0,094	0,094	0,094	0,094	0,094	0,094	0,094	0,094	0,094	0,094	0,094	0,094	0,094	0,094	0,094	0,094	0,094	0,094	0,094	0,094	0,094	0,094	0,094	0,094	0,094	0,094	0,094	0,094	0,094	0,094	0,094	0,094	0,094	0,094	0,094	0,094	0,094	0,094	0,094	0,094	0,094	0,094	0,094	0,094	0,094	0,094	0,094	0,094	0,094	0,094	0,094	0,094	0,094	0,094	0,094	0,094	0,094	0,094	0,094	0,094	0,094	0,094	0,094	0,094	0,094	0,824	1,271	0,810	1,301	1,290	1,331	0,744	1,353	0,930	1,332	0,898	1,373	0,095	0,096	0,096	0,096	0,096	0,096	0,096	0,095	0,095	0,096	0,100	0,097
16:28:04	37,0	0,093	0,093	0,093	0,093	0,093	0,093	0,093	0,093	0,093	0,093	0,093	0,093	0,093	0,093	0,093	0,093	0,093	0,093	0,093	0,093	0,093	0,093	0,093	0,093	0,093	0,093	0,093	0,093	0,093	0,093	0,093	0,093	0,093	0,093	0,093	0,093	0,093	0,093	0,093	0,093	0,093	0,093	0,093	0,093	0,093	0,093	0,093	0,093	0,093	0,093	0,093	0,093	0,093	0,093	0,093	0,093	0,093	0,093	0,093	0,093	0,093	0,093	0,093	0,093	0,093	0,093	0,093	0,093	0,093	0,093	0,093	0,093	0,825	1,275	0,814	1,305	1,290	1,333	0,749	1,360	0,938	1,337	0,902	1,378	0,095	0,096	0,096	0,096	0,096	0,096	0,096	0,095	0,095	0,096	0,100	0,097
16:38:04	37,0	0,093	0,093	0,093	0,093	0,093	0,093	0,093	0,093	0,093	0,093	0,093	0,093	0,093	0,093	0,093	0,093	0,093	0,093	0,093	0,093	0,093	0,093	0,093	0,093	0,093	0,093	0,093	0,093	0,093	0,093	0,093	0,093	0,093	0,093	0,093	0,093	0,093	0,093	0,093	0,093	0,093	0,093	0,093	0,093	0,093	0,093	0,093	0,093	0,093	0,093	0,093	0,093	0,093	0,093	0,093	0,093	0,093	0,093	0,093	0,093	0,093	0,093	0,093	0,093	0,093	0,093	0,093	0,093	0,093	0,093	0,093	0,093	0,827	1,275	0,817	1,308	1,293	1,334	0,751	1,354	0,934	1,335	0,906	1,371	0,095	0,096	0,095	0,096	0,096	0,096	0,096	0,095	0,095	0,096	0,099	0,097
16:48:04	37,0	0,094	0,094	0,094	0,094	0,094	0,094	0,094	0,094	0,094	0,094	0,094	0,094	0,094	0,094	0,094	0,094	0,094	0,094	0,094	0,094	0,094	0,094	0,094	0,094	0,094	0,094	0,094	0,094	0,094	0,094	0,094	0,094	0,094	0,094	0,094	0,094	0,094	0,094	0,094	0,094	0,094	0,094	0,094	0,094	0,094	0,094	0,094	0,094	0,094	0,094	0,094	0,094	0,094	0,094	0,094	0,094	0,094	0,094	0,094	0,094	0,094	0,094	0,094	0,094	0,094	0,094	0,094	0,094	0,094	0,094	0,094	0,094	0,830	1,278	0,820	1,311	1,295	1,336	0,753	1,357	0,940	1,336	0,907	1,374	0,095	0,096	0,096	0,096	0,096	0,096	0,096	0,095	0,095	0,096	0,100	0,097
16:58:04	37,0	0,094	0,094	0,094	0,094	0,094	0,094	0,094	0,094	0,094	0,094	0,094	0,094	0,094	0,094	0,094	0,094	0,094	0,094	0,094	0,094	0,094	0,094	0,094	0,094	0,094	0,094	0,094	0,094	0,094	0,094	0,094	0,094	0,094	0,094	0,094	0,094	0,094	0,094	0,094	0,094	0,094	0,094	0,094	0,094	0,094	0,094	0,094	0,094	0,094	0,094	0,094	0,094	0,094	0,094	0,094	0,094	0,094	0,094	0,094	0,094	0,094	0,094	0,094	0,094	0,094	0,094	0,094	0,094	0,094	0,094	0,094	0,094	0,831	1,282	0,823	1,315	1,295	1,335	0,756	1,360	0,944	1,342	0,911	1,378	0,095	0,096	0,096	0,096	0,096	0,096	0,096	0,095	0,095	0,096	0,100	0,097
17:08:04	37,0	0,094	0,094	0,094	0,094	0,094	0,094	0,094	0,094	0,094	0,094	0,094	0,094	0,094	0,094	0,094	0,094	0,094	0,094	0,094	0,094	0,094	0,094	0,094	0,094	0,094	0,094	0,094	0,094	0,094	0,094	0,094	0,094	0,094	0,094	0,094	0,094	0,094	0,094	0,094	0,094	0,094	0,094	0,094	0,094	0,094	0,094	0,094	0,094	0,094	0,094	0,094	0,094	0,094	0,094	0,094	0,094	0,094	0,094	0,094	0,094	0,094	0,094	0,094	0,094	0,094	0,094	0,094	0,094	0,094	0,094	0,094	0,094	0,834	1,283	0,828	1,317	1,298	1,335	0,760	1,366	0,948	1,344	0,921	1,377	0,096	0,096	0,096	0,096	0,096	0,096	0,096	0,095	0,095	0,096	0,100	0,097
17:18:04	37,0	0,094	0,094	0,094	0,094	0,094	0,094	0,094	0,094	0,094	0,094	0,094	0,094	0,094	0,094	0,094	0,094	0,094	0,094	0,094	0,094	0,094	0,094	0,094	0,094	0,094	0,094	0,094	0,094	0,094	0,094	0,094	0,094	0,094	0,094	0,094	0,094	0,094	0,094	0,094	0,094	0,094	0,094	0,094	0,094	0,094	0,094	0,094	0,094	0,094	0,094	0,094	0,094	0,094	0,094	0,094	0,094	0,094	0,094	0,094	0,094	0,094	0,094	0,094	0,094	0,094	0,094	0,094	0,094	0,094	0,094	0,094	0,094	0,836	1,284	0,831	1,321	1,300	1,340	0,762	1,365	0,946	1,348	0,922	1,377	0,095	0,096	0,095	0,096	0,096	0,096	0,096	0,095	0,095	0,096	0,100	0,097
17:28:04	37,0	0,093	0,093	0,093	0,093	0,093	0,093	0,093	0,093	0,093	0,093	0,093	0,093	0,093	0,093	0,093	0,093	0,093	0,093	0,093	0,093	0,093	0,093	0,093	0,093	0,093	0,093	0,093	0,093	0,093	0,093	0,093	0,093	0,093	0,093	0,093	0,093	0,093	0,093	0,093	0,093	0,093	0,093	0,093	0,093	0,093	0,093	0,093	0,093	0,093	0,093	0,093	0,093	0,093	0,093	0,093	0,093	0,093	0,093	0,093	0,093	0,093	0,093	0,093	0,093	0,093	0,093	0,093	0,093	0,093	0,093	0,093	0,093	0,838	1,287	0,833	1,324	1,299	1,339	0,763	1,371	0,951	1,350	0,927	1,377	0,095	0,096	0,096	0,096	0,096	0,096	0,096	0,095	0,095	0,096	0,099	0,097
17:38:04	37,0	0,094	0,094	0,094	0,094	0,094	0,094	0,094	0,094	0,094	0,094	0,094	0,094	0,094	0,094	0,094	0,094	0,094	0,094	0,094	0,094	0,094	0,094	0,094	0,094	0,094	0,094	0,094	0,094	0,094	0,094	0,094	0,094	0,094	0,094	0,094	0,094	0,094	0,094	0,094	0,094	0,094	0,094	0,094	0,094	0,094	0,094	0,094	0,094	0,094	0,094	0,094	0,094	0,094	0,094	0,094	0,094	0,094	0,094	0,094	0,094	0,094	0,094	0,094	0,094	0,094	0,094	0,094	0,094	0,094	0,094	0,094	0,094	0,840	1,288	0,836	1,328	1,304	1,340	0,767	1,366	0,948	1,349	0,926	1,375	0,096	0,097	0,096	0,096	0,096	0,096	0,097	0,096	0,095	0,096	0,100	0,097
17:48:04	37,0	0,094	0,094	0,094	0,094	0,094	0,094	0,094	0,094	0,094	0,094	0,094	0,094	0,094	0,094	0,094	0,094	0,094	0,094	0,094	0,094	0,094	0,094	0,094	0,094	0,094	0,094	0,094	0,094	0,094	0,094	0,094	0,094	0,094	0,094	0,094	0,094	0,094	0,094	0,094	0,094	0,094	0,094	0,094	0,094	0,094	0,094	0,094	0,094	0,094	0,094	0,094	0,094	0,094	0,094	0,094	0,094	0,094	0,094	0,094	0,094	0,094	0,094	0,094	0,094	0,094	0,094	0,094	0,094	0,094	0,094	0,094	0,094	0,841	1,290	0,837	1,331	1,303	1,339	0,770	1,369	0,954	1,352	0,931	1,379	0,096	0,096	0,095	0,096	0,096	0,096	0,096	0,095	0,095	0,096	0,100	0,097
17:58:04	37,0	0,094	0,094	0,094	0,094	0,094	0,094	0,094	0,094	0,094	0,094	0,094	0,094	0,094	0,094	0,094	0,094	0,094	0,094	0,094	0,094	0,094	0,094	0,094	0,094	0,094	0,094	0,094	0,094	0,094	0,094	0,094	0,094	0,094	0,094	0,094	0,094	0,094	0,094	0,094	0,094	0,094	0,094	0,094	0,094	0,094	0,094	0,094	0,094	0,094	0,094	0,094	0,094	0,094	0,094	0,094	0,094	0,094	0,094	0,094	0,094	0,094	0,094	0,094	0,094	0,094	0,094	0,094	0,094	0,094	0,094	0,094	0,094	0,844	1,292	0,841	1,330	1,304	1,341	0,774	1,371	0,955	1,357	0,933	1,375	0,095	0,096	0,096	0,096	0,096	0,096	0,096	0,096	0,095	0,096	0,100	0,097
18:08:04	37,0	0,094	0,094	0,094	0,094	0,094	0,094	0,094	0,094	0,094	0,094	0,094	0,094	0,094	0,094	0,094	0,094	0,094	0,094	0,094	0,094	0,094	0,094	0,094	0,094	0,094	0,094	0,094	0,094	0,094	0,094	0,094	0,094	0,094	0,094	0,094	0,094	0,094	0,094	0,094	0,094	0,094	0,094	0,094	0,094	0,094	0,094	0,094	0,094	0,094	0,094	0,094	0,094	0,094	0,094	0,094	0,094	0,094	0,094	0,094	0,094	0,094	0,094	0,094	0,094	0,094	0,094	0,094	0,094	0,094	0,094	0,094	0,094	0,845	1,292	0,843	1,332	1,304	1,343	0,776	1,372	0,952	1,358	0,936	1,378	0,095	0,096	0,096	0,096	0,096	0,096	0,096	0,095	0,095	0,096	0,100	0,097
18:18:04	37,0	0,094	0,094	0,094	0,094	0,094	0,094	0,094	0,094	0,094	0,094	0,094	0,094	0,094	0,094	0,094	0,094	0,094	0,094	0,094	0,094	0,094	0,094	0,094	0,094	0,094	0,094	0,094	0,094	0,094	0,094	0,094	0,094	0,094	0,094	0,094	0,094	0,094	0,094	0,094	0,094	0,094	0,094	0,094	0,094	0,094	0,094	0,094	0,094	0,094	0,094	0,094	0,094	0,094	0,094	0,094	0,094	0,094	0,094	0,094	0,094	0,094	0,094	0,094	0,094	0,094	0,094	0,094	0,094	0,094	0,094	0,094	0,094	0,846	1,294	0,846	1,334	1,309	1,343	0,781	1,373	0,953	1,356	0,937	1,377	0,096	0,097	0,096	0,096	0,096	0,097	0,097	0,096	0,095	0,096	0,100	0,097
18:28:04	37,0	0,093	0,093	0,093	0,093	0,093	0,093	0,093	0,093	0,093	0,093	0,093	0,093	0,093	0,093	0,093	0,093	0,093	0,093	0,093	0,093	0,093	0,093	0,093	0,093	0,093	0,093	0,093	0,093	0,093	0,093	0,093	0,093	0,093	0,093	0,093	0,093	0,093	0,093	0,093	0,093	0,093	0,093	0,093	0,093	0,093	0,093	0,093	0,093	0,093	0,093	0,093	0,093	0,093	0,093	0,093	0,093	0,093	0,093	0,093	0,093	0,093	0,093	0,093	0,093	0,093	0,093	0,093	0,093	0,093	0,093	0,093	0,093	0,847	1,296	0,849	1,335	1,309	1,341	0,781	1,373	0,954	1,356	0,939	1,378	0,095	0,096	0,096	0,096	0,096	0,096	0,096	0,095	0,095	0,096	0,100	0,097
18:38:04	37,0	0,094	0,094	0,094	0,094	0,094	0,094	0,094	0,094	0,094	0,094	0,094	0,094	0,094	0,094	0,094	0,094	0,094	0,094	0,094	0,094	0,094	0,094	0,094	0,094	0,094	0,094	0,094	0,094	0,094	0,094	0,094	0,094	0,094	0,094	0,094	0,094	0,094	0,094	0,094	0,094	0,094	0,094	0,094	0,094	0,094	0,094	0,094	0,094	0,094	0,094	0,094	0,094	0,094	0,094	0,094	0,094	0,094	0,094	0,094	0,094	0,094	0,094	0,094	0,094	0,094	0,094	0,094	0,094	0,094	0,094	0,094	0,094	0,848	1,296	0,851	1,336	1,310	1,342	0,783	1,377	0,959	1,359	0,939	1,375	0,096	0,096	0,095	0,096	0,096	0,096	0,096	0,095	0,095	0,096	0,100	0,097
18:48:04	37,0	0,094	0,094	0,094	0,094	0,094	0,094	0,094	0,094	0,094	0,094	0,094	0,094	0,094	0,094	0,094	0,094	0,094	0,094	0,094	0,094	0,094	0,094	0,094	0,094	0,094	0,094	0,094	0,094	0,094	0,094	0,094	0,094	0,094	0,094	0,094	0,094	0,094	0,094	0,094	0,094	0,094	0,094	0,094	0,094	0,094	0,094	0,094	0,094	0,094	0,094	0,094	0,094	0,094	0,094	0,094	0,094	0,094	0,094	0,094	0,094	0,094	0,094	0,094	0,094	0,094	0,094	0,094	0,094	0,094	0,094	0,094	0,094	0,850	1,298	0,854	1,338	1,308	1,342	0,789	1,380	0,961	1,361	0,946	1,376	0,095	0,097	0,096	0,096	0,096	0,097	0,096	0,095	0,095	0,096	0,100	0,097
18:58:04	37,0	0,094	0,094	0,094	0,094	0,094	0,094	0,094	0,094	0,094	0,094	0,094	0,094	0,094	0,094	0,094	0,094	0,094	0,094	0,094	0,094	0,094	0,094	0,094	0,094	0,094	0,094	0,094	0,094	0,094	0,094	0,094	0,094	0,094	0,094	0,094	0,094	0,094	0,094	0,094	0,094	0,094	0,094	0,094	0,094	0,094	0,094	0,094	0,094	0,094	0,094	0,094	0,094	0,094	0,094	0,094	0,094	0,094	0,094	0,094	0,094	0,094	0,094	0,094	0,094	0,094	0,094	0,094	0,094	0,094	0,094	0,094	0,094	0,851	1,298	0,858	1,338	1,311	1,343	0,791	1,380	0,963	1,365	0,951	1,378	0,096	0,097	0,096	0,096	0,096	0,096	0,096	0,095	0,095	0,096	0,100	0,097
19:08:04	37,0	0,094	0,094	0,094	0,094	0,094	0,094	0,094	0,094	0,094	0,094	0,094	0,094	0,094	0,094	0,094	0,094	0,094	0,094	0,094	0,094	0,094	0,094	0,094	0,094	0,094	0,094	0,094	0,094	0,094	0,094	0,094	0,094	0,094	0,094	0,094	0,094	0,094	0,094	0,094	0,094	0,094	0,094	0,094	0,094	0,094	0,094	0,094	0,094	0,094	0,094	0,094	0,094	0,094	0,094	0,094	0,094	0,094	0,094	0,094	0,094	0,094	0,094	0,094	0,094	0,094	0,094	0,094	0,094	0,094	0,094	0,094	0,094	0,853	1,298	0,858	1,339	1,312	1,346	0,791	1,378	0,960	1,366	0,951	1,379	0,095	0,096	0,096	0,096	0,096	0,096	0,096	0,095	0,095	0,096	0,100	0,097
19:18:04	37,0	0,094	0,094	0,094	0,094	0,094	0,094	0,094	0,094	0,094	0,094	0,094	0,094	0,094	0,094	0,094	0,094	0,094	0,094	0,094	0,094	0,094	0,094	0,094	0,094	0,094	0,094	0,094	0,094	0,094	0,094	0,094	0,094	0,094	0,094	0,094	0,094	0,094	0,094	0,094	0,094	0,094	0,094	0,094	0,094	0,094	0,094	0,094	0,094	0,094	0,094	0,094	0,094	0,094	0,094	0,094	0,094	0,094	0,094	0,094	0,094	0,094	0,094	0,094	0,094	0,094	0,094	0,094	0,094	0,094	0,094	0,094	0,094	0,855	1,299	0,861	1,341	1,312	1,344	0,797	1,385	0,965	1,369	0,955	1,377	0,095	0,096	0,096	0,096	0,096	0,096	0,096	0,096	0,095	0,096	0,100	0,097
19:28:04	37,0	0,094	0,094	0,094	0,094	0,094	0,094	0,094	0,094	0,094	0,094	0,094	0,094	0,094	0,094	0,094	0,094	0,094	0,094	0,094	0,094	0,094	0,094	0,094	0,094	0,094	0,094	0,094	0,094	0,094	0,094	0,094	0,094	0,094	0,094	0,094	0,094	0,094	0,094	0,094	0,094	0,094	0,094	0,094	0,094	0,094	0,094	0,094	0,094	0,094	0,094	0,094	0,094	0,094	0,094	0,094	0,094	0,094	0,094	0,094	0,094	0,094	0,094	0,094	0,094	0,094	0,094	0,094	0,094	0,094	0,094	0,094	0,094	0,854	1,300	0,862	1,342	1,313	1,345	0,799	1,380	0,963	1,367	0,954	1,377	0,095	0,097	0,096	0,096	0,096	0,097	0,097	0,095	0,095	0,096	0,100	0,097
19:38:04	36,9	0,093	0,093	0,093	0,093	0,093	0,093	0,093	0,093	0,093	0,093	0,093	0,093	0,093	0,093	0,093	0,093	0,093	0,093	0,093	0,093	0,093	0,093	0,093	0,093	0,093	0,093	0,093	0,093	0,093	0,093	0,093	0,093	0,093	0,093	0,093	0,093	0,093	0,093	0,093	0,093	0,093	0,093	0,093	0,093	0,093	0,093	0,093	0,093	0,093	0,093	0,093	0,093	0,093	0,093	0,093	0,093	0,093	0,093	0,093	0,093	0,093	0,093	0,093	0,093	0,093	0,093	0,093	0,093	0,093	0,093	0,093	0,093	0,855	1,302	0,863	1,342	1,310	1,346	0,800	1,380	0,964	1,367	0,954	1,377	0,095	0,097	0,096	0,096	0,096	0,096	0,096	0,095	0,095	0,096	0,100	0,097
19:48:04	37,0	0,094	0,094	0,094	0,094	0,094	0,094	0,094	0,094	0,094	0,094	0,094	0,094	0,094	0,094	0,094	0,094	0,094	0,094	0,094	0,094	0,094	0,094	0,094	0,094	0,094	0,094	0,094	0,094	0,094	0,094	0,094	0,094	0,094	0,094	0,094	0,094	0,094	0,094	0,094	0,094	0,094	0,094	0,094	0,094	0,094	0,094	0,094	0,094	0,094	0,094	0,094	0,094	0,094	0,094	0,094	0,094	0,094	0,094	0,094	0,094	0,094	0,094	0,094	0,094	0,094	0,094	0,094	0,094	0,094	0,094	0,094	0,094	0,856	1,304	0,866	1,343	1,311	1,345	0,802	1,386	0,966	1,371	0,957	1,375	0,095	0,096	0,096	0,096	0,096	0,097	0,097	0,095	0,095	0,096	0,100	0,097
19:58:04	37,0	0,094	0,094	0,094	0,094	0,094	0,094	0,094	0,094	0,094	0,094	0,094	0,094	0,094	0,094	0,094	0,094	0,094	0,094	0,094	0,094	0,094	0,094	0,094	0,094	0,094	0,094	0,094	0,094	0,094	0,094	0,094	0,094	0,094	0,094	0,094	0,094	0,094	0,094	0,094	0,094	0,094	0,094	0,094	0,094	0,094	0,094	0,094	0,094	0,094	0,094	0,094	0,094	0,094	0,094	0,094	0,094	0,094	0,094	0,094	0,094	0,094	0,094	0,094	0,094	0,094	0,094	0,094	0,094	0,094	0,094	0,094	0,094	0,858	1,303	0,867	1,343	1,312	1,345	0,805	1,382	0,968	1,372	0,961	1,375	0,095	0,097	0,095	0,096	0,096	0,096	0,096	0,095	0,095	0,096	0,100	0,097
20:08:04	37,0	0,094	0,094	0,094	0,094	0,094	0,094	0,094	0,094	0,094	0,094	0,094	0,094	0,094	0,094	0,094	0,094	0,094	0,094	0,094	0,094	0,094	0,094	0,094	0,094	0,094	0,094	0,094	0,094	0,094	0,094	0,094	0,094	0,094	0,094	0,094	0,094	0,094	0,094	0,094	0,094	0,094	0,094	0,094	0,094	0,094	0,094	0,094	0,094	0,094	0,094	0,094	0,094	0,094	0,094	0,094	0,094	0,094	0,094	0,094	0,094	0,094	0,094	0,094	0,094	0,094	0,094	0,094	0,094	0,094	0,094	0,094	0,094	0,859	1,302	0,868	1,345	1,313	1,346	0,808	1,388	0,971	1,374	0,965	1,377	0,095	0,096	0,096	0,096	0,096	0,096	0,096	0,096	0,095	0,096	0,100	0,097
20:18:04	37,0	0,094	0,094	0,094	0,094	0,094	0,094	0,094	0,094	0,094	0,094	0,094	0,094	0,094	0,094	0,094	0,094	0,094	0,094	0,094	0,094	0,094	0,094	0,094	0,094	0,094	0,094	0,094	0,094	0,094	0,094	0,094	0,094	0,094	0,094	0,094	0,094	0,094	0,094	0,094	0,094	0,094	0,094	0,094	0,094	0,094	0,094	0,094	0,094	0,094	0,094	0,094	0,094	0,094	0,094	0,094	0,094	0,094	0,094	0,094	0,094	0,094	0,094	0,094	0,094	0,094	0,094	0,094	0,094	0,094	0,094	0,094	0,094	0,858	1,303	0,870	1,346	1,316	1,345	0,808	1,384	0,967	1,376	0,961	1,375	0,096	0,097	0,096	0,096	0,096	0,097	0,096	0,095	0,095	0,096	0,100	0,097
20:28:04	37,0	0,093	0,093	0,093	0,093	0,093	0,093	0,093	0,093	0,093	0,093	0,093	0,093	0,093	0,093	0,093	0,093	0,093	0,093	0,093	0,093	0,093	0,093	0,093	0,093	0,093	0,093	0,093	0,093	0,093	0,093	0,093	0,093	0,093	0,093	0,093	0,093	0,093	0,093	0,093	0,093	0,093	0,093	0,093	0,093	0,093	0,093	0,093	0,093	0,093	0,093	0,093	0,093	0,093	0,093	0,093	0,093	0,093	0,093	0,093	0,093	0,093	0,093	0,093	0,093	0,093	0,093	0,093	0,093	0,093	0,093	0,093	0,093	0,858	1,304	0,870	1,346	1,318	1,345	0,810	1,384	0,969	1,374	0,963	1,373	0,095	0,096	0,096	0,096	0,096	0,096	0,096	0,095	0,095	0,096	0,100	0,097
20:38:04	37,0	0,094	0,094	0,094	0,094	0,094	0,094	0,094	0,094	0,094	0,094	0,094	0,094	0,094	0,094	0,094	0,094	0,094	0,094	0,094	0,094	0,094	0,094	0,094	0,094	0,094	0,094	0,094	0,094	0,094	0,094	0,094	0,094	0,094	0,094	0,094	0,094	0,094	0,094	0,094	0,094	0,094	0,094	0,094	0,094	0,094	0,094	0,094	0,094	0,094	0,094	0,094	0,094	0,094	0,094	0,094	0,094	0,094	0,094	0,094	0,094	0,094	0,094	0,094	0,094	0,094	0,094	0,094	0,094	0,094	0,094	0,094	0,094	0,858	1,304	0,871	1,346	1,317	1,343	0,810	1,381	0,970	1,373	0,962	1,373	0,095	0,097	0,096	0,096	0,096	0,097	0,096	0,095	0,095	0,096	0,100	0,097
20:48:04	37,0	0,093	0,093	0,093	0,093	0,093	0,093	0,093	0,093	0,093	0,093	0,093	0,093	0,093	0,093	0,093	0,093	0,093	0,093	0,093	0,093	0,093	0,093	0,093	0,093	0,093	0,093	0,093	0,093	0,093	0,093	0,093	0,093	0,093	0,093	0,093	0,093	0,093	0,093	0,093	0,093	0,093	0,093	0,093	0,093	0,093	0,093	0,093	0,093	0,093	0,093	0,093	0,093	0,093	0,093	0,093	0,093	0,093	0,093	0,093	0,093	0,093	0,093	0,093	0,093	0,093	0,093	0,093	0,093	0,093	0,093	0,093	0,093	0,859	1,305	0,872	1,347	1,316	1,343	0,809	1,386	0,971	1,374	0,968	1,374	0,096	0,096	0,096	0,096	0,096	0,096	0,096	0,095	0,095	0,096	0,100	0,097
20:58:04	37,0	0,094	0,094	0,094	0,094	0,094	0,094	0,094	0,094	0,094	0,094	0,094	0,094	0,094	0,094	0,094	0,094	0,094	0,094	0,094	0,094	0,094	0,094	0,094	0,094	0,094	0,094	0,094	0,094	0,094	0,094	0,094	0,094	0,094	0,094	0,094	0,094	0,094	0,094	0,094	0,094	0,094	0,094	0,094	0,094	0,094	0,094	0,094	0,094	0,094	0,094	0,094	0,094	0,094	0,094	0,094	0,094	0,094	0,094	0,094	0,094	0,094	0,094	0,094	0,094	0,094	0,094	0,094	0,094	0,094	0,094	0,094	0,094	0,859	1,304	0,874	1,345	1,318	1,345	0,813	1,385	0,971	1,377	0,966	1,374	0,095	0,096	0,096	0,096	0,096	0,096	0,096	0,095	0,095	0,096	0,100	0,097
21:08:04	37,0	0,094	0,094	0,094	0,094	0,094	0,094	0,094	0,094	0,094	0,094	0,094	0,094	0,094	0,094	0,094	0,094	0,094	0,094	0,094	0,094	0,094	0,094	0,094	0,094	0,094	0,094	0,094	0,094	0,094	0,094	0,094	0,094	0,094	0,094	0,094	0,094	0,094	0,094	0,094	0,094	0,094	0,094	0,094	0,094	0,094	0,094	0,094	0,094	0,094	0,094	0,094	0,094	0,094	0,094	0,094	0,094	0,094	0,094	0,094	0,094	0,094	0,094	0,094	0,094	0,094	0,094	0,094	0,094	0,094	0,094	0,094	0,094	0,859	1,306	0,874	1,349	1,315	1,343	0,813	1,385	0,971	1,378	0,969	1,372	0,096	0,097	0,096	0,096	0,096	0,096	0,096	0,096	0,095	0,096	0,100	0,097
21:18:04	37,0	0,093	0,093	0,093	0,093	0,093	0,093	0,093	0,093	0,093	0,093	0,093	0,093	0,093	0,093	0,093	0,093	0,093	0,093	0,093	0,093	0,093	0,093	0,093	0,093	0,093	0,093	0,093	0,093	0,093	0,093	0,093	0,093	0,093	0,093	0,093	0,093	0,093	0,093	0,093	0,093	0,093	0,093	0,093	0,093	0,093	0,093	0,093	0,093	0,093	0,093	0,093	0,093	0,093	0,093	0,093	0,093	0,093	0,093	0,093	0,093	0,093	0,093	0,093	0,093	0,093	0,093	0,093	0,093	0,093	0,093	0,093	0,093	0,861	1,306	0,876	1,349	1,317	1,344	0,817	1,383	0,972	1,378	0,971	1,375	0,095	0,096	0,095	0,096	0,096	0,096	0,096	0,095	0,095	0,096	0,100	0,097
21:28:04	37,0	0,094	0,094	0,094	0,094	0,094	0,094	0,094	0,094	0,094	0,094	0,094	0,094	0,094	0,094	0,094	0,094	0,094	0,094	0,094	0,094	0,094	0,094	0,094	0,094	0,094	0,094	0,094	0,094	0,094	0,094	0,094	0,094	0,094	0,094	0,094	0,094	0,094	0,094	0,094	0,094	0,094	0,094	0,094	0,094	0,094	0,094	0,094	0,094	0,094	0,094	0,094	0,094	0,094	0,094	0,094	0,094	0,094	0,094	0,094	0,094	0,094	0,094	0,094	0,094	0,094	0,094	0,094	0,094	0,094	0,094	0,094	0,094	0,861	1,306	0,877	1,350	1,318	1,345	0,816	1,384	0,973	1,379	0,971	1,374	0,095	0,096	0,096	0,096	0,096	0,096	0,097	0,096	0,095	0,096	0,100	0,097
21:38:04	37,0	0,094	0,094	0,094	0,094	0,094	0,094	0,094	0,094	0,094	0,094	0,094	0,094	0,094	0,094	0,094	0,094	0,094	0,094	0,094	0,094	0,094	0,094	0,094	0,094	0,094	0,094	0,094	0,094	0,094	0,094	0,094	0,094	0,094	0,094	0,094	0,094	0,094	0,094	0,094	0,094	0,094	0,094	0,094	0,094	0,094	0,094	0,094	0,094	0,094	0,094	0,094	0,094	0,094	0,094	0,094	0,094	0,094	0,094	0,094	0,094	0,094	0,094	0,094	0,094	0,094	0,094	0,094	0,094	0,094	0,094	0,094	0,094	0,863	1,305	0,879	1,351	1,319	1,343	0,817	1,386	0,977	1,380	0,975	1,373	0,096	0,097	0,096	0,096	0,096	0,096	0,097	0,096	0,095	0,096	0,100	0,097
21:48:04	37,0	0,094	0,094	0,094	0,094	0,094	0,094	0,094	0,094	0,094	0,094	0,094	0,094	0,094	0,094	0,094	0,094	0,094	0,094	0,094	0,094	0,094	0,094	0,094	0,094	0,094	0,094	0,094	0,094	0,094	0,094	0,094	0,094	0,094	0,094	0,094	0,094	0,094	0,094	0,094	0,094	0,094	0,094	0,094	0,094	0,094	0,094	0,094	0,094	0,094	0,094	0,094	0,094	0,094	0,094	0,094	0,094	0,094	0,094	0,094	0,094	0,094	0,094	0,094	0,094	0,094	0,094	0,094	0,094	0,094	0,094	0,094	0,094	0,862	1,306	0,879	1,352	1,317	1,344	0,821	1,381	0,975	1,381	0,976	1,373	0,096	0,096	0,096	0,096	0,096	0,096	0,096	0,095	0,095	0,096	0,100	0,097
21:58:04	37,0	0,094	0,094	0,094	0,094	0,094	0,094	0,094	0,094	0,094	0,094	0,094	0,094	0,094	0,094	0,094	0,094	0,094	0,094	0,094	0,094	0,094	0,094	0,094	0,094	0,094	0,094	0,094	0,094	0,094	0,094	0,094	0,094	0,094	0,094	0,094	0,094	0,094	0,094	0,094	0,094	0,094	0,094	0,094	0,094	0,094	0,094	0,094	0,094	0,094	0,094	0,094	0,094	0,094	0,094	0,094	0,094	0,094	0,094	0,094	0,094	0,094	0,094	0,094	0,094	0,094	0,094	0,094	0,094	0,094	0,094	0,094	0,094	0,861	1,306	0,880	1,352	1,319	1,345	0,818	1,381	0,972	1,381	0,977	1,370	0,095	0,096	0,096	0,096	0,096	0,096	0,096	0,095	0,095	0,096	0,100	0,097
22:08:04	37,0	0,094	0,094	0,094	0,094	0,094	0,094	0,094	0,094	0,094	0,094	0,094	0,094	0,094	0,094	0,094	0,094	0,094	0,094	0,094	0,094	0,094	0,094	0,094	0,094	0,094	0,094	0,094	0,094	0,094	0,094	0,094	0,094	0,094	0,094	0,094	0,094	0,094	0,094	0,094	0,094	0,094	0,094	0,094	0,094	0,094	0,094	0,094	0,094	0,094	0,094	0,094	0,094	0,094	0,094	0,094	0,094	0,094	0,094	0,094	0,094	0,094	0,094	0,094	0,094	0,094	0,094	0,094	0,094	0,094	0,094	0,094	0,094	0,862	1,306	0,879	1,354	1,319	1,344	0,819	1,385	0,974	1,379	0,974	1,371	0,096	0,096	0,096	0,096	0,096	0,097	0,097	0,096	0,095	0,096	0,100	0,097

