Time	T∞ Optical Density:600	A1	A2	A3	A4	A5	A6	A7	A8	A9	A10	A11	A12	B1	B2	B3	B4	B5	B6	B7	B8	B9	B10	B11	B12	C1	C2	C3	C4	C5	C6	C7	C8	C9	C10	C11	C12	D1	D2	D3	D4	D5	D6	D7	D8	D9	D10	D11	D12	E1	E2	E3	E4	E5	E6	E7	E8	E9	E10	E11	E12	F1	F2	F3	F4	F5	F6	F7	F8	F9	F10	F11	F12	G1	G2	G3	G4	G5	G6	G7	G8	G9	G10	G11	G12	H1	H2	H3	H4	H5	H6	H7	H8	H9	H10	H11	H12
0:08:04	35,6	0,092	0,091	0,091	0,091	0,092	0,091	0,092	0,092	0,090	0,091	0,092	0,094	0,095	0,093	0,093	0,092	0,092	0,095	0,094	0,092	0,090	0,092	0,091	0,092	0,093	0,092	0,092	0,092	0,092	0,091	0,092	0,091	0,089	0,093	0,091	0,090	0,093	0,094	0,093	0,098	0,092	0,091	0,108	0,106	0,091	0,092	0,092	0,091	0,108	0,092	0,098	0,092	0,116	0,091	0,098	0,094	0,118	0,094	0,119	0,092	0,092	0,103	0,090	0,103	0,090	0,117	0,090	0,119	0,090	0,109	0,093	0,118	0,096	0,092	0,091	0,091	0,093	0,091	0,090	0,099	0,089	0,093	0,093	0,092	0,091	0,091	0,090	0,093	0,097	0,091	0,095	0,091	0,094	0,094	0,091	0,091
0:18:04	36,9	0,092	0,091	0,091	0,091	0,092	0,091	0,092	0,092	0,090	0,091	0,092	0,093	0,095	0,093	0,093	0,092	0,092	0,095	0,094	0,092	0,090	0,092	0,091	0,092	0,094	0,092	0,092	0,092	0,092	0,091	0,092	0,091	0,089	0,093	0,091	0,090	0,093	0,094	0,092	0,098	0,092	0,091	0,109	0,106	0,091	0,092	0,092	0,091	0,105	0,092	0,098	0,092	0,114	0,092	0,097	0,094	0,117	0,093	0,118	0,092	0,092	0,102	0,090	0,103	0,090	0,116	0,090	0,119	0,090	0,108	0,094	0,117	0,095	0,092	0,091	0,090	0,093	0,091	0,090	0,099	0,089	0,093	0,092	0,092	0,091	0,091	0,090	0,093	0,096	0,091	0,095	0,091	0,094	0,094	0,091	0,091
0:28:04	37,0	0,092	0,091	0,091	0,091	0,092	0,091	0,092	0,092	0,090	0,091	0,092	0,093	0,095	0,093	0,093	0,092	0,092	0,095	0,094	0,092	0,090	0,092	0,091	0,092	0,093	0,092	0,092	0,092	0,092	0,091	0,092	0,091	0,089	0,093	0,091	0,090	0,093	0,094	0,092	0,097	0,092	0,091	0,102	0,105	0,091	0,092	0,092	0,091	0,103	0,091	0,098	0,092	0,115	0,092	0,098	0,094	0,117	0,093	0,118	0,092	0,092	0,104	0,090	0,103	0,090	0,119	0,090	0,122	0,090	0,109	0,094	0,118	0,095	0,092	0,091	0,091	0,093	0,091	0,090	0,101	0,089	0,093	0,092	0,092	0,091	0,091	0,090	0,093	0,096	0,091	0,095	0,092	0,094	0,094	0,091	0,091
0:38:04	37,0	0,092	0,091	0,091	0,091	0,092	0,091	0,092	0,092	0,090	0,091	0,092	0,093	0,095	0,092	0,093	0,091	0,092	0,094	0,094	0,092	0,090	0,092	0,091	0,092	0,093	0,092	0,092	0,092	0,092	0,091	0,092	0,091	0,089	0,092	0,091	0,090	0,092	0,094	0,092	0,097	0,092	0,091	0,102	0,105	0,091	0,091	0,092	0,091	0,103	0,091	0,098	0,092	0,119	0,091	0,098	0,094	0,121	0,093	0,120	0,092	0,092	0,105	0,090	0,105	0,090	0,128	0,090	0,125	0,090	0,111	0,094	0,121	0,095	0,092	0,091	0,090	0,093	0,091	0,090	0,100	0,089	0,093	0,092	0,092	0,091	0,091	0,090	0,092	0,096	0,091	0,095	0,092	0,094	0,094	0,091	0,091
0:48:04	37,0	0,092	0,091	0,091	0,091	0,092	0,091	0,092	0,092	0,090	0,091	0,092	0,093	0,095	0,092	0,092	0,092	0,092	0,095	0,094	0,092	0,090	0,092	0,091	0,092	0,093	0,092	0,092	0,092	0,092	0,091	0,092	0,091	0,089	0,092	0,091	0,090	0,093	0,094	0,092	0,097	0,092	0,091	0,101	0,105	0,091	0,091	0,092	0,091	0,103	0,091	0,098	0,092	0,125	0,092	0,098	0,093	0,122	0,093	0,120	0,092	0,092	0,107	0,090	0,107	0,090	0,137	0,090	0,131	0,090	0,113	0,094	0,126	0,095	0,092	0,091	0,090	0,093	0,091	0,090	0,100	0,089	0,092	0,092	0,092	0,091	0,091	0,090	0,093	0,095	0,091	0,095	0,092	0,094	0,094	0,091	0,091
0:58:04	36,9	0,092	0,091	0,091	0,091	0,092	0,092	0,092	0,093	0,090	0,091	0,092	0,093	0,095	0,092	0,093	0,091	0,092	0,095	0,094	0,092	0,090	0,092	0,091	0,092	0,093	0,092	0,092	0,092	0,092	0,091	0,092	0,091	0,089	0,092	0,091	0,090	0,093	0,094	0,092	0,097	0,092	0,091	0,101	0,105	0,091	0,092	0,092	0,091	0,103	0,091	0,099	0,092	0,133	0,092	0,099	0,094	0,126	0,093	0,122	0,092	0,092	0,109	0,090	0,109	0,090	0,152	0,090	0,139	0,090	0,117	0,094	0,133	0,095	0,092	0,091	0,090	0,093	0,091	0,090	0,100	0,089	0,093	0,092	0,092	0,091	0,091	0,090	0,093	0,095	0,092	0,095	0,092	0,095	0,094	0,091	0,091
1:08:04	37,0	0,092	0,091	0,091	0,091	0,092	0,092	0,092	0,093	0,091	0,091	0,092	0,093	0,095	0,093	0,093	0,091	0,092	0,095	0,094	0,092	0,090	0,092	0,091	0,092	0,093	0,092	0,092	0,092	0,092	0,091	0,092	0,091	0,089	0,092	0,092	0,091	0,093	0,094	0,092	0,097	0,092	0,091	0,101	0,105	0,091	0,092	0,092	0,091	0,103	0,091	0,099	0,092	0,147	0,092	0,099	0,094	0,129	0,093	0,124	0,092	0,092	0,113	0,090	0,113	0,090	0,170	0,090	0,149	0,090	0,121	0,094	0,143	0,095	0,092	0,091	0,090	0,093	0,091	0,090	0,100	0,089	0,093	0,092	0,092	0,091	0,091	0,090	0,093	0,095	0,092	0,095	0,092	0,095	0,094	0,091	0,091
1:18:04	37,0	0,092	0,091	0,091	0,091	0,092	0,092	0,092	0,093	0,091	0,091	0,092	0,093	0,095	0,093	0,093	0,092	0,092	0,095	0,094	0,092	0,090	0,092	0,091	0,092	0,093	0,092	0,092	0,093	0,092	0,091	0,092	0,091	0,089	0,092	0,092	0,091	0,093	0,094	0,092	0,097	0,092	0,091	0,101	0,105	0,091	0,092	0,092	0,091	0,104	0,092	0,100	0,092	0,165	0,092	0,100	0,094	0,133	0,093	0,127	0,092	0,092	0,118	0,090	0,118	0,090	0,193	0,090	0,162	0,090	0,129	0,094	0,155	0,095	0,092	0,091	0,091	0,093	0,091	0,090	0,101	0,090	0,093	0,092	0,092	0,091	0,091	0,090	0,093	0,095	0,092	0,095	0,092	0,095	0,095	0,091	0,091
1:28:04	37,0	0,092	0,091	0,091	0,091	0,092	0,092	0,092	0,093	0,091	0,091	0,092	0,093	0,095	0,093	0,093	0,091	0,092	0,094	0,094	0,092	0,090	0,092	0,091	0,092	0,093	0,092	0,092	0,092	0,092	0,091	0,092	0,091	0,089	0,092	0,091	0,090	0,092	0,094	0,092	0,097	0,092	0,091	0,101	0,105	0,091	0,092	0,092	0,091	0,104	0,091	0,100	0,092	0,188	0,092	0,101	0,094	0,138	0,093	0,131	0,092	0,092	0,126	0,090	0,126	0,090	0,225	0,090	0,178	0,090	0,140	0,094	0,172	0,095	0,092	0,091	0,090	0,093	0,091	0,090	0,101	0,089	0,093	0,092	0,092	0,091	0,091	0,090	0,093	0,095	0,092	0,095	0,092	0,094	0,095	0,091	0,091
1:38:04	37,0	0,092	0,091	0,092	0,091	0,092	0,092	0,092	0,093	0,091	0,091	0,092	0,093	0,095	0,093	0,093	0,092	0,092	0,095	0,094	0,092	0,090	0,092	0,091	0,092	0,093	0,092	0,092	0,093	0,092	0,091	0,092	0,091	0,089	0,092	0,092	0,091	0,093	0,094	0,092	0,097	0,092	0,091	0,101	0,105	0,091	0,092	0,092	0,091	0,105	0,091	0,101	0,092	0,214	0,092	0,102	0,094	0,143	0,093	0,135	0,092	0,092	0,135	0,090	0,134	0,090	0,265	0,090	0,198	0,090	0,154	0,094	0,193	0,095	0,092	0,091	0,090	0,093	0,091	0,090	0,101	0,090	0,093	0,092	0,092	0,091	0,091	0,090	0,093	0,095	0,092	0,095	0,092	0,095	0,095	0,091	0,091
1:48:04	36,9	0,092	0,091	0,092	0,091	0,092	0,092	0,092	0,093	0,091	0,091	0,092	0,093	0,095	0,093	0,093	0,091	0,092	0,095	0,094	0,092	0,090	0,092	0,091	0,092	0,093	0,092	0,092	0,092	0,092	0,091	0,092	0,091	0,089	0,092	0,092	0,091	0,093	0,094	0,092	0,097	0,092	0,091	0,101	0,105	0,092	0,092	0,092	0,091	0,106	0,091	0,102	0,092	0,240	0,092	0,103	0,094	0,150	0,093	0,141	0,092	0,092	0,146	0,090	0,146	0,090	0,304	0,090	0,218	0,090	0,171	0,094	0,218	0,095	0,092	0,091	0,090	0,093	0,091	0,090	0,100	0,090	0,093	0,092	0,092	0,091	0,091	0,090	0,093	0,095	0,092	0,095	0,092	0,095	0,095	0,091	0,091
1:58:04	37,0	0,093	0,091	0,092	0,091	0,092	0,092	0,092	0,093	0,091	0,091	0,093	0,093	0,095	0,093	0,093	0,092	0,092	0,095	0,094	0,092	0,091	0,092	0,091	0,092	0,094	0,093	0,092	0,093	0,092	0,091	0,092	0,091	0,090	0,092	0,092	0,091	0,093	0,094	0,092	0,098	0,093	0,091	0,101	0,106	0,092	0,092	0,093	0,091	0,107	0,091	0,103	0,092	0,277	0,092	0,104	0,094	0,160	0,093	0,148	0,092	0,092	0,163	0,091	0,162	0,090	0,350	0,090	0,244	0,090	0,188	0,095	0,236	0,095	0,092	0,091	0,091	0,093	0,091	0,091	0,101	0,090	0,093	0,093	0,092	0,091	0,092	0,090	0,094	0,095	0,092	0,095	0,092	0,095	0,095	0,092	0,091
2:08:04	36,9	0,092	0,091	0,092	0,091	0,092	0,092	0,092	0,093	0,091	0,091	0,092	0,093	0,095	0,093	0,093	0,092	0,092	0,094	0,094	0,092	0,090	0,092	0,091	0,092	0,093	0,092	0,092	0,092	0,092	0,091	0,092	0,091	0,089	0,092	0,092	0,091	0,093	0,094	0,092	0,097	0,093	0,091	0,101	0,106	0,092	0,092	0,093	0,091	0,108	0,091	0,105	0,092	0,315	0,092	0,106	0,094	0,170	0,093	0,156	0,092	0,092	0,176	0,090	0,179	0,090	0,393	0,090	0,279	0,090	0,206	0,095	0,270	0,095	0,092	0,091	0,091	0,093	0,091	0,090	0,101	0,090	0,093	0,093	0,092	0,091	0,092	0,090	0,094	0,095	0,092	0,095	0,092	0,095	0,095	0,091	0,091
2:18:04	37,0	0,092	0,091	0,092	0,091	0,092	0,092	0,092	0,093	0,091	0,091	0,093	0,093	0,095	0,093	0,093	0,092	0,092	0,094	0,094	0,092	0,090	0,092	0,091	0,092	0,094	0,092	0,092	0,093	0,092	0,091	0,092	0,091	0,089	0,092	0,092	0,091	0,093	0,094	0,092	0,097	0,093	0,091	0,101	0,106	0,092	0,092	0,092	0,091	0,111	0,091	0,107	0,092	0,342	0,092	0,108	0,094	0,183	0,093	0,167	0,092	0,092	0,196	0,090	0,191	0,090	0,437	0,090	0,307	0,090	0,233	0,095	0,305	0,095	0,092	0,091	0,090	0,093	0,091	0,090	0,101	0,090	0,093	0,093	0,092	0,091	0,092	0,090	0,093	0,095	0,092	0,095	0,092	0,095	0,095	0,091	0,091
2:28:04	37,0	0,093	0,091	0,092	0,091	0,092	0,092	0,092	0,093	0,091	0,091	0,093	0,093	0,095	0,093	0,093	0,092	0,092	0,094	0,094	0,092	0,090	0,092	0,091	0,092	0,094	0,092	0,092	0,093	0,092	0,091	0,092	0,091	0,090	0,092	0,092	0,091	0,093	0,094	0,092	0,098	0,093	0,091	0,101	0,106	0,092	0,092	0,093	0,091	0,114	0,091	0,110	0,092	0,384	0,092	0,111	0,094	0,194	0,093	0,178	0,092	0,092	0,216	0,090	0,221	0,090	0,479	0,090	0,352	0,090	0,258	0,095	0,342	0,095	0,092	0,091	0,091	0,093	0,091	0,090	0,101	0,090	0,093	0,092	0,092	0,091	0,092	0,091	0,094	0,095	0,092	0,095	0,092	0,095	0,095	0,091	0,092
2:38:04	37,0	0,093	0,091	0,092	0,091	0,092	0,092	0,092	0,093	0,091	0,091	0,092	0,093	0,095	0,093	0,093	0,092	0,092	0,094	0,094	0,092	0,090	0,092	0,091	0,092	0,093	0,092	0,092	0,093	0,092	0,091	0,092	0,091	0,089	0,092	0,092	0,091	0,093	0,094	0,092	0,098	0,093	0,091	0,101	0,106	0,092	0,092	0,093	0,091	0,117	0,091	0,113	0,092	0,423	0,092	0,114	0,094	0,208	0,093	0,191	0,092	0,092	0,240	0,090	0,247	0,090	0,514	0,090	0,390	0,090	0,285	0,095	0,378	0,095	0,092	0,091	0,091	0,093	0,091	0,090	0,101	0,090	0,093	0,093	0,092	0,091	0,092	0,090	0,094	0,095	0,092	0,095	0,092	0,095	0,095	0,091	0,091
2:48:04	37,0	0,093	0,091	0,092	0,091	0,092	0,092	0,092	0,093	0,091	0,091	0,092	0,093	0,095	0,093	0,093	0,092	0,092	0,095	0,094	0,092	0,090	0,092	0,091	0,092	0,094	0,092	0,092	0,093	0,092	0,091	0,092	0,091	0,089	0,092	0,092	0,091	0,093	0,094	0,092	0,098	0,093	0,091	0,101	0,106	0,092	0,092	0,093	0,091	0,122	0,091	0,118	0,092	0,456	0,092	0,118	0,094	0,222	0,093	0,206	0,092	0,092	0,264	0,090	0,262	0,090	0,543	0,090	0,424	0,090	0,311	0,095	0,414	0,095	0,092	0,091	0,091	0,093	0,091	0,090	0,101	0,090	0,093	0,092	0,092	0,092	0,092	0,090	0,094	0,095	0,092	0,095	0,092	0,095	0,095	0,092	0,091
2:58:04	37,0	0,093	0,091	0,092	0,092	0,092	0,092	0,092	0,093	0,091	0,092	0,093	0,093	0,095	0,093	0,093	0,092	0,092	0,095	0,094	0,092	0,090	0,092	0,091	0,092	0,094	0,092	0,092	0,093	0,092	0,091	0,092	0,091	0,090	0,092	0,092	0,091	0,093	0,094	0,092	0,098	0,093	0,091	0,101	0,106	0,092	0,092	0,093	0,091	0,128	0,092	0,123	0,092	0,485	0,092	0,122	0,095	0,239	0,093	0,223	0,093	0,092	0,287	0,090	0,291	0,090	0,568	0,090	0,465	0,090	0,335	0,095	0,452	0,095	0,092	0,091	0,091	0,093	0,091	0,091	0,101	0,090	0,093	0,092	0,092	0,091	0,092	0,091	0,094	0,095	0,092	0,095	0,092	0,095	0,095	0,091	0,092
3:08:04	37,0	0,093	0,091	0,092	0,092	0,092	0,092	0,092	0,093	0,091	0,092	0,093	0,093	0,095	0,093	0,093	0,092	0,092	0,095	0,094	0,092	0,090	0,093	0,091	0,092	0,094	0,093	0,092	0,093	0,092	0,091	0,092	0,091	0,090	0,092	0,092	0,091	0,093	0,094	0,092	0,098	0,093	0,091	0,101	0,106	0,092	0,092	0,093	0,091	0,136	0,092	0,129	0,092	0,502	0,092	0,128	0,095	0,256	0,093	0,240	0,093	0,092	0,310	0,091	0,310	0,090	0,586	0,090	0,513	0,090	0,363	0,095	0,491	0,095	0,092	0,091	0,091	0,093	0,092	0,091	0,101	0,090	0,093	0,092	0,092	0,092	0,092	0,091	0,094	0,095	0,092	0,096	0,092	0,095	0,095	0,092	0,092
3:18:04	37,0	0,093	0,091	0,092	0,092	0,092	0,092	0,092	0,093	0,091	0,091	0,093	0,093	0,095	0,093	0,093	0,092	0,092	0,095	0,094	0,092	0,090	0,092	0,091	0,092	0,094	0,092	0,092	0,093	0,092	0,091	0,092	0,091	0,090	0,092	0,092	0,091	0,093	0,094	0,092	0,098	0,093	0,091	0,101	0,106	0,092	0,092	0,093	0,091	0,144	0,091	0,137	0,092	0,523	0,092	0,133	0,094	0,271	0,093	0,259	0,092	0,092	0,331	0,090	0,339	0,090	0,605	0,090	0,547	0,090	0,385	0,095	0,531	0,095	0,092	0,091	0,091	0,093	0,091	0,090	0,101	0,090	0,093	0,092	0,092	0,092	0,092	0,091	0,094	0,094	0,092	0,095	0,092	0,095	0,095	0,091	0,092
3:28:04	37,0	0,093	0,091	0,092	0,092	0,093	0,092	0,092	0,093	0,091	0,092	0,093	0,093	0,095	0,093	0,093	0,092	0,092	0,095	0,094	0,092	0,090	0,092	0,091	0,092	0,094	0,092	0,092	0,093	0,092	0,091	0,092	0,091	0,090	0,092	0,092	0,091	0,093	0,094	0,092	0,097	0,093	0,091	0,101	0,106	0,092	0,092	0,093	0,092	0,156	0,092	0,146	0,092	0,538	0,092	0,140	0,094	0,298	0,093	0,279	0,092	0,092	0,353	0,090	0,356	0,090	0,627	0,090	0,595	0,090	0,406	0,095	0,572	0,095	0,092	0,091	0,091	0,093	0,091	0,090	0,101	0,090	0,093	0,092	0,092	0,092	0,092	0,091	0,094	0,095	0,092	0,095	0,092	0,095	0,095	0,091	0,092
3:38:04	37,0	0,093	0,091	0,092	0,092	0,092	0,092	0,093	0,093	0,091	0,092	0,093	0,094	0,095	0,093	0,093	0,092	0,093	0,095	0,094	0,092	0,091	0,093	0,091	0,092	0,094	0,093	0,092	0,093	0,093	0,091	0,092	0,091	0,090	0,092	0,092	0,091	0,093	0,094	0,092	0,098	0,093	0,091	0,101	0,106	0,092	0,092	0,093	0,092	0,170	0,092	0,156	0,092	0,559	0,092	0,146	0,095	0,322	0,093	0,299	0,093	0,093	0,373	0,091	0,373	0,090	0,649	0,090	0,631	0,090	0,427	0,095	0,609	0,095	0,092	0,091	0,091	0,093	0,091	0,091	0,101	0,090	0,093	0,093	0,092	0,092	0,092	0,091	0,094	0,094	0,092	0,096	0,092	0,095	0,095	0,092	0,092
3:48:04	37,0	0,093	0,091	0,092	0,092	0,093	0,092	0,093	0,093	0,091	0,092	0,093	0,093	0,095	0,093	0,093	0,092	0,092	0,095	0,094	0,092	0,090	0,092	0,091	0,092	0,094	0,092	0,092	0,093	0,092	0,091	0,092	0,091	0,090	0,092	0,092	0,091	0,093	0,094	0,092	0,098	0,093	0,091	0,101	0,106	0,091	0,092	0,093	0,091	0,186	0,091	0,167	0,092	0,574	0,092	0,152	0,095	0,343	0,093	0,319	0,093	0,092	0,395	0,091	0,394	0,090	0,664	0,090	0,669	0,090	0,447	0,095	0,644	0,095	0,092	0,091	0,091	0,093	0,091	0,091	0,101	0,090	0,093	0,092	0,092	0,092	0,092	0,091	0,094	0,094	0,092	0,095	0,092	0,095	0,095	0,091	0,092
3:58:04	37,0	0,093	0,091	0,092	0,092	0,093	0,092	0,092	0,093	0,091	0,091	0,092	0,093	0,095	0,093	0,093	0,092	0,092	0,095	0,093	0,092	0,090	0,093	0,091	0,092	0,094	0,092	0,092	0,093	0,092	0,091	0,092	0,091	0,090	0,092	0,092	0,091	0,093	0,094	0,092	0,098	0,093	0,091	0,101	0,106	0,091	0,092	0,093	0,092	0,204	0,091	0,179	0,092	0,589	0,092	0,159	0,095	0,367	0,093	0,338	0,092	0,092	0,414	0,090	0,435	0,090	0,684	0,090	0,703	0,090	0,465	0,094	0,674	0,095	0,092	0,091	0,090	0,093	0,091	0,090	0,101	0,090	0,093	0,092	0,092	0,092	0,092	0,091	0,094	0,094	0,092	0,095	0,092	0,095	0,095	0,091	0,092
4:08:04	37,0	0,093	0,092	0,092	0,092	0,093	0,092	0,093	0,093	0,091	0,092	0,093	0,093	0,095	0,093	0,093	0,092	0,092	0,095	0,094	0,092	0,090	0,093	0,091	0,092	0,094	0,092	0,092	0,093	0,092	0,091	0,092	0,091	0,090	0,092	0,092	0,091	0,093	0,094	0,092	0,098	0,093	0,091	0,101	0,106	0,092	0,092	0,093	0,091	0,225	0,091	0,192	0,092	0,603	0,092	0,167	0,095	0,390	0,093	0,358	0,093	0,093	0,434	0,090	0,456	0,090	0,703	0,090	0,747	0,090	0,486	0,095	0,707	0,096	0,092	0,091	0,091	0,093	0,092	0,091	0,101	0,090	0,093	0,092	0,092	0,092	0,092	0,091	0,094	0,094	0,092	0,096	0,092	0,095	0,095	0,091	0,092
4:18:04	37,0	0,093	0,091	0,092	0,092	0,092	0,092	0,092	0,093	0,091	0,092	0,093	0,093	0,095	0,093	0,093	0,092	0,092	0,095	0,094	0,092	0,090	0,092	0,091	0,092	0,094	0,092	0,092	0,093	0,092	0,091	0,092	0,091	0,090	0,092	0,092	0,091	0,093	0,094	0,092	0,098	0,093	0,091	0,101	0,106	0,092	0,092	0,093	0,092	0,245	0,091	0,207	0,092	0,614	0,092	0,175	0,095	0,415	0,093	0,379	0,093	0,093	0,456	0,090	0,479	0,090	0,722	0,090	0,784	0,090	0,501	0,095	0,740	0,095	0,092	0,091	0,091	0,093	0,092	0,091	0,101	0,090	0,093	0,092	0,093	0,092	0,092	0,091	0,094	0,094	0,092	0,096	0,092	0,095	0,095	0,092	0,092
4:28:04	37,0	0,093	0,091	0,092	0,092	0,092	0,092	0,092	0,093	0,091	0,092	0,093	0,093	0,095	0,093	0,093	0,092	0,092	0,095	0,094	0,092	0,090	0,092	0,091	0,092	0,094	0,093	0,092	0,093	0,092	0,091	0,092	0,091	0,090	0,092	0,092	0,091	0,093	0,094	0,092	0,098	0,093	0,091	0,101	0,106	0,092	0,092	0,093	0,091	0,266	0,091	0,223	0,092	0,621	0,092	0,184	0,095	0,441	0,093	0,399	0,093	0,093	0,479	0,090	0,497	0,090	0,742	0,090	0,822	0,090	0,521	0,095	0,774	0,096	0,092	0,091	0,091	0,093	0,092	0,090	0,101	0,090	0,093	0,092	0,092	0,092	0,092	0,091	0,094	0,094	0,092	0,096	0,092	0,095	0,095	0,092	0,092
4:38:04	37,0	0,093	0,091	0,092	0,092	0,093	0,092	0,093	0,093	0,091	0,092	0,093	0,093	0,095	0,093	0,093	0,092	0,092	0,094	0,094	0,092	0,091	0,093	0,092	0,092	0,094	0,093	0,092	0,093	0,092	0,091	0,092	0,091	0,090	0,092	0,092	0,091	0,093	0,094	0,092	0,098	0,093	0,091	0,101	0,106	0,092	0,092	0,093	0,091	0,287	0,091	0,239	0,092	0,632	0,092	0,193	0,095	0,464	0,093	0,421	0,093	0,093	0,497	0,090	0,512	0,090	0,763	0,090	0,858	0,090	0,539	0,095	0,804	0,096	0,092	0,091	0,091	0,093	0,092	0,091	0,101	0,090	0,093	0,092	0,092	0,092	0,092	0,091	0,094	0,094	0,092	0,096	0,092	0,095	0,095	0,092	0,092
4:48:04	37,0	0,093	0,091	0,092	0,092	0,093	0,092	0,093	0,093	0,091	0,092	0,093	0,093	0,095	0,093	0,093	0,092	0,092	0,094	0,094	0,092	0,091	0,093	0,091	0,092	0,094	0,093	0,092	0,093	0,092	0,091	0,093	0,091	0,090	0,092	0,092	0,091	0,093	0,094	0,092	0,098	0,093	0,091	0,101	0,106	0,092	0,092	0,093	0,091	0,309	0,092	0,254	0,092	0,644	0,092	0,201	0,095	0,484	0,093	0,441	0,093	0,093	0,516	0,091	0,532	0,090	0,777	0,090	0,882	0,090	0,553	0,095	0,822	0,095	0,092	0,091	0,091	0,093	0,092	0,091	0,101	0,090	0,093	0,092	0,093	0,092	0,092	0,091	0,094	0,094	0,092	0,096	0,092	0,095	0,095	0,092	0,092
4:58:04	37,0	0,093	0,092	0,092	0,092	0,093	0,092	0,093	0,093	0,091	0,092	0,093	0,093	0,095	0,093	0,093	0,092	0,092	0,094	0,094	0,092	0,091	0,093	0,091	0,092	0,094	0,092	0,092	0,093	0,093	0,091	0,092	0,091	0,090	0,092	0,092	0,091	0,093	0,094	0,092	0,098	0,093	0,091	0,101	0,106	0,092	0,092	0,093	0,092	0,331	0,091	0,271	0,092	0,657	0,092	0,210	0,095	0,501	0,093	0,459	0,093	0,093	0,527	0,090	0,547	0,090	0,793	0,090	0,900	0,090	0,568	0,095	0,836	0,095	0,092	0,091	0,091	0,093	0,091	0,091	0,101	0,090	0,093	0,092	0,092	0,092	0,092	0,091	0,094	0,094	0,092	0,095	0,092	0,095	0,095	0,092	0,092
5:08:04	37,0	0,093	0,092	0,092	0,092	0,093	0,092	0,093	0,093	0,091	0,092	0,093	0,094	0,095	0,093	0,093	0,092	0,092	0,094	0,094	0,092	0,091	0,093	0,091	0,092	0,094	0,093	0,092	0,093	0,093	0,091	0,092	0,091	0,090	0,092	0,092	0,091	0,093	0,094	0,092	0,098	0,093	0,091	0,101	0,106	0,092	0,092	0,093	0,092	0,357	0,092	0,285	0,092	0,677	0,092	0,219	0,095	0,518	0,093	0,478	0,093	0,093	0,543	0,091	0,562	0,091	0,815	0,090	0,918	0,090	0,582	0,095	0,854	0,096	0,092	0,091	0,091	0,093	0,092	0,091	0,101	0,090	0,093	0,092	0,092	0,092	0,092	0,091	0,094	0,094	0,092	0,096	0,093	0,095	0,096	0,092	0,092
5:18:04	37,0	0,093	0,092	0,092	0,092	0,093	0,093	0,093	0,093	0,091	0,092	0,093	0,094	0,095	0,093	0,093	0,092	0,093	0,095	0,094	0,092	0,091	0,093	0,092	0,092	0,094	0,092	0,092	0,093	0,092	0,091	0,092	0,092	0,090	0,092	0,092	0,091	0,093	0,094	0,092	0,098	0,093	0,091	0,101	0,106	0,092	0,092	0,093	0,092	0,378	0,091	0,304	0,092	0,690	0,092	0,229	0,095	0,536	0,093	0,489	0,093	0,093	0,553	0,091	0,576	0,090	0,830	0,091	0,929	0,090	0,593	0,095	0,875	0,096	0,092	0,091	0,091	0,093	0,092	0,091	0,101	0,090	0,093	0,092	0,092	0,092	0,092	0,091	0,094	0,094	0,092	0,096	0,092	0,095	0,096	0,092	0,092
5:28:04	37,0	0,093	0,092	0,092	0,092	0,093	0,092	0,093	0,093	0,091	0,092	0,093	0,093	0,095	0,093	0,093	0,092	0,092	0,094	0,094	0,092	0,090	0,093	0,091	0,092	0,094	0,092	0,092	0,093	0,093	0,091	0,092	0,091	0,090	0,092	0,092	0,091	0,093	0,094	0,092	0,098	0,093	0,091	0,101	0,106	0,092	0,092	0,093	0,092	0,399	0,091	0,320	0,092	0,703	0,092	0,240	0,095	0,553	0,093	0,505	0,093	0,093	0,564	0,091	0,588	0,090	0,849	0,090	0,940	0,090	0,604	0,095	0,889	0,096	0,092	0,091	0,091	0,093	0,092	0,091	0,101	0,090	0,093	0,092	0,092	0,092	0,092	0,091	0,094	0,094	0,092	0,096	0,092	0,095	0,095	0,092	0,092
5:38:04	37,0	0,093	0,092	0,092	0,092	0,093	0,093	0,093	0,093	0,092	0,092	0,093	0,094	0,095	0,093	0,093	0,092	0,093	0,094	0,094	0,092	0,091	0,093	0,092	0,092	0,094	0,093	0,092	0,093	0,093	0,091	0,093	0,091	0,090	0,092	0,092	0,091	0,093	0,094	0,092	0,098	0,093	0,091	0,101	0,106	0,092	0,092	0,093	0,092	0,423	0,092	0,335	0,092	0,718	0,092	0,250	0,095	0,571	0,093	0,521	0,093	0,093	0,571	0,091	0,610	0,090	0,867	0,091	0,951	0,090	0,613	0,095	0,909	0,096	0,092	0,091	0,091	0,094	0,092	0,091	0,101	0,090	0,093	0,093	0,093	0,092	0,092	0,091	0,094	0,094	0,092	0,096	0,092	0,095	0,095	0,092	0,092
5:48:04	37,0	0,093	0,092	0,092	0,092	0,093	0,092	0,093	0,093	0,091	0,092	0,093	0,093	0,095	0,093	0,093	0,092	0,092	0,094	0,094	0,092	0,091	0,092	0,091	0,092	0,094	0,092	0,092	0,093	0,092	0,091	0,092	0,091	0,090	0,091	0,092	0,091	0,093	0,094	0,092	0,098	0,093	0,091	0,101	0,106	0,092	0,092	0,093	0,091	0,448	0,091	0,349	0,092	0,731	0,092	0,260	0,095	0,586	0,093	0,534	0,093	0,093	0,582	0,090	0,621	0,090	0,881	0,090	0,958	0,090	0,622	0,095	0,926	0,096	0,092	0,091	0,091	0,093	0,092	0,091	0,101	0,090	0,093	0,092	0,092	0,092	0,092	0,091	0,094	0,094	0,092	0,095	0,092	0,095	0,095	0,091	0,092
5:58:04	37,0	0,093	0,092	0,092	0,092	0,093	0,092	0,093	0,093	0,092	0,092	0,093	0,094	0,095	0,093	0,093	0,092	0,092	0,094	0,094	0,093	0,091	0,093	0,091	0,092	0,094	0,093	0,092	0,093	0,093	0,091	0,092	0,092	0,090	0,092	0,092	0,092	0,094	0,094	0,092	0,098	0,093	0,091	0,101	0,106	0,092	0,092	0,093	0,092	0,478	0,092	0,365	0,093	0,744	0,092	0,270	0,095	0,601	0,093	0,548	0,093	0,093	0,594	0,091	0,638	0,091	0,900	0,091	0,964	0,090	0,631	0,095	0,948	0,096	0,092	0,092	0,091	0,094	0,092	0,091	0,101	0,090	0,093	0,093	0,093	0,092	0,092	0,091	0,094	0,094	0,092	0,096	0,092	0,095	0,095	0,092	0,092
6:08:04	37,0	0,093	0,092	0,092	0,092	0,093	0,092	0,093	0,093	0,091	0,092	0,093	0,094	0,095	0,093	0,093	0,092	0,093	0,095	0,094	0,092	0,091	0,093	0,091	0,092	0,094	0,093	0,092	0,093	0,093	0,091	0,092	0,091	0,090	0,092	0,092	0,091	0,093	0,094	0,092	0,098	0,093	0,091	0,101	0,106	0,092	0,092	0,093	0,092	0,500	0,092	0,378	0,092	0,762	0,092	0,280	0,095	0,618	0,093	0,561	0,093	0,093	0,603	0,091	0,644	0,090	0,913	0,091	0,972	0,090	0,642	0,095	0,964	0,096	0,092	0,091	0,091	0,093	0,092	0,091	0,101	0,090	0,094	0,093	0,093	0,092	0,092	0,091	0,094	0,094	0,092	0,096	0,092	0,095	0,095	0,092	0,092
6:18:04	37,0	0,093	0,092	0,092	0,092	0,093	0,093	0,093	0,093	0,092	0,092	0,093	0,094	0,095	0,093	0,093	0,092	0,093	0,094	0,094	0,093	0,091	0,093	0,092	0,092	0,094	0,093	0,092	0,093	0,093	0,091	0,092	0,092	0,090	0,092	0,092	0,092	0,093	0,094	0,092	0,098	0,093	0,091	0,101	0,106	0,092	0,092	0,093	0,092	0,525	0,092	0,391	0,092	0,769	0,092	0,290	0,095	0,626	0,093	0,573	0,093	0,093	0,613	0,091	0,648	0,091	0,928	0,091	0,977	0,090	0,651	0,095	0,985	0,096	0,092	0,091	0,091	0,094	0,092	0,091	0,101	0,090	0,093	0,093	0,092	0,092	0,092	0,091	0,094	0,094	0,092	0,096	0,092	0,095	0,095	0,092	0,092
6:28:04	37,0	0,093	0,092	0,092	0,092	0,093	0,093	0,093	0,094	0,092	0,092	0,093	0,094	0,096	0,093	0,093	0,092	0,093	0,094	0,094	0,093	0,091	0,093	0,092	0,092	0,094	0,093	0,092	0,093	0,093	0,091	0,092	0,091	0,090	0,092	0,092	0,092	0,094	0,094	0,092	0,098	0,093	0,091	0,101	0,106	0,092	0,092	0,093	0,092	0,549	0,092	0,405	0,093	0,774	0,093	0,300	0,095	0,634	0,093	0,584	0,093	0,093	0,625	0,091	0,662	0,091	0,944	0,091	0,989	0,091	0,668	0,095	1,003	0,096	0,092	0,091	0,091	0,094	0,092	0,091	0,102	0,090	0,094	0,093	0,093	0,092	0,093	0,091	0,095	0,094	0,092	0,096	0,093	0,095	0,096	0,092	0,092
6:38:04	37,0	0,093	0,091	0,092	0,092	0,093	0,092	0,093	0,093	0,091	0,092	0,093	0,093	0,095	0,093	0,093	0,092	0,092	0,094	0,094	0,092	0,091	0,092	0,091	0,092	0,094	0,092	0,092	0,093	0,092	0,091	0,092	0,091	0,090	0,091	0,091	0,091	0,093	0,094	0,092	0,097	0,093	0,091	0,101	0,106	0,092	0,092	0,093	0,092	0,573	0,091	0,415	0,092	0,782	0,093	0,311	0,095	0,643	0,093	0,595	0,093	0,093	0,634	0,090	0,675	0,090	0,955	0,090	0,995	0,090	0,680	0,095	1,024	0,095	0,092	0,091	0,091	0,093	0,091	0,090	0,101	0,090	0,093	0,093	0,092	0,092	0,092	0,091	0,094	0,094	0,092	0,095	0,092	0,095	0,095	0,091	0,092
6:48:04	36,9	0,093	0,092	0,092	0,092	0,093	0,092	0,093	0,093	0,091	0,092	0,093	0,094	0,095	0,093	0,093	0,092	0,093	0,094	0,094	0,092	0,091	0,092	0,091	0,092	0,094	0,093	0,092	0,093	0,092	0,091	0,092	0,092	0,090	0,092	0,092	0,091	0,093	0,094	0,092	0,098	0,093	0,091	0,101	0,106	0,092	0,092	0,093	0,092	0,590	0,091	0,426	0,092	0,803	0,093	0,320	0,095	0,653	0,093	0,607	0,093	0,093	0,647	0,090	0,699	0,091	0,972	0,091	1,006	0,090	0,695	0,095	1,044	0,096	0,092	0,091	0,091	0,094	0,092	0,091	0,101	0,090	0,094	0,093	0,093	0,092	0,092	0,091	0,094	0,094	0,092	0,096	0,092	0,095	0,095	0,092	0,092
6:58:04	37,0	0,093	0,092	0,092	0,092	0,093	0,092	0,093	0,094	0,091	0,092	0,093	0,094	0,095	0,093	0,093	0,092	0,093	0,094	0,094	0,092	0,091	0,093	0,091	0,092	0,095	0,092	0,092	0,093	0,092	0,091	0,092	0,091	0,090	0,092	0,092	0,091	0,093	0,094	0,092	0,098	0,093	0,091	0,101	0,106	0,092	0,092	0,093	0,092	0,612	0,092	0,437	0,092	0,809	0,094	0,333	0,095	0,660	0,093	0,617	0,093	0,093	0,658	0,091	0,713	0,090	0,985	0,091	1,020	0,090	0,712	0,095	1,064	0,096	0,092	0,091	0,091	0,094	0,092	0,091	0,101	0,090	0,093	0,093	0,093	0,092	0,092	0,091	0,094	0,094	0,092	0,096	0,092	0,095	0,095	0,091	0,092
7:08:04	37,0	0,093	0,092	0,092	0,092	0,093	0,093	0,093	0,093	0,092	0,092	0,093	0,094	0,095	0,093	0,093	0,092	0,093	0,093	0,094	0,092	0,091	0,093	0,092	0,092	0,094	0,093	0,092	0,093	0,093	0,091	0,092	0,091	0,090	0,092	0,092	0,091	0,093	0,094	0,092	0,098	0,093	0,091	0,101	0,106	0,092	0,092	0,093	0,092	0,632	0,091	0,444	0,092	0,820	0,093	0,341	0,095	0,664	0,093	0,624	0,093	0,093	0,673	0,091	0,742	0,090	0,998	0,091	1,026	0,091	0,723	0,095	1,083	0,096	0,092	0,092	0,091	0,094	0,092	0,091	0,101	0,090	0,093	0,093	0,093	0,092	0,092	0,091	0,094	0,094	0,092	0,096	0,092	0,095	0,096	0,092	0,092
7:18:04	37,0	0,093	0,092	0,092	0,092	0,093	0,093	0,093	0,094	0,092	0,092	0,093	0,094	0,096	0,094	0,093	0,092	0,093	0,093	0,094	0,093	0,091	0,093	0,091	0,093	0,095	0,093	0,092	0,093	0,093	0,092	0,093	0,092	0,090	0,092	0,092	0,092	0,094	0,094	0,092	0,098	0,093	0,091	0,101	0,106	0,092	0,092	0,093	0,092	0,649	0,092	0,454	0,093	0,833	0,094	0,349	0,095	0,672	0,093	0,632	0,093	0,093	0,682	0,091	0,766	0,091	1,011	0,091	1,036	0,091	0,741	0,095	1,102	0,096	0,092	0,091	0,091	0,094	0,092	0,091	0,101	0,091	0,094	0,093	0,093	0,092	0,093	0,091	0,095	0,094	0,092	0,096	0,093	0,095	0,096	0,092	0,092
7:28:04	37,0	0,093	0,092	0,092	0,092	0,093	0,093	0,093	0,094	0,092	0,092	0,093	0,094	0,095	0,093	0,093	0,092	0,093	0,093	0,094	0,093	0,091	0,093	0,092	0,092	0,094	0,093	0,092	0,093	0,093	0,092	0,093	0,092	0,090	0,092	0,092	0,092	0,094	0,094	0,092	0,098	0,093	0,091	0,101	0,106	0,092	0,092	0,093	0,092	0,669	0,092	0,467	0,093	0,845	0,093	0,359	0,095	0,678	0,094	0,639	0,093	0,093	0,694	0,091	0,775	0,091	1,024	0,091	1,045	0,090	0,758	0,095	1,119	0,096	0,092	0,092	0,091	0,094	0,092	0,091	0,101	0,090	0,094	0,093	0,093	0,092	0,093	0,091	0,094	0,094	0,092	0,096	0,092	0,095	0,095	0,092	0,092
7:38:04	37,0	0,093	0,092	0,092	0,092	0,093	0,093	0,093	0,093	0,092	0,092	0,093	0,094	0,095	0,093	0,093	0,092	0,093	0,093	0,094	0,092	0,091	0,093	0,092	0,092	0,095	0,093	0,092	0,093	0,093	0,091	0,093	0,092	0,090	0,092	0,092	0,092	0,094	0,094	0,092	0,098	0,093	0,091	0,101	0,106	0,092	0,092	0,093	0,092	0,679	0,092	0,480	0,092	0,849	0,093	0,367	0,095	0,683	0,093	0,648	0,093	0,093	0,712	0,091	0,780	0,091	1,038	0,091	1,055	0,090	0,769	0,095	1,133	0,096	0,092	0,092	0,091	0,094	0,092	0,091	0,101	0,090	0,094	0,093	0,093	0,092	0,093	0,091	0,095	0,094	0,092	0,096	0,092	0,095	0,096	0,092	0,092
7:48:04	37,0	0,093	0,092	0,092	0,093	0,093	0,093	0,093	0,094	0,092	0,092	0,093	0,094	0,096	0,094	0,093	0,092	0,093	0,094	0,094	0,093	0,091	0,093	0,092	0,092	0,095	0,093	0,092	0,093	0,093	0,091	0,093	0,092	0,090	0,092	0,092	0,092	0,094	0,094	0,092	0,098	0,093	0,091	0,101	0,106	0,092	0,092	0,093	0,092	0,696	0,092	0,487	0,093	0,863	0,093	0,377	0,095	0,692	0,094	0,657	0,093	0,093	0,725	0,091	0,788	0,091	1,050	0,091	1,062	0,091	0,787	0,095	1,149	0,096	0,092	0,092	0,091	0,094	0,092	0,091	0,101	0,091	0,094	0,093	0,093	0,092	0,093	0,091	0,094	0,094	0,093	0,096	0,093	0,095	0,096	0,092	0,092
7:58:04	37,0	0,093	0,092	0,092	0,092	0,093	0,092	0,093	0,094	0,091	0,092	0,093	0,094	0,095	0,093	0,093	0,092	0,092	0,094	0,094	0,092	0,091	0,093	0,091	0,092	0,094	0,092	0,092	0,093	0,093	0,091	0,092	0,091	0,090	0,091	0,092	0,091	0,093	0,094	0,092	0,098	0,093	0,091	0,101	0,106	0,092	0,092	0,093	0,092	0,710	0,091	0,494	0,092	0,877	0,092	0,383	0,095	0,700	0,093	0,665	0,093	0,093	0,735	0,090	0,796	0,090	1,062	0,090	1,078	0,090	0,805	0,095	1,166	0,096	0,092	0,091	0,091	0,093	0,092	0,091	0,101	0,090	0,093	0,093	0,092	0,092	0,092	0,091	0,094	0,094	0,092	0,096	0,092	0,095	0,095	0,092	0,092
8:08:04	37,0	0,093	0,092	0,092	0,092	0,093	0,093	0,093	0,094	0,092	0,092	0,093	0,094	0,095	0,093	0,093	0,092	0,093	0,094	0,094	0,093	0,091	0,093	0,091	0,092	0,095	0,093	0,092	0,093	0,093	0,091	0,092	0,092	0,090	0,092	0,092	0,091	0,093	0,094	0,092	0,098	0,093	0,091	0,101	0,106	0,092	0,092	0,093	0,092	0,722	0,092	0,499	0,092	0,884	0,093	0,390	0,095	0,706	0,093	0,671	0,093	0,093	0,749	0,091	0,806	0,091	1,073	0,091	1,084	0,091	0,814	0,095	1,180	0,096	0,092	0,092	0,091	0,094	0,092	0,091	0,102	0,090	0,094	0,093	0,093	0,092	0,092	0,091	0,095	0,094	0,092	0,096	0,093	0,095	0,096	0,092	0,092
8:18:04	37,0	0,093	0,092	0,092	0,092	0,093	0,093	0,093	0,093	0,091	0,092	0,093	0,094	0,095	0,093	0,093	0,092	0,093	0,095	0,094	0,093	0,091	0,093	0,091	0,092	0,095	0,093	0,092	0,093	0,093	0,091	0,093	0,091	0,090	0,091	0,092	0,092	0,094	0,094	0,092	0,098	0,093	0,091	0,101	0,106	0,092	0,092	0,093	0,092	0,736	0,092	0,505	0,092	0,893	0,093	0,397	0,095	0,714	0,093	0,680	0,093	0,093	0,762	0,091	0,816	0,091	1,083	0,091	1,094	0,091	0,835	0,095	1,194	0,096	0,092	0,092	0,091	0,094	0,092	0,091	0,101	0,090	0,093	0,093	0,093	0,092	0,092	0,091	0,094	0,094	0,092	0,096	0,093	0,095	0,096	0,092	0,092
8:28:04	37,0	0,093	0,092	0,092	0,092	0,093	0,093	0,093	0,094	0,092	0,092	0,093	0,094	0,096	0,094	0,093	0,092	0,093	0,095	0,094	0,093	0,091	0,093	0,091	0,092	0,095	0,093	0,092	0,093	0,093	0,091	0,093	0,092	0,090	0,092	0,092	0,092	0,094	0,094	0,092	0,098	0,093	0,091	0,101	0,106	0,092	0,093	0,093	0,092	0,748	0,092	0,509	0,093	0,903	0,093	0,404	0,095	0,721	0,093	0,686	0,093	0,093	0,777	0,091	0,831	0,091	1,094	0,091	1,101	0,091	0,847	0,095	1,213	0,096	0,092	0,092	0,091	0,094	0,092	0,091	0,101	0,090	0,094	0,093	0,093	0,092	0,093	0,091	0,094	0,094	0,092	0,096	0,093	0,096	0,096	0,092	0,092
8:38:04	37,0	0,093	0,092	0,092	0,092	0,093	0,092	0,093	0,093	0,092	0,092	0,093	0,094	0,095	0,094	0,093	0,092	0,093	0,095	0,094	0,093	0,091	0,093	0,091	0,092	0,095	0,093	0,092	0,093	0,093	0,091	0,092	0,092	0,090	0,092	0,092	0,092	0,094	0,094	0,092	0,098	0,093	0,091	0,101	0,106	0,092	0,092	0,093	0,092	0,759	0,092	0,516	0,092	0,915	0,092	0,411	0,095	0,728	0,093	0,695	0,093	0,093	0,787	0,091	0,839	0,091	1,104	0,091	1,114	0,091	0,864	0,095	1,221	0,096	0,092	0,091	0,091	0,094	0,092	0,091	0,101	0,090	0,093	0,093	0,093	0,092	0,093	0,091	0,094	0,094	0,092	0,096	0,092	0,095	0,096	0,092	0,092
8:48:04	37,0	0,093	0,092	0,093	0,093	0,093	0,093	0,093	0,094	0,092	0,092	0,093	0,094	0,095	0,094	0,093	0,092	0,093	0,095	0,094	0,093	0,091	0,093	0,092	0,092	0,095	0,093	0,092	0,093	0,093	0,091	0,093	0,092	0,090	0,092	0,092	0,092	0,094	0,094	0,092	0,098	0,093	0,091	0,101	0,106	0,092	0,092	0,093	0,092	0,775	0,092	0,519	0,093	0,922	0,092	0,417	0,096	0,737	0,094	0,701	0,093	0,093	0,803	0,091	0,845	0,091	1,117	0,091	1,123	0,091	0,877	0,095	1,238	0,096	0,092	0,092	0,091	0,094	0,092	0,091	0,102	0,091	0,094	0,093	0,093	0,092	0,093	0,091	0,095	0,094	0,092	0,096	0,093	0,096	0,096	0,092	0,092
8:58:04	37,0	0,093	0,092	0,092	0,092	0,093	0,093	0,093	0,094	0,092	0,092	0,093	0,094	0,096	0,094	0,093	0,092	0,093	0,093	0,094	0,092	0,091	0,093	0,092	0,092	0,095	0,093	0,092	0,093	0,093	0,092	0,092	0,092	0,090	0,092	0,092	0,092	0,094	0,094	0,092	0,098	0,093	0,091	0,101	0,106	0,092	0,092	0,093	0,092	0,782	0,092	0,524	0,093	0,933	0,092	0,420	0,095	0,743	0,093	0,708	0,093	0,093	0,818	0,091	0,853	0,091	1,126	0,091	1,128	0,091	0,893	0,095	1,246	0,096	0,092	0,092	0,091	0,094	0,092	0,091	0,101	0,091	0,094	0,093	0,093	0,092	0,093	0,091	0,095	0,094	0,092	0,096	0,093	0,095	0,096	0,092	0,092
9:08:04	37,0	0,093	0,092	0,092	0,092	0,093	0,093	0,093	0,094	0,092	0,092	0,093	0,094	0,095	0,093	0,093	0,092	0,093	0,093	0,094	0,093	0,091	0,093	0,091	0,092	0,095	0,093	0,092	0,093	0,093	0,091	0,092	0,092	0,090	0,092	0,092	0,092	0,094	0,094	0,092	0,098	0,093	0,091	0,101	0,106	0,092	0,092	0,093	0,092	0,792	0,092	0,527	0,093	0,935	0,092	0,425	0,095	0,750	0,093	0,714	0,093	0,093	0,831	0,091	0,866	0,091	1,136	0,091	1,137	0,091	0,906	0,095	1,260	0,096	0,092	0,092	0,091	0,093	0,092	0,091	0,101	0,090	0,094	0,093	0,093	0,092	0,093	0,091	0,094	0,094	0,092	0,096	0,093	0,095	0,096	0,092	0,092
9:18:04	37,0	0,093	0,092	0,092	0,092	0,093	0,093	0,093	0,094	0,092	0,092	0,093	0,094	0,095	0,093	0,093	0,092	0,093	0,093	0,094	0,093	0,091	0,093	0,091	0,092	0,095	0,093	0,092	0,093	0,093	0,091	0,092	0,091	0,090	0,091	0,092	0,092	0,094	0,094	0,092	0,098	0,093	0,091	0,101	0,106	0,092	0,092	0,093	0,092	0,807	0,092	0,530	0,093	0,945	0,092	0,428	0,095	0,756	0,093	0,721	0,093	0,093	0,845	0,091	0,871	0,091	1,148	0,091	1,146	0,091	0,917	0,095	1,267	0,096	0,092	0,092	0,091	0,094	0,092	0,091	0,101	0,090	0,093	0,093	0,093	0,092	0,093	0,091	0,094	0,094	0,092	0,096	0,093	0,095	0,095	0,092	0,092
9:28:04	37,0	0,093	0,092	0,092	0,092	0,093	0,093	0,093	0,094	0,092	0,092	0,093	0,094	0,095	0,093	0,093	0,092	0,093	0,093	0,094	0,093	0,091	0,093	0,091	0,092	0,095	0,093	0,092	0,093	0,093	0,092	0,093	0,092	0,090	0,092	0,092	0,092	0,094	0,094	0,092	0,098	0,093	0,091	0,101	0,106	0,092	0,092	0,093	0,092	0,817	0,092	0,536	0,093	0,959	0,092	0,438	0,095	0,764	0,093	0,729	0,093	0,093	0,851	0,091	0,883	0,091	1,152	0,091	1,154	0,091	0,930	0,095	1,279	0,096	0,093	0,091	0,091	0,094	0,092	0,091	0,101	0,090	0,094	0,093	0,093	0,092	0,093	0,091	0,095	0,094	0,092	0,096	0,093	0,095	0,096	0,092	0,092
9:38:04	37,0	0,094	0,092	0,092	0,092	0,093	0,093	0,093	0,094	0,092	0,092	0,093	0,094	0,096	0,094	0,093	0,092	0,093	0,093	0,094	0,093	0,091	0,093	0,092	0,092	0,095	0,093	0,092	0,093	0,093	0,091	0,093	0,092	0,090	0,092	0,092	0,092	0,094	0,094	0,092	0,098	0,093	0,091	0,101	0,106	0,092	0,092	0,093	0,092	0,827	0,092	0,541	0,093	0,966	0,093	0,442	0,095	0,771	0,093	0,737	0,093	0,093	0,866	0,091	0,892	0,091	1,166	0,091	1,164	0,091	0,945	0,095	1,289	0,096	0,093	0,092	0,091	0,094	0,092	0,091	0,102	0,091	0,094	0,093	0,093	0,092	0,093	0,092	0,095	0,094	0,092	0,096	0,093	0,095	0,096	0,092	0,092
9:48:04	37,0	0,093	0,092	0,092	0,092	0,093	0,093	0,093	0,094	0,092	0,092	0,093	0,094	0,096	0,094	0,093	0,092	0,093	0,093	0,094	0,093	0,091	0,093	0,092	0,092	0,095	0,093	0,092	0,093	0,093	0,092	0,093	0,092	0,090	0,092	0,092	0,092	0,094	0,094	0,092	0,098	0,093	0,091	0,101	0,106	0,092	0,092	0,093	0,092	0,836	0,092	0,547	0,093	0,974	0,093	0,447	0,096	0,778	0,093	0,742	0,093	0,093	0,877	0,091	0,903	0,091	1,173	0,091	1,173	0,091	0,957	0,095	1,297	0,096	0,092	0,092	0,091	0,094	0,092	0,091	0,101	0,091	0,094	0,093	0,093	0,092	0,093	0,091	0,094	0,094	0,092	0,096	0,093	0,095	0,095	0,092	0,092
9:58:04	37,0	0,093	0,092	0,092	0,092	0,093	0,092	0,093	0,094	0,091	0,092	0,093	0,094	0,095	0,093	0,093	0,092	0,093	0,093	0,094	0,092	0,091	0,093	0,091	0,092	0,095	0,092	0,092	0,093	0,093	0,091	0,092	0,091	0,090	0,091	0,092	0,092	0,094	0,094	0,092	0,098	0,093	0,091	0,101	0,106	0,092	0,092	0,093	0,092	0,843	0,092	0,554	0,093	0,979	0,092	0,450	0,095	0,784	0,093	0,749	0,093	0,093	0,890	0,091	0,914	0,091	1,181	0,091	1,179	0,090	0,966	0,095	1,301	0,096	0,092	0,092	0,091	0,094	0,092	0,091	0,101	0,090	0,093	0,093	0,093	0,092	0,093	0,091	0,094	0,094	0,092	0,096	0,092	0,095	0,096	0,092	0,092
10:08:04	37,0	0,093	0,092	0,092	0,092	0,093	0,093	0,093	0,094	0,092	0,092	0,093	0,094	0,096	0,094	0,093	0,092	0,093	0,093	0,094	0,093	0,091	0,093	0,091	0,092	0,095	0,093	0,092	0,093	0,093	0,092	0,093	0,092	0,090	0,092	0,092	0,092	0,094	0,094	0,092	0,098	0,093	0,091	0,101	0,106	0,092	0,092	0,093	0,092	0,853	0,092	0,559	0,093	0,986	0,093	0,454	0,096	0,789	0,093	0,754	0,093	0,093	0,901	0,091	0,926	0,091	1,190	0,091	1,183	0,091	0,979	0,095	1,309	0,096	0,093	0,092	0,091	0,094	0,092	0,091	0,102	0,090	0,094	0,093	0,093	0,092	0,093	0,092	0,095	0,094	0,092	0,096	0,093	0,096	0,096	0,092	0,092
10:18:04	37,0	0,093	0,092	0,092	0,092	0,094	0,093	0,093	0,094	0,092	0,092	0,093	0,094	0,096	0,094	0,093	0,092	0,093	0,093	0,094	0,093	0,091	0,093	0,091	0,092	0,095	0,093	0,092	0,093	0,093	0,092	0,093	0,092	0,090	0,092	0,092	0,092	0,094	0,094	0,092	0,098	0,093	0,091	0,101	0,106	0,092	0,092	0,093	0,092	0,858	0,092	0,564	0,093	0,990	0,093	0,460	0,095	0,795	0,093	0,760	0,093	0,093	0,914	0,091	0,939	0,091	1,200	0,091	1,189	0,091	0,992	0,095	1,314	0,096	0,093	0,092	0,091	0,094	0,092	0,091	0,102	0,091	0,094	0,093	0,093	0,093	0,093	0,092	0,095	0,094	0,092	0,096	0,093	0,095	0,096	0,092	0,092
10:28:04	37,0	0,093	0,092	0,092	0,092	0,093	0,093	0,093	0,094	0,092	0,092	0,093	0,094	0,096	0,093	0,093	0,092	0,093	0,093	0,094	0,092	0,091	0,093	0,091	0,092	0,094	0,093	0,092	0,093	0,092	0,091	0,092	0,091	0,090	0,091	0,092	0,092	0,094	0,094	0,092	0,098	0,093	0,091	0,101	0,106	0,092	0,092	0,093	0,092	0,869	0,092	0,570	0,092	1,002	0,093	0,468	0,095	0,801	0,093	0,767	0,093	0,093	0,918	0,091	0,950	0,091	1,209	0,091	1,200	0,091	0,999	0,095	1,320	0,095	0,092	0,092	0,091	0,094	0,092	0,091	0,101	0,090	0,093	0,093	0,093	0,092	0,093	0,091	0,095	0,094	0,092	0,096	0,093	0,095	0,095	0,092	0,092
10:38:04	37,0	0,093	0,092	0,092	0,092	0,093	0,093	0,093	0,094	0,092	0,092	0,093	0,094	0,096	0,094	0,094	0,092	0,093	0,093	0,094	0,093	0,091	0,093	0,092	0,093	0,095	0,093	0,092	0,093	0,093	0,092	0,093	0,092	0,090	0,092	0,092	0,092	0,094	0,095	0,092	0,098	0,094	0,092	0,101	0,106	0,093	0,093	0,093	0,092	0,879	0,092	0,574	0,093	1,004	0,093	0,472	0,096	0,809	0,094	0,774	0,093	0,093	0,928	0,091	0,957	0,091	1,215	0,091	1,207	0,091	1,012	0,095	1,324	0,096	0,093	0,092	0,091	0,094	0,092	0,091	0,102	0,091	0,094	0,093	0,093	0,093	0,093	0,092	0,095	0,094	0,093	0,096	0,093	0,096	0,096	0,092	0,092
10:48:04	36,9	0,093	0,092	0,092	0,092	0,093	0,093	0,093	0,094	0,092	0,092	0,093	0,094	0,096	0,094	0,093	0,092	0,093	0,094	0,094	0,093	0,091	0,093	0,092	0,093	0,095	0,093	0,092	0,093	0,093	0,092	0,093	0,092	0,090	0,092	0,092	0,092	0,094	0,094	0,092	0,098	0,093	0,091	0,101	0,106	0,092	0,092	0,093	0,092	0,889	0,092	0,577	0,093	1,017	0,093	0,477	0,096	0,815	0,094	0,782	0,093	0,093	0,939	0,091	0,972	0,091	1,227	0,091	1,214	0,091	1,022	0,095	1,327	0,096	0,093	0,092	0,091	0,094	0,092	0,091	0,102	0,091	0,094	0,093	0,093	0,093	0,093	0,092	0,095	0,094	0,092	0,096	0,093	0,096	0,096	0,092	0,092
10:58:04	37,0	0,093	0,092	0,092	0,093	0,094	0,093	0,093	0,094	0,092	0,093	0,093	0,094	0,096	0,094	0,093	0,093	0,093	0,093	0,094	0,093	0,091	0,093	0,092	0,093	0,095	0,093	0,092	0,093	0,093	0,092	0,093	0,092	0,090	0,092	0,092	0,092	0,094	0,094	0,092	0,098	0,093	0,092	0,101	0,106	0,093	0,093	0,093	0,092	0,893	0,092	0,581	0,093	1,021	0,093	0,481	0,096	0,822	0,094	0,789	0,094	0,093	0,952	0,091	0,978	0,091	1,228	0,091	1,219	0,091	1,034	0,095	1,329	0,096	0,093	0,092	0,091	0,094	0,092	0,091	0,102	0,091	0,094	0,093	0,093	0,093	0,093	0,091	0,095	0,094	0,092	0,096	0,093	0,095	0,096	0,092	0,092
11:08:04	37,0	0,093	0,092	0,092	0,092	0,093	0,093	0,093	0,094	0,092	0,092	0,093	0,094	0,095	0,094	0,093	0,092	0,093	0,093	0,094	0,093	0,091	0,093	0,091	0,092	0,095	0,093	0,092	0,093	0,093	0,092	0,093	0,091	0,090	0,091	0,092	0,092	0,094	0,094	0,092	0,098	0,093	0,091	0,101	0,106	0,092	0,092	0,093	0,092	0,902	0,092	0,585	0,093	1,028	0,092	0,485	0,095	0,828	0,093	0,796	0,093	0,093	0,963	0,091	0,987	0,091	1,235	0,091	1,222	0,091	1,044	0,095	1,334	0,096	0,092	0,092	0,091	0,094	0,092	0,091	0,101	0,091	0,094	0,093	0,093	0,092	0,093	0,092	0,095	0,093	0,092	0,096	0,093	0,095	0,096	0,092	0,092
11:18:04	37,0	0,093	0,092	0,092	0,092	0,093	0,093	0,093	0,094	0,092	0,092	0,093	0,094	0,096	0,094	0,093	0,092	0,093	0,093	0,094	0,093	0,091	0,093	0,091	0,093	0,095	0,093	0,092	0,093	0,093	0,092	0,093	0,091	0,090	0,092	0,092	0,092	0,094	0,094	0,092	0,098	0,093	0,091	0,101	0,106	0,092	0,092	0,093	0,092	0,914	0,092	0,590	0,093	1,034	0,093	0,488	0,096	0,833	0,093	0,801	0,093	0,093	0,972	0,091	1,002	0,091	1,241	0,091	1,232	0,091	1,052	0,095	1,334	0,096	0,093	0,092	0,091	0,094	0,092	0,091	0,102	0,090	0,094	0,093	0,093	0,093	0,093	0,092	0,095	0,094	0,092	0,096	0,093	0,096	0,096	0,092	0,092
11:28:04	37,0	0,093	0,092	0,092	0,092	0,093	0,093	0,093	0,094	0,092	0,093	0,093	0,094	0,096	0,094	0,093	0,092	0,093	0,093	0,094	0,093	0,091	0,093	0,091	0,093	0,095	0,093	0,092	0,093	0,093	0,092	0,093	0,092	0,090	0,092	0,092	0,092	0,094	0,094	0,092	0,098	0,093	0,092	0,101	0,106	0,092	0,092	0,093	0,092	0,917	0,092	0,596	0,093	1,038	0,093	0,494	0,096	0,839	0,094	0,808	0,093	0,093	0,981	0,091	1,009	0,091	1,250	0,091	1,234	0,091	1,069	0,095	1,334	0,096	0,093	0,092	0,091	0,094	0,092	0,091	0,102	0,091	0,094	0,093	0,093	0,092	0,093	0,092	0,095	0,094	0,093	0,096	0,093	0,096	0,096	0,092	0,092
11:38:04	37,0	0,093	0,092	0,092	0,092	0,093	0,093	0,093	0,094	0,092	0,092	0,093	0,094	0,096	0,094	0,093	0,092	0,093	0,093	0,094	0,093	0,091	0,093	0,091	0,092	0,095	0,093	0,092	0,093	0,093	0,091	0,092	0,091	0,090	0,091	0,092	0,092	0,094	0,094	0,092	0,098	0,093	0,091	0,101	0,106	0,092	0,092	0,093	0,092	0,924	0,092	0,598	0,093	1,047	0,093	0,499	0,095	0,843	0,093	0,814	0,093	0,093	0,991	0,091	1,019	0,091	1,254	0,091	1,238	0,091	1,079	0,095	1,339	0,096	0,093	0,092	0,091	0,094	0,092	0,091	0,101	0,090	0,093	0,093	0,093	0,092	0,093	0,092	0,095	0,094	0,092	0,096	0,093	0,095	0,095	0,092	0,092
11:48:04	37,0	0,093	0,092	0,092	0,092	0,093	0,093	0,093	0,094	0,092	0,092	0,093	0,094	0,095	0,094	0,093	0,092	0,093	0,093	0,094	0,093	0,091	0,093	0,091	0,093	0,095	0,093	0,092	0,093	0,093	0,092	0,093	0,092	0,090	0,091	0,092	0,092	0,094	0,094	0,092	0,098	0,093	0,091	0,101	0,106	0,092	0,092	0,093	0,092	0,932	0,092	0,604	0,093	1,059	0,093	0,505	0,096	0,847	0,093	0,819	0,093	0,093	0,999	0,091	1,034	0,091	1,263	0,091	1,247	0,091	1,086	0,095	1,340	0,096	0,092	0,092	0,091	0,094	0,092	0,091	0,101	0,090	0,094	0,093	0,093	0,093	0,093	0,092	0,095	0,094	0,092	0,096	0,093	0,095	0,096	0,092	0,092
11:58:04	37,0	0,093	0,092	0,092	0,092	0,093	0,093	0,093	0,094	0,091	0,092	0,093	0,094	0,096	0,094	0,093	0,092	0,093	0,093	0,094	0,092	0,091	0,093	0,091	0,092	0,095	0,093	0,092	0,093	0,092	0,091	0,093	0,091	0,090	0,091	0,092	0,092	0,094	0,094	0,092	0,098	0,093	0,091	0,101	0,106	0,092	0,092	0,093	0,092	0,938	0,092	0,607	0,093	1,063	0,092	0,509	0,095	0,851	0,093	0,824	0,093	0,093	1,008	0,091	1,045	0,091	1,268	0,091	1,252	0,091	1,099	0,095	1,341	0,096	0,092	0,092	0,091	0,094	0,092	0,091	0,101	0,090	0,094	0,093	0,093	0,092	0,093	0,091	0,095	0,093	0,092	0,096	0,093	0,095	0,095	0,092	0,092
12:08:04	37,0	0,093	0,092	0,092	0,092	0,093	0,093	0,093	0,094	0,092	0,093	0,093	0,094	0,096	0,094	0,094	0,092	0,093	0,093	0,094	0,093	0,091	0,093	0,091	0,093	0,095	0,093	0,092	0,093	0,093	0,092	0,093	0,092	0,090	0,092	0,092	0,092	0,094	0,094	0,092	0,098	0,093	0,091	0,101	0,106	0,092	0,092	0,093	0,092	0,945	0,092	0,612	0,093	1,065	0,093	0,513	0,096	0,855	0,094	0,829	0,094	0,093	1,020	0,091	1,053	0,091	1,272	0,091	1,256	0,091	1,107	0,095	1,341	0,096	0,093	0,092	0,092	0,094	0,092	0,091	0,101	0,090	0,094	0,093	0,093	0,093	0,093	0,092	0,095	0,094	0,092	0,096	0,093	0,096	0,096	0,092	0,092
12:18:04	37,0	0,093	0,092	0,092	0,092	0,093	0,093	0,093	0,094	0,092	0,092	0,093	0,094	0,095	0,094	0,093	0,092	0,093	0,093	0,094	0,093	0,091	0,093	0,091	0,092	0,095	0,093	0,092	0,093	0,093	0,092	0,093	0,091	0,090	0,092	0,091	0,092	0,094	0,094	0,092	0,098	0,093	0,091	0,101	0,106	0,092	0,092	0,093	0,092	0,950	0,092	0,617	0,093	1,072	0,093	0,516	0,096	0,859	0,093	0,833	0,093	0,093	1,031	0,091	1,066	0,091	1,278	0,091	1,260	0,091	1,114	0,095	1,340	0,096	0,092	0,092	0,091	0,094	0,092	0,091	0,101	0,091	0,094	0,093	0,093	0,092	0,093	0,092	0,095	0,094	0,092	0,096	0,093	0,095	0,096	0,092	0,092
12:28:04	37,0	0,093	0,092	0,092	0,092	0,093	0,093	0,093	0,094	0,092	0,092	0,093	0,094	0,096	0,094	0,093	0,092	0,093	0,093	0,094	0,093	0,091	0,093	0,091	0,092	0,095	0,093	0,092	0,093	0,093	0,091	0,092	0,092	0,090	0,091	0,092	0,092	0,094	0,094	0,092	0,098	0,093	0,091	0,101	0,106	0,092	0,092	0,093	0,092	0,951	0,092	0,623	0,093	1,077	0,093	0,518	0,096	0,860	0,093	0,840	0,093	0,093	1,041	0,091	1,075	0,091	1,281	0,091	1,262	0,091	1,123	0,095	1,343	0,096	0,093	0,092	0,091	0,094	0,092	0,091	0,102	0,090	0,093	0,093	0,093	0,092	0,093	0,092	0,095	0,094	0,092	0,096	0,093	0,095	0,096	0,092	0,092
12:38:04	37,0	0,093	0,092	0,092	0,092	0,093	0,093	0,093	0,094	0,092	0,092	0,093	0,094	0,096	0,094	0,093	0,092	0,093	0,093	0,094	0,093	0,091	0,093	0,091	0,092	0,095	0,093	0,092	0,093	0,093	0,091	0,093	0,091	0,090	0,091	0,091	0,092	0,094	0,094	0,092	0,098	0,093	0,091	0,101	0,106	0,092	0,092	0,093	0,092	0,955	0,092	0,627	0,093	1,083	0,093	0,521	0,096	0,865	0,094	0,843	0,093	0,093	1,052	0,091	1,083	0,091	1,286	0,091	1,266	0,091	1,133	0,095	1,347	0,096	0,092	0,092	0,091	0,094	0,092	0,091	0,101	0,090	0,094	0,093	0,093	0,092	0,093	0,092	0,095	0,094	0,092	0,096	0,093	0,095	0,096	0,092	0,092
12:48:04	37,0	0,093	0,092	0,092	0,092	0,093	0,093	0,093	0,094	0,092	0,092	0,093	0,094	0,096	0,094	0,093	0,092	0,093	0,093	0,094	0,093	0,091	0,093	0,091	0,092	0,095	0,093	0,092	0,093	0,093	0,091	0,092	0,091	0,090	0,091	0,092	0,092	0,094	0,094	0,092	0,098	0,093	0,091	0,101	0,106	0,092	0,092	0,093	0,092	0,961	0,092	0,630	0,093	1,081	0,093	0,527	0,095	0,870	0,093	0,849	0,093	0,093	1,060	0,091	1,099	0,091	1,290	0,091	1,270	0,091	1,143	0,095	1,349	0,096	0,092	0,092	0,091	0,094	0,092	0,091	0,101	0,090	0,094	0,093	0,093	0,092	0,093	0,092	0,095	0,094	0,092	0,096	0,093	0,095	0,096	0,092	0,092
12:58:04	37,0	0,093	0,092	0,092	0,093	0,093	0,093	0,093	0,094	0,092	0,092	0,093	0,094	0,096	0,094	0,093	0,092	0,093	0,093	0,094	0,093	0,091	0,093	0,091	0,093	0,095	0,093	0,092	0,093	0,093	0,092	0,093	0,092	0,090	0,092	0,092	0,092	0,094	0,094	0,092	0,098	0,093	0,091	0,101	0,106	0,092	0,092	0,093	0,092	0,962	0,092	0,638	0,093	1,086	0,093	0,529	0,096	0,874	0,094	0,854	0,093	0,093	1,066	0,091	1,113	0,091	1,293	0,091	1,275	0,091	1,149	0,095	1,347	0,096	0,093	0,092	0,091	0,094	0,092	0,091	0,102	0,091	0,094	0,093	0,093	0,093	0,093	0,092	0,095	0,094	0,092	0,096	0,093	0,096	0,096	0,092	0,092
13:08:04	37,0	0,093	0,092	0,092	0,092	0,093	0,093	0,093	0,094	0,092	0,092	0,093	0,094	0,096	0,094	0,093	0,092	0,093	0,093	0,094	0,093	0,091	0,093	0,091	0,093	0,095	0,093	0,092	0,093	0,093	0,092	0,093	0,092	0,090	0,092	0,092	0,092	0,094	0,094	0,092	0,098	0,093	0,091	0,101	0,106	0,092	0,092	0,093	0,092	0,968	0,092	0,643	0,093	1,094	0,093	0,534	0,096	0,879	0,093	0,860	0,094	0,093	1,076	0,091	1,129	0,091	1,295	0,091	1,279	0,091	1,154	0,095	1,348	0,096	0,093	0,092	0,091	0,094	0,092	0,091	0,102	0,090	0,094	0,093	0,093	0,093	0,093	0,092	0,095	0,094	0,093	0,096	0,093	0,096	0,096	0,092	0,092
13:18:04	37,0	0,093	0,092	0,092	0,093	0,093	0,093	0,093	0,094	0,092	0,093	0,093	0,094	0,096	0,094	0,094	0,092	0,093	0,093	0,094	0,093	0,091	0,093	0,092	0,093	0,095	0,093	0,092	0,093	0,093	0,092	0,093	0,092	0,090	0,092	0,092	0,092	0,094	0,094	0,092	0,098	0,093	0,092	0,101	0,106	0,092	0,093	0,093	0,092	0,973	0,092	0,646	0,093	1,097	0,093	0,539	0,096	0,882	0,094	0,866	0,094	0,093	1,086	0,091	1,146	0,091	1,300	0,091	1,283	0,091	1,163	0,095	1,351	0,096	0,093	0,092	0,092	0,094	0,093	0,091	0,102	0,091	0,094	0,093	0,093	0,092	0,093	0,092	0,095	0,094	0,093	0,096	0,093	0,096	0,096	0,092	0,092
13:28:04	37,0	0,093	0,092	0,092	0,092	0,094	0,093	0,093	0,094	0,092	0,093	0,093	0,094	0,096	0,094	0,093	0,092	0,093	0,093	0,094	0,093	0,091	0,093	0,092	0,093	0,095	0,093	0,092	0,093	0,093	0,092	0,093	0,092	0,090	0,092	0,092	0,092	0,094	0,094	0,092	0,098	0,093	0,092	0,101	0,106	0,093	0,092	0,093	0,092	0,974	0,092	0,651	0,093	1,106	0,093	0,542	0,096	0,887	0,094	0,872	0,093	0,094	1,094	0,091	1,160	0,091	1,303	0,091	1,287	0,091	1,171	0,095	1,352	0,096	0,093	0,092	0,091	0,094	0,092	0,091	0,102	0,091	0,094	0,093	0,093	0,093	0,093	0,092	0,095	0,094	0,093	0,096	0,093	0,096	0,096	0,092	0,093
13:38:04	37,0	0,093	0,092	0,092	0,093	0,093	0,093	0,093	0,094	0,092	0,093	0,093	0,094	0,096	0,094	0,093	0,092	0,093	0,093	0,094	0,093	0,091	0,093	0,091	0,093	0,095	0,093	0,092	0,093	0,093	0,092	0,093	0,092	0,090	0,092	0,092	0,092	0,094	0,094	0,092	0,098	0,093	0,092	0,101	0,106	0,093	0,092	0,093	0,092	0,983	0,092	0,654	0,093	1,105	0,093	0,549	0,096	0,892	0,093	0,874	0,094	0,093	1,100	0,091	1,169	0,091	1,309	0,091	1,293	0,091	1,179	0,096	1,356	0,096	0,093	0,092	0,091	0,094	0,093	0,091	0,102	0,091	0,094	0,093	0,093	0,093	0,093	0,092	0,095	0,094	0,093	0,096	0,093	0,096	0,096	0,092	0,093
13:48:04	37,0	0,093	0,092	0,093	0,093	0,094	0,093	0,093	0,094	0,092	0,093	0,093	0,094	0,096	0,094	0,094	0,093	0,093	0,094	0,094	0,093	0,091	0,093	0,092	0,093	0,095	0,093	0,092	0,093	0,093	0,092	0,093	0,092	0,090	0,092	0,092	0,092	0,094	0,095	0,092	0,098	0,094	0,092	0,101	0,106	0,093	0,092	0,093	0,092	0,988	0,092	0,660	0,093	1,111	0,093	0,555	0,096	0,896	0,094	0,881	0,094	0,094	1,108	0,091	1,190	0,091	1,311	0,091	1,297	0,091	1,183	0,096	1,358	0,096	0,093	0,092	0,092	0,094	0,093	0,091	0,102	0,091	0,094	0,093	0,093	0,093	0,093	0,092	0,095	0,094	0,093	0,096	0,093	0,096	0,096	0,092	0,092
13:58:04	37,0	0,093	0,092	0,092	0,092	0,094	0,093	0,093	0,094	0,092	0,093	0,093	0,094	0,096	0,094	0,094	0,093	0,093	0,093	0,094	0,093	0,091	0,093	0,091	0,093	0,095	0,093	0,092	0,093	0,093	0,092	0,093	0,092	0,090	0,092	0,092	0,092	0,094	0,095	0,092	0,098	0,093	0,091	0,101	0,106	0,093	0,093	0,093	0,092	0,993	0,092	0,666	0,093	1,123	0,093	0,559	0,096	0,900	0,094	0,887	0,094	0,094	1,117	0,091	1,203	0,091	1,315	0,091	1,303	0,091	1,189	0,096	1,363	0,096	0,093	0,092	0,092	0,094	0,093	0,091	0,102	0,091	0,094	0,093	0,093	0,092	0,093	0,092	0,095	0,094	0,092	0,096	0,093	0,096	0,096	0,092	0,093
14:08:04	37,0	0,093	0,092	0,092	0,093	0,094	0,093	0,093	0,094	0,092	0,093	0,093	0,094	0,096	0,094	0,093	0,093	0,093	0,093	0,094	0,093	0,091	0,093	0,092	0,093	0,095	0,093	0,092	0,093	0,093	0,092	0,093	0,092	0,090	0,092	0,092	0,092	0,094	0,094	0,092	0,098	0,094	0,092	0,101	0,106	0,093	0,092	0,093	0,092	0,992	0,092	0,670	0,093	1,124	0,093	0,563	0,096	0,903	0,094	0,894	0,094	0,094	1,125	0,091	1,207	0,091	1,318	0,091	1,304	0,091	1,197	0,096	1,367	0,096	0,093	0,092	0,092	0,094	0,093	0,092	0,102	0,091	0,094	0,093	0,093	0,093	0,093	0,092	0,095	0,094	0,093	0,096	0,093	0,096	0,096	0,092	0,092
14:18:04	37,0	0,093	0,092	0,092	0,092	0,094	0,093	0,093	0,094	0,092	0,093	0,093	0,094	0,096	0,094	0,093	0,092	0,093	0,093	0,094	0,093	0,091	0,093	0,091	0,092	0,095	0,093	0,092	0,093	0,093	0,092	0,093	0,092	0,090	0,092	0,092	0,092	0,094	0,094	0,092	0,098	0,093	0,092	0,101	0,106	0,093	0,093	0,093	0,092	0,999	0,092	0,674	0,093	1,126	0,093	0,566	0,096	0,906	0,094	0,899	0,094	0,094	1,135	0,091	1,217	0,091	1,319	0,091	1,308	0,091	1,203	0,095	1,370	0,096	0,093	0,092	0,092	0,094	0,093	0,091	0,102	0,091	0,094	0,093	0,093	0,093	0,093	0,092	0,095	0,094	0,093	0,096	0,093	0,096	0,096	0,092	0,092
14:28:04	37,0	0,093	0,092	0,092	0,092	0,094	0,093	0,093	0,094	0,092	0,093	0,093	0,094	0,096	0,094	0,094	0,092	0,093	0,093	0,094	0,093	0,091	0,093	0,091	0,093	0,095	0,093	0,092	0,093	0,093	0,092	0,093	0,092	0,090	0,092	0,092	0,092	0,094	0,095	0,092	0,098	0,093	0,091	0,101	0,106	0,093	0,092	0,093	0,092	1,003	0,092	0,679	0,093	1,133	0,093	0,568	0,096	0,910	0,094	0,902	0,094	0,094	1,140	0,091	1,227	0,091	1,322	0,091	1,312	0,091	1,208	0,096	1,373	0,096	0,093	0,092	0,092	0,094	0,093	0,091	0,102	0,091	0,094	0,093	0,093	0,093	0,093	0,092	0,095	0,094	0,092	0,096	0,093	0,096	0,096	0,092	0,092
14:38:04	37,0	0,093	0,092	0,092	0,092	0,093	0,093	0,093	0,094	0,092	0,093	0,093	0,094	0,096	0,094	0,093	0,093	0,093	0,093	0,094	0,092	0,091	0,093	0,091	0,092	0,095	0,093	0,092	0,093	0,093	0,092	0,093	0,092	0,090	0,092	0,092	0,092	0,094	0,094	0,092	0,098	0,093	0,091	0,101	0,106	0,093	0,092	0,093	0,092	1,006	0,092	0,683	0,093	1,135	0,093	0,571	0,096	0,913	0,094	0,908	0,093	0,093	1,149	0,091	1,234	0,091	1,324	0,091	1,313	0,091	1,214	0,096	1,373	0,096	0,093	0,092	0,092	0,094	0,093	0,091	0,102	0,091	0,094	0,093	0,093	0,092	0,093	0,092	0,095	0,094	0,093	0,096	0,093	0,096	0,096	0,092	0,092
14:48:04	37,0	0,093	0,092	0,092	0,093	0,093	0,093	0,093	0,094	0,092	0,093	0,093	0,094	0,096	0,094	0,094	0,092	0,093	0,093	0,094	0,093	0,091	0,093	0,091	0,093	0,095	0,093	0,092	0,093	0,093	0,092	0,093	0,092	0,090	0,092	0,092	0,092	0,094	0,095	0,092	0,098	0,093	0,092	0,102	0,106	0,093	0,093	0,093	0,092	1,011	0,092	0,688	0,093	1,140	0,093	0,578	0,096	0,918	0,094	0,912	0,094	0,094	1,153	0,091	1,242	0,091	1,327	0,091	1,319	0,091	1,218	0,095	1,374	0,096	0,093	0,092	0,092	0,094	0,093	0,091	0,102	0,091	0,094	0,093	0,093	0,093	0,093	0,092	0,095	0,094	0,092	0,096	0,093	0,096	0,096	0,092	0,092
14:58:04	37,0	0,093	0,092	0,092	0,093	0,094	0,093	0,093	0,094	0,092	0,092	0,093	0,094	0,096	0,094	0,093	0,093	0,093	0,094	0,094	0,093	0,091	0,093	0,091	0,093	0,095	0,093	0,092	0,093	0,093	0,092	0,093	0,092	0,090	0,092	0,092	0,092	0,094	0,095	0,092	0,098	0,094	0,091	0,101	0,106	0,093	0,093	0,093	0,092	1,013	0,092	0,692	0,093	1,147	0,093	0,584	0,096	0,921	0,094	0,916	0,094	0,094	1,161	0,091	1,246	0,091	1,329	0,091	1,321	0,091	1,224	0,095	1,377	0,096	0,093	0,092	0,092	0,094	0,093	0,092	0,102	0,091	0,094	0,093	0,093	0,092	0,093	0,092	0,095	0,094	0,093	0,096	0,093	0,096	0,096	0,092	0,093
15:08:04	37,0	0,093	0,092	0,092	0,092	0,094	0,093	0,093	0,094	0,092	0,093	0,094	0,094	0,096	0,094	0,094	0,093	0,093	0,093	0,094	0,093	0,091	0,093	0,092	0,093	0,095	0,093	0,092	0,093	0,093	0,092	0,093	0,092	0,090	0,092	0,092	0,092	0,095	0,095	0,092	0,098	0,093	0,092	0,102	0,106	0,093	0,093	0,094	0,093	1,016	0,092	0,695	0,093	1,152	0,093	0,589	0,096	0,925	0,094	0,920	0,094	0,094	1,165	0,092	1,251	0,092	1,330	0,091	1,324	0,091	1,228	0,096	1,373	0,096	0,093	0,092	0,092	0,094	0,093	0,092	0,102	0,091	0,094	0,093	0,093	0,093	0,093	0,092	0,096	0,094	0,093	0,097	0,093	0,096	0,096	0,092	0,093
15:18:04	37,0	0,093	0,092	0,092	0,093	0,094	0,093	0,093	0,094	0,092	0,093	0,093	0,094	0,096	0,094	0,094	0,092	0,093	0,094	0,094	0,093	0,091	0,093	0,091	0,093	0,095	0,093	0,092	0,093	0,093	0,092	0,093	0,092	0,090	0,092	0,092	0,092	0,094	0,095	0,092	0,098	0,094	0,092	0,101	0,106	0,093	0,093	0,094	0,092	1,020	0,092	0,700	0,093	1,156	0,093	0,593	0,096	0,929	0,094	0,924	0,094	0,094	1,171	0,092	1,252	0,092	1,333	0,091	1,328	0,091	1,234	0,096	1,379	0,096	0,093	0,092	0,092	0,095	0,093	0,092	0,102	0,091	0,094	0,093	0,093	0,092	0,093	0,092	0,095	0,094	0,093	0,096	0,093	0,096	0,096	0,092	0,092
15:28:04	37,0	0,093	0,092	0,092	0,093	0,093	0,093	0,093	0,094	0,092	0,093	0,093	0,094	0,096	0,094	0,094	0,092	0,093	0,094	0,094	0,093	0,091	0,093	0,091	0,093	0,095	0,093	0,092	0,093	0,093	0,092	0,093	0,092	0,090	0,092	0,092	0,092	0,094	0,095	0,092	0,098	0,094	0,092	0,101	0,106	0,093	0,093	0,093	0,092	1,023	0,092	0,705	0,093	1,161	0,093	0,595	0,096	0,932	0,094	0,929	0,094	0,093	1,175	0,092	1,258	0,091	1,335	0,091	1,332	0,091	1,236	0,096	1,382	0,096	0,093	0,092	0,092	0,094	0,093	0,091	0,102	0,091	0,094	0,093	0,093	0,092	0,093	0,092	0,095	0,094	0,093	0,096	0,093	0,096	0,096	0,092	0,092
15:38:04	37,0	0,093	0,092	0,092	0,093	0,093	0,093	0,093	0,094	0,092	0,092	0,093	0,094	0,096	0,094	0,093	0,092	0,093	0,093	0,094	0,093	0,091	0,093	0,092	0,093	0,095	0,093	0,092	0,093	0,093	0,092	0,093	0,092	0,090	0,092	0,092	0,092	0,094	0,095	0,092	0,098	0,093	0,091	0,101	0,106	0,093	0,093	0,093	0,092	1,026	0,092	0,709	0,093	1,164	0,093	0,597	0,096	0,934	0,094	0,933	0,094	0,094	1,180	0,091	1,262	0,091	1,337	0,091	1,335	0,091	1,244	0,095	1,384	0,096	0,093	0,092	0,091	0,094	0,093	0,091	0,102	0,091	0,094	0,093	0,093	0,092	0,093	0,092	0,095	0,094	0,092	0,096	0,093	0,096	0,096	0,092	0,092
15:48:04	37,0	0,093	0,092	0,092	0,092	0,093	0,093	0,093	0,094	0,092	0,093	0,093	0,094	0,096	0,094	0,093	0,092	0,093	0,093	0,094	0,093	0,091	0,093	0,091	0,092	0,095	0,093	0,092	0,093	0,093	0,092	0,093	0,092	0,090	0,092	0,092	0,092	0,094	0,094	0,092	0,098	0,093	0,091	0,101	0,106	0,093	0,093	0,093	0,092	1,027	0,092	0,712	0,093	1,167	0,093	0,599	0,096	0,937	0,094	0,937	0,094	0,094	1,186	0,091	1,266	0,091	1,337	0,091	1,338	0,091	1,245	0,096	1,388	0,096	0,093	0,092	0,092	0,094	0,093	0,092	0,102	0,091	0,094	0,093	0,093	0,092	0,093	0,092	0,095	0,094	0,093	0,096	0,093	0,096	0,096	0,092	0,092
15:58:04	37,0	0,093	0,092	0,092	0,092	0,093	0,093	0,093	0,094	0,092	0,092	0,093	0,094	0,096	0,094	0,093	0,092	0,093	0,093	0,094	0,093	0,091	0,093	0,091	0,093	0,095	0,093	0,092	0,093	0,093	0,092	0,093	0,091	0,090	0,092	0,092	0,092	0,094	0,094	0,092	0,098	0,093	0,092	0,101	0,106	0,092	0,092	0,093	0,092	1,028	0,092	0,716	0,093	1,170	0,093	0,601	0,096	0,939	0,094	0,941	0,094	0,093	1,193	0,091	1,270	0,091	1,339	0,091	1,340	0,091	1,251	0,095	1,382	0,096	0,093	0,092	0,092	0,094	0,093	0,091	0,102	0,091	0,094	0,093	0,093	0,092	0,093	0,092	0,095	0,094	0,092	0,096	0,093	0,096	0,096	0,092	0,092
16:08:04	37,0	0,093	0,092	0,092	0,093	0,094	0,093	0,093	0,094	0,092	0,093	0,093	0,094	0,096	0,094	0,094	0,092	0,093	0,093	0,094	0,093	0,091	0,093	0,091	0,093	0,095	0,093	0,092	0,093	0,093	0,092	0,093	0,092	0,090	0,092	0,092	0,092	0,094	0,095	0,092	0,099	0,094	0,092	0,101	0,106	0,093	0,092	0,094	0,093	1,026	0,092	0,720	0,093	1,169	0,093	0,602	0,096	0,940	0,094	0,945	0,094	0,094	1,200	0,092	1,274	0,091	1,340	0,091	1,341	0,091	1,255	0,095	1,382	0,096	0,093	0,092	0,092	0,095	0,093	0,091	0,102	0,091	0,094	0,093	0,093	0,092	0,093	0,092	0,095	0,094	0,093	0,096	0,093	0,096	0,096	0,092	0,093
16:18:04	37,0	0,093	0,092	0,092	0,092	0,093	0,093	0,093	0,094	0,092	0,092	0,093	0,094	0,096	0,094	0,093	0,093	0,093	0,093	0,094	0,093	0,091	0,093	0,091	0,093	0,095	0,093	0,092	0,093	0,093	0,092	0,093	0,092	0,090	0,092	0,092	0,092	0,094	0,094	0,092	0,098	0,093	0,091	0,101	0,106	0,093	0,093	0,093	0,092	1,032	0,092	0,722	0,093	1,171	0,093	0,608	0,096	0,942	0,094	0,948	0,094	0,094	1,202	0,091	1,270	0,091	1,340	0,091	1,345	0,091	1,258	0,095	1,391	0,096	0,093	0,092	0,092	0,094	0,093	0,091	0,102	0,091	0,094	0,093	0,093	0,092	0,093	0,092	0,095	0,094	0,093	0,096	0,093	0,096	0,096	0,092	0,092
16:28:04	37,0	0,093	0,092	0,092	0,093	0,093	0,093	0,093	0,094	0,092	0,093	0,093	0,094	0,096	0,094	0,094	0,093	0,093	0,093	0,094	0,093	0,091	0,093	0,092	0,093	0,095	0,093	0,092	0,093	0,093	0,092	0,093	0,092	0,090	0,092	0,092	0,093	0,094	0,095	0,092	0,098	0,093	0,092	0,102	0,106	0,093	0,093	0,094	0,092	1,034	0,092	0,726	0,093	1,173	0,093	0,612	0,096	0,943	0,094	0,953	0,094	0,094	1,209	0,091	1,269	0,091	1,341	0,091	1,347	0,091	1,263	0,096	1,392	0,096	0,093	0,092	0,092	0,095	0,093	0,092	0,102	0,091	0,094	0,093	0,093	0,093	0,093	0,092	0,095	0,094	0,092	0,096	0,093	0,096	0,096	0,092	0,092
16:38:04	37,0	0,093	0,092	0,092	0,092	0,093	0,093	0,093	0,094	0,091	0,092	0,093	0,094	0,096	0,094	0,094	0,092	0,093	0,093	0,094	0,093	0,091	0,093	0,091	0,093	0,095	0,093	0,092	0,093	0,093	0,092	0,093	0,092	0,090	0,092	0,092	0,092	0,094	0,094	0,092	0,098	0,094	0,092	0,102	0,106	0,093	0,092	0,093	0,092	1,034	0,092	0,729	0,093	1,177	0,093	0,613	0,096	0,947	0,094	0,956	0,094	0,094	1,213	0,091	1,271	0,091	1,343	0,091	1,349	0,091	1,266	0,095	1,386	0,096	0,093	0,092	0,092	0,095	0,093	0,091	0,102	0,091	0,094	0,093	0,093	0,092	0,093	0,092	0,095	0,094	0,092	0,096	0,093	0,096	0,096	0,092	0,093
16:48:04	37,0	0,093	0,092	0,092	0,093	0,094	0,093	0,093	0,094	0,092	0,093	0,093	0,095	0,096	0,094	0,094	0,093	0,093	0,093	0,094	0,093	0,091	0,093	0,092	0,093	0,095	0,093	0,092	0,093	0,093	0,092	0,093	0,092	0,090	0,092	0,092	0,092	0,094	0,095	0,092	0,098	0,094	0,092	0,102	0,106	0,093	0,093	0,093	0,093	1,038	0,092	0,733	0,093	1,179	0,093	0,615	0,096	0,947	0,094	0,956	0,094	0,094	1,215	0,091	1,272	0,091	1,345	0,092	1,353	0,091	1,271	0,096	1,392	0,096	0,093	0,092	0,092	0,095	0,093	0,092	0,102	0,091	0,094	0,093	0,093	0,093	0,093	0,092	0,096	0,094	0,093	0,096	0,093	0,096	0,096	0,092	0,093
16:58:04	37,0	0,093	0,092	0,092	0,093	0,093	0,093	0,093	0,094	0,092	0,093	0,093	0,094	0,096	0,094	0,094	0,093	0,093	0,093	0,094	0,093	0,091	0,093	0,092	0,093	0,095	0,093	0,092	0,093	0,093	0,092	0,093	0,092	0,090	0,092	0,092	0,092	0,094	0,094	0,092	0,099	0,094	0,092	0,101	0,106	0,093	0,093	0,094	0,093	1,039	0,093	0,736	0,093	1,184	0,093	0,620	0,096	0,949	0,094	0,958	0,094	0,094	1,221	0,092	1,276	0,091	1,347	0,091	1,354	0,091	1,274	0,096	1,388	0,096	0,093	0,092	0,092	0,095	0,093	0,092	0,102	0,091	0,094	0,093	0,093	0,093	0,093	0,092	0,095	0,094	0,093	0,096	0,093	0,096	0,096	0,092	0,092
17:08:04	37,0	0,093	0,092	0,092	0,093	0,093	0,093	0,093	0,094	0,092	0,093	0,093	0,095	0,096	0,094	0,094	0,093	0,093	0,094	0,094	0,093	0,091	0,093	0,091	0,093	0,095	0,093	0,092	0,093	0,093	0,092	0,093	0,092	0,090	0,092	0,092	0,093	0,094	0,095	0,092	0,098	0,094	0,092	0,101	0,106	0,093	0,093	0,094	0,093	1,042	0,092	0,738	0,093	1,186	0,093	0,625	0,097	0,950	0,094	0,964	0,094	0,094	1,225	0,092	1,278	0,092	1,348	0,091	1,357	0,091	1,276	0,096	1,387	0,096	0,093	0,092	0,092	0,095	0,093	0,092	0,102	0,091	0,094	0,093	0,093	0,093	0,093	0,092	0,095	0,094	0,093	0,097	0,093	0,096	0,096	0,092	0,092
17:18:04	37,0	0,093	0,092	0,092	0,092	0,093	0,093	0,093	0,094	0,092	0,093	0,093	0,094	0,096	0,094	0,094	0,093	0,093	0,093	0,094	0,093	0,091	0,093	0,091	0,093	0,095	0,093	0,092	0,093	0,093	0,092	0,093	0,092	0,090	0,092	0,092	0,092	0,094	0,094	0,092	0,098	0,093	0,092	0,101	0,106	0,093	0,093	0,093	0,093	1,049	0,093	0,744	0,093	1,192	0,093	0,624	0,097	0,955	0,094	0,964	0,094	0,094	1,230	0,091	1,277	0,091	1,351	0,091	1,360	0,091	1,279	0,095	1,395	0,096	0,093	0,092	0,092	0,095	0,093	0,092	0,102	0,091	0,094	0,092	0,093	0,092	0,093	0,092	0,095	0,094	0,093	0,096	0,093	0,096	0,096	0,092	0,092
17:28:04	37,0	0,093	0,092	0,092	0,092	0,094	0,093	0,093	0,094	0,092	0,093	0,093	0,094	0,096	0,094	0,094	0,093	0,093	0,094	0,094	0,093	0,091	0,093	0,091	0,093	0,095	0,093	0,092	0,093	0,093	0,092	0,093	0,092	0,090	0,092	0,092	0,092	0,094	0,095	0,092	0,098	0,094	0,092	0,102	0,106	0,093	0,093	0,093	0,093	1,047	0,092	0,745	0,093	1,192	0,093	0,624	0,097	0,958	0,094	0,968	0,094	0,094	1,230	0,092	1,283	0,091	1,353	0,091	1,362	0,091	1,280	0,096	1,391	0,096	0,093	0,092	0,092	0,095	0,093	0,092	0,102	0,091	0,094	0,093	0,093	0,093	0,093	0,092	0,096	0,094	0,093	0,097	0,093	0,096	0,096	0,092	0,093
17:38:04	37,0	0,093	0,092	0,092	0,092	0,093	0,093	0,093	0,094	0,092	0,093	0,093	0,094	0,096	0,094	0,093	0,093	0,093	0,093	0,094	0,093	0,091	0,093	0,091	0,093	0,095	0,093	0,092	0,093	0,093	0,092	0,093	0,092	0,090	0,092	0,092	0,092	0,094	0,095	0,092	0,098	0,093	0,092	0,101	0,106	0,092	0,093	0,093	0,093	1,049	0,092	0,748	0,093	1,196	0,093	0,626	0,097	0,960	0,094	0,970	0,094	0,094	1,235	0,091	1,282	0,092	1,353	0,091	1,363	0,091	1,284	0,096	1,394	0,096	0,093	0,092	0,092	0,095	0,093	0,092	0,102	0,091	0,094	0,093	0,093	0,092	0,093	0,092	0,095	0,094	0,092	0,096	0,093	0,096	0,096	0,092	0,092
17:48:04	37,0	0,093	0,092	0,092	0,093	0,093	0,093	0,093	0,094	0,092	0,093	0,093	0,094	0,096	0,094	0,094	0,093	0,093	0,094	0,094	0,093	0,091	0,093	0,092	0,093	0,095	0,093	0,092	0,093	0,093	0,092	0,093	0,092	0,090	0,092	0,092	0,092	0,094	0,095	0,092	0,098	0,093	0,092	0,102	0,106	0,092	0,093	0,093	0,093	1,051	0,093	0,752	0,093	1,197	0,093	0,633	0,097	0,965	0,094	0,973	0,094	0,094	1,239	0,092	1,282	0,091	1,355	0,091	1,365	0,091	1,286	0,096	1,392	0,096	0,093	0,092	0,092	0,094	0,093	0,092	0,102	0,091	0,094	0,093	0,093	0,092	0,093	0,092	0,096	0,094	0,093	0,097	0,093	0,096	0,096	0,092	0,092
17:58:04	37,0	0,093	0,092	0,092	0,092	0,093	0,093	0,093	0,094	0,092	0,093	0,093	0,094	0,096	0,094	0,094	0,093	0,093	0,093	0,094	0,093	0,091	0,093	0,091	0,093	0,095	0,093	0,092	0,093	0,093	0,092	0,093	0,092	0,090	0,092	0,092	0,093	0,094	0,095	0,092	0,098	0,094	0,092	0,102	0,106	0,093	0,093	0,094	0,093	1,050	0,092	0,754	0,093	1,198	0,093	0,637	0,097	0,966	0,094	0,976	0,094	0,094	1,241	0,092	1,284	0,092	1,356	0,091	1,368	0,091	1,289	0,096	1,394	0,096	0,093	0,092	0,092	0,095	0,093	0,092	0,102	0,091	0,094	0,093	0,093	0,093	0,093	0,092	0,096	0,094	0,093	0,097	0,093	0,096	0,096	0,092	0,093
18:08:04	37,0	0,093	0,092	0,092	0,092	0,093	0,093	0,093	0,094	0,092	0,092	0,093	0,094	0,096	0,094	0,094	0,092	0,093	0,093	0,094	0,093	0,091	0,093	0,091	0,093	0,095	0,093	0,092	0,093	0,093	0,092	0,093	0,092	0,090	0,092	0,092	0,092	0,094	0,095	0,092	0,098	0,094	0,092	0,101	0,106	0,093	0,093	0,093	0,093	1,055	0,092	0,756	0,093	1,201	0,093	0,640	0,097	0,970	0,094	0,979	0,094	0,094	1,244	0,092	1,283	0,091	1,357	0,091	1,369	0,091	1,293	0,096	1,396	0,096	0,093	0,092	0,092	0,094	0,093	0,092	0,102	0,091	0,094	0,093	0,093	0,093	0,093	0,092	0,095	0,094	0,092	0,096	0,093	0,096	0,096	0,092	0,092
18:18:04	37,0	0,093	0,092	0,092	0,092	0,094	0,093	0,093	0,094	0,092	0,093	0,094	0,095	0,096	0,094	0,094	0,093	0,093	0,094	0,094	0,093	0,091	0,093	0,092	0,093	0,095	0,093	0,092	0,093	0,093	0,092	0,093	0,092	0,091	0,092	0,092	0,093	0,095	0,095	0,092	0,098	0,094	0,092	0,102	0,106	0,093	0,093	0,094	0,093	1,058	0,093	0,759	0,093	1,205	0,093	0,642	0,097	0,972	0,094	0,982	0,094	0,094	1,245	0,092	1,283	0,092	1,359	0,091	1,372	0,091	1,298	0,096	1,399	0,096	0,093	0,092	0,092	0,095	0,093	0,092	0,102	0,091	0,094	0,093	0,093	0,093	0,093	0,092	0,096	0,094	0,093	0,097	0,093	0,096	0,096	0,092	0,092
18:28:04	37,0	0,093	0,092	0,092	0,092	0,094	0,093	0,093	0,094	0,092	0,093	0,093	0,094	0,096	0,094	0,094	0,093	0,093	0,093	0,094	0,093	0,091	0,093	0,091	0,093	0,095	0,093	0,092	0,093	0,093	0,092	0,093	0,092	0,090	0,092	0,092	0,092	0,095	0,095	0,092	0,098	0,094	0,092	0,101	0,106	0,093	0,093	0,093	0,093	1,058	0,093	0,761	0,093	1,206	0,093	0,643	0,097	0,974	0,094	0,985	0,094	0,094	1,249	0,091	1,284	0,091	1,360	0,091	1,374	0,091	1,297	0,095	1,397	0,096	0,093	0,092	0,092	0,095	0,093	0,092	0,102	0,091	0,094	0,093	0,093	0,093	0,093	0,092	0,096	0,094	0,093	0,096	0,093	0,096	0,096	0,092	0,093
18:38:04	37,0	0,093	0,092	0,092	0,092	0,093	0,093	0,093	0,094	0,092	0,093	0,093	0,094	0,096	0,094	0,093	0,093	0,093	0,093	0,094	0,093	0,091	0,093	0,091	0,093	0,095	0,093	0,092	0,093	0,093	0,092	0,093	0,092	0,090	0,092	0,092	0,092	0,094	0,094	0,092	0,098	0,094	0,092	0,101	0,106	0,093	0,092	0,093	0,092	1,059	0,092	0,762	0,093	1,206	0,093	0,645	0,097	0,978	0,094	0,989	0,094	0,094	1,248	0,091	1,284	0,091	1,361	0,091	1,377	0,091	1,302	0,096	1,397	0,096	0,093	0,092	0,092	0,095	0,093	0,092	0,102	0,091	0,094	0,092	0,093	0,092	0,093	0,092	0,096	0,093	0,093	0,096	0,093	0,096	0,096	0,092	0,092
18:48:04	37,0	0,093	0,092	0,092	0,092	0,093	0,093	0,093	0,094	0,092	0,093	0,093	0,094	0,096	0,094	0,094	0,092	0,093	0,093	0,094	0,093	0,091	0,093	0,091	0,093	0,095	0,093	0,092	0,093	0,093	0,092	0,093	0,092	0,090	0,092	0,092	0,092	0,094	0,094	0,092	0,098	0,094	0,092	0,101	0,106	0,093	0,093	0,093	0,093	1,059	0,092	0,766	0,093	1,209	0,093	0,649	0,097	0,979	0,094	0,990	0,094	0,094	1,255	0,092	1,285	0,091	1,361	0,091	1,379	0,091	1,304	0,096	1,396	0,096	0,093	0,092	0,092	0,095	0,093	0,092	0,102	0,091	0,094	0,093	0,093	0,092	0,093	0,092	0,095	0,094	0,092	0,096	0,093	0,096	0,096	0,092	0,092
18:58:04	37,0	0,093	0,092	0,092	0,092	0,094	0,093	0,093	0,094	0,092	0,093	0,094	0,094	0,096	0,094	0,094	0,093	0,093	0,093	0,094	0,093	0,091	0,093	0,092	0,093	0,095	0,093	0,092	0,093	0,093	0,092	0,093	0,092	0,090	0,092	0,092	0,093	0,094	0,095	0,092	0,098	0,093	0,092	0,101	0,106	0,092	0,093	0,093	0,092	1,062	0,092	0,767	0,093	1,211	0,093	0,652	0,097	0,981	0,094	0,993	0,094	0,094	1,256	0,092	1,283	0,091	1,361	0,091	1,379	0,091	1,306	0,096	1,395	0,096	0,093	0,092	0,092	0,095	0,093	0,092	0,102	0,091	0,094	0,093	0,093	0,092	0,093	0,092	0,096	0,093	0,093	0,096	0,093	0,096	0,096	0,092	0,092
19:08:04	37,0	0,093	0,092	0,093	0,093	0,094	0,093	0,093	0,094	0,092	0,093	0,094	0,094	0,096	0,094	0,094	0,093	0,093	0,093	0,094	0,093	0,091	0,093	0,092	0,093	0,095	0,093	0,092	0,093	0,093	0,092	0,093	0,092	0,091	0,092	0,092	0,092	0,094	0,095	0,092	0,098	0,094	0,092	0,102	0,106	0,093	0,093	0,093	0,093	1,061	0,092	0,770	0,093	1,216	0,093	0,652	0,097	0,983	0,094	0,996	0,094	0,094	1,257	0,092	1,285	0,091	1,361	0,092	1,381	0,091	1,309	0,096	1,398	0,096	0,093	0,092	0,092	0,095	0,093	0,092	0,102	0,091	0,094	0,093	0,094	0,092	0,093	0,092	0,096	0,094	0,093	0,096	0,093	0,096	0,096	0,092	0,093
19:18:04	37,0	0,093	0,092	0,092	0,093	0,094	0,093	0,093	0,094	0,092	0,093	0,094	0,095	0,096	0,094	0,094	0,093	0,093	0,094	0,094	0,093	0,091	0,093	0,091	0,093	0,095	0,093	0,092	0,093	0,093	0,092	0,093	0,092	0,091	0,092	0,092	0,093	0,094	0,095	0,092	0,099	0,094	0,092	0,102	0,106	0,093	0,093	0,094	0,093	1,067	0,093	0,770	0,093	1,211	0,093	0,654	0,097	0,985	0,094	1,000	0,094	0,094	1,259	0,092	1,284	0,091	1,360	0,092	1,384	0,091	1,312	0,096	1,400	0,096	0,093	0,092	0,092	0,095	0,093	0,092	0,102	0,091	0,094	0,093	0,094	0,093	0,093	0,092	0,096	0,094	0,093	0,097	0,093	0,096	0,096	0,092	0,093
19:28:04	37,0	0,093	0,092	0,093	0,093	0,094	0,093	0,094	0,094	0,092	0,093	0,094	0,095	0,096	0,094	0,094	0,093	0,093	0,094	0,094	0,093	0,091	0,093	0,092	0,093	0,095	0,093	0,092	0,094	0,093	0,092	0,093	0,092	0,091	0,092	0,092	0,093	0,095	0,095	0,093	0,099	0,094	0,092	0,102	0,106	0,093	0,093	0,094	0,093	1,066	0,093	0,774	0,094	1,216	0,093	0,654	0,097	0,986	0,094	1,001	0,094	0,094	1,262	0,092	1,284	0,092	1,360	0,092	1,383	0,091	1,313	0,096	1,398	0,096	0,093	0,093	0,092	0,095	0,093	0,092	0,103	0,091	0,094	0,093	0,094	0,093	0,094	0,092	0,096	0,094	0,093	0,097	0,094	0,096	0,096	0,092	0,093
19:38:04	37,0	0,093	0,092	0,092	0,092	0,093	0,093	0,093	0,094	0,092	0,093	0,093	0,094	0,096	0,094	0,094	0,093	0,093	0,093	0,094	0,093	0,091	0,093	0,092	0,093	0,095	0,093	0,092	0,093	0,093	0,092	0,093	0,092	0,091	0,092	0,092	0,092	0,094	0,095	0,092	0,098	0,094	0,092	0,102	0,106	0,093	0,093	0,093	0,093	1,070	0,092	0,776	0,093	1,218	0,093	0,656	0,097	0,989	0,094	1,001	0,094	0,094	1,264	0,092	1,283	0,092	1,360	0,091	1,384	0,091	1,313	0,096	1,399	0,096	0,093	0,092	0,092	0,095	0,093	0,092	0,102	0,091	0,094	0,093	0,093	0,093	0,093	0,092	0,095	0,093	0,093	0,096	0,093	0,096	0,096	0,092	0,092
19:48:04	37,0	0,093	0,092	0,092	0,092	0,093	0,093	0,093	0,094	0,092	0,093	0,093	0,094	0,096	0,094	0,094	0,092	0,093	0,093	0,094	0,093	0,091	0,093	0,091	0,093	0,095	0,093	0,092	0,093	0,093	0,092	0,093	0,092	0,091	0,092	0,092	0,092	0,094	0,095	0,092	0,098	0,094	0,092	0,102	0,106	0,093	0,093	0,093	0,093	1,071	0,092	0,778	0,093	1,226	0,093	0,661	0,097	0,990	0,094	1,004	0,094	0,094	1,265	0,092	1,284	0,091	1,363	0,091	1,386	0,091	1,319	0,096	1,401	0,096	0,093	0,092	0,092	0,095	0,093	0,092	0,102	0,091	0,094	0,093	0,093	0,093	0,093	0,092	0,096	0,094	0,093	0,096	0,093	0,096	0,096	0,092	0,092
19:58:04	37,0	0,093	0,092	0,093	0,093	0,094	0,093	0,094	0,094	0,092	0,093	0,093	0,095	0,096	0,094	0,094	0,093	0,093	0,094	0,094	0,093	0,091	0,093	0,092	0,093	0,095	0,093	0,093	0,093	0,093	0,092	0,093	0,092	0,091	0,092	0,092	0,093	0,094	0,095	0,093	0,099	0,094	0,092	0,102	0,106	0,093	0,093	0,093	0,093	1,075	0,093	0,781	0,093	1,229	0,093	0,666	0,097	0,993	0,094	1,006	0,094	0,094	1,266	0,092	1,285	0,091	1,365	0,092	1,390	0,091	1,322	0,096	1,403	0,096	0,093	0,092	0,092	0,095	0,093	0,092	0,102	0,091	0,094	0,093	0,094	0,093	0,094	0,092	0,096	0,094	0,093	0,097	0,093	0,096	0,096	0,092	0,093
20:08:04	37,0	0,093	0,092	0,092	0,092	0,093	0,093	0,093	0,094	0,092	0,093	0,093	0,094	0,096	0,094	0,094	0,093	0,093	0,094	0,094	0,093	0,091	0,093	0,092	0,093	0,095	0,093	0,092	0,093	0,093	0,092	0,093	0,092	0,091	0,092	0,092	0,093	0,094	0,095	0,092	0,099	0,094	0,092	0,101	0,106	0,093	0,093	0,094	0,093	1,073	0,093	0,783	0,093	1,229	0,093	0,667	0,097	0,994	0,094	1,010	0,094	0,094	1,265	0,092	1,288	0,091	1,365	0,091	1,393	0,091	1,324	0,096	1,400	0,096	0,093	0,093	0,092	0,095	0,093	0,092	0,102	0,091	0,094	0,093	0,093	0,093	0,093	0,092	0,096	0,094	0,093	0,096	0,093	0,096	0,096	0,092	0,093
20:18:04	37,0	0,093	0,092	0,092	0,092	0,093	0,093	0,093	0,094	0,092	0,093	0,093	0,094	0,096	0,094	0,094	0,093	0,093	0,094	0,094	0,093	0,091	0,093	0,091	0,093	0,095	0,093	0,092	0,093	0,093	0,092	0,093	0,092	0,091	0,092	0,092	0,092	0,094	0,095	0,092	0,098	0,094	0,092	0,101	0,106	0,093	0,093	0,093	0,093	1,076	0,093	0,783	0,093	1,230	0,093	0,668	0,097	0,997	0,094	1,010	0,094	0,094	1,267	0,092	1,290	0,091	1,365	0,091	1,393	0,091	1,325	0,096	1,402	0,096	0,093	0,092	0,092	0,094	0,093	0,092	0,102	0,091	0,094	0,093	0,093	0,092	0,093	0,092	0,096	0,093	0,092	0,096	0,093	0,096	0,096	0,092	0,093
20:28:04	37,0	0,093	0,092	0,092	0,092	0,093	0,093	0,093	0,094	0,092	0,093	0,093	0,094	0,096	0,094	0,094	0,093	0,093	0,094	0,094	0,093	0,091	0,093	0,091	0,093	0,095	0,093	0,092	0,093	0,093	0,092	0,093	0,092	0,091	0,092	0,092	0,092	0,095	0,095	0,092	0,098	0,094	0,092	0,102	0,106	0,093	0,093	0,093	0,093	1,077	0,092	0,784	0,093	1,227	0,093	0,668	0,097	0,997	0,094	1,012	0,094	0,094	1,268	0,091	1,290	0,092	1,367	0,091	1,394	0,091	1,326	0,096	1,401	0,096	0,093	0,092	0,092	0,095	0,093	0,092	0,102	0,091	0,094	0,093	0,093	0,093	0,093	0,092	0,096	0,094	0,093	0,097	0,093	0,096	0,096	0,092	0,093
20:38:04	37,0	0,093	0,092	0,093	0,093	0,094	0,093	0,093	0,094	0,092	0,093	0,093	0,094	0,096	0,094	0,094	0,093	0,093	0,094	0,094	0,093	0,091	0,093	0,092	0,093	0,095	0,093	0,092	0,093	0,093	0,092	0,093	0,092	0,091	0,092	0,092	0,094	0,095	0,095	0,092	0,099	0,094	0,092	0,102	0,106	0,093	0,093	0,094	0,093	1,080	0,093	0,785	0,093	1,230	0,093	0,670	0,097	1,000	0,094	1,013	0,094	0,094	1,269	0,092	1,290	0,092	1,366	0,092	1,396	0,091	1,328	0,096	1,402	0,096	0,093	0,093	0,092	0,095	0,093	0,092	0,102	0,091	0,094	0,093	0,093	0,093	0,093	0,092	0,096	0,094	0,093	0,096	0,093	0,096	0,096	0,092	0,093
20:48:04	37,0	0,093	0,092	0,092	0,092	0,093	0,093	0,093	0,094	0,092	0,093	0,093	0,094	0,096	0,094	0,094	0,093	0,093	0,093	0,094	0,093	0,091	0,093	0,091	0,093	0,095	0,093	0,092	0,093	0,093	0,092	0,093	0,092	0,091	0,092	0,092	0,099	0,095	0,095	0,092	0,099	0,094	0,092	0,102	0,106	0,093	0,093	0,094	0,093	1,080	0,093	0,787	0,093	1,230	0,093	0,672	0,097	1,001	0,094	1,015	0,094	0,094	1,272	0,092	1,291	0,092	1,368	0,092	1,401	0,091	1,331	0,096	1,403	0,096	0,093	0,093	0,092	0,095	0,093	0,092	0,102	0,091	0,094	0,093	0,093	0,093	0,093	0,092	0,096	0,094	0,093	0,096	0,093	0,096	0,096	0,092	0,093
20:58:04	37,0	0,093	0,092	0,092	0,092	0,094	0,093	0,093	0,094	0,092	0,093	0,093	0,094	0,096	0,094	0,094	0,093	0,093	0,094	0,094	0,093	0,091	0,093	0,092	0,093	0,095	0,093	0,092	0,093	0,093	0,092	0,093	0,092	0,091	0,092	0,092	0,094	0,094	0,095	0,092	0,099	0,094	0,092	0,102	0,106	0,093	0,093	0,094	0,093	1,082	0,092	0,787	0,093	1,232	0,093	0,674	0,097	1,003	0,094	1,020	0,094	0,094	1,275	0,092	1,294	0,092	1,368	0,091	1,402	0,091	1,333	0,096	1,402	0,096	0,093	0,092	0,092	0,095	0,093	0,092	0,102	0,091	0,094	0,093	0,093	0,093	0,093	0,092	0,096	0,094	0,092	0,097	0,093	0,096	0,096	0,092	0,092
21:08:04	37,0	0,093	0,092	0,093	0,092	0,094	0,093	0,093	0,094	0,092	0,093	0,093	0,094	0,096	0,094	0,094	0,093	0,093	0,094	0,094	0,093	0,091	0,093	0,092	0,093	0,095	0,093	0,092	0,093	0,093	0,092	0,093	0,092	0,091	0,092	0,092	0,093	0,095	0,095	0,093	0,099	0,094	0,092	0,102	0,106	0,093	0,093	0,094	0,093	1,084	0,093	0,787	0,093	1,232	0,093	0,674	0,097	1,005	0,094	1,022	0,094	0,094	1,277	0,092	1,295	0,092	1,369	0,091	1,403	0,091	1,334	0,096	1,404	0,096	0,093	0,092	0,092	0,095	0,093	0,092	0,102	0,091	0,094	0,093	0,093	0,093	0,093	0,092	0,096	0,094	0,093	0,096	0,093	0,096	0,096	0,092	0,093
21:18:04	36,9	0,093	0,092	0,093	0,093	0,094	0,093	0,094	0,094	0,092	0,093	0,093	0,094	0,096	0,094	0,094	0,093	0,093	0,094	0,094	0,093	0,091	0,093	0,091	0,093	0,095	0,093	0,092	0,093	0,093	0,092	0,093	0,092	0,091	0,092	0,092	0,093	0,095	0,095	0,092	0,099	0,094	0,092	0,102	0,106	0,093	0,093	0,094	0,093	1,086	0,093	0,790	0,093	1,235	0,093	0,676	0,097	1,007	0,094	1,023	0,094	0,094	1,277	0,092	1,293	0,092	1,369	0,092	1,404	0,091	1,336	0,096	1,405	0,096	0,093	0,093	0,092	0,095	0,093	0,092	0,102	0,091	0,094	0,093	0,094	0,093	0,093	0,092	0,096	0,094	0,093	0,097	0,093	0,096	0,096	0,092	0,093
21:28:04	37,0	0,093	0,092	0,092	0,093	0,093	0,093	0,093	0,094	0,092	0,093	0,093	0,094	0,096	0,094	0,094	0,093	0,093	0,094	0,094	0,093	0,091	0,093	0,091	0,093	0,095	0,093	0,092	0,093	0,093	0,092	0,093	0,092	0,091	0,092	0,092	0,093	0,095	0,095	0,092	0,099	0,094	0,092	0,102	0,106	0,093	0,093	0,094	0,093	1,089	0,093	0,790	0,093	1,238	0,093	0,679	0,097	1,009	0,094	1,026	0,094	0,094	1,278	0,092	1,294	0,092	1,369	0,092	1,405	0,091	1,339	0,096	1,406	0,096	0,093	0,093	0,092	0,095	0,093	0,092	0,102	0,091	0,094	0,093	0,093	0,093	0,093	0,092	0,096	0,094	0,093	0,097	0,093	0,096	0,096	0,092	0,092
21:38:04	37,0	0,093	0,092	0,092	0,092	0,094	0,093	0,093	0,094	0,092	0,093	0,093	0,094	0,096	0,094	0,094	0,093	0,093	0,093	0,094	0,093	0,091	0,093	0,092	0,093	0,095	0,093	0,092	0,093	0,093	0,092	0,093	0,092	0,091	0,092	0,092	0,093	0,095	0,095	0,092	0,099	0,094	0,092	0,102	0,106	0,093	0,093	0,094	0,093	1,089	0,093	0,793	0,093	1,241	0,093	0,682	0,097	1,012	0,094	1,027	0,094	0,094	1,278	0,092	1,297	0,092	1,370	0,092	1,406	0,091	1,340	0,096	1,404	0,096	0,093	0,093	0,092	0,095	0,093	0,092	0,102	0,091	0,094	0,093	0,093	0,093	0,093	0,092	0,096	0,094	0,093	0,096	0,093	0,096	0,096	0,092	0,093
21:48:04	37,0	0,093	0,092	0,092	0,092	0,093	0,093	0,093	0,094	0,092	0,093	0,093	0,094	0,096	0,094	0,094	0,093	0,093	0,093	0,094	0,093	0,091	0,093	0,091	0,093	0,095	0,093	0,092	0,093	0,093	0,092	0,093	0,092	0,091	0,092	0,092	0,092	0,095	0,095	0,092	0,098	0,094	0,092	0,102	0,106	0,093	0,093	0,094	0,093	1,090	0,093	0,793	0,093	1,240	0,093	0,683	0,097	1,013	0,094	1,031	0,094	0,094	1,279	0,091	1,296	0,091	1,371	0,092	1,406	0,091	1,339	0,096	1,404	0,096	0,093	0,092	0,092	0,095	0,093	0,092	0,102	0,091	0,094	0,093	0,094	0,092	0,093	0,092	0,096	0,094	0,093	0,096	0,093	0,096	0,096	0,092	0,092
21:58:04	37,0	0,093	0,092	0,092	0,093	0,093	0,093	0,093	0,094	0,092	0,093	0,093	0,094	0,096	0,094	0,094	0,093	0,093	0,094	0,094	0,093	0,091	0,093	0,091	0,093	0,095	0,093	0,092	0,093	0,093	0,092	0,093	0,092	0,091	0,092	0,092	0,093	0,094	0,095	0,092	0,099	0,094	0,092	0,102	0,106	0,093	0,093	0,094	0,093	1,093	0,093	0,793	0,093	1,244	0,093	0,686	0,097	1,014	0,094	1,030	0,094	0,093	1,281	0,092	1,297	0,092	1,372	0,091	1,408	0,091	1,343	0,096	1,408	0,096	0,093	0,092	0,092	0,095	0,093	0,092	0,102	0,091	0,094	0,093	0,093	0,092	0,093	0,092	0,096	0,094	0,093	0,096	0,093	0,096	0,096	0,092	0,093
22:08:04	37,0	0,093	0,092	0,092	0,092	0,094	0,093	0,093	0,094	0,092	0,093	0,093	0,094	0,096	0,094	0,094	0,093	0,093	0,094	0,094	0,093	0,091	0,093	0,091	0,093	0,095	0,093	0,092	0,093	0,093	0,092	0,093	0,092	0,091	0,092	0,092	0,093	0,095	0,095	0,093	0,099	0,094	0,092	0,102	0,106	0,093	0,093	0,094	0,093	1,093	0,093	0,795	0,093	1,245	0,093	0,688	0,097	1,018	0,094	1,033	0,094	0,094	1,282	0,092	1,299	0,092	1,373	0,092	1,408	0,091	1,345	0,096	1,408	0,096	0,093	0,093	0,092	0,095	0,093	0,092	0,102	0,091	0,094	0,093	0,093	0,093	0,093	0,092	0,096	0,094	0,093	0,096	0,093	0,096	0,096	0,092	0,093

