Time	T∞ Optical Density:600	A1	A2	A3	A4	A5	A6	A7	A8	A9	A10	A11	A12	B1	B2	B3	B4	B5	B6	B7	B8	B9	B10	B11	B12	C1	C2	C3	C4	C5	C6	C7	C8	C9	C10	C11	C12	D1	D2	D3	D4	D5	D6	D7	D8	D9	D10	D11	D12	E1	E2	E3	E4	E5	E6	E7	E8	E9	E10	E11	E12	F1	F2	F3	F4	F5	F6	F7	F8	F9	F10	F11	F12	G1	G2	G3	G4	G5	G6	G7	G8	G9	G10	G11	G12	H1	H2	H3	H4	H5	H6	H7	H8	H9	H10	H11	H12
0:08:04	35,9	0,110	0,092	0,091	0,090	0,091	0,091	0,092	0,100	0,095	0,103	0,092	0,104	0,098	0,091	0,092	0,091	0,091	0,089	0,090	0,091	0,091	0,089	0,097	0,102	0,090	0,090	0,090	0,090	0,089	0,090	0,090	0,090	0,089	0,089	0,093	0,091	0,086	0,090	0,088	0,090	0,093	0,091	0,092	0,093	0,090	0,089	0,090	0,091	0,090	0,090	0,089	0,089	0,089	0,090	0,089	0,091	0,091	0,089	0,091	0,091	0,104	0,094	0,102	0,091	0,116	0,091	0,104	0,090	0,108	0,090	0,109	0,089	0,092	0,125	0,090	0,140	0,089	0,127	0,091	0,117	0,089	0,137	0,094	0,115	0,094	0,092	0,090	0,090	0,094	0,106	0,089	0,091	0,090	0,090	0,092	0,096
0:18:04	37,0	0,110	0,092	0,091	0,090	0,091	0,092	0,093	0,100	0,095	0,103	0,092	0,105	0,098	0,091	0,093	0,091	0,091	0,089	0,090	0,091	0,091	0,090	0,098	0,102	0,090	0,090	0,091	0,090	0,088	0,090	0,090	0,090	0,089	0,089	0,093	0,092	0,086	0,090	0,088	0,090	0,093	0,091	0,092	0,093	0,089	0,089	0,089	0,090	0,090	0,090	0,089	0,089	0,089	0,090	0,089	0,091	0,090	0,089	0,091	0,091	0,104	0,094	0,103	0,091	0,113	0,091	0,102	0,089	0,107	0,090	0,109	0,089	0,092	0,120	0,090	0,139	0,089	0,121	0,091	0,116	0,089	0,125	0,094	0,103	0,094	0,092	0,090	0,090	0,094	0,102	0,089	0,091	0,090	0,090	0,092	0,096
0:28:04	37,0	0,110	0,092	0,091	0,090	0,091	0,092	0,093	0,100	0,095	0,104	0,092	0,104	0,099	0,091	0,093	0,091	0,091	0,089	0,090	0,091	0,092	0,090	0,098	0,102	0,090	0,090	0,090	0,090	0,089	0,090	0,090	0,090	0,089	0,089	0,093	0,092	0,086	0,090	0,088	0,090	0,093	0,091	0,092	0,093	0,089	0,089	0,089	0,090	0,090	0,090	0,089	0,089	0,089	0,090	0,089	0,090	0,091	0,089	0,091	0,091	0,104	0,094	0,103	0,091	0,112	0,091	0,101	0,089	0,107	0,089	0,108	0,089	0,092	0,122	0,089	0,141	0,089	0,123	0,090	0,117	0,089	0,126	0,094	0,104	0,094	0,092	0,090	0,090	0,094	0,101	0,089	0,091	0,090	0,089	0,092	0,096
0:38:04	37,0	0,111	0,092	0,091	0,090	0,090	0,092	0,094	0,100	0,095	0,104	0,092	0,104	0,099	0,091	0,093	0,091	0,091	0,089	0,090	0,092	0,092	0,090	0,098	0,102	0,090	0,091	0,091	0,090	0,088	0,090	0,090	0,090	0,089	0,089	0,093	0,092	0,086	0,090	0,088	0,090	0,093	0,091	0,092	0,093	0,089	0,089	0,089	0,090	0,090	0,090	0,089	0,089	0,089	0,090	0,089	0,090	0,091	0,089	0,091	0,091	0,104	0,094	0,104	0,090	0,114	0,090	0,102	0,089	0,107	0,089	0,110	0,089	0,092	0,125	0,089	0,146	0,089	0,127	0,091	0,120	0,089	0,131	0,094	0,105	0,094	0,092	0,090	0,090	0,094	0,100	0,089	0,091	0,090	0,089	0,092	0,097
0:48:04	37,0	0,112	0,092	0,091	0,090	0,091	0,092	0,094	0,101	0,096	0,104	0,092	0,104	0,100	0,091	0,093	0,091	0,091	0,089	0,090	0,092	0,092	0,090	0,099	0,102	0,090	0,091	0,091	0,090	0,089	0,090	0,090	0,090	0,090	0,089	0,093	0,092	0,086	0,090	0,088	0,090	0,093	0,091	0,092	0,093	0,090	0,089	0,090	0,090	0,090	0,090	0,089	0,089	0,089	0,090	0,089	0,090	0,091	0,089	0,091	0,091	0,105	0,094	0,105	0,091	0,118	0,090	0,103	0,089	0,108	0,089	0,112	0,089	0,092	0,129	0,090	0,153	0,089	0,132	0,091	0,124	0,089	0,138	0,094	0,108	0,094	0,092	0,090	0,090	0,094	0,099	0,089	0,091	0,090	0,090	0,092	0,097
0:58:04	37,0	0,113	0,092	0,091	0,090	0,091	0,092	0,094	0,101	0,096	0,104	0,092	0,104	0,100	0,091	0,093	0,091	0,091	0,090	0,090	0,092	0,092	0,090	0,099	0,103	0,090	0,091	0,091	0,090	0,088	0,090	0,090	0,090	0,090	0,089	0,093	0,092	0,086	0,090	0,088	0,090	0,093	0,091	0,091	0,093	0,090	0,089	0,090	0,090	0,091	0,090	0,089	0,089	0,089	0,090	0,089	0,090	0,091	0,089	0,091	0,091	0,105	0,094	0,106	0,090	0,123	0,090	0,104	0,089	0,109	0,090	0,113	0,090	0,092	0,134	0,089	0,161	0,089	0,139	0,090	0,131	0,089	0,148	0,094	0,116	0,094	0,092	0,090	0,090	0,094	0,098	0,089	0,091	0,090	0,090	0,092	0,097
1:08:04	37,0	0,113	0,092	0,091	0,090	0,091	0,092	0,094	0,101	0,096	0,104	0,092	0,104	0,100	0,091	0,093	0,091	0,091	0,090	0,090	0,092	0,093	0,090	0,099	0,102	0,090	0,091	0,091	0,089	0,088	0,090	0,090	0,090	0,090	0,090	0,093	0,092	0,086	0,090	0,088	0,090	0,093	0,091	0,092	0,093	0,090	0,089	0,090	0,090	0,090	0,090	0,089	0,089	0,089	0,090	0,089	0,090	0,091	0,089	0,091	0,091	0,106	0,094	0,107	0,090	0,132	0,090	0,105	0,089	0,110	0,090	0,115	0,090	0,092	0,142	0,089	0,173	0,089	0,149	0,090	0,140	0,089	0,159	0,094	0,125	0,094	0,092	0,090	0,090	0,094	0,098	0,089	0,091	0,090	0,090	0,092	0,097
1:18:04	36,9	0,113	0,092	0,091	0,091	0,091	0,092	0,095	0,101	0,096	0,105	0,093	0,105	0,100	0,091	0,094	0,092	0,092	0,090	0,091	0,093	0,093	0,091	0,099	0,103	0,091	0,091	0,091	0,090	0,089	0,091	0,091	0,090	0,090	0,090	0,093	0,092	0,087	0,090	0,088	0,090	0,093	0,091	0,092	0,093	0,090	0,089	0,090	0,091	0,091	0,090	0,089	0,089	0,089	0,090	0,089	0,091	0,091	0,089	0,091	0,092	0,108	0,094	0,109	0,091	0,143	0,090	0,107	0,090	0,112	0,090	0,118	0,090	0,092	0,152	0,090	0,186	0,089	0,162	0,091	0,152	0,089	0,172	0,094	0,133	0,095	0,092	0,090	0,090	0,094	0,097	0,090	0,091	0,091	0,090	0,092	0,097
1:28:04	37,0	0,114	0,092	0,091	0,090	0,091	0,092	0,094	0,101	0,096	0,105	0,093	0,105	0,100	0,091	0,094	0,092	0,091	0,090	0,090	0,092	0,093	0,091	0,099	0,103	0,090	0,091	0,091	0,090	0,089	0,090	0,090	0,091	0,090	0,090	0,093	0,092	0,086	0,090	0,088	0,090	0,093	0,091	0,092	0,093	0,090	0,089	0,090	0,091	0,091	0,090	0,089	0,089	0,089	0,090	0,089	0,091	0,091	0,089	0,091	0,092	0,109	0,094	0,112	0,091	0,156	0,090	0,110	0,089	0,115	0,090	0,122	0,090	0,092	0,165	0,090	0,201	0,089	0,179	0,091	0,167	0,089	0,188	0,094	0,140	0,095	0,092	0,090	0,090	0,094	0,097	0,089	0,091	0,091	0,090	0,092	0,097
1:38:04	37,0	0,114	0,092	0,091	0,091	0,091	0,093	0,095	0,102	0,097	0,105	0,093	0,105	0,100	0,091	0,094	0,092	0,092	0,090	0,090	0,092	0,093	0,091	0,099	0,103	0,091	0,091	0,091	0,090	0,088	0,090	0,090	0,091	0,090	0,090	0,093	0,092	0,087	0,090	0,088	0,090	0,094	0,091	0,092	0,093	0,090	0,089	0,090	0,091	0,091	0,090	0,089	0,090	0,089	0,090	0,089	0,091	0,091	0,089	0,091	0,092	0,111	0,094	0,114	0,090	0,174	0,090	0,113	0,089	0,119	0,090	0,125	0,090	0,092	0,182	0,090	0,218	0,089	0,202	0,091	0,185	0,089	0,206	0,094	0,152	0,095	0,092	0,090	0,090	0,094	0,096	0,089	0,091	0,091	0,090	0,092	0,097
1:48:04	37,0	0,114	0,092	0,091	0,090	0,091	0,093	0,095	0,102	0,096	0,105	0,093	0,105	0,101	0,091	0,094	0,091	0,091	0,090	0,091	0,093	0,093	0,091	0,100	0,103	0,091	0,091	0,091	0,090	0,089	0,090	0,091	0,090	0,090	0,090	0,093	0,092	0,086	0,090	0,088	0,091	0,094	0,091	0,092	0,093	0,090	0,089	0,090	0,091	0,091	0,090	0,089	0,089	0,089	0,090	0,089	0,091	0,091	0,089	0,092	0,092	0,114	0,094	0,118	0,091	0,196	0,090	0,116	0,090	0,122	0,090	0,131	0,090	0,092	0,191	0,090	0,239	0,089	0,235	0,091	0,203	0,089	0,225	0,094	0,166	0,095	0,092	0,090	0,090	0,095	0,096	0,089	0,091	0,091	0,090	0,093	0,097
1:58:04	37,0	0,114	0,092	0,091	0,090	0,091	0,093	0,095	0,102	0,097	0,105	0,093	0,105	0,101	0,091	0,094	0,092	0,091	0,090	0,090	0,093	0,093	0,090	0,100	0,103	0,091	0,091	0,091	0,090	0,089	0,090	0,091	0,091	0,090	0,090	0,093	0,092	0,087	0,090	0,088	0,090	0,093	0,091	0,092	0,093	0,090	0,089	0,090	0,091	0,091	0,090	0,089	0,089	0,089	0,090	0,089	0,091	0,091	0,089	0,092	0,092	0,117	0,094	0,123	0,091	0,222	0,090	0,121	0,090	0,127	0,090	0,138	0,090	0,092	0,210	0,090	0,264	0,089	0,268	0,091	0,227	0,089	0,248	0,094	0,184	0,095	0,092	0,090	0,090	0,095	0,096	0,089	0,091	0,091	0,090	0,093	0,097
2:08:04	37,0	0,114	0,092	0,091	0,090	0,091	0,093	0,095	0,102	0,097	0,105	0,093	0,105	0,101	0,091	0,094	0,092	0,092	0,090	0,091	0,093	0,093	0,091	0,100	0,103	0,090	0,091	0,091	0,090	0,089	0,090	0,091	0,091	0,090	0,090	0,094	0,092	0,087	0,090	0,088	0,090	0,093	0,091	0,092	0,093	0,090	0,089	0,090	0,091	0,091	0,090	0,089	0,089	0,089	0,090	0,089	0,091	0,091	0,089	0,092	0,092	0,122	0,094	0,129	0,091	0,246	0,090	0,126	0,089	0,132	0,090	0,147	0,090	0,092	0,234	0,090	0,298	0,089	0,313	0,091	0,253	0,089	0,274	0,094	0,202	0,095	0,092	0,090	0,090	0,095	0,095	0,090	0,091	0,091	0,090	0,093	0,097
2:18:04	37,0	0,114	0,092	0,091	0,090	0,091	0,093	0,095	0,102	0,097	0,105	0,093	0,105	0,101	0,091	0,094	0,092	0,091	0,090	0,090	0,093	0,093	0,091	0,100	0,103	0,090	0,091	0,091	0,090	0,089	0,090	0,090	0,090	0,090	0,090	0,093	0,092	0,086	0,090	0,088	0,090	0,093	0,091	0,092	0,093	0,090	0,089	0,090	0,091	0,091	0,090	0,089	0,089	0,089	0,090	0,089	0,090	0,091	0,089	0,091	0,092	0,127	0,094	0,137	0,091	0,282	0,090	0,132	0,090	0,141	0,090	0,156	0,090	0,092	0,260	0,089	0,324	0,089	0,358	0,090	0,282	0,089	0,303	0,094	0,229	0,095	0,092	0,090	0,090	0,095	0,095	0,089	0,091	0,091	0,090	0,093	0,097
2:28:04	37,0	0,114	0,092	0,091	0,091	0,091	0,093	0,095	0,102	0,097	0,105	0,093	0,106	0,101	0,091	0,094	0,092	0,092	0,090	0,090	0,093	0,094	0,091	0,100	0,103	0,091	0,091	0,091	0,090	0,089	0,090	0,091	0,091	0,090	0,090	0,094	0,092	0,087	0,090	0,088	0,091	0,093	0,091	0,092	0,093	0,090	0,089	0,090	0,091	0,091	0,090	0,089	0,089	0,089	0,090	0,089	0,091	0,091	0,089	0,092	0,092	0,135	0,094	0,146	0,091	0,317	0,090	0,140	0,090	0,149	0,090	0,168	0,090	0,092	0,290	0,090	0,354	0,089	0,400	0,091	0,308	0,089	0,332	0,094	0,258	0,095	0,093	0,090	0,091	0,095	0,095	0,090	0,091	0,091	0,090	0,093	0,098
2:38:04	37,0	0,114	0,092	0,092	0,091	0,091	0,093	0,095	0,102	0,097	0,105	0,093	0,106	0,101	0,091	0,094	0,092	0,092	0,090	0,091	0,093	0,094	0,091	0,100	0,103	0,091	0,091	0,091	0,090	0,089	0,091	0,091	0,091	0,090	0,090	0,094	0,093	0,087	0,091	0,088	0,090	0,094	0,091	0,092	0,093	0,090	0,089	0,090	0,091	0,091	0,090	0,089	0,090	0,089	0,090	0,089	0,091	0,091	0,090	0,092	0,092	0,143	0,094	0,158	0,091	0,353	0,091	0,150	0,090	0,161	0,090	0,179	0,090	0,092	0,324	0,090	0,385	0,089	0,436	0,091	0,335	0,090	0,360	0,094	0,293	0,095	0,093	0,090	0,091	0,095	0,095	0,090	0,092	0,091	0,090	0,093	0,097
2:48:04	37,0	0,115	0,093	0,091	0,091	0,091	0,093	0,095	0,102	0,097	0,106	0,093	0,106	0,102	0,092	0,094	0,092	0,092	0,090	0,091	0,093	0,094	0,091	0,100	0,103	0,091	0,091	0,091	0,090	0,089	0,091	0,091	0,091	0,091	0,090	0,094	0,093	0,087	0,091	0,088	0,091	0,094	0,091	0,092	0,093	0,090	0,089	0,090	0,092	0,091	0,090	0,090	0,090	0,089	0,090	0,089	0,091	0,092	0,090	0,092	0,092	0,153	0,095	0,171	0,091	0,393	0,091	0,160	0,090	0,173	0,090	0,196	0,090	0,092	0,359	0,090	0,423	0,089	0,478	0,091	0,360	0,090	0,391	0,095	0,328	0,095	0,093	0,090	0,091	0,095	0,095	0,090	0,092	0,091	0,090	0,093	0,098
2:58:04	37,0	0,115	0,092	0,092	0,091	0,091	0,093	0,095	0,103	0,097	0,105	0,093	0,106	0,102	0,091	0,094	0,092	0,092	0,090	0,091	0,093	0,094	0,091	0,100	0,103	0,091	0,091	0,091	0,090	0,089	0,091	0,091	0,091	0,090	0,090	0,094	0,093	0,087	0,091	0,088	0,091	0,094	0,091	0,092	0,093	0,090	0,089	0,090	0,091	0,091	0,090	0,089	0,090	0,089	0,090	0,089	0,091	0,092	0,090	0,092	0,092	0,166	0,094	0,182	0,091	0,434	0,091	0,171	0,090	0,186	0,090	0,215	0,090	0,092	0,388	0,090	0,455	0,089	0,521	0,091	0,383	0,090	0,419	0,094	0,365	0,095	0,093	0,090	0,091	0,095	0,094	0,090	0,092	0,091	0,090	0,093	0,098
3:08:04	37,0	0,115	0,093	0,091	0,091	0,091	0,093	0,095	0,103	0,097	0,106	0,093	0,106	0,102	0,092	0,094	0,092	0,092	0,090	0,091	0,093	0,094	0,091	0,101	0,103	0,091	0,091	0,091	0,090	0,089	0,091	0,091	0,091	0,091	0,090	0,094	0,093	0,087	0,091	0,088	0,091	0,094	0,091	0,092	0,093	0,091	0,090	0,091	0,091	0,091	0,090	0,090	0,090	0,089	0,090	0,089	0,091	0,092	0,090	0,092	0,092	0,181	0,094	0,199	0,091	0,478	0,090	0,184	0,090	0,204	0,090	0,234	0,091	0,092	0,422	0,090	0,491	0,089	0,557	0,091	0,411	0,090	0,449	0,094	0,400	0,095	0,093	0,090	0,091	0,095	0,095	0,090	0,092	0,091	0,090	0,093	0,098
3:18:04	37,0	0,115	0,092	0,091	0,091	0,091	0,093	0,095	0,103	0,097	0,106	0,093	0,106	0,102	0,091	0,094	0,092	0,092	0,090	0,091	0,093	0,094	0,091	0,101	0,103	0,091	0,091	0,091	0,090	0,089	0,090	0,091	0,091	0,090	0,090	0,094	0,093	0,087	0,090	0,088	0,091	0,094	0,091	0,092	0,093	0,090	0,089	0,090	0,092	0,091	0,090	0,089	0,089	0,089	0,090	0,089	0,091	0,092	0,089	0,092	0,092	0,198	0,095	0,212	0,091	0,515	0,091	0,197	0,090	0,223	0,090	0,254	0,090	0,092	0,456	0,090	0,530	0,089	0,583	0,091	0,437	0,089	0,477	0,094	0,441	0,095	0,093	0,090	0,091	0,095	0,094	0,090	0,092	0,091	0,090	0,093	0,098
3:28:04	37,0	0,115	0,092	0,091	0,091	0,092	0,093	0,095	0,103	0,097	0,106	0,093	0,106	0,102	0,091	0,094	0,092	0,092	0,090	0,091	0,093	0,094	0,091	0,101	0,103	0,091	0,091	0,092	0,090	0,089	0,091	0,091	0,091	0,090	0,090	0,094	0,093	0,087	0,090	0,088	0,091	0,094	0,091	0,092	0,093	0,091	0,089	0,090	0,092	0,091	0,090	0,089	0,090	0,089	0,090	0,089	0,091	0,092	0,090	0,092	0,092	0,217	0,094	0,229	0,091	0,541	0,090	0,210	0,090	0,237	0,090	0,269	0,090	0,092	0,490	0,090	0,584	0,089	0,602	0,091	0,463	0,090	0,508	0,094	0,477	0,095	0,093	0,090	0,091	0,095	0,094	0,090	0,092	0,091	0,090	0,093	0,098
3:38:04	37,0	0,115	0,093	0,092	0,091	0,092	0,093	0,096	0,103	0,097	0,106	0,094	0,106	0,102	0,092	0,095	0,092	0,092	0,090	0,091	0,093	0,095	0,091	0,101	0,103	0,091	0,091	0,092	0,090	0,089	0,091	0,091	0,091	0,091	0,090	0,094	0,093	0,087	0,091	0,089	0,091	0,094	0,091	0,092	0,093	0,091	0,090	0,091	0,092	0,091	0,090	0,090	0,090	0,089	0,090	0,089	0,091	0,092	0,090	0,092	0,092	0,240	0,095	0,248	0,091	0,558	0,091	0,225	0,090	0,255	0,090	0,287	0,090	0,092	0,526	0,090	0,640	0,089	0,623	0,091	0,492	0,090	0,541	0,095	0,519	0,095	0,093	0,091	0,091	0,096	0,094	0,090	0,092	0,091	0,090	0,093	0,098
3:48:04	37,0	0,115	0,092	0,092	0,091	0,091	0,093	0,095	0,103	0,097	0,106	0,093	0,106	0,102	0,091	0,094	0,092	0,092	0,090	0,091	0,093	0,094	0,091	0,101	0,103	0,091	0,091	0,091	0,090	0,089	0,091	0,091	0,091	0,090	0,090	0,094	0,093	0,087	0,090	0,088	0,091	0,094	0,091	0,092	0,093	0,091	0,089	0,090	0,092	0,091	0,090	0,089	0,090	0,089	0,090	0,089	0,091	0,092	0,090	0,092	0,092	0,263	0,094	0,263	0,091	0,580	0,090	0,237	0,090	0,271	0,090	0,306	0,091	0,092	0,564	0,090	0,685	0,089	0,634	0,091	0,519	0,089	0,567	0,094	0,560	0,095	0,093	0,090	0,091	0,096	0,094	0,090	0,092	0,091	0,090	0,093	0,098
3:58:04	37,0	0,115	0,092	0,092	0,091	0,091	0,093	0,095	0,103	0,097	0,106	0,093	0,106	0,102	0,092	0,094	0,092	0,092	0,090	0,091	0,093	0,094	0,091	0,101	0,103	0,091	0,091	0,091	0,090	0,089	0,091	0,091	0,091	0,090	0,090	0,094	0,093	0,087	0,091	0,088	0,091	0,094	0,091	0,092	0,093	0,091	0,089	0,091	0,091	0,091	0,090	0,089	0,090	0,089	0,090	0,089	0,091	0,092	0,090	0,092	0,092	0,283	0,094	0,279	0,091	0,601	0,090	0,252	0,090	0,285	0,090	0,324	0,090	0,092	0,601	0,090	0,727	0,089	0,646	0,091	0,547	0,089	0,598	0,094	0,601	0,095	0,093	0,090	0,091	0,095	0,094	0,090	0,092	0,091	0,090	0,093	0,098
4:08:04	37,0	0,115	0,092	0,091	0,091	0,091	0,093	0,095	0,103	0,097	0,106	0,093	0,106	0,102	0,091	0,094	0,092	0,092	0,090	0,091	0,093	0,094	0,091	0,101	0,103	0,091	0,091	0,091	0,090	0,089	0,090	0,091	0,091	0,090	0,090	0,093	0,093	0,087	0,090	0,088	0,090	0,094	0,091	0,092	0,093	0,090	0,089	0,090	0,091	0,091	0,090	0,089	0,090	0,089	0,090	0,089	0,091	0,092	0,090	0,092	0,092	0,304	0,094	0,293	0,091	0,625	0,090	0,264	0,089	0,300	0,090	0,348	0,090	0,092	0,636	0,090	0,764	0,089	0,664	0,091	0,578	0,089	0,627	0,094	0,640	0,095	0,092	0,090	0,091	0,095	0,094	0,090	0,092	0,091	0,090	0,093	0,097
4:18:04	37,0	0,115	0,092	0,091	0,091	0,091	0,093	0,096	0,103	0,097	0,106	0,093	0,106	0,102	0,091	0,094	0,092	0,092	0,090	0,091	0,093	0,095	0,091	0,101	0,103	0,091	0,091	0,091	0,090	0,089	0,091	0,091	0,091	0,091	0,090	0,094	0,093	0,087	0,091	0,088	0,091	0,094	0,091	0,092	0,093	0,091	0,089	0,090	0,091	0,091	0,090	0,089	0,090	0,089	0,090	0,089	0,091	0,092	0,090	0,092	0,092	0,325	0,094	0,312	0,091	0,639	0,090	0,279	0,090	0,317	0,090	0,369	0,090	0,092	0,671	0,090	0,793	0,089	0,681	0,091	0,610	0,089	0,654	0,094	0,673	0,095	0,093	0,090	0,091	0,096	0,093	0,090	0,092	0,091	0,090	0,093	0,097
4:28:04	37,0	0,115	0,093	0,092	0,091	0,092	0,093	0,095	0,103	0,097	0,106	0,093	0,107	0,102	0,092	0,094	0,092	0,092	0,090	0,091	0,093	0,095	0,091	0,101	0,103	0,091	0,091	0,092	0,090	0,089	0,091	0,091	0,091	0,090	0,090	0,094	0,093	0,087	0,091	0,088	0,091	0,094	0,091	0,092	0,093	0,091	0,089	0,091	0,091	0,091	0,090	0,090	0,090	0,089	0,090	0,089	0,091	0,092	0,090	0,092	0,092	0,349	0,094	0,327	0,091	0,655	0,090	0,293	0,090	0,334	0,090	0,388	0,090	0,092	0,702	0,090	0,817	0,089	0,698	0,091	0,635	0,089	0,681	0,094	0,709	0,095	0,093	0,090	0,091	0,096	0,093	0,090	0,092	0,091	0,090	0,093	0,098
4:38:04	37,0	0,115	0,093	0,092	0,091	0,091	0,093	0,096	0,103	0,098	0,106	0,094	0,106	0,102	0,092	0,094	0,092	0,092	0,090	0,091	0,093	0,095	0,091	0,101	0,103	0,091	0,091	0,091	0,090	0,089	0,091	0,091	0,091	0,091	0,090	0,094	0,093	0,087	0,091	0,088	0,091	0,094	0,091	0,092	0,093	0,091	0,090	0,090	0,092	0,091	0,090	0,089	0,090	0,089	0,090	0,089	0,091	0,092	0,090	0,092	0,092	0,370	0,095	0,344	0,091	0,672	0,090	0,307	0,090	0,350	0,090	0,413	0,090	0,092	0,725	0,090	0,832	0,089	0,714	0,091	0,656	0,090	0,701	0,094	0,741	0,095	0,093	0,090	0,091	0,096	0,093	0,090	0,092	0,091	0,090	0,093	0,098
4:48:04	37,0	0,116	0,093	0,092	0,091	0,091	0,093	0,096	0,103	0,097	0,106	0,094	0,107	0,102	0,092	0,095	0,092	0,092	0,090	0,091	0,094	0,095	0,092	0,101	0,104	0,091	0,091	0,092	0,090	0,089	0,091	0,091	0,091	0,091	0,090	0,094	0,093	0,087	0,091	0,088	0,091	0,094	0,091	0,092	0,093	0,091	0,089	0,090	0,092	0,091	0,090	0,090	0,090	0,089	0,090	0,089	0,091	0,092	0,090	0,092	0,092	0,396	0,094	0,362	0,091	0,688	0,090	0,323	0,090	0,367	0,090	0,434	0,090	0,092	0,745	0,090	0,841	0,089	0,730	0,091	0,685	0,090	0,718	0,094	0,767	0,095	0,093	0,091	0,091	0,096	0,093	0,090	0,092	0,091	0,090	0,093	0,098
4:58:04	37,0	0,116	0,093	0,092	0,091	0,091	0,093	0,096	0,103	0,097	0,106	0,094	0,106	0,102	0,092	0,095	0,092	0,092	0,090	0,091	0,093	0,095	0,092	0,101	0,103	0,091	0,091	0,091	0,090	0,089	0,091	0,091	0,091	0,091	0,090	0,094	0,093	0,087	0,091	0,088	0,091	0,094	0,091	0,092	0,093	0,091	0,090	0,091	0,092	0,091	0,090	0,090	0,089	0,089	0,090	0,089	0,090	0,092	0,090	0,092	0,092	0,419	0,095	0,378	0,091	0,709	0,091	0,334	0,090	0,387	0,090	0,454	0,090	0,092	0,758	0,090	0,854	0,089	0,746	0,091	0,711	0,089	0,739	0,094	0,796	0,095	0,093	0,090	0,091	0,096	0,093	0,090	0,092	0,091	0,090	0,093	0,098
5:08:04	37,0	0,116	0,093	0,092	0,091	0,092	0,093	0,096	0,103	0,098	0,106	0,094	0,107	0,103	0,092	0,095	0,092	0,092	0,091	0,091	0,094	0,095	0,092	0,102	0,104	0,091	0,091	0,092	0,090	0,089	0,091	0,091	0,091	0,091	0,090	0,094	0,093	0,087	0,091	0,089	0,091	0,094	0,091	0,092	0,093	0,091	0,090	0,091	0,092	0,091	0,090	0,090	0,090	0,089	0,090	0,089	0,090	0,092	0,090	0,092	0,092	0,439	0,095	0,392	0,091	0,731	0,091	0,349	0,090	0,404	0,090	0,471	0,091	0,092	0,776	0,090	0,842	0,090	0,764	0,091	0,735	0,090	0,755	0,095	0,824	0,095	0,093	0,091	0,091	0,097	0,093	0,090	0,092	0,091	0,091	0,094	0,098
5:18:04	37,0	0,116	0,093	0,092	0,091	0,091	0,093	0,096	0,103	0,098	0,106	0,094	0,107	0,103	0,092	0,095	0,092	0,092	0,090	0,091	0,093	0,095	0,092	0,101	0,103	0,091	0,091	0,092	0,090	0,089	0,091	0,091	0,091	0,091	0,090	0,094	0,093	0,087	0,091	0,088	0,091	0,094	0,091	0,092	0,093	0,091	0,090	0,091	0,092	0,091	0,090	0,090	0,090	0,089	0,090	0,089	0,090	0,092	0,090	0,092	0,092	0,461	0,095	0,407	0,091	0,748	0,091	0,366	0,090	0,419	0,090	0,487	0,091	0,092	0,796	0,090	0,856	0,089	0,779	0,091	0,753	0,090	0,774	0,095	0,851	0,095	0,093	0,091	0,091	0,097	0,093	0,090	0,092	0,092	0,091	0,094	0,098
5:28:04	37,0	0,116	0,093	0,092	0,091	0,092	0,093	0,096	0,103	0,098	0,106	0,094	0,107	0,103	0,092	0,095	0,092	0,092	0,090	0,091	0,093	0,095	0,092	0,101	0,103	0,091	0,091	0,092	0,090	0,089	0,091	0,091	0,091	0,091	0,090	0,094	0,093	0,087	0,090	0,089	0,091	0,094	0,091	0,092	0,093	0,091	0,090	0,091	0,092	0,091	0,090	0,090	0,090	0,089	0,090	0,089	0,090	0,092	0,090	0,092	0,092	0,479	0,094	0,419	0,091	0,763	0,091	0,385	0,090	0,435	0,090	0,504	0,091	0,092	0,813	0,090	0,873	0,089	0,796	0,091	0,774	0,090	0,790	0,095	0,874	0,095	0,093	0,091	0,091	0,097	0,093	0,090	0,092	0,091	0,091	0,094	0,098
5:38:04	37,0	0,116	0,093	0,092	0,091	0,092	0,093	0,096	0,103	0,098	0,106	0,094	0,107	0,103	0,092	0,095	0,092	0,092	0,090	0,091	0,094	0,095	0,092	0,101	0,103	0,091	0,091	0,091	0,090	0,089	0,091	0,091	0,091	0,091	0,090	0,093	0,093	0,087	0,091	0,088	0,091	0,094	0,091	0,092	0,093	0,091	0,090	0,091	0,092	0,091	0,090	0,089	0,090	0,089	0,090	0,090	0,090	0,092	0,090	0,092	0,092	0,500	0,094	0,433	0,091	0,778	0,090	0,402	0,090	0,450	0,090	0,521	0,090	0,092	0,830	0,090	0,891	0,089	0,814	0,091	0,793	0,090	0,807	0,094	0,894	0,095	0,093	0,091	0,091	0,097	0,093	0,090	0,092	0,091	0,091	0,094	0,098
5:48:04	37,0	0,116	0,092	0,092	0,091	0,092	0,093	0,096	0,103	0,098	0,106	0,094	0,107	0,103	0,092	0,095	0,092	0,092	0,090	0,091	0,093	0,095	0,092	0,102	0,103	0,091	0,091	0,092	0,090	0,089	0,091	0,091	0,091	0,091	0,090	0,094	0,093	0,087	0,091	0,089	0,091	0,094	0,091	0,092	0,093	0,091	0,090	0,090	0,092	0,091	0,090	0,090	0,090	0,089	0,090	0,089	0,090	0,092	0,090	0,092	0,092	0,518	0,095	0,445	0,091	0,788	0,090	0,416	0,090	0,465	0,090	0,540	0,091	0,092	0,848	0,090	0,901	0,089	0,830	0,091	0,807	0,089	0,820	0,094	0,914	0,095	0,093	0,091	0,091	0,097	0,093	0,090	0,092	0,091	0,090	0,094	0,098
5:58:04	37,0	0,116	0,093	0,092	0,091	0,092	0,093	0,096	0,104	0,098	0,106	0,094	0,107	0,103	0,092	0,095	0,092	0,092	0,090	0,091	0,093	0,095	0,092	0,101	0,103	0,091	0,091	0,091	0,090	0,089	0,090	0,091	0,091	0,091	0,090	0,094	0,093	0,087	0,091	0,088	0,091	0,094	0,091	0,092	0,093	0,091	0,090	0,091	0,092	0,091	0,090	0,090	0,090	0,089	0,090	0,089	0,090	0,092	0,090	0,092	0,092	0,539	0,095	0,457	0,091	0,798	0,090	0,428	0,090	0,481	0,090	0,552	0,090	0,092	0,867	0,090	0,909	0,089	0,847	0,091	0,824	0,090	0,835	0,094	0,935	0,095	0,093	0,091	0,091	0,097	0,093	0,090	0,092	0,091	0,090	0,094	0,098
6:08:04	37,0	0,116	0,093	0,092	0,091	0,092	0,093	0,096	0,104	0,098	0,106	0,094	0,107	0,103	0,092	0,095	0,092	0,092	0,090	0,091	0,094	0,095	0,092	0,102	0,104	0,091	0,091	0,092	0,090	0,089	0,091	0,091	0,091	0,091	0,090	0,094	0,093	0,087	0,091	0,089	0,091	0,094	0,091	0,092	0,093	0,091	0,090	0,091	0,092	0,091	0,090	0,090	0,090	0,089	0,090	0,090	0,090	0,092	0,090	0,092	0,092	0,556	0,095	0,468	0,091	0,818	0,091	0,438	0,090	0,494	0,090	0,562	0,091	0,092	0,887	0,090	0,923	0,090	0,861	0,091	0,842	0,090	0,852	0,095	0,954	0,095	0,093	0,091	0,091	0,097	0,093	0,090	0,092	0,092	0,091	0,094	0,098
6:18:04	37,0	0,116	0,093	0,092	0,091	0,092	0,093	0,096	0,104	0,098	0,106	0,094	0,107	0,103	0,092	0,095	0,092	0,092	0,090	0,091	0,094	0,095	0,092	0,102	0,104	0,091	0,091	0,092	0,090	0,089	0,091	0,091	0,091	0,091	0,090	0,094	0,093	0,087	0,090	0,088	0,091	0,094	0,091	0,092	0,093	0,091	0,090	0,091	0,092	0,091	0,090	0,089	0,090	0,089	0,090	0,089	0,090	0,092	0,090	0,092	0,092	0,571	0,095	0,475	0,091	0,838	0,091	0,447	0,090	0,509	0,090	0,574	0,090	0,092	0,903	0,090	0,929	0,090	0,877	0,091	0,861	0,090	0,870	0,095	0,978	0,095	0,093	0,091	0,091	0,097	0,093	0,090	0,092	0,092	0,091	0,094	0,098
6:28:04	37,0	0,116	0,093	0,092	0,091	0,092	0,093	0,096	0,104	0,098	0,106	0,094	0,107	0,103	0,092	0,095	0,092	0,092	0,090	0,091	0,094	0,096	0,092	0,102	0,104	0,091	0,091	0,092	0,090	0,089	0,091	0,091	0,091	0,091	0,090	0,094	0,093	0,087	0,091	0,088	0,091	0,094	0,091	0,092	0,093	0,091	0,090	0,091	0,092	0,091	0,090	0,090	0,090	0,089	0,090	0,089	0,090	0,092	0,090	0,092	0,092	0,584	0,095	0,486	0,091	0,847	0,091	0,458	0,090	0,523	0,090	0,591	0,091	0,092	0,928	0,090	0,937	0,090	0,894	0,091	0,882	0,090	0,884	0,095	1,002	0,095	0,093	0,091	0,091	0,097	0,093	0,090	0,092	0,092	0,091	0,094	0,098
6:38:04	37,0	0,116	0,092	0,092	0,091	0,092	0,093	0,096	0,104	0,098	0,106	0,094	0,107	0,103	0,092	0,095	0,092	0,092	0,090	0,091	0,094	0,095	0,092	0,102	0,104	0,091	0,091	0,092	0,090	0,089	0,091	0,091	0,091	0,091	0,090	0,094	0,093	0,087	0,091	0,089	0,091	0,094	0,091	0,092	0,093	0,091	0,090	0,091	0,092	0,091	0,090	0,090	0,090	0,089	0,090	0,089	0,090	0,092	0,090	0,092	0,092	0,595	0,095	0,496	0,091	0,858	0,090	0,469	0,090	0,539	0,090	0,600	0,090	0,092	0,941	0,090	0,953	0,089	0,908	0,091	0,901	0,090	0,901	0,094	1,022	0,095	0,093	0,091	0,091	0,097	0,093	0,090	0,092	0,092	0,091	0,094	0,098
6:48:04	37,0	0,116	0,093	0,092	0,091	0,092	0,093	0,096	0,104	0,098	0,106	0,094	0,107	0,103	0,092	0,095	0,092	0,092	0,091	0,091	0,094	0,096	0,092	0,102	0,104	0,091	0,091	0,092	0,090	0,089	0,091	0,091	0,091	0,091	0,090	0,094	0,093	0,087	0,091	0,089	0,091	0,094	0,091	0,092	0,093	0,091	0,090	0,091	0,092	0,091	0,090	0,090	0,090	0,089	0,090	0,089	0,090	0,092	0,090	0,092	0,092	0,603	0,095	0,501	0,091	0,875	0,090	0,478	0,090	0,551	0,090	0,609	0,091	0,092	0,960	0,090	0,968	0,090	0,920	0,091	0,920	0,090	0,918	0,094	1,044	0,095	0,093	0,091	0,091	0,097	0,093	0,090	0,092	0,091	0,091	0,094	0,098
6:58:04	37,0	0,116	0,093	0,092	0,091	0,092	0,093	0,096	0,104	0,098	0,106	0,094	0,107	0,103	0,092	0,095	0,092	0,092	0,090	0,091	0,094	0,096	0,092	0,102	0,104	0,091	0,091	0,092	0,090	0,089	0,091	0,091	0,091	0,091	0,090	0,094	0,093	0,087	0,091	0,089	0,091	0,094	0,091	0,092	0,093	0,091	0,090	0,091	0,092	0,092	0,090	0,090	0,090	0,089	0,090	0,090	0,090	0,092	0,090	0,092	0,092	0,617	0,095	0,507	0,091	0,894	0,090	0,486	0,090	0,566	0,090	0,618	0,091	0,092	0,976	0,090	0,988	0,090	0,933	0,091	0,941	0,090	0,934	0,095	1,068	0,095	0,093	0,091	0,091	0,097	0,092	0,090	0,092	0,091	0,091	0,094	0,099
7:08:04	37,0	0,116	0,093	0,092	0,091	0,092	0,093	0,096	0,104	0,098	0,106	0,094	0,107	0,103	0,092	0,095	0,092	0,092	0,090	0,091	0,094	0,096	0,092	0,102	0,104	0,091	0,091	0,092	0,090	0,089	0,091	0,091	0,091	0,091	0,090	0,094	0,093	0,087	0,091	0,088	0,091	0,094	0,091	0,092	0,093	0,091	0,090	0,091	0,092	0,092	0,090	0,089	0,090	0,089	0,090	0,089	0,090	0,092	0,090	0,092	0,092	0,628	0,095	0,511	0,091	0,909	0,091	0,495	0,090	0,579	0,090	0,628	0,091	0,092	0,994	0,090	0,998	0,089	0,950	0,091	0,960	0,089	0,955	0,095	1,094	0,095	0,093	0,091	0,091	0,097	0,093	0,090	0,092	0,091	0,091	0,094	0,098
7:18:04	37,0	0,116	0,093	0,092	0,091	0,092	0,093	0,096	0,104	0,098	0,106	0,094	0,107	0,103	0,092	0,095	0,092	0,092	0,090	0,091	0,094	0,096	0,092	0,102	0,104	0,091	0,091	0,091	0,090	0,089	0,091	0,091	0,091	0,091	0,090	0,093	0,093	0,087	0,091	0,088	0,091	0,094	0,091	0,092	0,093	0,091	0,090	0,091	0,092	0,091	0,090	0,090	0,090	0,089	0,090	0,089	0,090	0,092	0,090	0,092	0,092	0,640	0,095	0,517	0,091	0,922	0,090	0,504	0,090	0,592	0,090	0,637	0,091	0,092	1,007	0,090	1,011	0,089	0,962	0,091	0,971	0,090	0,966	0,095	1,109	0,095	0,093	0,091	0,091	0,098	0,092	0,090	0,092	0,091	0,091	0,094	0,098
7:28:04	37,0	0,117	0,093	0,092	0,091	0,092	0,093	0,096	0,104	0,098	0,106	0,094	0,107	0,103	0,092	0,095	0,092	0,092	0,090	0,091	0,094	0,096	0,092	0,102	0,104	0,091	0,091	0,092	0,090	0,089	0,091	0,091	0,091	0,091	0,090	0,094	0,093	0,087	0,091	0,089	0,091	0,094	0,091	0,092	0,093	0,091	0,090	0,091	0,092	0,091	0,090	0,090	0,090	0,089	0,090	0,090	0,090	0,092	0,090	0,092	0,093	0,657	0,095	0,522	0,091	0,933	0,091	0,512	0,090	0,603	0,090	0,643	0,091	0,092	1,024	0,090	1,025	0,089	0,981	0,091	0,991	0,090	0,984	0,095	1,133	0,095	0,093	0,091	0,092	0,098	0,093	0,090	0,092	0,092	0,091	0,094	0,099
7:38:04	37,0	0,116	0,093	0,092	0,091	0,092	0,093	0,096	0,104	0,098	0,106	0,094	0,107	0,103	0,092	0,095	0,092	0,092	0,090	0,091	0,094	0,096	0,092	0,102	0,104	0,091	0,091	0,092	0,090	0,089	0,091	0,091	0,091	0,091	0,090	0,094	0,093	0,087	0,091	0,088	0,091	0,094	0,091	0,092	0,093	0,091	0,090	0,091	0,092	0,092	0,090	0,090	0,090	0,089	0,090	0,089	0,090	0,092	0,090	0,092	0,092	0,668	0,095	0,528	0,091	0,950	0,091	0,521	0,090	0,614	0,090	0,649	0,090	0,092	1,039	0,090	1,034	0,090	0,993	0,091	1,004	0,090	0,998	0,095	1,149	0,095	0,093	0,091	0,092	0,097	0,092	0,090	0,092	0,091	0,091	0,094	0,099
7:48:04	37,0	0,117	0,093	0,092	0,091	0,092	0,093	0,096	0,104	0,098	0,106	0,094	0,107	0,104	0,092	0,095	0,092	0,092	0,090	0,091	0,094	0,096	0,093	0,102	0,104	0,091	0,092	0,092	0,090	0,089	0,091	0,091	0,091	0,091	0,090	0,094	0,093	0,088	0,091	0,089	0,091	0,094	0,091	0,092	0,093	0,091	0,090	0,091	0,092	0,092	0,090	0,090	0,090	0,089	0,090	0,089	0,090	0,092	0,090	0,092	0,092	0,680	0,095	0,534	0,091	0,968	0,091	0,530	0,090	0,625	0,090	0,658	0,091	0,092	1,055	0,090	1,046	0,090	1,012	0,091	1,026	0,090	1,017	0,095	1,173	0,095	0,093	0,091	0,092	0,098	0,093	0,090	0,092	0,092	0,091	0,094	0,099
7:58:04	37,0	0,117	0,093	0,092	0,091	0,092	0,093	0,096	0,104	0,098	0,107	0,094	0,107	0,104	0,092	0,095	0,092	0,092	0,090	0,091	0,094	0,096	0,092	0,102	0,104	0,091	0,091	0,092	0,090	0,089	0,091	0,091	0,091	0,091	0,090	0,094	0,093	0,087	0,091	0,089	0,091	0,094	0,091	0,092	0,093	0,091	0,090	0,091	0,092	0,092	0,090	0,090	0,090	0,089	0,090	0,089	0,090	0,092	0,090	0,092	0,092	0,691	0,095	0,541	0,091	0,978	0,091	0,536	0,090	0,635	0,090	0,664	0,091	0,092	1,069	0,090	1,054	0,090	1,024	0,091	1,035	0,090	1,031	0,095	1,190	0,095	0,093	0,091	0,091	0,097	0,092	0,090	0,092	0,091	0,091	0,094	0,099
8:08:04	37,0	0,116	0,093	0,092	0,091	0,092	0,093	0,096	0,104	0,098	0,107	0,094	0,107	0,103	0,092	0,095	0,092	0,092	0,090	0,091	0,094	0,096	0,092	0,102	0,104	0,091	0,091	0,091	0,090	0,089	0,091	0,091	0,091	0,091	0,090	0,094	0,093	0,088	0,091	0,088	0,091	0,094	0,091	0,092	0,093	0,091	0,090	0,091	0,092	0,092	0,090	0,090	0,090	0,089	0,090	0,090	0,090	0,092	0,090	0,092	0,092	0,700	0,095	0,546	0,091	0,996	0,090	0,544	0,090	0,644	0,090	0,671	0,091	0,092	1,088	0,090	1,065	0,090	1,035	0,091	1,049	0,090	1,044	0,095	1,208	0,095	0,093	0,091	0,091	0,098	0,092	0,090	0,092	0,092	0,091	0,094	0,099
8:18:04	37,0	0,117	0,093	0,091	0,091	0,092	0,093	0,096	0,104	0,098	0,106	0,094	0,107	0,103	0,092	0,095	0,092	0,092	0,090	0,091	0,094	0,096	0,092	0,102	0,104	0,091	0,091	0,092	0,090	0,089	0,091	0,091	0,091	0,091	0,090	0,093	0,093	0,087	0,091	0,088	0,091	0,094	0,091	0,092	0,093	0,091	0,090	0,090	0,092	0,091	0,090	0,090	0,090	0,089	0,090	0,089	0,090	0,092	0,090	0,092	0,092	0,711	0,095	0,553	0,091	1,008	0,090	0,550	0,090	0,652	0,090	0,678	0,090	0,092	1,097	0,090	1,074	0,090	1,046	0,091	1,059	0,090	1,053	0,094	1,225	0,095	0,093	0,091	0,092	0,097	0,092	0,090	0,092	0,092	0,091	0,094	0,099
8:28:04	37,0	0,117	0,093	0,092	0,091	0,092	0,093	0,096	0,104	0,098	0,107	0,094	0,107	0,104	0,092	0,095	0,092	0,092	0,090	0,091	0,094	0,096	0,093	0,102	0,104	0,091	0,091	0,092	0,090	0,089	0,091	0,091	0,091	0,091	0,090	0,093	0,093	0,087	0,091	0,089	0,091	0,094	0,091	0,092	0,093	0,091	0,090	0,091	0,092	0,092	0,090	0,090	0,090	0,089	0,090	0,089	0,090	0,092	0,090	0,092	0,092	0,723	0,095	0,560	0,091	1,018	0,091	0,554	0,090	0,661	0,090	0,684	0,091	0,092	1,107	0,090	1,086	0,090	1,062	0,091	1,071	0,090	1,064	0,095	1,241	0,095	0,093	0,091	0,092	0,097	0,092	0,090	0,092	0,092	0,091	0,094	0,099
8:38:04	37,0	0,117	0,093	0,092	0,091	0,092	0,093	0,096	0,104	0,098	0,107	0,094	0,107	0,104	0,092	0,095	0,092	0,092	0,090	0,091	0,094	0,096	0,093	0,102	0,104	0,091	0,091	0,092	0,090	0,089	0,091	0,091	0,091	0,091	0,090	0,094	0,093	0,088	0,091	0,089	0,091	0,094	0,092	0,092	0,093	0,091	0,090	0,091	0,092	0,092	0,091	0,090	0,090	0,090	0,090	0,089	0,090	0,092	0,090	0,092	0,092	0,733	0,095	0,566	0,091	1,031	0,091	0,559	0,090	0,671	0,090	0,692	0,091	0,092	1,122	0,090	1,096	0,090	1,071	0,091	1,085	0,090	1,075	0,095	1,259	0,095	0,093	0,091	0,092	0,098	0,092	0,091	0,092	0,092	0,091	0,094	0,099
8:48:04	37,0	0,117	0,093	0,092	0,091	0,092	0,093	0,096	0,104	0,098	0,107	0,094	0,107	0,104	0,092	0,095	0,092	0,092	0,090	0,091	0,095	0,096	0,093	0,102	0,104	0,092	0,091	0,092	0,090	0,089	0,091	0,091	0,091	0,091	0,090	0,094	0,093	0,088	0,091	0,088	0,091	0,094	0,091	0,092	0,093	0,091	0,090	0,091	0,092	0,092	0,090	0,090	0,090	0,089	0,090	0,090	0,090	0,092	0,090	0,092	0,092	0,746	0,095	0,572	0,091	1,042	0,091	0,564	0,090	0,681	0,090	0,701	0,091	0,093	1,136	0,090	1,104	0,090	1,084	0,091	1,097	0,090	1,088	0,095	1,279	0,095	0,093	0,091	0,092	0,098	0,092	0,091	0,092	0,092	0,091	0,094	0,099
8:58:04	37,0	0,117	0,093	0,092	0,091	0,092	0,093	0,096	0,104	0,098	0,107	0,094	0,107	0,104	0,092	0,095	0,092	0,092	0,090	0,091	0,094	0,096	0,093	0,102	0,104	0,091	0,091	0,092	0,090	0,089	0,091	0,091	0,091	0,091	0,091	0,094	0,093	0,088	0,091	0,088	0,091	0,094	0,092	0,092	0,093	0,091	0,090	0,091	0,092	0,092	0,090	0,090	0,090	0,089	0,090	0,089	0,090	0,092	0,090	0,092	0,092	0,756	0,095	0,579	0,091	1,054	0,091	0,569	0,090	0,691	0,090	0,710	0,091	0,093	1,148	0,090	1,113	0,090	1,099	0,091	1,114	0,090	1,101	0,095	1,298	0,095	0,093	0,091	0,092	0,097	0,092	0,091	0,092	0,092	0,091	0,094	0,099
9:08:04	37,0	0,117	0,093	0,092	0,091	0,092	0,093	0,096	0,104	0,098	0,107	0,094	0,107	0,104	0,092	0,095	0,092	0,092	0,090	0,091	0,094	0,096	0,093	0,102	0,104	0,091	0,091	0,092	0,090	0,089	0,091	0,091	0,091	0,091	0,090	0,094	0,093	0,088	0,091	0,089	0,091	0,094	0,091	0,092	0,093	0,091	0,090	0,091	0,092	0,092	0,090	0,090	0,090	0,089	0,090	0,089	0,090	0,092	0,090	0,092	0,092	0,767	0,095	0,585	0,091	1,064	0,091	0,573	0,090	0,701	0,090	0,718	0,091	0,092	1,158	0,090	1,121	0,090	1,111	0,091	1,123	0,090	1,114	0,095	1,310	0,095	0,093	0,091	0,092	0,097	0,092	0,090	0,092	0,092	0,091	0,094	0,099
9:18:04	37,0	0,117	0,093	0,092	0,091	0,092	0,093	0,096	0,104	0,098	0,107	0,094	0,107	0,103	0,092	0,095	0,092	0,092	0,090	0,091	0,094	0,096	0,093	0,102	0,104	0,092	0,091	0,092	0,090	0,089	0,091	0,091	0,091	0,091	0,090	0,094	0,093	0,088	0,091	0,088	0,091	0,094	0,091	0,092	0,093	0,091	0,090	0,091	0,092	0,092	0,090	0,090	0,090	0,089	0,090	0,090	0,090	0,092	0,090	0,092	0,092	0,778	0,095	0,591	0,091	1,075	0,091	0,579	0,090	0,711	0,090	0,725	0,091	0,092	1,168	0,090	1,130	0,090	1,123	0,091	1,132	0,090	1,126	0,095	1,324	0,095	0,093	0,091	0,092	0,097	0,092	0,090	0,092	0,092	0,091	0,094	0,099
9:28:04	37,0	0,117	0,093	0,092	0,091	0,092	0,093	0,096	0,104	0,098	0,107	0,094	0,107	0,104	0,092	0,095	0,093	0,092	0,091	0,091	0,095	0,096	0,093	0,102	0,104	0,092	0,092	0,092	0,090	0,089	0,091	0,091	0,091	0,091	0,090	0,094	0,093	0,088	0,091	0,089	0,091	0,094	0,092	0,092	0,093	0,091	0,090	0,091	0,092	0,092	0,090	0,090	0,090	0,089	0,090	0,089	0,090	0,092	0,090	0,092	0,092	0,788	0,095	0,600	0,091	1,081	0,091	0,583	0,090	0,721	0,090	0,733	0,091	0,093	1,178	0,090	1,138	0,090	1,134	0,091	1,143	0,090	1,139	0,095	1,336	0,095	0,093	0,091	0,092	0,098	0,092	0,091	0,092	0,092	0,091	0,094	0,099
9:38:04	37,0	0,117	0,093	0,092	0,091	0,092	0,093	0,096	0,104	0,098	0,107	0,094	0,107	0,103	0,092	0,095	0,092	0,092	0,090	0,091	0,094	0,096	0,093	0,102	0,104	0,092	0,091	0,092	0,090	0,089	0,091	0,091	0,091	0,091	0,090	0,094	0,093	0,087	0,091	0,088	0,091	0,094	0,091	0,092	0,093	0,091	0,090	0,091	0,092	0,092	0,090	0,090	0,090	0,089	0,090	0,089	0,090	0,092	0,090	0,092	0,092	0,797	0,095	0,606	0,091	1,091	0,090	0,587	0,090	0,731	0,090	0,741	0,091	0,092	1,187	0,090	1,145	0,090	1,147	0,091	1,155	0,090	1,151	0,095	1,347	0,095	0,093	0,091	0,092	0,097	0,092	0,091	0,092	0,092	0,091	0,094	0,099
9:48:04	37,0	0,117	0,093	0,092	0,091	0,092	0,093	0,096	0,104	0,098	0,107	0,094	0,107	0,104	0,092	0,095	0,092	0,092	0,091	0,091	0,094	0,096	0,093	0,102	0,104	0,091	0,091	0,092	0,090	0,089	0,091	0,091	0,091	0,091	0,090	0,094	0,093	0,088	0,091	0,088	0,091	0,094	0,091	0,092	0,093	0,091	0,090	0,091	0,092	0,092	0,090	0,090	0,090	0,089	0,090	0,089	0,090	0,092	0,090	0,092	0,092	0,809	0,095	0,614	0,091	1,100	0,091	0,592	0,090	0,741	0,090	0,748	0,091	0,092	1,197	0,090	1,152	0,090	1,159	0,091	1,166	0,090	1,164	0,095	1,362	0,095	0,093	0,091	0,092	0,097	0,092	0,091	0,092	0,092	0,091	0,094	0,099
9:58:04	37,0	0,117	0,093	0,092	0,091	0,092	0,093	0,096	0,104	0,098	0,107	0,094	0,107	0,104	0,092	0,095	0,092	0,092	0,090	0,091	0,094	0,096	0,093	0,102	0,104	0,092	0,091	0,091	0,090	0,089	0,091	0,091	0,091	0,091	0,090	0,094	0,093	0,087	0,091	0,088	0,091	0,094	0,091	0,092	0,093	0,091	0,090	0,091	0,092	0,092	0,090	0,090	0,090	0,089	0,090	0,089	0,090	0,092	0,090	0,092	0,092	0,819	0,095	0,619	0,091	1,111	0,091	0,598	0,090	0,750	0,090	0,756	0,091	0,092	1,211	0,090	1,157	0,090	1,173	0,091	1,179	0,090	1,172	0,095	1,376	0,095	0,093	0,091	0,092	0,097	0,092	0,091	0,092	0,092	0,091	0,094	0,099
10:08:04	37,0	0,117	0,093	0,092	0,091	0,092	0,093	0,097	0,105	0,098	0,107	0,094	0,107	0,104	0,092	0,095	0,092	0,092	0,090	0,091	0,095	0,096	0,093	0,102	0,104	0,092	0,092	0,092	0,090	0,089	0,091	0,091	0,091	0,091	0,090	0,094	0,093	0,088	0,091	0,089	0,091	0,094	0,091	0,092	0,093	0,091	0,090	0,091	0,092	0,092	0,090	0,090	0,090	0,089	0,090	0,089	0,090	0,092	0,090	0,092	0,092	0,831	0,095	0,626	0,091	1,119	0,091	0,603	0,090	0,760	0,090	0,764	0,091	0,092	1,222	0,091	1,165	0,090	1,183	0,091	1,193	0,090	1,181	0,095	1,387	0,095	0,093	0,091	0,092	0,098	0,092	0,091	0,092	0,092	0,091	0,094	0,099
10:18:04	37,0	0,117	0,093	0,092	0,091	0,092	0,093	0,097	0,105	0,098	0,107	0,094	0,107	0,104	0,092	0,095	0,092	0,093	0,091	0,091	0,095	0,097	0,093	0,102	0,104	0,092	0,091	0,092	0,090	0,089	0,091	0,091	0,091	0,091	0,090	0,094	0,093	0,088	0,091	0,089	0,091	0,094	0,091	0,092	0,093	0,091	0,090	0,091	0,092	0,092	0,091	0,090	0,090	0,089	0,090	0,089	0,090	0,092	0,090	0,092	0,092	0,842	0,095	0,632	0,091	1,126	0,091	0,607	0,090	0,769	0,090	0,773	0,091	0,093	1,229	0,090	1,171	0,090	1,196	0,091	1,203	0,090	1,190	0,095	1,397	0,095	0,093	0,091	0,092	0,098	0,092	0,091	0,092	0,092	0,091	0,094	0,099
10:28:04	37,0	0,117	0,093	0,092	0,091	0,092	0,094	0,097	0,105	0,098	0,107	0,094	0,108	0,104	0,092	0,095	0,093	0,093	0,091	0,091	0,095	0,097	0,093	0,103	0,104	0,092	0,092	0,092	0,090	0,089	0,091	0,091	0,091	0,091	0,091	0,094	0,093	0,088	0,091	0,089	0,091	0,095	0,092	0,093	0,093	0,091	0,090	0,091	0,093	0,092	0,091	0,090	0,090	0,090	0,090	0,090	0,090	0,092	0,090	0,092	0,093	0,853	0,095	0,640	0,092	1,132	0,091	0,610	0,090	0,779	0,091	0,778	0,091	0,093	1,236	0,091	1,178	0,090	1,204	0,091	1,206	0,090	1,200	0,095	1,403	0,096	0,093	0,091	0,092	0,098	0,093	0,091	0,093	0,092	0,092	0,094	0,099
10:38:04	37,0	0,117	0,093	0,092	0,091	0,092	0,093	0,096	0,105	0,098	0,107	0,094	0,107	0,104	0,092	0,095	0,092	0,092	0,091	0,091	0,095	0,096	0,093	0,103	0,104	0,092	0,092	0,092	0,090	0,089	0,091	0,091	0,091	0,091	0,091	0,093	0,093	0,088	0,091	0,089	0,091	0,094	0,092	0,092	0,093	0,091	0,090	0,091	0,092	0,092	0,091	0,090	0,090	0,089	0,090	0,090	0,090	0,092	0,090	0,092	0,092	0,863	0,095	0,646	0,091	1,141	0,091	0,613	0,090	0,789	0,090	0,786	0,091	0,093	1,241	0,090	1,183	0,090	1,211	0,091	1,215	0,090	1,208	0,095	1,415	0,095	0,093	0,091	0,092	0,098	0,092	0,090	0,092	0,092	0,091	0,094	0,099
10:48:04	37,0	0,117	0,093	0,092	0,091	0,092	0,094	0,097	0,105	0,098	0,107	0,094	0,108	0,104	0,092	0,095	0,093	0,093	0,091	0,091	0,095	0,097	0,093	0,103	0,104	0,092	0,092	0,092	0,091	0,089	0,091	0,091	0,091	0,091	0,091	0,094	0,093	0,088	0,091	0,089	0,091	0,094	0,092	0,093	0,093	0,091	0,090	0,091	0,093	0,092	0,091	0,090	0,090	0,089	0,090	0,090	0,090	0,092	0,090	0,092	0,093	0,877	0,095	0,652	0,092	1,149	0,091	0,617	0,090	0,799	0,091	0,796	0,091	0,093	1,252	0,090	1,188	0,090	1,223	0,091	1,223	0,090	1,214	0,095	1,420	0,095	0,093	0,091	0,092	0,099	0,092	0,091	0,093	0,092	0,091	0,094	0,099
10:58:04	37,0	0,117	0,093	0,092	0,091	0,092	0,093	0,097	0,105	0,098	0,107	0,094	0,107	0,104	0,092	0,095	0,092	0,092	0,091	0,091	0,095	0,096	0,093	0,103	0,104	0,092	0,092	0,092	0,090	0,089	0,091	0,091	0,091	0,091	0,090	0,094	0,093	0,088	0,091	0,089	0,091	0,094	0,092	0,092	0,093	0,091	0,090	0,091	0,092	0,092	0,091	0,090	0,090	0,090	0,090	0,090	0,090	0,093	0,090	0,092	0,092	0,887	0,095	0,658	0,092	1,155	0,091	0,623	0,090	0,808	0,090	0,802	0,091	0,093	1,257	0,090	1,193	0,090	1,232	0,091	1,230	0,090	1,219	0,095	1,427	0,096	0,093	0,091	0,092	0,098	0,092	0,091	0,093	0,092	0,091	0,094	0,099
11:08:04	37,0	0,117	0,093	0,092	0,091	0,092	0,094	0,097	0,105	0,098	0,107	0,094	0,108	0,104	0,092	0,095	0,093	0,093	0,091	0,091	0,095	0,096	0,093	0,103	0,104	0,092	0,092	0,092	0,091	0,089	0,091	0,091	0,091	0,091	0,091	0,094	0,093	0,088	0,091	0,089	0,091	0,094	0,092	0,092	0,093	0,091	0,090	0,091	0,092	0,092	0,090	0,090	0,090	0,090	0,090	0,090	0,090	0,093	0,090	0,092	0,093	0,897	0,095	0,665	0,092	1,161	0,091	0,630	0,090	0,815	0,091	0,811	0,091	0,092	1,267	0,091	1,198	0,090	1,242	0,091	1,240	0,090	1,224	0,095	1,434	0,095	0,093	0,091	0,092	0,099	0,092	0,091	0,093	0,092	0,091	0,094	0,099
11:18:04	37,0	0,117	0,093	0,092	0,091	0,092	0,094	0,097	0,105	0,098	0,107	0,094	0,107	0,104	0,092	0,095	0,092	0,092	0,090	0,091	0,094	0,097	0,093	0,103	0,104	0,092	0,091	0,092	0,090	0,089	0,091	0,091	0,091	0,091	0,090	0,094	0,093	0,088	0,091	0,089	0,091	0,094	0,091	0,093	0,093	0,091	0,090	0,091	0,092	0,092	0,091	0,090	0,090	0,089	0,090	0,090	0,090	0,092	0,090	0,092	0,092	0,905	0,095	0,671	0,091	1,167	0,091	0,635	0,090	0,825	0,091	0,818	0,091	0,093	1,272	0,091	1,204	0,090	1,249	0,091	1,245	0,090	1,230	0,095	1,435	0,095	0,093	0,091	0,092	0,099	0,092	0,091	0,092	0,092	0,091	0,094	0,099
11:28:04	37,0	0,117	0,093	0,092	0,091	0,092	0,093	0,097	0,105	0,098	0,107	0,094	0,108	0,104	0,092	0,095	0,093	0,093	0,091	0,091	0,095	0,097	0,093	0,103	0,104	0,092	0,092	0,092	0,091	0,089	0,091	0,091	0,091	0,091	0,090	0,094	0,093	0,088	0,091	0,089	0,091	0,094	0,091	0,092	0,093	0,091	0,090	0,091	0,092	0,092	0,091	0,090	0,090	0,089	0,090	0,089	0,090	0,092	0,090	0,092	0,093	0,913	0,095	0,677	0,092	1,171	0,091	0,642	0,090	0,833	0,090	0,827	0,091	0,093	1,277	0,091	1,207	0,090	1,260	0,091	1,255	0,090	1,234	0,095	1,439	0,095	0,093	0,091	0,092	0,099	0,092	0,091	0,092	0,092	0,091	0,094	0,099
11:38:04	37,0	0,117	0,093	0,092	0,091	0,092	0,093	0,097	0,105	0,098	0,107	0,094	0,107	0,104	0,092	0,095	0,092	0,093	0,091	0,091	0,095	0,097	0,093	0,103	0,104	0,092	0,092	0,092	0,091	0,089	0,091	0,091	0,091	0,091	0,091	0,094	0,093	0,088	0,091	0,089	0,091	0,094	0,092	0,093	0,093	0,091	0,090	0,091	0,092	0,092	0,091	0,090	0,090	0,090	0,090	0,090	0,090	0,093	0,090	0,092	0,093	0,919	0,095	0,684	0,092	1,177	0,091	0,645	0,090	0,843	0,090	0,830	0,091	0,093	1,281	0,091	1,214	0,090	1,267	0,091	1,255	0,090	1,240	0,095	1,436	0,095	0,093	0,091	0,092	0,099	0,092	0,091	0,092	0,092	0,092	0,094	0,099
11:48:04	37,0	0,117	0,093	0,092	0,091	0,092	0,093	0,097	0,105	0,098	0,107	0,094	0,108	0,104	0,092	0,095	0,093	0,093	0,091	0,091	0,095	0,097	0,093	0,103	0,104	0,092	0,092	0,092	0,090	0,089	0,091	0,091	0,091	0,091	0,090	0,094	0,093	0,088	0,091	0,089	0,091	0,094	0,091	0,092	0,093	0,091	0,090	0,091	0,092	0,092	0,091	0,090	0,090	0,089	0,090	0,090	0,090	0,092	0,090	0,092	0,093	0,927	0,095	0,691	0,091	1,183	0,091	0,649	0,090	0,849	0,090	0,841	0,091	0,093	1,288	0,091	1,217	0,090	1,273	0,091	1,264	0,090	1,244	0,095	1,439	0,095	0,093	0,091	0,092	0,099	0,092	0,091	0,092	0,092	0,091	0,094	0,099
11:58:04	37,0	0,117	0,093	0,092	0,091	0,092	0,093	0,097	0,105	0,098	0,107	0,094	0,108	0,104	0,092	0,095	0,092	0,093	0,091	0,091	0,095	0,097	0,093	0,103	0,104	0,092	0,092	0,092	0,090	0,089	0,091	0,091	0,091	0,091	0,091	0,094	0,093	0,088	0,091	0,089	0,091	0,095	0,091	0,093	0,093	0,091	0,090	0,091	0,092	0,092	0,091	0,090	0,090	0,090	0,090	0,090	0,090	0,093	0,090	0,092	0,093	0,935	0,095	0,698	0,092	1,190	0,091	0,654	0,090	0,857	0,091	0,848	0,091	0,093	1,291	0,091	1,222	0,090	1,282	0,091	1,267	0,090	1,249	0,095	1,439	0,095	0,094	0,091	0,092	0,099	0,092	0,091	0,093	0,092	0,091	0,094	0,099
12:08:04	37,0	0,117	0,093	0,092	0,091	0,092	0,094	0,097	0,105	0,098	0,107	0,095	0,108	0,104	0,092	0,095	0,092	0,093	0,091	0,091	0,095	0,097	0,093	0,103	0,104	0,092	0,091	0,092	0,090	0,089	0,091	0,091	0,091	0,091	0,091	0,094	0,093	0,088	0,091	0,089	0,091	0,094	0,092	0,092	0,093	0,091	0,090	0,091	0,093	0,092	0,091	0,090	0,090	0,090	0,090	0,090	0,090	0,093	0,090	0,092	0,093	0,942	0,095	0,705	0,091	1,195	0,091	0,660	0,090	0,865	0,091	0,856	0,091	0,093	1,300	0,091	1,227	0,090	1,285	0,091	1,278	0,090	1,255	0,095	1,434	0,095	0,093	0,091	0,092	0,100	0,092	0,091	0,093	0,092	0,091	0,094	0,099
12:18:04	37,0	0,117	0,093	0,092	0,091	0,092	0,093	0,096	0,105	0,098	0,107	0,094	0,107	0,104	0,092	0,095	0,092	0,092	0,090	0,091	0,095	0,097	0,093	0,103	0,104	0,092	0,091	0,092	0,090	0,089	0,091	0,091	0,091	0,091	0,090	0,094	0,093	0,088	0,091	0,089	0,091	0,094	0,091	0,092	0,093	0,091	0,090	0,091	0,092	0,092	0,090	0,090	0,090	0,090	0,090	0,090	0,090	0,092	0,090	0,092	0,092	0,948	0,095	0,711	0,091	1,198	0,091	0,665	0,090	0,875	0,090	0,862	0,091	0,093	1,301	0,091	1,232	0,090	1,296	0,091	1,280	0,090	1,261	0,095	1,433	0,095	0,093	0,091	0,092	0,099	0,092	0,091	0,092	0,092	0,091	0,094	0,099
12:28:04	37,0	0,117	0,093	0,092	0,091	0,092	0,093	0,097	0,105	0,099	0,107	0,094	0,107	0,104	0,092	0,095	0,093	0,092	0,091	0,091	0,095	0,097	0,093	0,103	0,104	0,092	0,092	0,092	0,090	0,089	0,091	0,091	0,091	0,091	0,091	0,094	0,093	0,088	0,091	0,089	0,091	0,094	0,091	0,093	0,093	0,091	0,090	0,091	0,092	0,092	0,091	0,090	0,090	0,090	0,090	0,090	0,090	0,092	0,090	0,092	0,092	0,953	0,095	0,718	0,091	1,205	0,091	0,671	0,090	0,882	0,091	0,868	0,091	0,093	1,304	0,091	1,238	0,090	1,299	0,091	1,283	0,090	1,266	0,095	1,430	0,095	0,093	0,091	0,092	0,099	0,092	0,091	0,092	0,092	0,091	0,094	0,099
12:38:04	37,0	0,117	0,093	0,092	0,091	0,092	0,094	0,097	0,105	0,099	0,107	0,095	0,108	0,104	0,092	0,095	0,093	0,092	0,091	0,091	0,095	0,097	0,093	0,103	0,104	0,092	0,092	0,092	0,090	0,089	0,091	0,091	0,091	0,091	0,091	0,094	0,093	0,088	0,091	0,089	0,091	0,095	0,092	0,093	0,094	0,091	0,090	0,091	0,093	0,092	0,091	0,090	0,090	0,090	0,090	0,090	0,090	0,093	0,090	0,092	0,093	0,958	0,095	0,724	0,092	1,210	0,091	0,677	0,090	0,888	0,091	0,874	0,091	0,093	1,308	0,091	1,243	0,090	1,304	0,092	1,288	0,090	1,270	0,095	1,427	0,095	0,094	0,091	0,092	0,099	0,092	0,091	0,093	0,092	0,092	0,094	0,099
12:48:04	37,0	0,117	0,093	0,092	0,091	0,092	0,093	0,097	0,105	0,099	0,107	0,095	0,108	0,104	0,092	0,095	0,093	0,093	0,091	0,091	0,095	0,097	0,093	0,103	0,104	0,092	0,092	0,092	0,091	0,089	0,091	0,091	0,091	0,091	0,091	0,094	0,093	0,088	0,091	0,089	0,091	0,095	0,092	0,093	0,093	0,091	0,090	0,091	0,092	0,092	0,091	0,090	0,090	0,090	0,090	0,090	0,090	0,093	0,090	0,092	0,093	0,963	0,095	0,730	0,092	1,213	0,091	0,681	0,090	0,894	0,091	0,882	0,091	0,093	1,313	0,091	1,246	0,090	1,311	0,092	1,292	0,090	1,274	0,095	1,425	0,096	0,094	0,091	0,092	0,099	0,092	0,091	0,093	0,092	0,092	0,094	0,099
12:58:04	37,0	0,117	0,093	0,092	0,091	0,092	0,093	0,096	0,105	0,098	0,107	0,094	0,108	0,104	0,092	0,095	0,092	0,093	0,091	0,091	0,095	0,097	0,093	0,103	0,104	0,092	0,091	0,092	0,090	0,089	0,091	0,091	0,091	0,091	0,090	0,093	0,093	0,088	0,091	0,089	0,091	0,094	0,092	0,093	0,093	0,091	0,090	0,091	0,092	0,092	0,091	0,090	0,090	0,090	0,090	0,090	0,090	0,092	0,090	0,092	0,092	0,968	0,095	0,735	0,091	1,219	0,091	0,685	0,090	0,901	0,091	0,890	0,091	0,093	1,318	0,091	1,252	0,090	1,313	0,091	1,296	0,090	1,276	0,095	1,423	0,096	0,093	0,091	0,092	0,098	0,092	0,091	0,092	0,092	0,091	0,094	0,099
13:08:04	37,0	0,117	0,093	0,092	0,091	0,092	0,093	0,096	0,105	0,098	0,107	0,094	0,108	0,104	0,092	0,095	0,093	0,092	0,091	0,091	0,095	0,097	0,093	0,103	0,104	0,092	0,092	0,092	0,090	0,089	0,091	0,091	0,091	0,091	0,091	0,094	0,093	0,088	0,091	0,089	0,091	0,094	0,092	0,093	0,093	0,091	0,090	0,091	0,092	0,092	0,091	0,090	0,090	0,090	0,090	0,090	0,090	0,092	0,090	0,092	0,092	0,974	0,095	0,740	0,091	1,224	0,091	0,690	0,090	0,907	0,091	0,897	0,091	0,093	1,318	0,091	1,256	0,090	1,316	0,091	1,301	0,090	1,280	0,095	1,422	0,096	0,093	0,091	0,092	0,098	0,092	0,091	0,092	0,092	0,091	0,094	0,099
13:18:04	36,9	0,117	0,093	0,092	0,091	0,092	0,093	0,097	0,105	0,098	0,107	0,094	0,107	0,104	0,092	0,095	0,093	0,093	0,091	0,091	0,095	0,097	0,093	0,103	0,104	0,092	0,092	0,092	0,090	0,089	0,091	0,091	0,091	0,091	0,091	0,094	0,093	0,088	0,091	0,089	0,091	0,094	0,092	0,092	0,093	0,091	0,090	0,091	0,092	0,092	0,091	0,090	0,090	0,090	0,090	0,090	0,090	0,093	0,090	0,092	0,093	0,978	0,095	0,746	0,092	1,226	0,091	0,693	0,090	0,916	0,091	0,904	0,091	0,093	1,322	0,091	1,262	0,090	1,321	0,091	1,306	0,090	1,284	0,095	1,424	0,095	0,094	0,091	0,092	0,097	0,092	0,091	0,093	0,092	0,091	0,094	0,099
13:28:04	37,0	0,117	0,093	0,092	0,091	0,092	0,093	0,097	0,105	0,099	0,107	0,094	0,108	0,104	0,093	0,095	0,093	0,093	0,091	0,092	0,095	0,097	0,093	0,103	0,104	0,092	0,092	0,092	0,090	0,089	0,091	0,091	0,092	0,091	0,091	0,094	0,093	0,088	0,091	0,089	0,091	0,095	0,092	0,093	0,094	0,091	0,090	0,091	0,093	0,092	0,091	0,090	0,090	0,090	0,091	0,090	0,090	0,093	0,091	0,092	0,093	0,984	0,095	0,752	0,092	1,230	0,091	0,699	0,090	0,921	0,091	0,913	0,091	0,093	1,331	0,091	1,267	0,090	1,325	0,091	1,309	0,090	1,286	0,095	1,421	0,096	0,093	0,092	0,092	0,098	0,092	0,091	0,093	0,092	0,092	0,094	0,099
13:38:04	37,0	0,117	0,093	0,092	0,091	0,092	0,093	0,097	0,105	0,098	0,107	0,095	0,108	0,104	0,092	0,095	0,093	0,093	0,091	0,091	0,095	0,097	0,093	0,103	0,104	0,092	0,092	0,092	0,090	0,089	0,091	0,091	0,091	0,091	0,091	0,094	0,093	0,088	0,091	0,089	0,091	0,094	0,092	0,093	0,093	0,091	0,090	0,091	0,092	0,092	0,091	0,090	0,090	0,090	0,090	0,090	0,090	0,093	0,090	0,092	0,093	0,989	0,095	0,756	0,092	1,235	0,091	0,703	0,090	0,926	0,090	0,919	0,091	0,093	1,328	0,091	1,271	0,090	1,327	0,091	1,314	0,090	1,291	0,095	1,424	0,096	0,094	0,091	0,092	0,097	0,092	0,091	0,093	0,092	0,091	0,094	0,099
13:48:04	37,0	0,117	0,093	0,092	0,091	0,092	0,093	0,097	0,105	0,099	0,107	0,095	0,108	0,104	0,092	0,095	0,093	0,093	0,091	0,091	0,095	0,097	0,093	0,103	0,104	0,092	0,092	0,092	0,091	0,089	0,091	0,091	0,091	0,091	0,091	0,094	0,093	0,088	0,091	0,089	0,091	0,095	0,092	0,093	0,093	0,091	0,090	0,091	0,093	0,092	0,091	0,090	0,090	0,090	0,090	0,090	0,090	0,093	0,090	0,092	0,093	0,994	0,095	0,761	0,092	1,240	0,091	0,708	0,090	0,935	0,091	0,926	0,091	0,093	1,330	0,091	1,278	0,090	1,331	0,092	1,319	0,090	1,296	0,095	1,424	0,096	0,094	0,092	0,092	0,098	0,092	0,091	0,093	0,092	0,092	0,094	0,099
13:58:04	37,0	0,116	0,093	0,092	0,091	0,092	0,093	0,096	0,105	0,098	0,107	0,095	0,108	0,104	0,092	0,095	0,093	0,093	0,091	0,091	0,095	0,097	0,093	0,103	0,104	0,092	0,092	0,092	0,091	0,089	0,091	0,091	0,091	0,091	0,091	0,094	0,093	0,088	0,091	0,089	0,091	0,094	0,091	0,093	0,093	0,091	0,090	0,091	0,093	0,092	0,091	0,090	0,090	0,090	0,090	0,090	0,090	0,093	0,090	0,092	0,093	0,996	0,095	0,766	0,091	1,241	0,091	0,712	0,090	0,940	0,091	0,929	0,091	0,093	1,331	0,091	1,285	0,090	1,335	0,091	1,324	0,090	1,298	0,095	1,422	0,095	0,093	0,091	0,092	0,097	0,092	0,091	0,092	0,092	0,092	0,094	0,099
14:08:04	37,0	0,117	0,093	0,092	0,091	0,092	0,093	0,097	0,105	0,098	0,107	0,095	0,108	0,104	0,092	0,095	0,093	0,093	0,091	0,091	0,095	0,097	0,093	0,103	0,104	0,092	0,092	0,092	0,090	0,089	0,091	0,091	0,091	0,091	0,090	0,094	0,093	0,088	0,091	0,089	0,091	0,095	0,092	0,093	0,093	0,091	0,090	0,091	0,093	0,092	0,091	0,090	0,090	0,090	0,090	0,090	0,090	0,093	0,090	0,092	0,093	1,001	0,095	0,770	0,092	1,245	0,091	0,717	0,090	0,945	0,091	0,935	0,091	0,093	1,335	0,091	1,288	0,090	1,337	0,091	1,327	0,090	1,302	0,095	1,425	0,095	0,094	0,092	0,092	0,098	0,092	0,091	0,092	0,092	0,091	0,094	0,099
14:18:04	37,0	0,116	0,093	0,092	0,091	0,092	0,093	0,097	0,105	0,098	0,107	0,095	0,108	0,104	0,092	0,095	0,092	0,093	0,091	0,091	0,095	0,097	0,093	0,103	0,104	0,092	0,092	0,092	0,090	0,089	0,091	0,091	0,091	0,091	0,091	0,094	0,093	0,088	0,091	0,089	0,091	0,094	0,091	0,092	0,093	0,091	0,090	0,091	0,092	0,092	0,091	0,090	0,090	0,090	0,090	0,090	0,090	0,093	0,090	0,092	0,093	1,005	0,095	0,775	0,092	1,248	0,091	0,721	0,090	0,950	0,090	0,941	0,091	0,093	1,336	0,091	1,294	0,090	1,340	0,091	1,330	0,090	1,304	0,095	1,427	0,095	0,094	0,091	0,092	0,098	0,092	0,091	0,092	0,092	0,091	0,094	0,099
14:28:04	37,0	0,116	0,093	0,092	0,091	0,092	0,093	0,097	0,105	0,099	0,107	0,095	0,108	0,104	0,092	0,095	0,093	0,093	0,090	0,091	0,095	0,097	0,093	0,103	0,104	0,092	0,092	0,092	0,090	0,089	0,091	0,091	0,091	0,091	0,091	0,094	0,093	0,088	0,091	0,089	0,091	0,094	0,091	0,093	0,093	0,091	0,090	0,091	0,093	0,092	0,091	0,090	0,090	0,090	0,090	0,090	0,090	0,093	0,090	0,092	0,093	1,008	0,095	0,780	0,092	1,252	0,091	0,726	0,090	0,955	0,091	0,944	0,091	0,093	1,337	0,091	1,300	0,090	1,342	0,092	1,335	0,090	1,308	0,095	1,428	0,096	0,094	0,091	0,092	0,097	0,092	0,091	0,092	0,092	0,092	0,094	0,099
14:38:04	37,0	0,116	0,093	0,092	0,091	0,092	0,093	0,097	0,105	0,098	0,107	0,095	0,108	0,104	0,092	0,095	0,093	0,093	0,091	0,091	0,095	0,097	0,093	0,104	0,104	0,092	0,092	0,092	0,090	0,089	0,091	0,091	0,091	0,091	0,091	0,094	0,093	0,088	0,091	0,089	0,091	0,094	0,091	0,093	0,093	0,091	0,090	0,091	0,092	0,092	0,091	0,090	0,090	0,090	0,090	0,090	0,090	0,092	0,090	0,092	0,093	1,013	0,095	0,784	0,092	1,255	0,091	0,731	0,090	0,961	0,091	0,949	0,091	0,093	1,339	0,091	1,304	0,090	1,347	0,091	1,339	0,090	1,310	0,095	1,427	0,096	0,094	0,091	0,092	0,098	0,092	0,091	0,093	0,092	0,091	0,094	0,099
14:48:04	37,0	0,116	0,093	0,092	0,091	0,092	0,093	0,097	0,105	0,098	0,107	0,095	0,108	0,104	0,092	0,095	0,093	0,093	0,091	0,091	0,095	0,097	0,093	0,104	0,104	0,092	0,092	0,092	0,090	0,089	0,091	0,091	0,091	0,091	0,091	0,094	0,093	0,088	0,091	0,089	0,091	0,095	0,092	0,093	0,093	0,091	0,090	0,091	0,093	0,092	0,091	0,090	0,090	0,090	0,090	0,090	0,090	0,093	0,090	0,092	0,093	1,018	0,095	0,789	0,092	1,259	0,091	0,735	0,090	0,966	0,091	0,955	0,091	0,093	1,340	0,091	1,310	0,091	1,349	0,092	1,342	0,090	1,314	0,095	1,429	0,096	0,094	0,091	0,092	0,098	0,092	0,091	0,093	0,092	0,092	0,094	0,099
14:58:04	36,9	0,116	0,093	0,092	0,091	0,092	0,093	0,097	0,105	0,099	0,107	0,095	0,108	0,104	0,092	0,095	0,093	0,093	0,091	0,091	0,095	0,097	0,093	0,104	0,104	0,092	0,092	0,092	0,090	0,089	0,091	0,091	0,091	0,091	0,091	0,094	0,093	0,088	0,091	0,089	0,091	0,095	0,092	0,093	0,093	0,091	0,090	0,091	0,093	0,092	0,091	0,090	0,090	0,090	0,090	0,090	0,090	0,093	0,090	0,092	0,093	1,022	0,095	0,791	0,092	1,261	0,091	0,738	0,091	0,970	0,091	0,961	0,091	0,093	1,343	0,091	1,312	0,090	1,351	0,092	1,345	0,090	1,316	0,095	1,427	0,095	0,094	0,091	0,092	0,098	0,092	0,091	0,093	0,092	0,092	0,094	0,099
15:08:04	37,0	0,116	0,093	0,092	0,091	0,092	0,093	0,097	0,105	0,098	0,107	0,096	0,108	0,104	0,093	0,095	0,093	0,093	0,091	0,091	0,095	0,097	0,093	0,104	0,105	0,092	0,092	0,092	0,091	0,089	0,091	0,091	0,092	0,091	0,090	0,094	0,093	0,088	0,091	0,089	0,091	0,094	0,092	0,093	0,093	0,091	0,090	0,091	0,093	0,092	0,091	0,090	0,090	0,090	0,090	0,090	0,090	0,093	0,090	0,092	0,093	1,025	0,095	0,795	0,092	1,264	0,091	0,742	0,090	0,975	0,091	0,967	0,091	0,093	1,343	0,091	1,316	0,090	1,350	0,092	1,347	0,090	1,319	0,095	1,429	0,096	0,094	0,092	0,092	0,099	0,092	0,091	0,092	0,092	0,092	0,094	0,099
15:18:04	37,0	0,117	0,093	0,092	0,091	0,092	0,093	0,097	0,105	0,099	0,107	0,097	0,108	0,104	0,093	0,096	0,093	0,093	0,091	0,091	0,095	0,097	0,093	0,104	0,105	0,092	0,092	0,092	0,091	0,089	0,091	0,091	0,091	0,091	0,091	0,094	0,093	0,088	0,091	0,089	0,091	0,095	0,092	0,093	0,094	0,091	0,090	0,091	0,093	0,092	0,091	0,090	0,090	0,090	0,090	0,090	0,090	0,093	0,090	0,092	0,093	1,030	0,095	0,801	0,092	1,266	0,091	0,749	0,090	0,981	0,091	0,970	0,091	0,093	1,344	0,091	1,324	0,091	1,353	0,092	1,352	0,090	1,321	0,095	1,428	0,096	0,094	0,092	0,092	0,100	0,092	0,091	0,093	0,092	0,092	0,094	0,099
15:28:04	37,0	0,116	0,093	0,092	0,091	0,092	0,093	0,096	0,105	0,098	0,107	0,098	0,108	0,104	0,093	0,095	0,092	0,093	0,091	0,091	0,095	0,097	0,093	0,104	0,105	0,092	0,092	0,092	0,090	0,089	0,091	0,091	0,091	0,091	0,091	0,093	0,093	0,088	0,091	0,089	0,091	0,094	0,091	0,093	0,093	0,091	0,090	0,091	0,092	0,092	0,091	0,090	0,090	0,089	0,090	0,090	0,090	0,093	0,090	0,092	0,093	1,033	0,095	0,805	0,092	1,265	0,091	0,751	0,090	0,985	0,090	0,976	0,091	0,093	1,346	0,091	1,325	0,090	1,354	0,092	1,354	0,090	1,325	0,095	1,430	0,095	0,094	0,091	0,092	0,099	0,092	0,091	0,093	0,092	0,091	0,093	0,099
15:38:04	37,0	0,116	0,093	0,092	0,091	0,092	0,093	0,097	0,105	0,099	0,107	0,099	0,108	0,104	0,092	0,095	0,093	0,093	0,091	0,091	0,095	0,097	0,093	0,104	0,104	0,092	0,092	0,092	0,090	0,089	0,091	0,091	0,091	0,091	0,090	0,094	0,093	0,088	0,091	0,089	0,091	0,094	0,091	0,093	0,093	0,091	0,090	0,091	0,092	0,092	0,091	0,090	0,090	0,090	0,090	0,090	0,090	0,093	0,090	0,092	0,093	1,036	0,095	0,809	0,092	1,269	0,091	0,758	0,090	0,990	0,091	0,981	0,091	0,093	1,347	0,091	1,329	0,090	1,355	0,092	1,359	0,090	1,327	0,095	1,429	0,095	0,094	0,091	0,092	0,098	0,092	0,091	0,093	0,092	0,092	0,094	0,099
15:48:04	37,0	0,116	0,093	0,092	0,091	0,092	0,093	0,096	0,105	0,098	0,107	0,100	0,108	0,104	0,093	0,095	0,093	0,093	0,091	0,091	0,095	0,097	0,093	0,104	0,104	0,092	0,092	0,092	0,090	0,089	0,091	0,091	0,091	0,091	0,090	0,093	0,093	0,088	0,091	0,089	0,091	0,094	0,091	0,093	0,093	0,091	0,090	0,091	0,092	0,092	0,091	0,090	0,090	0,090	0,090	0,090	0,090	0,092	0,090	0,092	0,092	1,040	0,095	0,813	0,092	1,271	0,091	0,761	0,090	0,996	0,091	0,984	0,091	0,093	1,346	0,091	1,331	0,090	1,357	0,091	1,360	0,090	1,330	0,095	1,426	0,095	0,094	0,091	0,092	0,098	0,092	0,091	0,092	0,092	0,091	0,094	0,099
15:58:04	37,0	0,116	0,093	0,092	0,091	0,092	0,093	0,097	0,105	0,098	0,107	0,100	0,108	0,104	0,092	0,095	0,093	0,093	0,091	0,091	0,095	0,097	0,093	0,104	0,104	0,092	0,092	0,092	0,090	0,089	0,091	0,091	0,091	0,091	0,090	0,094	0,093	0,088	0,091	0,089	0,091	0,094	0,092	0,093	0,093	0,091	0,090	0,091	0,092	0,092	0,091	0,090	0,090	0,090	0,090	0,090	0,090	0,093	0,090	0,092	0,093	1,043	0,095	0,818	0,092	1,273	0,091	0,765	0,090	0,999	0,091	0,991	0,091	0,093	1,347	0,091	1,333	0,090	1,357	0,091	1,362	0,090	1,332	0,095	1,429	0,095	0,094	0,091	0,092	0,097	0,092	0,091	0,092	0,092	0,092	0,093	0,099
16:08:04	37,0	0,116	0,093	0,092	0,091	0,092	0,093	0,097	0,105	0,098	0,107	0,100	0,108	0,104	0,092	0,095	0,093	0,093	0,091	0,091	0,095	0,097	0,093	0,104	0,105	0,092	0,092	0,092	0,091	0,089	0,091	0,091	0,091	0,091	0,091	0,094	0,093	0,088	0,091	0,089	0,091	0,094	0,092	0,093	0,093	0,091	0,090	0,091	0,092	0,092	0,091	0,090	0,090	0,090	0,090	0,090	0,090	0,093	0,090	0,092	0,093	1,047	0,095	0,822	0,092	1,276	0,091	0,770	0,090	1,006	0,091	0,997	0,091	0,093	1,348	0,091	1,336	0,090	1,360	0,092	1,367	0,090	1,335	0,095	1,429	0,095	0,094	0,092	0,092	0,097	0,092	0,091	0,093	0,092	0,092	0,094	0,099
16:18:04	37,0	0,116	0,093	0,092	0,091	0,092	0,093	0,097	0,105	0,099	0,107	0,100	0,108	0,105	0,093	0,096	0,093	0,093	0,091	0,091	0,095	0,097	0,093	0,104	0,105	0,092	0,092	0,092	0,091	0,090	0,091	0,091	0,091	0,091	0,091	0,094	0,093	0,088	0,091	0,089	0,091	0,095	0,092	0,093	0,094	0,091	0,090	0,091	0,092	0,093	0,091	0,090	0,090	0,090	0,090	0,090	0,090	0,093	0,090	0,092	0,093	1,049	0,095	0,825	0,092	1,277	0,091	0,772	0,091	1,009	0,091	1,002	0,091	0,093	1,350	0,091	1,340	0,091	1,361	0,092	1,369	0,090	1,338	0,096	1,431	0,096	0,094	0,092	0,092	0,098	0,092	0,091	0,093	0,092	0,092	0,094	0,099
16:28:04	37,0	0,116	0,093	0,092	0,091	0,092	0,093	0,097	0,105	0,099	0,107	0,097	0,108	0,105	0,093	0,095	0,093	0,093	0,091	0,091	0,095	0,097	0,093	0,104	0,105	0,092	0,092	0,092	0,091	0,089	0,091	0,091	0,091	0,091	0,091	0,094	0,093	0,088	0,091	0,089	0,091	0,095	0,092	0,093	0,093	0,091	0,090	0,091	0,093	0,092	0,091	0,090	0,090	0,090	0,090	0,090	0,090	0,093	0,091	0,092	0,093	1,053	0,095	0,828	0,092	1,278	0,091	0,775	0,090	1,015	0,091	1,008	0,091	0,093	1,349	0,091	1,339	0,090	1,358	0,092	1,371	0,090	1,341	0,096	1,432	0,096	0,094	0,092	0,092	0,098	0,092	0,091	0,093	0,092	0,092	0,094	0,099
16:38:04	37,0	0,116	0,093	0,092	0,091	0,092	0,093	0,097	0,105	0,098	0,107	0,095	0,108	0,105	0,093	0,095	0,093	0,093	0,091	0,091	0,095	0,097	0,093	0,104	0,105	0,092	0,092	0,092	0,091	0,090	0,091	0,091	0,091	0,091	0,091	0,094	0,093	0,088	0,091	0,089	0,091	0,095	0,092	0,093	0,093	0,091	0,090	0,091	0,092	0,093	0,091	0,090	0,090	0,090	0,090	0,090	0,090	0,093	0,090	0,092	0,093	1,054	0,095	0,831	0,092	1,281	0,091	0,780	0,090	1,020	0,091	1,010	0,091	0,093	1,351	0,091	1,341	0,090	1,360	0,092	1,375	0,090	1,342	0,095	1,429	0,096	0,094	0,092	0,092	0,098	0,092	0,091	0,093	0,092	0,092	0,094	0,099
16:48:04	37,0	0,116	0,093	0,092	0,091	0,092	0,093	0,097	0,105	0,098	0,107	0,095	0,108	0,104	0,092	0,095	0,093	0,093	0,091	0,091	0,095	0,097	0,093	0,104	0,105	0,092	0,092	0,092	0,090	0,089	0,091	0,091	0,091	0,091	0,091	0,094	0,093	0,088	0,091	0,088	0,091	0,094	0,092	0,093	0,093	0,091	0,090	0,091	0,092	0,092	0,091	0,090	0,090	0,090	0,090	0,090	0,090	0,093	0,090	0,092	0,093	1,058	0,095	0,833	0,091	1,281	0,091	0,783	0,090	1,024	0,091	1,014	0,091	0,093	1,350	0,091	1,342	0,090	1,359	0,091	1,375	0,090	1,345	0,095	1,426	0,095	0,094	0,092	0,092	0,097	0,092	0,091	0,093	0,092	0,092	0,093	0,099
16:58:04	37,0	0,116	0,093	0,092	0,091	0,092	0,093	0,097	0,105	0,099	0,107	0,095	0,108	0,104	0,093	0,095	0,092	0,093	0,091	0,091	0,095	0,097	0,093	0,104	0,105	0,092	0,092	0,092	0,090	0,089	0,091	0,091	0,091	0,091	0,091	0,093	0,093	0,088	0,091	0,089	0,091	0,095	0,092	0,093	0,093	0,091	0,090	0,091	0,092	0,093	0,091	0,090	0,090	0,090	0,090	0,090	0,090	0,093	0,090	0,092	0,093	1,060	0,095	0,837	0,092	1,285	0,091	0,787	0,090	1,028	0,091	1,017	0,091	0,093	1,350	0,091	1,344	0,091	1,360	0,092	1,379	0,090	1,347	0,095	1,426	0,095	0,094	0,092	0,092	0,098	0,092	0,091	0,093	0,092	0,092	0,094	0,100
17:08:04	37,0	0,116	0,093	0,092	0,091	0,092	0,093	0,096	0,105	0,099	0,107	0,095	0,108	0,105	0,093	0,095	0,093	0,093	0,091	0,091	0,095	0,097	0,093	0,104	0,105	0,092	0,092	0,092	0,090	0,089	0,091	0,091	0,091	0,091	0,091	0,093	0,093	0,088	0,091	0,089	0,091	0,095	0,092	0,093	0,093	0,091	0,090	0,091	0,092	0,093	0,091	0,090	0,090	0,090	0,090	0,090	0,090	0,093	0,090	0,092	0,093	1,062	0,095	0,840	0,092	1,285	0,091	0,791	0,090	1,033	0,091	1,023	0,091	0,093	1,348	0,091	1,343	0,091	1,361	0,092	1,381	0,090	1,350	0,095	1,425	0,095	0,094	0,092	0,092	0,098	0,092	0,091	0,093	0,092	0,092	0,094	0,099
17:18:04	37,0	0,116	0,093	0,092	0,091	0,092	0,093	0,097	0,105	0,099	0,107	0,095	0,108	0,105	0,092	0,095	0,093	0,093	0,091	0,091	0,095	0,097	0,093	0,104	0,105	0,092	0,092	0,092	0,090	0,089	0,091	0,091	0,091	0,091	0,091	0,094	0,093	0,088	0,091	0,089	0,091	0,095	0,092	0,093	0,093	0,091	0,090	0,091	0,093	0,093	0,091	0,090	0,090	0,090	0,090	0,090	0,090	0,093	0,090	0,092	0,093	1,065	0,095	0,843	0,092	1,285	0,091	0,794	0,091	1,036	0,091	1,026	0,091	0,093	1,351	0,091	1,346	0,091	1,361	0,092	1,384	0,090	1,353	0,095	1,429	0,096	0,094	0,092	0,092	0,099	0,092	0,091	0,093	0,092	0,092	0,094	0,099
17:28:04	37,0	0,116	0,093	0,092	0,091	0,092	0,093	0,097	0,105	0,098	0,107	0,094	0,108	0,104	0,092	0,095	0,092	0,093	0,091	0,091	0,095	0,097	0,093	0,104	0,105	0,092	0,092	0,092	0,090	0,089	0,091	0,091	0,091	0,091	0,090	0,094	0,093	0,088	0,091	0,089	0,091	0,094	0,092	0,093	0,093	0,091	0,090	0,091	0,093	0,092	0,091	0,090	0,090	0,090	0,090	0,090	0,090	0,093	0,090	0,092	0,093	1,068	0,095	0,845	0,092	1,288	0,091	0,797	0,090	1,042	0,091	1,031	0,091	0,093	1,350	0,091	1,346	0,090	1,362	0,092	1,385	0,090	1,353	0,095	1,426	0,095	0,094	0,091	0,092	0,100	0,092	0,091	0,093	0,092	0,092	0,093	0,099
17:38:04	37,0	0,116	0,093	0,092	0,091	0,092	0,093	0,097	0,105	0,098	0,107	0,095	0,108	0,105	0,093	0,095	0,093	0,093	0,090	0,091	0,095	0,097	0,093	0,104	0,105	0,092	0,091	0,092	0,091	0,089	0,091	0,091	0,091	0,091	0,091	0,094	0,093	0,088	0,091	0,089	0,091	0,095	0,091	0,093	0,093	0,091	0,090	0,091	0,093	0,092	0,091	0,090	0,090	0,090	0,090	0,090	0,090	0,093	0,091	0,092	0,093	1,069	0,095	0,847	0,092	1,288	0,091	0,801	0,090	1,047	0,091	1,031	0,091	0,093	1,349	0,091	1,349	0,090	1,361	0,092	1,388	0,090	1,355	0,095	1,425	0,095	0,094	0,092	0,092	0,099	0,092	0,091	0,093	0,092	0,092	0,094	0,099
17:48:04	37,0	0,116	0,093	0,092	0,091	0,092	0,093	0,097	0,106	0,099	0,107	0,095	0,108	0,105	0,093	0,095	0,093	0,093	0,091	0,092	0,095	0,097	0,094	0,104	0,105	0,092	0,092	0,092	0,091	0,090	0,091	0,091	0,091	0,091	0,091	0,094	0,093	0,088	0,091	0,089	0,091	0,095	0,092	0,093	0,093	0,091	0,090	0,091	0,093	0,093	0,091	0,090	0,090	0,090	0,090	0,090	0,091	0,093	0,091	0,092	0,093	1,071	0,095	0,850	0,092	1,288	0,091	0,803	0,091	1,048	0,091	1,036	0,091	0,093	1,349	0,091	1,350	0,091	1,361	0,092	1,389	0,090	1,357	0,095	1,426	0,096	0,094	0,092	0,092	0,099	0,092	0,091	0,093	0,092	0,092	0,094	0,100
17:58:04	37,0	0,116	0,093	0,092	0,091	0,092	0,093	0,096	0,105	0,099	0,107	0,095	0,108	0,104	0,092	0,095	0,092	0,093	0,091	0,091	0,095	0,097	0,093	0,104	0,105	0,092	0,092	0,092	0,090	0,089	0,091	0,091	0,091	0,091	0,091	0,094	0,093	0,088	0,091	0,089	0,091	0,095	0,092	0,093	0,093	0,091	0,090	0,091	0,092	0,092	0,091	0,090	0,090	0,090	0,090	0,090	0,090	0,093	0,090	0,092	0,093	1,074	0,095	0,852	0,092	1,290	0,091	0,808	0,090	1,051	0,091	1,039	0,091	0,093	1,350	0,091	1,352	0,090	1,362	0,092	1,391	0,090	1,359	0,095	1,425	0,095	0,094	0,092	0,092	0,097	0,092	0,091	0,093	0,092	0,092	0,094	0,099
18:08:04	37,0	0,116	0,093	0,092	0,091	0,092	0,093	0,096	0,105	0,098	0,107	0,095	0,108	0,105	0,093	0,095	0,093	0,093	0,090	0,091	0,095	0,097	0,093	0,104	0,105	0,092	0,092	0,092	0,091	0,089	0,091	0,091	0,091	0,091	0,091	0,094	0,093	0,088	0,091	0,089	0,091	0,095	0,092	0,093	0,093	0,091	0,090	0,091	0,092	0,093	0,091	0,090	0,090	0,090	0,090	0,090	0,090	0,093	0,090	0,092	0,093	1,076	0,095	0,855	0,092	1,292	0,091	0,812	0,090	1,054	0,091	1,040	0,091	0,093	1,350	0,091	1,356	0,091	1,364	0,092	1,395	0,090	1,362	0,095	1,423	0,096	0,094	0,092	0,092	0,098	0,092	0,091	0,093	0,092	0,092	0,094	0,099
18:18:04	37,0	0,116	0,093	0,092	0,091	0,092	0,094	0,097	0,106	0,099	0,107	0,095	0,108	0,105	0,093	0,095	0,093	0,093	0,091	0,092	0,095	0,097	0,094	0,104	0,105	0,092	0,092	0,092	0,091	0,090	0,091	0,091	0,091	0,091	0,091	0,094	0,093	0,088	0,091	0,089	0,091	0,095	0,092	0,093	0,093	0,091	0,090	0,091	0,093	0,093	0,091	0,091	0,090	0,090	0,091	0,090	0,091	0,093	0,091	0,092	0,093	1,077	0,095	0,857	0,092	1,295	0,091	0,814	0,091	1,057	0,091	1,045	0,091	0,093	1,351	0,091	1,357	0,091	1,362	0,092	1,397	0,090	1,364	0,096	1,427	0,096	0,094	0,092	0,093	0,098	0,092	0,091	0,093	0,092	0,092	0,094	0,100
18:28:04	37,0	0,116	0,093	0,092	0,091	0,092	0,093	0,097	0,106	0,099	0,107	0,095	0,108	0,105	0,092	0,095	0,093	0,093	0,091	0,092	0,095	0,097	0,093	0,104	0,105	0,092	0,092	0,092	0,091	0,090	0,091	0,091	0,091	0,091	0,091	0,094	0,093	0,088	0,091	0,089	0,091	0,095	0,092	0,093	0,094	0,091	0,090	0,091	0,093	0,093	0,091	0,090	0,090	0,090	0,090	0,090	0,090	0,093	0,091	0,092	0,093	1,080	0,095	0,860	0,092	1,292	0,091	0,816	0,091	1,061	0,091	1,048	0,091	0,093	1,353	0,091	1,363	0,091	1,364	0,092	1,400	0,090	1,365	0,095	1,426	0,096	0,094	0,092	0,093	0,098	0,092	0,091	0,093	0,092	0,092	0,094	0,100
18:38:04	37,0	0,116	0,093	0,092	0,091	0,092	0,093	0,097	0,106	0,099	0,107	0,095	0,108	0,104	0,093	0,095	0,092	0,093	0,091	0,091	0,095	0,097	0,094	0,104	0,105	0,092	0,092	0,092	0,090	0,090	0,091	0,091	0,092	0,091	0,091	0,093	0,093	0,088	0,091	0,089	0,091	0,095	0,092	0,093	0,093	0,091	0,090	0,091	0,093	0,093	0,091	0,090	0,090	0,090	0,090	0,090	0,090	0,093	0,091	0,092	0,093	1,082	0,095	0,862	0,092	1,296	0,091	0,821	0,090	1,065	0,091	1,048	0,091	0,093	1,353	0,091	1,362	0,091	1,365	0,092	1,401	0,090	1,366	0,095	1,424	0,095	0,094	0,091	0,093	0,098	0,092	0,091	0,093	0,092	0,092	0,094	0,099
18:48:04	37,0	0,116	0,093	0,092	0,091	0,092	0,094	0,097	0,106	0,099	0,107	0,095	0,108	0,105	0,093	0,096	0,093	0,093	0,091	0,092	0,095	0,097	0,094	0,105	0,105	0,092	0,092	0,092	0,091	0,090	0,091	0,091	0,092	0,091	0,091	0,094	0,093	0,088	0,091	0,089	0,091	0,095	0,092	0,093	0,094	0,091	0,090	0,091	0,093	0,093	0,091	0,090	0,090	0,090	0,091	0,090	0,090	0,093	0,091	0,092	0,093	1,084	0,095	0,865	0,092	1,296	0,091	0,825	0,090	1,069	0,091	1,047	0,091	0,093	1,350	0,091	1,367	0,091	1,363	0,092	1,401	0,090	1,368	0,096	1,426	0,096	0,094	0,092	0,092	0,098	0,092	0,091	0,093	0,092	0,092	0,094	0,100
18:58:04	37,0	0,116	0,093	0,092	0,091	0,092	0,093	0,097	0,106	0,099	0,107	0,096	0,108	0,105	0,093	0,095	0,093	0,093	0,091	0,092	0,095	0,097	0,094	0,104	0,105	0,092	0,092	0,092	0,090	0,089	0,091	0,091	0,091	0,091	0,091	0,094	0,093	0,088	0,091	0,089	0,091	0,095	0,092	0,093	0,093	0,091	0,090	0,091	0,093	0,092	0,091	0,090	0,090	0,090	0,090	0,090	0,090	0,093	0,091	0,092	0,093	1,085	0,095	0,868	0,092	1,296	0,091	0,826	0,091	1,071	0,091	1,054	0,091	0,093	1,348	0,091	1,368	0,091	1,365	0,092	1,402	0,090	1,370	0,095	1,423	0,096	0,094	0,092	0,092	0,098	0,092	0,091	0,093	0,092	0,092	0,094	0,099
19:08:04	37,0	0,116	0,093	0,092	0,091	0,092	0,093	0,097	0,106	0,099	0,107	0,097	0,108	0,105	0,093	0,096	0,093	0,093	0,091	0,092	0,095	0,098	0,094	0,104	0,105	0,092	0,092	0,092	0,091	0,090	0,091	0,091	0,092	0,091	0,091	0,094	0,093	0,088	0,091	0,089	0,091	0,095	0,092	0,093	0,093	0,091	0,090	0,091	0,093	0,093	0,091	0,090	0,090	0,090	0,090	0,090	0,091	0,093	0,091	0,092	0,093	1,086	0,095	0,869	0,092	1,298	0,091	0,829	0,091	1,074	0,091	1,058	0,091	0,093	1,349	0,091	1,373	0,091	1,366	0,092	1,404	0,090	1,373	0,096	1,423	0,096	0,094	0,092	0,092	0,098	0,092	0,091	0,093	0,092	0,092	0,094	0,100
19:18:04	37,0	0,116	0,093	0,092	0,091	0,092	0,093	0,097	0,106	0,099	0,107	0,099	0,108	0,105	0,093	0,095	0,093	0,093	0,091	0,092	0,095	0,097	0,093	0,105	0,105	0,092	0,092	0,092	0,091	0,090	0,091	0,091	0,091	0,091	0,091	0,094	0,093	0,088	0,091	0,089	0,091	0,095	0,092	0,093	0,094	0,091	0,090	0,091	0,093	0,093	0,091	0,090	0,090	0,090	0,091	0,090	0,090	0,093	0,091	0,092	0,093	1,089	0,095	0,871	0,092	1,300	0,091	0,833	0,090	1,076	0,091	1,057	0,091	0,093	1,351	0,091	1,377	0,091	1,365	0,092	1,406	0,090	1,373	0,096	1,425	0,096	0,094	0,092	0,092	0,098	0,092	0,091	0,093	0,092	0,092	0,094	0,100
19:28:04	37,0	0,116	0,093	0,092	0,091	0,092	0,093	0,097	0,105	0,099	0,107	0,100	0,108	0,105	0,093	0,095	0,093	0,093	0,091	0,091	0,095	0,097	0,094	0,104	0,105	0,092	0,092	0,092	0,091	0,089	0,091	0,091	0,091	0,091	0,091	0,094	0,093	0,088	0,091	0,089	0,091	0,095	0,092	0,093	0,093	0,091	0,090	0,091	0,093	0,093	0,091	0,090	0,090	0,090	0,090	0,090	0,090	0,093	0,091	0,092	0,093	1,091	0,095	0,873	0,092	1,302	0,091	0,835	0,090	1,079	0,091	1,059	0,091	0,093	1,350	0,091	1,380	0,091	1,365	0,092	1,407	0,090	1,375	0,095	1,425	0,095	0,094	0,092	0,092	0,098	0,092	0,091	0,093	0,092	0,092	0,094	0,099
19:38:04	37,0	0,116	0,093	0,092	0,091	0,092	0,093	0,097	0,106	0,099	0,107	0,099	0,108	0,105	0,093	0,095	0,093	0,093	0,091	0,092	0,095	0,097	0,093	0,104	0,105	0,092	0,092	0,092	0,091	0,090	0,091	0,091	0,091	0,091	0,091	0,094	0,093	0,088	0,091	0,089	0,091	0,095	0,092	0,093	0,094	0,091	0,090	0,091	0,093	0,093	0,091	0,090	0,090	0,090	0,090	0,090	0,091	0,093	0,091	0,092	0,093	1,091	0,095	0,875	0,092	1,303	0,091	0,837	0,091	1,081	0,091	1,064	0,091	0,093	1,350	0,091	1,384	0,091	1,368	0,092	1,407	0,090	1,377	0,096	1,419	0,095	0,094	0,092	0,093	0,098	0,092	0,091	0,093	0,092	0,092	0,094	0,100
19:48:04	37,0	0,116	0,093	0,092	0,091	0,092	0,093	0,097	0,106	0,099	0,107	0,097	0,108	0,105	0,093	0,096	0,093	0,093	0,091	0,092	0,095	0,097	0,094	0,105	0,105	0,092	0,092	0,092	0,091	0,090	0,091	0,091	0,091	0,091	0,091	0,094	0,093	0,088	0,091	0,089	0,091	0,095	0,092	0,093	0,094	0,091	0,090	0,091	0,093	0,093	0,091	0,090	0,090	0,090	0,090	0,090	0,090	0,093	0,091	0,092	0,093	1,093	0,095	0,877	0,092	1,304	0,091	0,839	0,091	1,082	0,091	1,065	0,091	0,093	1,350	0,091	1,389	0,091	1,367	0,092	1,408	0,090	1,378	0,096	1,420	0,095	0,094	0,092	0,093	0,098	0,092	0,091	0,093	0,092	0,092	0,094	0,100
19:58:04	37,0	0,116	0,093	0,092	0,091	0,092	0,094	0,097	0,106	0,099	0,107	0,095	0,108	0,105	0,093	0,096	0,093	0,093	0,091	0,091	0,095	0,097	0,094	0,105	0,105	0,092	0,092	0,092	0,091	0,090	0,091	0,091	0,092	0,091	0,091	0,094	0,093	0,088	0,091	0,089	0,091	0,095	0,092	0,093	0,094	0,091	0,090	0,091	0,093	0,093	0,091	0,090	0,090	0,090	0,090	0,090	0,091	0,093	0,091	0,092	0,093	1,093	0,095	0,880	0,092	1,303	0,091	0,843	0,091	1,086	0,091	1,072	0,091	0,093	1,350	0,091	1,395	0,091	1,369	0,092	1,409	0,090	1,380	0,096	1,421	0,096	0,094	0,092	0,092	0,098	0,092	0,091	0,093	0,092	0,092	0,094	0,100
20:08:04	37,0	0,116	0,093	0,092	0,091	0,092	0,093	0,097	0,106	0,099	0,107	0,095	0,108	0,105	0,093	0,095	0,093	0,093	0,091	0,092	0,095	0,098	0,093	0,105	0,105	0,092	0,092	0,092	0,091	0,089	0,091	0,091	0,091	0,091	0,091	0,094	0,093	0,088	0,091	0,089	0,091	0,095	0,092	0,093	0,094	0,091	0,090	0,091	0,093	0,093	0,091	0,090	0,090	0,090	0,091	0,090	0,091	0,093	0,091	0,092	0,093	1,095	0,095	0,882	0,092	1,305	0,091	0,847	0,090	1,090	0,091	1,073	0,091	0,093	1,352	0,091	1,399	0,091	1,369	0,092	1,410	0,090	1,382	0,096	1,421	0,096	0,094	0,092	0,092	0,098	0,092	0,091	0,093	0,092	0,092	0,094	0,100
20:18:04	37,0	0,116	0,093	0,092	0,091	0,092	0,093	0,097	0,106	0,099	0,107	0,095	0,108	0,105	0,093	0,095	0,093	0,093	0,091	0,091	0,095	0,097	0,094	0,105	0,105	0,092	0,092	0,092	0,091	0,090	0,091	0,091	0,091	0,091	0,091	0,094	0,093	0,088	0,091	0,089	0,091	0,095	0,092	0,093	0,093	0,091	0,090	0,091	0,093	0,093	0,091	0,090	0,090	0,090	0,090	0,090	0,090	0,093	0,091	0,093	0,093	1,095	0,095	0,883	0,092	1,306	0,091	0,848	0,091	1,092	0,091	1,076	0,091	0,093	1,350	0,091	1,404	0,091	1,370	0,092	1,409	0,091	1,385	0,096	1,418	0,095	0,094	0,092	0,092	0,098	0,092	0,091	0,093	0,092	0,092	0,094	0,100
20:28:04	37,0	0,116	0,093	0,092	0,091	0,092	0,093	0,097	0,106	0,099	0,107	0,095	0,108	0,105	0,093	0,096	0,093	0,093	0,091	0,092	0,095	0,097	0,094	0,104	0,105	0,092	0,092	0,092	0,091	0,090	0,091	0,091	0,092	0,091	0,091	0,094	0,093	0,088	0,091	0,089	0,091	0,095	0,092	0,093	0,094	0,091	0,090	0,091	0,093	0,092	0,091	0,090	0,090	0,090	0,090	0,090	0,090	0,093	0,091	0,092	0,093	1,096	0,095	0,886	0,092	1,306	0,091	0,849	0,090	1,093	0,091	1,080	0,091	0,093	1,352	0,091	1,408	0,090	1,372	0,092	1,410	0,090	1,385	0,096	1,419	0,095	0,094	0,092	0,092	0,098	0,092	0,091	0,093	0,092	0,092	0,094	0,100
20:38:04	37,0	0,116	0,093	0,092	0,091	0,092	0,093	0,097	0,106	0,099	0,107	0,095	0,108	0,105	0,093	0,096	0,093	0,093	0,091	0,092	0,095	0,097	0,094	0,105	0,105	0,092	0,092	0,092	0,091	0,090	0,091	0,091	0,092	0,091	0,091	0,094	0,093	0,088	0,091	0,089	0,091	0,095	0,092	0,093	0,094	0,091	0,090	0,091	0,093	0,093	0,091	0,090	0,090	0,090	0,090	0,090	0,091	0,093	0,091	0,092	0,093	1,098	0,095	0,888	0,092	1,305	0,091	0,851	0,090	1,095	0,091	1,083	0,091	0,093	1,351	0,091	1,411	0,091	1,372	0,092	1,413	0,090	1,387	0,096	1,421	0,096	0,094	0,092	0,093	0,098	0,092	0,091	0,093	0,092	0,092	0,094	0,100
20:48:04	37,0	0,116	0,093	0,092	0,091	0,092	0,093	0,096	0,105	0,098	0,107	0,095	0,108	0,104	0,093	0,095	0,093	0,093	0,091	0,091	0,095	0,097	0,093	0,104	0,105	0,092	0,092	0,092	0,090	0,089	0,091	0,091	0,091	0,091	0,091	0,093	0,093	0,088	0,091	0,089	0,091	0,095	0,092	0,093	0,093	0,091	0,090	0,091	0,093	0,093	0,091	0,090	0,090	0,090	0,090	0,090	0,090	0,093	0,090	0,092	0,093	1,101	0,095	0,889	0,091	1,308	0,091	0,855	0,090	1,099	0,091	1,084	0,091	0,093	1,350	0,091	1,414	0,091	1,373	0,091	1,413	0,090	1,387	0,095	1,417	0,096	0,094	0,092	0,092	0,098	0,092	0,091	0,093	0,092	0,092	0,093	0,099
20:58:04	37,0	0,116	0,093	0,092	0,091	0,091	0,093	0,096	0,105	0,098	0,107	0,095	0,108	0,104	0,093	0,095	0,092	0,093	0,091	0,091	0,095	0,097	0,093	0,104	0,105	0,092	0,092	0,092	0,090	0,089	0,091	0,091	0,091	0,091	0,090	0,093	0,093	0,088	0,091	0,088	0,091	0,095	0,091	0,093	0,093	0,091	0,090	0,091	0,093	0,092	0,091	0,090	0,090	0,090	0,090	0,089	0,090	0,093	0,091	0,092	0,092	1,102	0,095	0,891	0,092	1,309	0,091	0,857	0,090	1,103	0,091	1,087	0,091	0,093	1,350	0,091	1,417	0,090	1,374	0,092	1,412	0,090	1,388	0,095	1,416	0,095	0,094	0,091	0,092	0,099	0,092	0,091	0,093	0,092	0,091	0,093	0,099
21:08:04	37,0	0,116	0,093	0,092	0,091	0,092	0,093	0,096	0,105	0,099	0,107	0,096	0,108	0,105	0,093	0,095	0,093	0,093	0,091	0,091	0,095	0,097	0,093	0,105	0,105	0,092	0,092	0,092	0,090	0,090	0,091	0,091	0,091	0,091	0,091	0,094	0,093	0,088	0,091	0,089	0,091	0,095	0,092	0,093	0,093	0,091	0,090	0,091	0,093	0,093	0,091	0,090	0,090	0,090	0,090	0,090	0,090	0,093	0,091	0,092	0,093	1,105	0,095	0,894	0,092	1,309	0,091	0,859	0,090	1,106	0,091	1,089	0,091	0,093	1,351	0,091	1,419	0,091	1,375	0,092	1,412	0,090	1,389	0,095	1,417	0,095	0,094	0,092	0,092	0,100	0,092	0,091	0,093	0,092	0,092	0,093	0,100
21:18:04	37,0	0,116	0,093	0,092	0,091	0,092	0,093	0,097	0,106	0,099	0,107	0,098	0,108	0,105	0,093	0,096	0,093	0,093	0,091	0,091	0,095	0,098	0,093	0,105	0,105	0,092	0,092	0,092	0,091	0,089	0,091	0,091	0,091	0,091	0,091	0,094	0,093	0,088	0,091	0,089	0,091	0,095	0,092	0,093	0,094	0,091	0,090	0,091	0,093	0,093	0,091	0,090	0,090	0,090	0,090	0,090	0,090	0,093	0,091	0,092	0,093	1,106	0,095	0,896	0,092	1,310	0,091	0,861	0,090	1,108	0,091	1,092	0,091	0,093	1,351	0,091	1,423	0,091	1,377	0,092	1,414	0,090	1,391	0,096	1,416	0,096	0,094	0,092	0,092	0,098	0,092	0,091	0,093	0,092	0,092	0,094	0,100
21:28:04	37,0	0,116	0,093	0,092	0,091	0,092	0,093	0,096	0,105	0,099	0,107	0,101	0,108	0,105	0,093	0,095	0,093	0,093	0,091	0,091	0,095	0,098	0,094	0,105	0,105	0,092	0,092	0,092	0,090	0,089	0,091	0,091	0,091	0,091	0,091	0,094	0,093	0,088	0,091	0,089	0,091	0,095	0,092	0,093	0,093	0,091	0,090	0,091	0,093	0,093	0,091	0,090	0,090	0,090	0,090	0,090	0,090	0,093	0,091	0,092	0,093	1,107	0,095	0,898	0,092	1,310	0,091	0,864	0,090	1,111	0,091	1,096	0,091	0,093	1,351	0,091	1,424	0,091	1,379	0,092	1,415	0,090	1,393	0,096	1,422	0,096	0,094	0,092	0,092	0,098	0,092	0,091	0,093	0,092	0,092	0,093	0,100
21:38:04	37,0	0,116	0,093	0,092	0,091	0,092	0,093	0,096	0,106	0,099	0,107	0,098	0,108	0,104	0,093	0,095	0,093	0,093	0,091	0,092	0,095	0,097	0,094	0,104	0,105	0,092	0,092	0,092	0,090	0,089	0,091	0,091	0,091	0,091	0,091	0,094	0,093	0,088	0,091	0,089	0,091	0,095	0,092	0,093	0,093	0,091	0,090	0,091	0,093	0,093	0,091	0,090	0,090	0,090	0,090	0,090	0,091	0,093	0,091	0,092	0,093	1,111	0,095	0,899	0,092	1,312	0,091	0,869	0,090	1,113	0,091	1,096	0,091	0,093	1,352	0,091	1,427	0,091	1,378	0,092	1,417	0,090	1,394	0,095	1,415	0,096	0,094	0,092	0,093	0,099	0,092	0,091	0,093	0,092	0,092	0,093	0,100
21:48:04	37,0	0,116	0,093	0,092	0,091	0,092	0,093	0,097	0,106	0,099	0,107	0,095	0,108	0,105	0,093	0,096	0,093	0,093	0,091	0,091	0,095	0,097	0,093	0,105	0,105	0,092	0,092	0,092	0,091	0,089	0,091	0,091	0,091	0,091	0,091	0,094	0,093	0,088	0,091	0,089	0,091	0,095	0,092	0,093	0,093	0,091	0,090	0,091	0,093	0,093	0,091	0,090	0,090	0,090	0,090	0,090	0,091	0,093	0,091	0,092	0,093	1,110	0,095	0,901	0,092	1,312	0,091	0,870	0,090	1,115	0,091	1,101	0,091	0,093	1,352	0,091	1,428	0,090	1,381	0,092	1,415	0,090	1,394	0,096	1,415	0,095	0,094	0,092	0,092	0,098	0,092	0,091	0,093	0,092	0,092	0,093	0,100
21:58:04	37,0	0,116	0,093	0,092	0,091	0,092	0,093	0,097	0,106	0,099	0,107	0,095	0,108	0,105	0,093	0,095	0,093	0,093	0,091	0,091	0,095	0,097	0,094	0,105	0,105	0,092	0,092	0,092	0,090	0,089	0,091	0,091	0,091	0,091	0,090	0,094	0,093	0,088	0,091	0,089	0,091	0,095	0,092	0,093	0,094	0,091	0,090	0,091	0,093	0,093	0,091	0,090	0,090	0,090	0,090	0,090	0,090	0,093	0,091	0,092	0,093	1,113	0,095	0,903	0,092	1,312	0,091	0,873	0,090	1,119	0,091	1,103	0,091	0,093	1,352	0,091	1,429	0,091	1,382	0,092	1,415	0,090	1,396	0,096	1,420	0,095	0,094	0,092	0,092	0,100	0,092	0,091	0,093	0,092	0,092	0,094	0,100
22:08:04	37,0	0,116	0,093	0,092	0,091	0,092	0,093	0,097	0,106	0,098	0,107	0,095	0,108	0,105	0,093	0,095	0,093	0,093	0,091	0,091	0,095	0,097	0,094	0,105	0,105	0,092	0,092	0,092	0,091	0,089	0,091	0,091	0,091	0,091	0,091	0,094	0,093	0,088	0,091	0,089	0,091	0,095	0,092	0,093	0,093	0,091	0,090	0,091	0,093	0,093	0,091	0,090	0,090	0,090	0,090	0,090	0,090	0,093	0,091	0,092	0,093	1,111	0,095	0,904	0,092	1,312	0,091	0,874	0,090	1,121	0,091	1,107	0,091	0,093	1,351	0,091	1,430	0,091	1,381	0,092	1,413	0,090	1,398	0,095	1,418	0,095	0,094	0,092	0,092	0,098	0,092	0,091	0,093	0,092	0,092	0,094	0,100

