Time	T∞ Optical Density:600	A1	A2	A3	A4	A5	A6	A7	A8	A9	A10	A11	A12	B1	B2	B3	B4	B5	B6	B7	B8	B9	B10	B11	B12	C1	C2	C3	C4	C5	C6	C7	C8	C9	C10	C11	C12	D1	D2	D3	D4	D5	D6	D7	D8	D9	D10	D11	D12	E1	E2	E3	E4	E5	E6	E7	E8	E9	E10	E11	E12	F1	F2	F3	F4	F5	F6	F7	F8	F9	F10	F11	F12	G1	G2	G3	G4	G5	G6	G7	G8	G9	G10	G11	G12	H1	H2	H3	H4	H5	H6	H7	H8	H9	H10	H11	H12
0:08:04	37,0	0,118	0,090	0,126	0,095	0,109	0,091	0,116	0,091	0,114	0,090	0,107	0,090	0,092	0,115	0,094	0,117	0,093	0,109	0,093	0,113	0,091	0,119	0,090	0,116	0,122	0,096	0,131	0,091	0,122	0,090	0,118	0,091	0,121	0,090	0,156	0,090	0,091	0,137	0,090	0,126	0,092	0,123	0,091	0,130	0,092	0,124	0,091	0,142	0,107	0,091	0,104	0,090	0,102	0,090	0,104	0,091	0,108	0,091	0,099	0,092	0,112	0,118	0,090	0,135	0,091	0,117	0,091	0,127	0,091	0,149	0,091	0,104	0,092	0,091	0,091	0,091	0,090	0,091	0,091	0,091	0,090	0,095	0,090	0,089	0,091	0,091	0,092	0,091	0,090	0,090	0,090	0,090	0,092	0,093	0,095	0,093
0:18:04	37,0	0,117	0,090	0,126	0,094	0,109	0,091	0,119	0,091	0,113	0,090	0,108	0,091	0,092	0,116	0,093	0,117	0,093	0,112	0,092	0,115	0,091	0,119	0,090	0,116	0,125	0,096	0,137	0,091	0,122	0,090	0,119	0,091	0,122	0,090	0,155	0,090	0,091	0,145	0,091	0,128	0,091	0,126	0,091	0,135	0,092	0,132	0,090	0,147	0,114	0,091	0,103	0,090	0,104	0,090	0,104	0,091	0,107	0,091	0,099	0,091	0,116	0,117	0,090	0,130	0,091	0,119	0,090	0,129	0,090	0,159	0,090	0,103	0,092	0,091	0,091	0,090	0,090	0,090	0,091	0,090	0,090	0,094	0,089	0,089	0,090	0,090	0,091	0,091	0,090	0,090	0,089	0,089	0,091	0,093	0,095	0,092
0:28:04	37,0	0,119	0,090	0,128	0,094	0,110	0,091	0,121	0,091	0,115	0,090	0,109	0,092	0,092	0,118	0,093	0,120	0,093	0,114	0,092	0,116	0,091	0,121	0,090	0,117	0,131	0,096	0,141	0,091	0,126	0,090	0,122	0,091	0,126	0,090	0,157	0,090	0,091	0,153	0,091	0,134	0,091	0,130	0,090	0,143	0,092	0,143	0,090	0,155	0,114	0,091	0,104	0,090	0,105	0,090	0,105	0,091	0,107	0,091	0,099	0,091	0,092	0,119	0,090	0,132	0,091	0,120	0,090	0,132	0,090	0,166	0,090	0,103	0,091	0,090	0,091	0,090	0,090	0,090	0,091	0,090	0,090	0,094	0,089	0,089	0,090	0,091	0,091	0,091	0,090	0,089	0,089	0,089	0,092	0,092	0,095	0,092
0:38:04	37,0	0,124	0,090	0,132	0,094	0,113	0,091	0,125	0,091	0,119	0,090	0,111	0,092	0,092	0,122	0,093	0,124	0,093	0,116	0,092	0,118	0,091	0,125	0,090	0,121	0,139	0,096	0,150	0,091	0,135	0,090	0,127	0,091	0,133	0,090	0,165	0,090	0,091	0,165	0,092	0,143	0,092	0,138	0,090	0,154	0,092	0,155	0,090	0,167	0,114	0,091	0,105	0,090	0,106	0,090	0,105	0,091	0,108	0,091	0,099	0,091	0,092	0,120	0,090	0,137	0,091	0,126	0,090	0,138	0,090	0,189	0,090	0,104	0,091	0,091	0,091	0,090	0,090	0,090	0,091	0,090	0,090	0,094	0,089	0,089	0,091	0,091	0,091	0,091	0,090	0,090	0,090	0,090	0,092	0,093	0,095	0,092
0:48:04	37,0	0,132	0,090	0,137	0,094	0,117	0,091	0,132	0,091	0,126	0,090	0,116	0,093	0,092	0,129	0,093	0,131	0,093	0,121	0,092	0,124	0,091	0,132	0,090	0,129	0,151	0,096	0,164	0,091	0,145	0,090	0,136	0,091	0,143	0,090	0,181	0,090	0,091	0,182	0,093	0,157	0,092	0,150	0,091	0,171	0,092	0,168	0,090	0,184	0,114	0,091	0,105	0,090	0,106	0,090	0,106	0,091	0,108	0,091	0,099	0,091	0,092	0,125	0,090	0,145	0,091	0,136	0,090	0,146	0,091	0,193	0,090	0,106	0,092	0,091	0,091	0,090	0,090	0,090	0,091	0,090	0,090	0,094	0,089	0,089	0,090	0,091	0,091	0,091	0,090	0,090	0,089	0,090	0,092	0,093	0,095	0,092
0:58:04	37,0	0,141	0,090	0,145	0,094	0,121	0,091	0,142	0,091	0,137	0,090	0,123	0,093	0,092	0,139	0,093	0,140	0,093	0,129	0,092	0,135	0,091	0,142	0,090	0,139	0,167	0,096	0,181	0,091	0,158	0,090	0,149	0,091	0,157	0,090	0,201	0,090	0,091	0,202	0,093	0,174	0,092	0,167	0,090	0,191	0,092	0,184	0,090	0,206	0,115	0,091	0,106	0,090	0,107	0,090	0,107	0,091	0,109	0,091	0,099	0,091	0,092	0,134	0,090	0,158	0,091	0,149	0,090	0,158	0,090	0,214	0,090	0,109	0,091	0,091	0,091	0,090	0,090	0,090	0,091	0,090	0,090	0,094	0,089	0,089	0,090	0,090	0,091	0,091	0,090	0,090	0,089	0,089	0,092	0,093	0,095	0,092
1:08:04	37,0	0,154	0,090	0,158	0,094	0,129	0,091	0,158	0,091	0,153	0,090	0,134	0,093	0,091	0,154	0,093	0,155	0,093	0,141	0,092	0,149	0,091	0,157	0,090	0,156	0,187	0,096	0,203	0,091	0,174	0,090	0,165	0,091	0,175	0,090	0,227	0,090	0,091	0,225	0,093	0,198	0,092	0,189	0,090	0,216	0,092	0,202	0,090	0,234	0,115	0,091	0,107	0,090	0,107	0,090	0,108	0,091	0,110	0,091	0,100	0,091	0,092	0,140	0,090	0,174	0,091	0,168	0,090	0,175	0,090	0,233	0,090	0,113	0,091	0,090	0,091	0,090	0,090	0,090	0,091	0,090	0,090	0,094	0,089	0,089	0,092	0,090	0,091	0,091	0,090	0,089	0,089	0,090	0,091	0,093	0,095	0,092
1:18:04	37,0	0,178	0,090	0,178	0,094	0,143	0,091	0,182	0,091	0,177	0,090	0,150	0,093	0,092	0,175	0,093	0,176	0,093	0,157	0,092	0,169	0,091	0,179	0,090	0,180	0,216	0,096	0,230	0,091	0,192	0,090	0,188	0,091	0,199	0,090	0,261	0,090	0,091	0,253	0,093	0,228	0,092	0,216	0,090	0,254	0,092	0,223	0,090	0,273	0,116	0,091	0,108	0,090	0,109	0,090	0,109	0,091	0,112	0,091	0,101	0,091	0,092	0,157	0,090	0,197	0,091	0,194	0,090	0,195	0,090	0,258	0,090	0,118	0,091	0,090	0,091	0,090	0,090	0,090	0,091	0,090	0,090	0,094	0,089	0,089	0,090	0,090	0,091	0,091	0,090	0,090	0,089	0,090	0,092	0,093	0,095	0,092
1:28:04	37,0	0,206	0,090	0,201	0,094	0,161	0,091	0,211	0,091	0,209	0,090	0,170	0,093	0,092	0,202	0,093	0,202	0,093	0,178	0,092	0,196	0,091	0,206	0,090	0,209	0,247	0,096	0,259	0,091	0,222	0,090	0,215	0,091	0,227	0,090	0,298	0,090	0,091	0,283	0,094	0,262	0,092	0,245	0,090	0,293	0,092	0,250	0,090	0,312	0,117	0,091	0,109	0,090	0,110	0,090	0,110	0,092	0,113	0,091	0,102	0,091	0,092	0,169	0,090	0,220	0,091	0,232	0,090	0,214	0,090	0,297	0,090	0,126	0,092	0,090	0,091	0,090	0,090	0,090	0,091	0,090	0,090	0,094	0,089	0,089	0,090	0,091	0,091	0,091	0,090	0,090	0,089	0,090	0,092	0,093	0,095	0,092
1:38:04	37,0	0,240	0,090	0,231	0,094	0,183	0,090	0,247	0,091	0,244	0,089	0,198	0,093	0,091	0,235	0,093	0,233	0,092	0,205	0,092	0,227	0,091	0,235	0,090	0,244	0,284	0,096	0,292	0,091	0,247	0,090	0,241	0,091	0,255	0,090	0,329	0,090	0,091	0,318	0,093	0,297	0,092	0,279	0,090	0,337	0,091	0,280	0,090	0,348	0,117	0,091	0,111	0,089	0,111	0,090	0,111	0,091	0,114	0,090	0,102	0,091	0,091	0,188	0,090	0,248	0,091	0,278	0,090	0,238	0,090	0,290	0,090	0,136	0,091	0,090	0,091	0,090	0,090	0,090	0,091	0,090	0,090	0,094	0,089	0,088	0,090	0,090	0,091	0,090	0,089	0,089	0,089	0,089	0,092	0,092	0,095	0,092
1:48:04	37,0	0,278	0,090	0,271	0,094	0,214	0,091	0,285	0,091	0,287	0,090	0,237	0,093	0,091	0,273	0,093	0,269	0,093	0,233	0,092	0,262	0,091	0,270	0,090	0,287	0,323	0,096	0,325	0,091	0,281	0,090	0,272	0,091	0,283	0,090	0,363	0,090	0,091	0,355	0,094	0,329	0,092	0,311	0,090	0,387	0,092	0,310	0,090	0,389	0,119	0,091	0,113	0,090	0,112	0,090	0,113	0,091	0,116	0,090	0,103	0,091	0,092	0,204	0,090	0,281	0,091	0,319	0,090	0,267	0,090	0,326	0,090	0,151	0,091	0,090	0,091	0,090	0,090	0,090	0,091	0,090	0,090	0,094	0,089	0,089	0,090	0,090	0,091	0,091	0,089	0,089	0,089	0,090	0,091	0,093	0,095	0,092
1:58:04	37,0	0,320	0,090	0,313	0,094	0,253	0,091	0,329	0,091	0,325	0,090	0,286	0,093	0,092	0,310	0,093	0,307	0,093	0,265	0,092	0,300	0,091	0,303	0,090	0,331	0,358	0,096	0,358	0,091	0,317	0,090	0,301	0,091	0,313	0,090	0,396	0,090	0,091	0,395	0,094	0,363	0,092	0,344	0,091	0,436	0,092	0,342	0,090	0,430	0,120	0,091	0,115	0,090	0,114	0,090	0,115	0,091	0,118	0,091	0,104	0,091	0,092	0,229	0,090	0,318	0,092	0,372	0,090	0,294	0,090	0,371	0,090	0,170	0,092	0,090	0,091	0,090	0,090	0,090	0,091	0,090	0,090	0,094	0,089	0,089	0,091	0,091	0,091	0,091	0,090	0,090	0,090	0,090	0,092	0,093	0,095	0,092
2:08:04	37,0	0,361	0,090	0,348	0,094	0,288	0,091	0,368	0,091	0,353	0,090	0,333	0,093	0,092	0,350	0,093	0,340	0,093	0,295	0,092	0,340	0,091	0,336	0,090	0,372	0,401	0,096	0,396	0,091	0,346	0,090	0,333	0,091	0,342	0,090	0,431	0,090	0,091	0,435	0,094	0,403	0,092	0,386	0,090	0,479	0,092	0,375	0,090	0,470	0,122	0,091	0,117	0,090	0,116	0,090	0,117	0,091	0,121	0,090	0,106	0,091	0,092	0,258	0,090	0,352	0,091	0,410	0,090	0,320	0,090	0,415	0,090	0,186	0,091	0,091	0,091	0,090	0,090	0,090	0,091	0,090	0,090	0,094	0,089	0,089	0,091	0,090	0,091	0,091	0,090	0,089	0,089	0,090	0,092	0,093	0,095	0,092
2:18:04	37,0	0,413	0,090	0,395	0,094	0,327	0,091	0,416	0,091	0,400	0,090	0,379	0,093	0,092	0,393	0,093	0,380	0,093	0,330	0,092	0,382	0,091	0,379	0,090	0,419	0,446	0,096	0,431	0,091	0,385	0,090	0,374	0,091	0,377	0,090	0,466	0,090	0,091	0,466	0,094	0,440	0,092	0,425	0,090	0,519	0,092	0,414	0,090	0,502	0,124	0,091	0,120	0,090	0,118	0,090	0,119	0,091	0,124	0,091	0,107	0,091	0,092	0,288	0,090	0,385	0,091	0,457	0,090	0,343	0,090	0,441	0,090	0,215	0,091	0,090	0,091	0,090	0,090	0,090	0,091	0,090	0,090	0,094	0,089	0,089	0,091	0,091	0,091	0,091	0,090	0,090	0,089	0,090	0,092	0,093	0,095	0,092
2:28:04	36,9	0,477	0,090	0,445	0,094	0,372	0,091	0,458	0,091	0,449	0,090	0,428	0,093	0,092	0,446	0,093	0,430	0,093	0,372	0,092	0,436	0,091	0,426	0,090	0,475	0,485	0,096	0,453	0,091	0,428	0,090	0,410	0,091	0,401	0,090	0,492	0,090	0,091	0,487	0,094	0,474	0,092	0,445	0,090	0,542	0,092	0,453	0,090	0,529	0,126	0,091	0,123	0,090	0,121	0,090	0,121	0,091	0,127	0,091	0,109	0,091	0,092	0,317	0,090	0,415	0,092	0,514	0,090	0,366	0,090	0,501	0,090	0,248	0,092	0,090	0,091	0,090	0,090	0,090	0,091	0,090	0,090	0,094	0,089	0,089	0,092	0,091	0,091	0,091	0,090	0,090	0,089	0,090	0,092	0,093	0,095	0,092
2:38:04	37,0	0,509	0,090	0,492	0,094	0,420	0,091	0,506	0,091	0,484	0,090	0,488	0,093	0,092	0,488	0,093	0,473	0,093	0,421	0,092	0,481	0,091	0,459	0,090	0,519	0,506	0,096	0,473	0,091	0,453	0,090	0,432	0,091	0,422	0,090	0,510	0,090	0,091	0,505	0,094	0,509	0,092	0,465	0,090	0,559	0,092	0,483	0,090	0,552	0,128	0,091	0,127	0,090	0,124	0,090	0,124	0,091	0,130	0,091	0,110	0,091	0,092	0,346	0,090	0,445	0,091	0,563	0,090	0,386	0,090	0,520	0,090	0,289	0,091	0,090	0,091	0,090	0,090	0,090	0,091	0,090	0,090	0,094	0,089	0,089	0,092	0,090	0,091	0,091	0,090	0,089	0,089	0,090	0,092	0,093	0,095	0,092
2:48:04	37,0	0,534	0,090	0,520	0,094	0,470	0,091	0,549	0,091	0,506	0,090	0,549	0,094	0,092	0,511	0,093	0,497	0,093	0,452	0,092	0,501	0,091	0,484	0,090	0,542	0,529	0,096	0,495	0,091	0,473	0,090	0,456	0,091	0,443	0,090	0,527	0,090	0,091	0,530	0,094	0,539	0,092	0,482	0,090	0,575	0,092	0,519	0,090	0,584	0,132	0,091	0,132	0,090	0,127	0,090	0,128	0,092	0,135	0,091	0,112	0,091	0,092	0,375	0,090	0,471	0,091	0,597	0,090	0,406	0,090	0,542	0,090	0,324	0,091	0,091	0,091	0,090	0,090	0,090	0,091	0,090	0,090	0,094	0,089	0,089	0,093	0,091	0,091	0,091	0,090	0,090	0,089	0,090	0,092	0,093	0,095	0,092
2:58:04	37,0	0,558	0,090	0,544	0,094	0,504	0,091	0,581	0,091	0,526	0,090	0,585	0,094	0,091	0,536	0,093	0,520	0,093	0,472	0,092	0,530	0,091	0,509	0,090	0,563	0,548	0,096	0,517	0,091	0,493	0,090	0,477	0,091	0,470	0,090	0,543	0,090	0,091	0,551	0,094	0,574	0,092	0,497	0,090	0,592	0,092	0,563	0,090	0,614	0,135	0,091	0,137	0,090	0,131	0,090	0,131	0,091	0,139	0,091	0,114	0,091	0,092	0,402	0,090	0,498	0,091	0,628	0,090	0,425	0,090	0,577	0,090	0,360	0,091	0,090	0,091	0,090	0,090	0,090	0,091	0,090	0,089	0,094	0,089	0,089	0,095	0,090	0,091	0,090	0,090	0,089	0,089	0,090	0,092	0,093	0,095	0,092
3:08:04	37,0	0,577	0,090	0,570	0,094	0,536	0,091	0,615	0,091	0,548	0,090	0,615	0,093	0,091	0,554	0,093	0,540	0,093	0,490	0,092	0,550	0,091	0,529	0,090	0,583	0,571	0,096	0,537	0,091	0,520	0,090	0,502	0,091	0,491	0,090	0,556	0,090	0,091	0,575	0,094	0,597	0,092	0,515	0,090	0,607	0,092	0,609	0,090	0,641	0,139	0,091	0,143	0,090	0,137	0,090	0,136	0,091	0,144	0,090	0,116	0,091	0,092	0,427	0,090	0,521	0,091	0,658	0,090	0,446	0,090	0,608	0,090	0,396	0,091	0,090	0,091	0,090	0,090	0,090	0,091	0,090	0,090	0,094	0,089	0,089	0,102	0,090	0,091	0,091	0,089	0,089	0,089	0,090	0,092	0,093	0,095	0,092
3:18:04	37,0	0,594	0,090	0,594	0,094	0,566	0,091	0,638	0,091	0,571	0,090	0,640	0,093	0,092	0,572	0,093	0,555	0,093	0,502	0,092	0,564	0,091	0,547	0,090	0,600	0,594	0,096	0,556	0,091	0,541	0,090	0,525	0,091	0,514	0,090	0,571	0,090	0,091	0,596	0,094	0,622	0,092	0,527	0,090	0,627	0,092	0,640	0,090	0,658	0,144	0,091	0,150	0,090	0,142	0,090	0,141	0,091	0,149	0,090	0,119	0,091	0,092	0,454	0,090	0,542	0,091	0,687	0,090	0,463	0,090	0,632	0,090	0,430	0,091	0,090	0,091	0,090	0,090	0,090	0,091	0,090	0,090	0,094	0,089	0,088	0,099	0,090	0,091	0,091	0,090	0,089	0,089	0,090	0,092	0,093	0,095	0,092
3:28:04	37,0	0,609	0,090	0,618	0,094	0,604	0,091	0,668	0,091	0,591	0,090	0,660	0,093	0,092	0,590	0,093	0,572	0,093	0,517	0,092	0,579	0,091	0,571	0,090	0,624	0,618	0,096	0,576	0,091	0,564	0,090	0,544	0,091	0,542	0,090	0,584	0,090	0,091	0,621	0,095	0,644	0,092	0,543	0,090	0,646	0,092	0,678	0,090	0,696	0,150	0,091	0,159	0,090	0,149	0,090	0,148	0,092	0,156	0,091	0,122	0,091	0,092	0,483	0,090	0,563	0,091	0,722	0,090	0,483	0,090	0,653	0,090	0,465	0,092	0,090	0,091	0,090	0,090	0,090	0,091	0,090	0,090	0,094	0,089	0,089	0,103	0,091	0,091	0,091	0,090	0,090	0,090	0,090	0,092	0,093	0,095	0,092
3:38:04	37,0	0,620	0,090	0,644	0,094	0,631	0,091	0,693	0,091	0,616	0,090	0,686	0,093	0,091	0,603	0,093	0,587	0,093	0,526	0,093	0,601	0,091	0,590	0,090	0,644	0,642	0,096	0,596	0,091	0,594	0,090	0,569	0,091	0,573	0,090	0,591	0,090	0,091	0,648	0,095	0,663	0,092	0,560	0,090	0,659	0,092	0,695	0,090	0,723	0,157	0,091	0,168	0,090	0,157	0,090	0,155	0,091	0,163	0,090	0,126	0,091	0,092	0,505	0,090	0,581	0,091	0,751	0,090	0,503	0,090	0,677	0,090	0,495	0,091	0,090	0,091	0,090	0,090	0,090	0,091	0,090	0,090	0,094	0,089	0,089	0,108	0,090	0,091	0,091	0,090	0,089	0,089	0,090	0,092	0,093	0,095	0,092
3:48:04	37,0	0,635	0,090	0,673	0,094	0,661	0,091	0,712	0,091	0,645	0,090	0,711	0,093	0,091	0,621	0,093	0,603	0,093	0,539	0,093	0,615	0,091	0,609	0,089	0,669	0,666	0,096	0,610	0,091	0,616	0,090	0,592	0,091	0,594	0,089	0,603	0,090	0,091	0,671	0,095	0,681	0,092	0,576	0,090	0,683	0,092	0,715	0,090	0,748	0,165	0,091	0,180	0,090	0,166	0,090	0,163	0,091	0,171	0,090	0,130	0,090	0,092	0,525	0,090	0,603	0,091	0,776	0,090	0,523	0,090	0,703	0,090	0,525	0,091	0,090	0,091	0,090	0,090	0,090	0,091	0,090	0,089	0,094	0,089	0,088	0,119	0,090	0,091	0,091	0,090	0,089	0,089	0,090	0,092	0,093	0,095	0,092
3:58:04	37,0	0,649	0,090	0,699	0,094	0,690	0,091	0,741	0,091	0,673	0,090	0,731	0,093	0,092	0,633	0,093	0,617	0,093	0,549	0,093	0,631	0,091	0,626	0,090	0,696	0,695	0,096	0,627	0,091	0,646	0,090	0,615	0,091	0,616	0,090	0,616	0,090	0,091	0,693	0,095	0,696	0,092	0,595	0,090	0,701	0,092	0,732	0,090	0,769	0,173	0,091	0,192	0,090	0,177	0,090	0,173	0,092	0,181	0,090	0,135	0,091	0,092	0,548	0,090	0,623	0,091	0,791	0,090	0,542	0,090	0,730	0,090	0,554	0,092	0,090	0,091	0,090	0,090	0,090	0,091	0,090	0,090	0,094	0,089	0,089	0,127	0,091	0,091	0,091	0,090	0,090	0,089	0,090	0,092	0,093	0,095	0,092
4:08:04	37,0	0,668	0,090	0,723	0,094	0,705	0,091	0,763	0,091	0,700	0,090	0,754	0,093	0,092	0,644	0,093	0,630	0,093	0,566	0,094	0,644	0,091	0,648	0,090	0,722	0,716	0,096	0,646	0,091	0,669	0,090	0,634	0,091	0,640	0,090	0,631	0,090	0,091	0,715	0,095	0,713	0,092	0,617	0,090	0,723	0,092	0,748	0,090	0,795	0,183	0,091	0,204	0,090	0,189	0,090	0,184	0,091	0,190	0,090	0,140	0,091	0,102	0,571	0,090	0,638	0,092	0,803	0,090	0,561	0,090	0,749	0,090	0,581	0,091	0,090	0,091	0,090	0,090	0,090	0,091	0,090	0,090	0,094	0,089	0,089	0,139	0,090	0,091	0,091	0,090	0,090	0,089	0,090	0,092	0,093	0,095	0,092
4:18:04	37,0	0,686	0,090	0,747	0,094	0,731	0,091	0,784	0,091	0,726	0,090	0,778	0,093	0,091	0,666	0,093	0,645	0,093	0,596	0,093	0,658	0,091	0,669	0,090	0,746	0,741	0,096	0,665	0,091	0,693	0,090	0,653	0,091	0,661	0,090	0,645	0,090	0,091	0,735	0,095	0,728	0,092	0,641	0,090	0,744	0,092	0,766	0,090	0,814	0,193	0,091	0,218	0,090	0,201	0,090	0,196	0,091	0,201	0,090	0,146	0,091	0,099	0,593	0,090	0,653	0,091	0,815	0,090	0,579	0,090	0,765	0,090	0,607	0,091	0,090	0,091	0,090	0,090	0,090	0,091	0,090	0,089	0,094	0,089	0,089	0,154	0,090	0,091	0,091	0,090	0,089	0,089	0,090	0,092	0,093	0,095	0,092
4:28:04	37,0	0,709	0,090	0,760	0,094	0,746	0,091	0,798	0,091	0,762	0,090	0,796	0,093	0,091	0,692	0,093	0,663	0,093	0,617	0,093	0,671	0,091	0,694	0,090	0,768	0,765	0,096	0,681	0,091	0,712	0,090	0,672	0,091	0,681	0,090	0,661	0,090	0,091	0,754	0,095	0,743	0,092	0,661	0,090	0,764	0,092	0,781	0,090	0,839	0,206	0,091	0,233	0,090	0,214	0,090	0,209	0,091	0,215	0,090	0,153	0,091	0,100	0,611	0,090	0,666	0,091	0,827	0,090	0,594	0,090	0,782	0,090	0,631	0,091	0,090	0,091	0,090	0,090	0,090	0,091	0,090	0,089	0,094	0,089	0,089	0,171	0,090	0,091	0,091	0,090	0,090	0,089	0,090	0,092	0,093	0,095	0,092
4:38:04	37,0	0,733	0,090	0,774	0,094	0,766	0,091	0,811	0,091	0,799	0,090	0,813	0,093	0,092	0,717	0,093	0,678	0,093	0,638	0,093	0,684	0,091	0,712	0,090	0,787	0,787	0,096	0,701	0,091	0,737	0,090	0,692	0,091	0,697	0,090	0,675	0,090	0,091	0,773	0,095	0,760	0,092	0,681	0,090	0,783	0,092	0,801	0,090	0,866	0,219	0,091	0,249	0,090	0,227	0,090	0,222	0,091	0,233	0,090	0,161	0,091	0,095	0,625	0,090	0,680	0,091	0,841	0,090	0,610	0,090	0,800	0,090	0,653	0,091	0,090	0,091	0,090	0,090	0,090	0,091	0,090	0,090	0,094	0,089	0,089	0,197	0,090	0,091	0,091	0,090	0,089	0,089	0,090	0,092	0,093	0,095	0,092
4:48:04	37,0	0,755	0,090	0,790	0,094	0,785	0,091	0,824	0,091	0,820	0,090	0,829	0,093	0,092	0,738	0,093	0,692	0,093	0,655	0,094	0,690	0,091	0,722	0,090	0,804	0,808	0,096	0,719	0,091	0,760	0,090	0,714	0,091	0,715	0,090	0,691	0,090	0,091	0,795	0,095	0,775	0,092	0,704	0,090	0,807	0,092	0,822	0,090	0,893	0,233	0,091	0,266	0,090	0,240	0,090	0,236	0,091	0,253	0,090	0,168	0,091	0,101	0,639	0,090	0,695	0,091	0,860	0,090	0,625	0,090	0,819	0,090	0,674	0,091	0,090	0,091	0,090	0,090	0,090	0,091	0,090	0,090	0,094	0,089	0,089	0,228	0,090	0,091	0,091	0,089	0,090	0,089	0,090	0,092	0,093	0,095	0,092
4:58:04	37,0	0,776	0,090	0,807	0,094	0,806	0,091	0,835	0,091	0,836	0,090	0,840	0,093	0,091	0,757	0,093	0,707	0,093	0,671	0,093	0,708	0,091	0,733	0,089	0,819	0,827	0,096	0,738	0,091	0,775	0,090	0,734	0,091	0,731	0,090	0,710	0,090	0,091	0,817	0,095	0,792	0,092	0,726	0,090	0,827	0,091	0,845	0,090	0,916	0,248	0,091	0,283	0,090	0,253	0,090	0,251	0,091	0,277	0,090	0,177	0,090	0,101	0,652	0,090	0,709	0,091	0,873	0,090	0,641	0,090	0,839	0,090	0,694	0,091	0,090	0,091	0,090	0,090	0,090	0,090	0,090	0,089	0,094	0,089	0,088	0,264	0,090	0,091	0,090	0,090	0,089	0,089	0,090	0,092	0,093	0,095	0,092
5:08:04	37,0	0,798	0,090	0,825	0,094	0,829	0,091	0,848	0,091	0,858	0,090	0,859	0,093	0,091	0,778	0,093	0,726	0,093	0,682	0,093	0,731	0,091	0,747	0,090	0,839	0,851	0,096	0,755	0,091	0,808	0,090	0,755	0,091	0,747	0,090	0,729	0,090	0,091	0,838	0,095	0,808	0,092	0,744	0,090	0,850	0,092	0,868	0,090	0,946	0,263	0,091	0,302	0,090	0,268	0,090	0,265	0,091	0,302	0,091	0,188	0,091	0,101	0,667	0,090	0,730	0,091	0,895	0,090	0,662	0,090	0,860	0,090	0,715	0,091	0,090	0,091	0,090	0,090	0,090	0,091	0,090	0,090	0,094	0,089	0,089	0,302	0,090	0,091	0,091	0,090	0,090	0,089	0,090	0,092	0,093	0,095	0,092
5:18:04	37,0	0,817	0,090	0,841	0,094	0,846	0,091	0,862	0,091	0,875	0,090	0,874	0,093	0,092	0,796	0,093	0,746	0,093	0,696	0,093	0,748	0,091	0,759	0,090	0,853	0,871	0,096	0,775	0,091	0,828	0,090	0,781	0,091	0,766	0,090	0,749	0,090	0,091	0,856	0,095	0,829	0,092	0,762	0,090	0,875	0,092	0,886	0,090	0,956	0,277	0,091	0,321	0,090	0,282	0,090	0,275	0,091	0,321	0,090	0,199	0,091	0,099	0,681	0,090	0,746	0,091	0,914	0,090	0,677	0,090	0,878	0,090	0,737	0,091	0,090	0,091	0,090	0,090	0,090	0,091	0,090	0,089	0,094	0,089	0,089	0,333	0,091	0,091	0,091	0,090	0,090	0,090	0,090	0,092	0,093	0,095	0,092
5:28:04	37,0	0,833	0,090	0,855	0,094	0,861	0,091	0,875	0,091	0,889	0,090	0,890	0,093	0,092	0,812	0,093	0,760	0,093	0,709	0,093	0,765	0,091	0,768	0,090	0,869	0,893	0,096	0,792	0,091	0,846	0,091	0,802	0,091	0,786	0,090	0,768	0,090	0,091	0,872	0,095	0,850	0,093	0,775	0,090	0,896	0,092	0,906	0,090	0,980	0,292	0,091	0,343	0,090	0,298	0,090	0,289	0,092	0,342	0,091	0,211	0,091	0,096	0,696	0,090	0,759	0,091	0,928	0,090	0,694	0,090	0,895	0,090	0,761	0,092	0,091	0,091	0,090	0,090	0,090	0,091	0,090	0,090	0,094	0,089	0,089	0,366	0,091	0,091	0,091	0,090	0,090	0,089	0,090	0,092	0,093	0,095	0,092
5:38:04	37,0	0,851	0,090	0,869	0,094	0,873	0,091	0,886	0,091	0,907	0,089	0,908	0,093	0,092	0,829	0,093	0,773	0,093	0,721	0,093	0,783	0,091	0,782	0,089	0,885	0,920	0,096	0,815	0,091	0,877	0,090	0,830	0,091	0,806	0,090	0,788	0,090	0,091	0,893	0,095	0,871	0,092	0,802	0,090	0,913	0,092	0,928	0,090	1,003	0,306	0,091	0,362	0,090	0,314	0,090	0,299	0,091	0,364	0,090	0,224	0,091	0,102	0,713	0,090	0,777	0,091	0,947	0,090	0,710	0,090	0,911	0,090	0,793	0,091	0,090	0,091	0,090	0,090	0,090	0,090	0,090	0,089	0,094	0,089	0,089	0,397	0,090	0,091	0,091	0,089	0,089	0,089	0,090	0,092	0,093	0,095	0,092
5:48:04	37,0	0,868	0,090	0,888	0,094	0,889	0,091	0,901	0,091	0,925	0,090	0,926	0,093	0,092	0,848	0,093	0,788	0,093	0,736	0,093	0,801	0,091	0,798	0,090	0,905	0,938	0,096	0,835	0,091	0,902	0,090	0,849	0,091	0,826	0,090	0,808	0,090	0,091	0,917	0,095	0,899	0,092	0,824	0,090	0,935	0,092	0,948	0,090	1,022	0,321	0,091	0,384	0,090	0,332	0,090	0,312	0,091	0,377	0,090	0,238	0,091	0,195	0,731	0,090	0,793	0,091	0,963	0,090	0,727	0,090	0,928	0,090	0,822	0,091	0,090	0,091	0,090	0,090	0,090	0,091	0,090	0,090	0,094	0,089	0,089	0,440	0,090	0,091	0,091	0,090	0,090	0,089	0,090	0,092	0,093	0,095	0,092
5:58:04	37,0	0,884	0,090	0,900	0,094	0,904	0,091	0,915	0,091	0,941	0,090	0,943	0,093	0,092	0,865	0,093	0,803	0,093	0,751	0,093	0,822	0,091	0,815	0,090	0,924	0,958	0,096	0,859	0,091	0,926	0,090	0,872	0,091	0,847	0,090	0,824	0,090	0,091	0,933	0,095	0,925	0,092	0,842	0,090	0,957	0,092	0,966	0,090	1,040	0,334	0,091	0,406	0,090	0,352	0,090	0,325	0,092	0,395	0,091	0,252	0,091	0,091	0,748	0,090	0,809	0,092	0,979	0,090	0,745	0,090	0,944	0,090	0,849	0,092	0,090	0,091	0,090	0,090	0,090	0,091	0,090	0,090	0,094	0,089	0,089	0,472	0,090	0,091	0,091	0,090	0,090	0,089	0,090	0,092	0,093	0,095	0,092
6:08:04	37,0	0,895	0,090	0,910	0,094	0,914	0,091	0,924	0,091	0,954	0,090	0,954	0,093	0,092	0,879	0,093	0,812	0,093	0,762	0,093	0,837	0,091	0,823	0,090	0,929	0,977	0,096	0,878	0,091	0,936	0,090	0,893	0,091	0,861	0,090	0,839	0,090	0,091	0,948	0,095	0,938	0,093	0,858	0,090	0,974	0,092	0,979	0,090	1,033	0,347	0,091	0,423	0,090	0,378	0,090	0,341	0,092	0,407	0,091	0,265	0,091	0,092	0,763	0,090	0,823	0,092	0,985	0,090	0,761	0,090	0,957	0,090	0,871	0,091	0,090	0,091	0,090	0,090	0,090	0,091	0,090	0,090	0,094	0,089	0,089	0,502	0,091	0,091	0,091	0,090	0,090	0,090	0,090	0,092	0,094	0,095	0,092
6:18:04	37,0	0,909	0,090	0,923	0,094	0,926	0,091	0,934	0,091	0,967	0,090	0,964	0,093	0,092	0,893	0,093	0,825	0,093	0,771	0,093	0,852	0,091	0,832	0,090	0,944	0,994	0,096	0,898	0,091	0,957	0,090	0,916	0,091	0,875	0,090	0,852	0,090	0,091	0,964	0,095	0,955	0,093	0,879	0,090	0,991	0,092	0,991	0,090	1,049	0,361	0,091	0,441	0,090	0,403	0,090	0,354	0,091	0,420	0,091	0,278	0,091	0,092	0,779	0,090	0,842	0,091	0,997	0,090	0,775	0,090	0,966	0,090	0,889	0,092	0,090	0,091	0,090	0,090	0,090	0,091	0,090	0,089	0,094	0,089	0,089	0,531	0,091	0,091	0,091	0,090	0,090	0,089	0,090	0,092	0,093	0,095	0,092
6:28:04	37,0	0,924	0,090	0,938	0,093	0,939	0,091	0,949	0,091	0,980	0,089	0,976	0,093	0,091	0,909	0,093	0,836	0,093	0,784	0,093	0,865	0,091	0,845	0,090	0,955	1,008	0,096	0,912	0,091	0,976	0,090	0,936	0,091	0,890	0,090	0,867	0,090	0,091	0,979	0,095	0,969	0,092	0,894	0,090	1,009	0,091	1,003	0,090	1,064	0,373	0,091	0,458	0,090	0,426	0,090	0,366	0,091	0,434	0,090	0,290	0,091	0,091	0,793	0,090	0,861	0,091	1,013	0,090	0,791	0,090	0,975	0,090	0,907	0,091	0,090	0,091	0,090	0,090	0,090	0,091	0,090	0,089	0,094	0,089	0,088	0,567	0,090	0,091	0,091	0,089	0,089	0,089	0,090	0,092	0,093	0,095	0,092
6:38:04	37,0	0,937	0,090	0,952	0,094	0,952	0,091	0,961	0,091	0,993	0,090	0,990	0,093	0,091	0,927	0,093	0,851	0,093	0,796	0,093	0,882	0,091	0,862	0,090	0,972	1,025	0,096	0,932	0,091	0,995	0,090	0,950	0,091	0,903	0,090	0,884	0,090	0,091	0,994	0,095	0,983	0,092	0,914	0,090	1,030	0,091	1,017	0,090	1,080	0,385	0,090	0,469	0,090	0,444	0,090	0,380	0,091	0,446	0,090	0,304	0,090	0,091	0,809	0,090	0,872	0,091	1,027	0,090	0,807	0,090	0,989	0,090	0,927	0,091	0,090	0,091	0,090	0,090	0,090	0,091	0,090	0,089	0,094	0,089	0,089	0,594	0,090	0,091	0,091	0,089	0,089	0,089	0,090	0,092	0,093	0,094	0,092
6:48:04	37,0	0,951	0,090	0,966	0,094	0,963	0,091	0,971	0,091	1,003	0,090	0,999	0,093	0,092	0,941	0,093	0,863	0,093	0,805	0,093	0,893	0,091	0,872	0,090	0,983	1,036	0,096	0,947	0,091	1,013	0,091	0,968	0,091	0,914	0,090	0,897	0,090	0,091	1,009	0,095	0,996	0,093	0,931	0,090	1,046	0,092	1,030	0,090	1,105	0,396	0,091	0,481	0,090	0,466	0,090	0,393	0,091	0,456	0,090	0,318	0,091	0,092	0,823	0,090	0,885	0,092	1,036	0,090	0,821	0,090	0,998	0,090	0,941	0,091	0,090	0,091	0,090	0,090	0,090	0,091	0,090	0,090	0,094	0,089	0,089	0,618	0,090	0,091	0,091	0,090	0,090	0,090	0,090	0,092	0,094	0,095	0,092
6:58:04	37,0	0,963	0,090	0,978	0,094	0,973	0,091	0,981	0,091	1,015	0,090	1,008	0,093	0,092	0,957	0,093	0,877	0,093	0,816	0,093	0,910	0,091	0,882	0,090	0,991	1,052	0,096	0,964	0,091	1,032	0,090	0,980	0,091	0,926	0,090	0,912	0,090	0,091	1,019	0,095	1,009	0,092	0,945	0,090	1,065	0,092	1,045	0,090	1,113	0,408	0,091	0,495	0,090	0,485	0,090	0,404	0,091	0,467	0,090	0,330	0,090	0,091	0,835	0,090	0,900	0,091	1,049	0,090	0,832	0,090	1,010	0,090	0,958	0,091	0,090	0,091	0,090	0,090	0,090	0,091	0,090	0,090	0,094	0,089	0,089	0,650	0,090	0,091	0,091	0,089	0,089	0,089	0,090	0,092	0,093	0,095	0,092
7:08:04	37,0	0,976	0,090	0,989	0,094	0,986	0,091	0,991	0,091	1,025	0,090	1,020	0,093	0,092	0,971	0,093	0,890	0,093	0,827	0,093	0,929	0,091	0,895	0,090	1,001	1,065	0,096	0,982	0,091	1,044	0,090	0,993	0,091	0,939	0,090	0,930	0,090	0,091	1,033	0,095	1,022	0,093	0,960	0,090	1,082	0,092	1,061	0,090	1,129	0,419	0,091	0,505	0,090	0,502	0,090	0,416	0,092	0,477	0,091	0,342	0,091	0,092	0,849	0,090	0,914	0,092	1,057	0,090	0,848	0,090	1,020	0,090	0,974	0,091	0,090	0,091	0,090	0,090	0,090	0,091	0,090	0,090	0,094	0,089	0,089	0,675	0,090	0,091	0,091	0,090	0,090	0,090	0,090	0,092	0,094	0,095	0,092
7:18:04	37,0	0,988	0,090	1,003	0,094	0,997	0,091	1,002	0,091	1,035	0,090	1,028	0,093	0,092	0,988	0,093	0,906	0,093	0,838	0,093	0,937	0,091	0,909	0,090	1,012	1,076	0,096	0,996	0,091	1,060	0,091	1,007	0,091	0,949	0,090	0,936	0,090	0,091	1,046	0,095	1,034	0,093	0,973	0,090	1,098	0,092	1,074	0,090	1,142	0,430	0,091	0,517	0,090	0,517	0,090	0,430	0,091	0,489	0,090	0,354	0,091	0,097	0,861	0,090	0,923	0,091	1,067	0,090	0,859	0,090	1,030	0,090	0,989	0,091	0,090	0,091	0,090	0,090	0,090	0,091	0,090	0,090	0,094	0,089	0,089	0,695	0,091	0,091	0,091	0,090	0,089	0,090	0,090	0,092	0,094	0,095	0,092
7:28:04	37,0	1,001	0,090	1,010	0,094	1,007	0,091	1,012	0,091	1,046	0,090	1,038	0,093	0,092	1,002	0,093	0,920	0,093	0,848	0,093	0,951	0,091	0,921	0,090	1,022	1,090	0,096	1,012	0,091	1,071	0,091	1,019	0,091	0,961	0,090	0,951	0,090	0,091	1,058	0,095	1,046	0,093	0,987	0,090	1,114	0,092	1,087	0,090	1,157	0,442	0,091	0,523	0,090	0,532	0,090	0,440	0,092	0,499	0,090	0,364	0,091	0,099	0,872	0,090	0,932	0,091	1,078	0,090	0,873	0,090	1,042	0,090	1,004	0,092	0,090	0,091	0,090	0,090	0,090	0,091	0,090	0,090	0,094	0,089	0,089	0,717	0,091	0,091	0,091	0,090	0,090	0,089	0,090	0,092	0,094	0,095	0,092
7:38:04	37,0	1,008	0,090	1,019	0,094	1,018	0,091	1,022	0,091	1,054	0,090	1,046	0,093	0,092	1,014	0,093	0,933	0,093	0,861	0,093	0,968	0,091	0,935	0,090	1,034	1,101	0,095	1,026	0,091	1,082	0,090	1,031	0,091	0,971	0,090	0,966	0,090	0,091	1,070	0,095	1,057	0,092	0,999	0,090	1,126	0,092	1,100	0,090	1,166	0,454	0,091	0,531	0,090	0,541	0,090	0,451	0,091	0,507	0,090	0,374	0,090	0,092	0,883	0,090	0,946	0,091	1,083	0,090	0,884	0,090	1,051	0,090	1,019	0,091	0,090	0,091	0,090	0,090	0,090	0,091	0,090	0,089	0,094	0,089	0,089	0,736	0,090	0,091	0,091	0,090	0,089	0,089	0,090	0,092	0,093	0,094	0,092
7:48:04	37,0	1,019	0,090	1,031	0,094	1,029	0,091	1,032	0,091	1,061	0,090	1,058	0,093	0,092	1,030	0,093	0,944	0,093	0,872	0,093	0,984	0,091	0,947	0,090	1,044	1,110	0,096	1,041	0,091	1,094	0,091	1,045	0,091	0,982	0,090	0,977	0,090	0,091	1,081	0,095	1,068	0,093	1,010	0,090	1,141	0,092	1,112	0,090	1,175	0,468	0,091	0,537	0,090	0,549	0,090	0,462	0,091	0,519	0,090	0,384	0,091	0,091	0,894	0,090	0,956	0,091	1,093	0,090	0,897	0,090	1,060	0,090	1,032	0,092	0,090	0,091	0,090	0,090	0,090	0,091	0,090	0,090	0,094	0,089	0,089	0,754	0,090	0,091	0,091	0,090	0,090	0,089	0,090	0,092	0,094	0,095	0,092
7:58:04	37,0	1,028	0,090	1,042	0,094	1,041	0,091	1,042	0,091	1,073	0,090	1,066	0,093	0,092	1,042	0,093	0,957	0,093	0,884	0,093	0,992	0,091	0,959	0,090	1,051	1,124	0,096	1,052	0,091	1,109	0,091	1,052	0,091	0,991	0,090	0,987	0,090	0,091	1,093	0,096	1,081	0,093	1,024	0,090	1,149	0,092	1,126	0,090	1,185	0,481	0,091	0,539	0,090	0,551	0,090	0,476	0,091	0,528	0,090	0,393	0,091	0,092	0,905	0,090	0,968	0,091	1,104	0,090	0,909	0,090	1,071	0,090	1,046	0,091	0,090	0,091	0,090	0,090	0,090	0,091	0,090	0,090	0,094	0,089	0,089	0,774	0,090	0,091	0,091	0,090	0,089	0,089	0,090	0,092	0,094	0,095	0,092
8:08:04	37,0	1,037	0,090	1,052	0,094	1,050	0,091	1,052	0,091	1,082	0,090	1,075	0,093	0,092	1,056	0,093	0,967	0,093	0,895	0,093	1,005	0,091	0,966	0,090	1,061	1,134	0,096	1,064	0,091	1,118	0,091	1,066	0,091	1,000	0,090	0,999	0,090	0,091	1,102	0,096	1,091	0,093	1,034	0,090	1,163	0,092	1,137	0,090	1,197	0,490	0,091	0,535	0,090	0,551	0,090	0,482	0,091	0,536	0,090	0,403	0,091	0,092	0,916	0,090	0,977	0,091	1,109	0,090	0,920	0,090	1,081	0,090	1,060	0,091	0,090	0,091	0,090	0,090	0,090	0,091	0,090	0,090	0,094	0,089	0,089	0,795	0,090	0,091	0,091	0,090	0,090	0,089	0,090	0,092	0,094	0,095	0,092
8:18:04	37,0	1,046	0,090	1,060	0,094	1,058	0,091	1,061	0,091	1,092	0,090	1,085	0,093	0,092	1,070	0,093	0,978	0,094	0,908	0,093	1,018	0,091	0,977	0,090	1,072	1,143	0,096	1,077	0,091	1,128	0,091	1,080	0,091	1,010	0,090	1,009	0,090	0,091	1,112	0,095	1,101	0,093	1,044	0,091	1,176	0,092	1,147	0,090	1,208	0,497	0,091	0,533	0,090	0,552	0,090	0,491	0,091	0,542	0,090	0,413	0,091	0,092	0,929	0,090	0,988	0,091	1,117	0,090	0,933	0,090	1,091	0,090	1,074	0,091	0,090	0,091	0,090	0,090	0,090	0,091	0,090	0,089	0,094	0,089	0,089	0,818	0,090	0,091	0,091	0,090	0,090	0,089	0,090	0,092	0,094	0,095	0,092
8:28:04	37,0	1,055	0,090	1,070	0,094	1,068	0,091	1,065	0,091	1,099	0,090	1,091	0,093	0,092	1,082	0,093	0,988	0,093	0,917	0,093	1,027	0,091	0,988	0,090	1,079	1,153	0,096	1,084	0,091	1,139	0,091	1,088	0,091	1,020	0,090	1,015	0,090	0,091	1,122	0,095	1,111	0,092	1,054	0,090	1,184	0,092	1,156	0,090	1,217	0,504	0,091	0,536	0,090	0,554	0,090	0,500	0,091	0,548	0,090	0,422	0,090	0,092	0,939	0,090	1,000	0,091	1,127	0,090	0,944	0,090	1,100	0,090	1,086	0,091	0,090	0,091	0,090	0,090	0,090	0,091	0,090	0,090	0,094	0,089	0,089	0,838	0,090	0,091	0,091	0,090	0,089	0,089	0,090	0,092	0,094	0,095	0,092
8:38:04	37,0	1,064	0,090	1,078	0,094	1,077	0,091	1,075	0,091	1,108	0,090	1,097	0,093	0,092	1,095	0,093	0,998	0,094	0,927	0,093	1,032	0,091	1,000	0,090	1,087	1,163	0,096	1,097	0,091	1,152	0,091	1,096	0,091	1,029	0,090	1,026	0,090	0,091	1,134	0,096	1,121	0,093	1,064	0,090	1,196	0,092	1,169	0,090	1,228	0,516	0,091	0,536	0,090	0,557	0,090	0,506	0,092	0,549	0,090	0,431	0,091	0,092	0,951	0,090	1,012	0,092	1,139	0,090	0,958	0,090	1,108	0,090	1,097	0,091	0,090	0,091	0,090	0,090	0,090	0,091	0,090	0,090	0,094	0,089	0,089	0,859	0,091	0,091	0,091	0,090	0,090	0,089	0,090	0,092	0,094	0,095	0,093
8:48:04	37,0	1,072	0,090	1,089	0,094	1,087	0,091	1,082	0,091	1,117	0,090	1,107	0,093	0,092	1,107	0,093	1,010	0,093	0,937	0,093	1,052	0,091	1,005	0,090	1,099	1,172	0,096	1,103	0,091	1,163	0,090	1,105	0,091	1,038	0,090	1,034	0,090	0,091	1,139	0,095	1,129	0,092	1,072	0,090	1,207	0,092	1,178	0,090	1,238	0,528	0,091	0,537	0,090	0,565	0,090	0,510	0,091	0,552	0,090	0,441	0,090	0,091	0,962	0,090	1,024	0,091	1,142	0,090	0,968	0,090	1,116	0,090	1,106	0,091	0,090	0,091	0,090	0,090	0,090	0,090	0,090	0,090	0,094	0,089	0,089	0,872	0,090	0,091	0,091	0,090	0,089	0,089	0,090	0,092	0,093	0,095	0,092
8:58:04	37,0	1,080	0,090	1,101	0,094	1,097	0,091	1,092	0,091	1,127	0,090	1,115	0,093	0,092	1,120	0,093	1,022	0,093	0,947	0,093	1,060	0,091	1,013	0,090	1,110	1,182	0,096	1,114	0,091	1,174	0,091	1,117	0,091	1,048	0,090	1,043	0,090	0,091	1,150	0,096	1,139	0,093	1,083	0,091	1,217	0,092	1,190	0,090	1,248	0,539	0,091	0,538	0,090	0,567	0,090	0,520	0,091	0,556	0,091	0,451	0,091	0,092	0,974	0,090	1,039	0,091	1,148	0,090	0,979	0,090	1,125	0,090	1,119	0,091	0,090	0,091	0,090	0,090	0,090	0,091	0,090	0,090	0,095	0,089	0,089	0,891	0,091	0,092	0,091	0,090	0,090	0,090	0,090	0,092	0,094	0,095	0,093
9:08:04	37,0	1,087	0,090	1,108	0,094	1,104	0,091	1,101	0,091	1,135	0,090	1,123	0,093	0,091	1,132	0,093	1,034	0,093	0,956	0,093	1,067	0,091	1,025	0,090	1,119	1,190	0,096	1,123	0,091	1,184	0,090	1,130	0,091	1,056	0,090	1,050	0,090	0,091	1,159	0,096	1,149	0,093	1,092	0,090	1,227	0,091	1,200	0,090	1,258	0,549	0,091	0,538	0,090	0,568	0,090	0,528	0,091	0,561	0,090	0,459	0,091	0,091	0,984	0,090	1,047	0,091	1,154	0,090	0,992	0,090	1,134	0,090	1,130	0,091	0,090	0,091	0,090	0,090	0,090	0,091	0,090	0,089	0,094	0,089	0,089	0,909	0,090	0,091	0,091	0,089	0,089	0,089	0,090	0,092	0,094	0,095	0,092
9:18:04	37,0	1,094	0,090	1,117	0,094	1,113	0,091	1,110	0,091	1,147	0,090	1,131	0,093	0,092	1,144	0,093	1,044	0,093	0,967	0,093	1,083	0,091	1,036	0,090	1,132	1,198	0,096	1,133	0,091	1,194	0,091	1,135	0,091	1,067	0,090	1,059	0,090	0,091	1,168	0,096	1,159	0,093	1,103	0,090	1,237	0,092	1,208	0,090	1,270	0,560	0,091	0,538	0,090	0,571	0,090	0,533	0,091	0,567	0,090	0,466	0,091	0,092	0,995	0,090	1,055	0,091	1,166	0,090	1,004	0,090	1,143	0,090	1,139	0,091	0,090	0,091	0,090	0,090	0,090	0,091	0,090	0,090	0,094	0,089	0,089	0,922	0,090	0,091	0,091	0,090	0,089	0,089	0,090	0,092	0,094	0,095	0,092
9:28:04	37,0	1,101	0,090	1,128	0,094	1,122	0,091	1,121	0,091	1,155	0,090	1,142	0,093	0,092	1,156	0,093	1,055	0,093	0,977	0,093	1,089	0,091	1,046	0,090	1,145	1,207	0,096	1,141	0,091	1,203	0,091	1,145	0,091	1,076	0,090	1,072	0,090	0,091	1,176	0,095	1,167	0,093	1,110	0,090	1,247	0,092	1,219	0,090	1,281	0,572	0,091	0,541	0,090	0,574	0,090	0,542	0,092	0,572	0,090	0,471	0,091	0,092	1,006	0,090	1,067	0,091	1,169	0,090	1,015	0,090	1,151	0,090	1,152	0,091	0,090	0,091	0,090	0,090	0,090	0,091	0,090	0,090	0,094	0,089	0,089	0,938	0,090	0,091	0,091	0,090	0,089	0,089	0,090	0,092	0,094	0,095	0,092
9:38:04	37,0	1,107	0,090	1,135	0,094	1,131	0,091	1,128	0,091	1,165	0,090	1,150	0,093	0,092	1,167	0,093	1,063	0,094	0,988	0,093	1,103	0,091	1,056	0,090	1,155	1,215	0,096	1,152	0,091	1,214	0,091	1,154	0,091	1,086	0,090	1,078	0,090	0,091	1,186	0,096	1,178	0,093	1,118	0,090	1,258	0,092	1,227	0,090	1,286	0,583	0,091	0,544	0,090	0,578	0,090	0,548	0,091	0,577	0,091	0,476	0,090	0,092	1,018	0,090	1,077	0,091	1,183	0,090	1,025	0,090	1,158	0,090	1,165	0,091	0,090	0,091	0,090	0,090	0,090	0,091	0,090	0,089	0,094	0,089	0,089	0,957	0,090	0,091	0,091	0,090	0,090	0,089	0,090	0,092	0,094	0,095	0,093
9:48:04	36,9	1,114	0,090	1,141	0,094	1,139	0,091	1,137	0,091	1,173	0,090	1,155	0,093	0,092	1,176	0,093	1,075	0,094	0,996	0,093	1,110	0,091	1,063	0,090	1,163	1,223	0,096	1,162	0,091	1,220	0,091	1,160	0,091	1,094	0,090	1,086	0,090	0,091	1,193	0,096	1,187	0,093	1,127	0,090	1,267	0,092	1,236	0,090	1,298	0,594	0,091	0,546	0,090	0,580	0,090	0,558	0,092	0,584	0,091	0,484	0,091	0,092	1,027	0,090	1,087	0,091	1,186	0,090	1,037	0,090	1,166	0,090	1,173	0,091	0,090	0,091	0,090	0,090	0,090	0,091	0,090	0,090	0,094	0,089	0,089	0,968	0,090	0,091	0,091	0,090	0,090	0,089	0,090	0,092	0,094	0,095	0,093
9:58:04	37,0	1,119	0,090	1,151	0,094	1,146	0,091	1,144	0,091	1,182	0,090	1,163	0,093	0,092	1,185	0,093	1,083	0,094	1,007	0,093	1,125	0,091	1,073	0,090	1,175	1,231	0,096	1,171	0,091	1,230	0,091	1,169	0,091	1,105	0,090	1,096	0,090	0,091	1,201	0,096	1,195	0,093	1,134	0,090	1,275	0,092	1,247	0,090	1,306	0,605	0,091	0,547	0,090	0,583	0,090	0,563	0,091	0,590	0,090	0,495	0,090	0,091	1,036	0,090	1,094	0,091	1,194	0,090	1,047	0,090	1,175	0,090	1,183	0,091	0,090	0,091	0,090	0,090	0,090	0,091	0,090	0,090	0,094	0,089	0,089	0,982	0,090	0,091	0,091	0,090	0,090	0,089	0,090	0,092	0,094	0,095	0,092
10:08:04	37,0	1,125	0,090	1,159	0,094	1,151	0,091	1,151	0,091	1,189	0,090	1,169	0,093	0,092	1,194	0,093	1,094	0,093	1,016	0,093	1,131	0,091	1,081	0,090	1,182	1,237	0,096	1,180	0,091	1,236	0,090	1,179	0,091	1,111	0,090	1,104	0,090	0,091	1,208	0,096	1,204	0,093	1,143	0,090	1,283	0,092	1,254	0,090	1,316	0,616	0,091	0,549	0,090	0,585	0,090	0,569	0,091	0,595	0,090	0,502	0,091	0,092	1,046	0,090	1,103	0,091	1,200	0,090	1,056	0,090	1,181	0,090	1,191	0,091	0,090	0,091	0,090	0,090	0,090	0,090	0,090	0,090	0,094	0,089	0,089	0,997	0,090	0,091	0,091	0,090	0,089	0,089	0,090	0,092	0,094	0,095	0,092
10:18:04	37,0	1,132	0,090	1,167	0,094	1,159	0,091	1,158	0,091	1,191	0,090	1,175	0,093	0,092	1,201	0,093	1,103	0,094	1,024	0,093	1,143	0,091	1,087	0,090	1,188	1,245	0,096	1,188	0,092	1,243	0,091	1,186	0,091	1,120	0,090	1,111	0,090	0,091	1,216	0,096	1,210	0,093	1,152	0,090	1,290	0,092	1,263	0,090	1,321	0,624	0,091	0,549	0,090	0,589	0,090	0,573	0,092	0,600	0,091	0,509	0,091	0,092	1,055	0,090	1,112	0,091	1,205	0,090	1,064	0,090	1,190	0,090	1,200	0,091	0,090	0,091	0,090	0,090	0,090	0,091	0,090	0,090	0,095	0,089	0,089	1,013	0,091	0,091	0,091	0,090	0,090	0,089	0,090	0,092	0,094	0,095	0,093
10:28:04	37,0	1,136	0,090	1,175	0,094	1,166	0,091	1,162	0,091	1,196	0,090	1,184	0,093	0,092	1,208	0,093	1,112	0,093	1,033	0,093	1,150	0,091	1,094	0,090	1,194	1,253	0,096	1,197	0,092	1,252	0,091	1,194	0,091	1,129	0,090	1,119	0,090	0,091	1,221	0,096	1,220	0,093	1,159	0,090	1,299	0,092	1,270	0,090	1,327	0,633	0,091	0,550	0,090	0,591	0,090	0,579	0,091	0,605	0,090	0,516	0,091	0,092	1,064	0,090	1,122	0,091	1,211	0,090	1,074	0,090	1,197	0,090	1,208	0,092	0,090	0,091	0,090	0,090	0,090	0,091	0,090	0,090	0,095	0,089	0,089	1,026	0,090	0,091	0,091	0,090	0,090	0,090	0,090	0,092	0,094	0,095	0,093
10:38:04	37,0	1,139	0,090	1,183	0,094	1,173	0,091	1,170	0,091	1,206	0,090	1,190	0,093	0,092	1,216	0,093	1,122	0,094	1,042	0,094	1,161	0,091	1,105	0,090	1,203	1,258	0,096	1,205	0,091	1,260	0,091	1,202	0,091	1,137	0,090	1,128	0,090	0,091	1,230	0,096	1,228	0,093	1,168	0,090	1,308	0,092	1,280	0,090	1,337	0,643	0,091	0,552	0,090	0,596	0,090	0,583	0,091	0,609	0,091	0,523	0,091	0,098	1,073	0,090	1,129	0,092	1,220	0,090	1,087	0,090	1,205	0,090	1,216	0,091	0,090	0,091	0,090	0,090	0,090	0,091	0,090	0,090	0,094	0,089	0,089	1,038	0,091	0,091	0,091	0,090	0,090	0,090	0,090	0,093	0,094	0,095	0,093
10:48:04	37,0	1,144	0,090	1,190	0,094	1,178	0,091	1,177	0,091	1,210	0,090	1,196	0,093	0,092	1,222	0,093	1,130	0,093	1,049	0,094	1,168	0,091	1,111	0,090	1,209	1,266	0,096	1,211	0,091	1,266	0,091	1,210	0,091	1,144	0,090	1,135	0,090	0,091	1,236	0,096	1,236	0,093	1,175	0,090	1,314	0,092	1,286	0,090	1,343	0,653	0,091	0,554	0,090	0,599	0,090	0,587	0,091	0,612	0,090	0,530	0,091	0,092	1,081	0,090	1,140	0,091	1,224	0,090	1,097	0,090	1,211	0,090	1,224	0,091	0,090	0,091	0,090	0,090	0,090	0,091	0,090	0,090	0,094	0,089	0,089	1,054	0,090	0,091	0,091	0,090	0,090	0,089	0,090	0,092	0,094	0,095	0,092
10:58:04	37,0	1,147	0,090	1,195	0,094	1,184	0,091	1,180	0,091	1,212	0,090	1,200	0,093	0,092	1,228	0,093	1,138	0,093	1,056	0,094	1,174	0,091	1,117	0,090	1,211	1,274	0,096	1,220	0,091	1,272	0,091	1,217	0,091	1,151	0,090	1,141	0,090	0,091	1,240	0,096	1,243	0,093	1,182	0,090	1,323	0,091	1,294	0,090	1,349	0,660	0,091	0,554	0,090	0,603	0,090	0,592	0,091	0,615	0,090	0,536	0,091	0,092	1,090	0,090	1,148	0,091	1,225	0,090	1,107	0,090	1,217	0,090	1,231	0,091	0,090	0,091	0,090	0,090	0,090	0,091	0,090	0,090	0,094	0,089	0,089	1,066	0,090	0,091	0,091	0,090	0,090	0,089	0,090	0,092	0,094	0,095	0,092
11:08:04	37,0	1,150	0,090	1,201	0,094	1,190	0,091	1,187	0,091	1,219	0,090	1,206	0,093	0,092	1,233	0,093	1,146	0,094	1,065	0,094	1,183	0,091	1,127	0,090	1,217	1,279	0,096	1,231	0,092	1,281	0,091	1,227	0,091	1,159	0,090	1,149	0,090	0,091	1,249	0,096	1,250	0,093	1,189	0,090	1,329	0,092	1,301	0,090	1,355	0,667	0,091	0,557	0,090	0,607	0,090	0,600	0,091	0,619	0,090	0,543	0,091	0,092	1,098	0,090	1,154	0,091	1,234	0,090	1,117	0,090	1,224	0,090	1,238	0,092	0,090	0,091	0,090	0,090	0,090	0,091	0,090	0,090	0,094	0,089	0,089	1,078	0,091	0,091	0,091	0,090	0,089	0,090	0,090	0,092	0,094	0,095	0,092
11:18:04	37,0	1,153	0,090	1,205	0,094	1,196	0,091	1,193	0,091	1,227	0,090	1,210	0,093	0,092	1,239	0,093	1,154	0,094	1,073	0,094	1,188	0,091	1,133	0,090	1,224	1,286	0,096	1,238	0,091	1,288	0,091	1,233	0,091	1,165	0,090	1,157	0,090	0,091	1,256	0,096	1,258	0,093	1,196	0,090	1,339	0,092	1,309	0,090	1,362	0,675	0,091	0,559	0,090	0,612	0,090	0,608	0,091	0,628	0,091	0,550	0,091	0,092	1,107	0,090	1,165	0,091	1,242	0,090	1,127	0,090	1,231	0,090	1,243	0,091	0,090	0,091	0,090	0,090	0,090	0,091	0,090	0,090	0,095	0,089	0,089	1,090	0,090	0,091	0,091	0,090	0,090	0,090	0,090	0,092	0,094	0,095	0,092
11:28:04	37,0	1,157	0,090	1,211	0,094	1,201	0,091	1,199	0,091	1,232	0,090	1,215	0,093	0,092	1,244	0,093	1,161	0,093	1,080	0,094	1,194	0,091	1,140	0,090	1,227	1,293	0,096	1,246	0,091	1,293	0,091	1,239	0,091	1,172	0,090	1,164	0,090	0,091	1,263	0,096	1,265	0,093	1,205	0,090	1,347	0,092	1,317	0,090	1,369	0,683	0,091	0,560	0,090	0,617	0,090	0,614	0,091	0,633	0,090	0,557	0,091	0,092	1,116	0,090	1,173	0,091	1,246	0,090	1,137	0,090	1,237	0,090	1,252	0,091	0,090	0,091	0,090	0,090	0,090	0,091	0,090	0,090	0,095	0,089	0,089	1,101	0,090	0,091	0,091	0,090	0,089	0,089	0,090	0,092	0,094	0,095	0,092
11:38:04	37,0	1,160	0,090	1,216	0,094	1,203	0,091	1,205	0,091	1,235	0,090	1,222	0,093	0,092	1,248	0,093	1,167	0,094	1,088	0,094	1,202	0,091	1,145	0,090	1,233	1,298	0,096	1,253	0,091	1,302	0,091	1,248	0,091	1,180	0,090	1,170	0,090	0,091	1,268	0,096	1,272	0,093	1,211	0,090	1,352	0,092	1,324	0,090	1,371	0,689	0,091	0,562	0,090	0,622	0,090	0,618	0,091	0,636	0,091	0,565	0,090	0,091	1,125	0,090	1,180	0,091	1,250	0,090	1,147	0,090	1,243	0,090	1,258	0,091	0,090	0,091	0,090	0,090	0,090	0,091	0,090	0,090	0,094	0,089	0,089	1,111	0,091	0,091	0,091	0,090	0,090	0,090	0,090	0,092	0,094	0,095	0,093
11:48:04	37,0	1,162	0,090	1,221	0,094	1,206	0,091	1,209	0,091	1,238	0,090	1,225	0,093	0,092	1,252	0,093	1,172	0,094	1,093	0,094	1,209	0,091	1,148	0,090	1,234	1,301	0,096	1,258	0,091	1,306	0,091	1,255	0,091	1,186	0,090	1,177	0,090	0,091	1,275	0,096	1,278	0,093	1,218	0,090	1,359	0,092	1,330	0,090	1,376	0,693	0,091	0,564	0,090	0,626	0,090	0,622	0,091	0,640	0,090	0,571	0,090	0,092	1,132	0,090	1,188	0,091	1,253	0,090	1,153	0,090	1,249	0,090	1,263	0,091	0,090	0,091	0,090	0,090	0,090	0,091	0,090	0,090	0,095	0,089	0,089	1,123	0,090	0,091	0,091	0,090	0,089	0,089	0,090	0,092	0,094	0,095	0,093
11:58:04	37,0	1,164	0,090	1,226	0,094	1,209	0,091	1,211	0,091	1,240	0,090	1,228	0,093	0,092	1,255	0,093	1,177	0,094	1,101	0,094	1,211	0,091	1,154	0,090	1,238	1,310	0,096	1,267	0,092	1,310	0,091	1,262	0,091	1,192	0,090	1,183	0,090	0,091	1,280	0,096	1,284	0,093	1,224	0,090	1,363	0,092	1,336	0,090	1,378	0,700	0,091	0,565	0,090	0,631	0,090	0,625	0,092	0,644	0,090	0,578	0,091	0,092	1,141	0,090	1,194	0,092	1,260	0,090	1,161	0,090	1,252	0,090	1,270	0,091	0,090	0,091	0,090	0,090	0,090	0,091	0,090	0,090	0,094	0,089	0,089	1,132	0,091	0,091	0,091	0,090	0,090	0,089	0,090	0,092	0,094	0,095	0,092
12:08:04	37,0	1,168	0,090	1,231	0,094	1,215	0,091	1,215	0,091	1,249	0,090	1,235	0,093	0,092	1,259	0,093	1,182	0,094	1,107	0,094	1,220	0,091	1,161	0,090	1,244	1,313	0,096	1,277	0,091	1,319	0,091	1,268	0,091	1,201	0,090	1,193	0,090	0,091	1,288	0,096	1,293	0,093	1,230	0,090	1,369	0,092	1,344	0,090	1,381	0,707	0,091	0,568	0,090	0,636	0,090	0,631	0,092	0,649	0,090	0,585	0,091	0,092	1,149	0,090	1,202	0,091	1,267	0,090	1,169	0,090	1,258	0,090	1,278	0,091	0,090	0,091	0,090	0,090	0,090	0,091	0,090	0,090	0,094	0,089	0,089	1,142	0,091	0,091	0,091	0,090	0,090	0,089	0,090	0,092	0,094	0,095	0,092
12:18:04	37,0	1,169	0,090	1,235	0,094	1,219	0,091	1,222	0,091	1,252	0,090	1,236	0,093	0,092	1,262	0,093	1,187	0,094	1,113	0,094	1,224	0,091	1,164	0,090	1,247	1,321	0,096	1,282	0,092	1,324	0,091	1,276	0,091	1,206	0,090	1,198	0,090	0,091	1,294	0,096	1,299	0,093	1,236	0,090	1,376	0,092	1,350	0,090	1,387	0,712	0,091	0,571	0,090	0,641	0,090	0,635	0,091	0,653	0,090	0,592	0,091	0,092	1,157	0,090	1,209	0,091	1,270	0,090	1,177	0,090	1,266	0,090	1,282	0,091	0,090	0,091	0,090	0,090	0,090	0,091	0,090	0,090	0,094	0,089	0,089	1,153	0,091	0,091	0,091	0,090	0,090	0,090	0,090	0,092	0,094	0,095	0,092
12:28:04	37,0	1,169	0,090	1,240	0,094	1,220	0,091	1,226	0,091	1,253	0,090	1,238	0,093	0,092	1,265	0,093	1,192	0,093	1,117	0,094	1,229	0,091	1,167	0,090	1,248	1,324	0,096	1,289	0,091	1,330	0,091	1,282	0,091	1,213	0,090	1,204	0,090	0,091	1,297	0,096	1,304	0,093	1,242	0,090	1,379	0,091	1,355	0,090	1,391	0,717	0,091	0,573	0,090	0,644	0,090	0,637	0,091	0,653	0,090	0,597	0,091	0,091	1,163	0,090	1,214	0,091	1,276	0,090	1,186	0,090	1,271	0,090	1,287	0,091	0,090	0,091	0,090	0,090	0,090	0,090	0,090	0,089	0,094	0,089	0,089	1,161	0,090	0,091	0,091	0,090	0,090	0,089	0,090	0,092	0,094	0,095	0,092
12:38:04	37,0	1,173	0,090	1,242	0,094	1,226	0,091	1,231	0,092	1,261	0,090	1,245	0,093	0,092	1,268	0,093	1,197	0,094	1,123	0,094	1,232	0,091	1,174	0,090	1,252	1,329	0,096	1,297	0,092	1,335	0,091	1,288	0,091	1,220	0,090	1,211	0,090	0,091	1,303	0,096	1,311	0,093	1,248	0,090	1,388	0,092	1,362	0,090	1,393	0,725	0,091	0,576	0,090	0,649	0,090	0,642	0,091	0,658	0,090	0,606	0,091	0,092	1,173	0,090	1,224	0,091	1,280	0,090	1,194	0,090	1,278	0,090	1,294	0,092	0,090	0,091	0,090	0,090	0,090	0,091	0,090	0,090	0,094	0,089	0,089	1,170	0,091	0,092	0,091	0,090	0,090	0,090	0,090	0,092	0,094	0,095	0,093
12:48:04	37,0	1,175	0,090	1,246	0,094	1,229	0,091	1,236	0,091	1,264	0,090	1,247	0,093	0,092	1,272	0,093	1,201	0,094	1,129	0,094	1,239	0,091	1,177	0,090	1,255	1,334	0,096	1,301	0,092	1,342	0,091	1,294	0,091	1,228	0,090	1,218	0,090	0,091	1,308	0,096	1,316	0,093	1,254	0,090	1,395	0,092	1,366	0,090	1,397	0,730	0,091	0,579	0,090	0,654	0,090	0,646	0,091	0,662	0,090	0,612	0,091	0,091	1,179	0,090	1,230	0,092	1,280	0,090	1,202	0,090	1,283	0,090	1,299	0,091	0,090	0,091	0,090	0,090	0,090	0,090	0,090	0,090	0,094	0,089	0,089	1,181	0,090	0,091	0,091	0,090	0,089	0,089	0,090	0,092	0,094	0,095	0,092
12:58:04	37,0	1,178	0,090	1,249	0,094	1,229	0,091	1,238	0,091	1,263	0,090	1,250	0,093	0,092	1,272	0,093	1,204	0,093	1,133	0,094	1,239	0,091	1,179	0,090	1,256	1,338	0,096	1,308	0,092	1,349	0,091	1,301	0,091	1,233	0,090	1,223	0,090	0,091	1,311	0,096	1,322	0,093	1,261	0,090	1,396	0,091	1,370	0,090	1,399	0,733	0,091	0,582	0,090	0,657	0,090	0,648	0,091	0,663	0,090	0,617	0,090	0,092	1,186	0,090	1,236	0,091	1,287	0,090	1,208	0,090	1,287	0,090	1,304	0,092	0,090	0,091	0,090	0,090	0,090	0,091	0,090	0,090	0,094	0,089	0,089	1,189	0,091	0,091	0,091	0,090	0,090	0,089	0,090	0,092	0,094	0,095	0,093
13:08:04	37,0	1,179	0,090	1,251	0,094	1,233	0,091	1,242	0,091	1,268	0,090	1,253	0,093	0,092	1,276	0,093	1,208	0,094	1,138	0,094	1,242	0,091	1,184	0,090	1,260	1,343	0,096	1,313	0,092	1,352	0,091	1,305	0,091	1,239	0,090	1,230	0,090	0,091	1,317	0,096	1,330	0,093	1,268	0,090	1,401	0,092	1,375	0,090	1,404	0,738	0,091	0,586	0,090	0,660	0,090	0,652	0,091	0,668	0,091	0,622	0,091	0,092	1,191	0,090	1,245	0,091	1,288	0,090	1,216	0,090	1,293	0,090	1,308	0,091	0,090	0,091	0,090	0,090	0,090	0,091	0,090	0,090	0,094	0,089	0,089	1,196	0,091	0,091	0,091	0,090	0,090	0,090	0,090	0,092	0,094	0,095	0,092
13:18:04	37,0	1,182	0,090	1,252	0,094	1,237	0,091	1,245	0,091	1,272	0,090	1,256	0,093	0,092	1,277	0,093	1,212	0,094	1,144	0,094	1,247	0,091	1,188	0,090	1,263	1,347	0,096	1,320	0,091	1,357	0,091	1,311	0,091	1,244	0,090	1,237	0,090	0,091	1,322	0,096	1,334	0,093	1,273	0,090	1,405	0,092	1,380	0,090	1,406	0,742	0,091	0,589	0,090	0,664	0,090	0,655	0,091	0,670	0,090	0,628	0,091	0,091	1,200	0,090	1,250	0,091	1,294	0,090	1,223	0,090	1,299	0,090	1,315	0,091	0,090	0,091	0,090	0,090	0,090	0,091	0,090	0,089	0,094	0,089	0,089	1,203	0,090	0,091	0,091	0,090	0,090	0,089	0,090	0,092	0,094	0,095	0,092
13:28:04	37,0	1,184	0,090	1,258	0,094	1,238	0,091	1,245	0,091	1,269	0,090	1,256	0,093	0,092	1,278	0,093	1,213	0,094	1,145	0,094	1,250	0,091	1,190	0,090	1,261	1,351	0,096	1,322	0,092	1,362	0,091	1,315	0,091	1,253	0,090	1,240	0,090	0,092	1,327	0,096	1,339	0,093	1,278	0,090	1,406	0,092	1,382	0,091	1,411	0,744	0,091	0,592	0,090	0,666	0,090	0,657	0,091	0,672	0,091	0,630	0,091	0,091	1,205	0,090	1,257	0,092	1,293	0,090	1,229	0,090	1,302	0,090	1,319	0,092	0,090	0,091	0,090	0,090	0,090	0,091	0,090	0,090	0,094	0,089	0,089	1,214	0,091	0,091	0,091	0,090	0,090	0,089	0,090	0,092	0,094	0,095	0,093
13:38:04	37,0	1,187	0,090	1,257	0,094	1,239	0,091	1,250	0,091	1,273	0,090	1,259	0,093	0,092	1,280	0,093	1,218	0,094	1,152	0,094	1,254	0,091	1,194	0,090	1,265	1,354	0,096	1,329	0,092	1,369	0,091	1,324	0,091	1,258	0,090	1,249	0,090	0,091	1,331	0,096	1,344	0,093	1,285	0,090	1,413	0,092	1,387	0,091	1,409	0,748	0,091	0,596	0,090	0,670	0,090	0,660	0,091	0,673	0,090	0,636	0,091	0,091	1,211	0,090	1,262	0,092	1,299	0,090	1,235	0,090	1,306	0,090	1,322	0,092	0,090	0,091	0,090	0,090	0,090	0,091	0,090	0,090	0,094	0,089	0,089	1,218	0,091	0,091	0,091	0,090	0,090	0,090	0,090	0,093	0,094	0,095	0,093
13:48:04	37,0	1,188	0,090	1,260	0,094	1,242	0,091	1,250	0,091	1,277	0,090	1,262	0,093	0,092	1,281	0,093	1,219	0,094	1,153	0,094	1,257	0,091	1,196	0,090	1,266	1,357	0,096	1,334	0,091	1,373	0,091	1,328	0,091	1,264	0,090	1,255	0,090	0,091	1,335	0,096	1,349	0,093	1,288	0,090	1,416	0,092	1,390	0,090	1,413	0,750	0,091	0,600	0,090	0,673	0,090	0,663	0,091	0,676	0,090	0,639	0,091	0,091	1,217	0,090	1,267	0,091	1,304	0,090	1,240	0,090	1,311	0,090	1,326	0,091	0,090	0,091	0,090	0,090	0,090	0,091	0,090	0,089	0,094	0,089	0,089	1,225	0,090	0,091	0,091	0,089	0,089	0,090	0,090	0,092	0,094	0,095	0,092
13:58:04	37,0	1,190	0,090	1,261	0,094	1,243	0,091	1,252	0,091	1,275	0,090	1,262	0,093	0,092	1,281	0,093	1,222	0,093	1,156	0,094	1,258	0,091	1,199	0,090	1,268	1,361	0,096	1,339	0,092	1,377	0,091	1,334	0,091	1,270	0,090	1,260	0,090	0,091	1,340	0,096	1,354	0,093	1,294	0,090	1,417	0,092	1,394	0,090	1,416	0,753	0,091	0,603	0,090	0,675	0,090	0,665	0,091	0,678	0,090	0,643	0,091	0,092	1,224	0,090	1,276	0,091	1,306	0,090	1,245	0,090	1,314	0,090	1,330	0,091	0,090	0,091	0,090	0,090	0,090	0,091	0,090	0,090	0,094	0,089	0,089	1,233	0,090	0,091	0,091	0,089	0,089	0,089	0,090	0,092	0,094	0,095	0,092
14:08:04	37,0	1,192	0,090	1,263	0,094	1,245	0,091	1,253	0,091	1,272	0,090	1,264	0,093	0,092	1,282	0,093	1,225	0,094	1,155	0,094	1,259	0,091	1,199	0,090	1,268	1,362	0,096	1,345	0,092	1,381	0,091	1,340	0,091	1,274	0,090	1,263	0,090	0,091	1,341	0,096	1,357	0,093	1,298	0,090	1,420	0,092	1,395	0,090	1,417	0,753	0,091	0,607	0,090	0,676	0,090	0,664	0,091	0,677	0,090	0,644	0,091	0,092	1,229	0,090	1,278	0,092	1,308	0,090	1,248	0,090	1,316	0,090	1,333	0,091	0,090	0,091	0,090	0,090	0,090	0,091	0,090	0,090	0,094	0,089	0,089	1,239	0,090	0,091	0,091	0,090	0,089	0,090	0,090	0,092	0,094	0,095	0,092
14:18:04	36,9	1,193	0,090	1,263	0,094	1,245	0,091	1,252	0,092	1,271	0,090	1,266	0,093	0,092	1,282	0,093	1,226	0,094	1,159	0,094	1,260	0,091	1,202	0,090	1,269	1,366	0,096	1,350	0,092	1,384	0,091	1,343	0,091	1,278	0,090	1,267	0,091	0,092	1,346	0,096	1,363	0,093	1,303	0,090	1,424	0,092	1,399	0,090	1,419	0,755	0,091	0,608	0,090	0,678	0,090	0,666	0,091	0,675	0,091	0,646	0,091	0,092	1,231	0,090	1,282	0,092	1,312	0,090	1,254	0,090	1,321	0,090	1,335	0,092	0,090	0,091	0,090	0,090	0,090	0,091	0,090	0,090	0,094	0,089	0,089	1,246	0,091	0,091	0,091	0,090	0,090	0,090	0,090	0,092	0,094	0,095	0,092
14:28:04	37,0	1,194	0,090	1,265	0,094	1,246	0,091	1,253	0,091	1,272	0,090	1,268	0,093	0,092	1,282	0,094	1,230	0,094	1,162	0,094	1,263	0,091	1,205	0,090	1,270	1,369	0,096	1,355	0,092	1,388	0,091	1,347	0,091	1,284	0,090	1,271	0,090	0,091	1,350	0,096	1,367	0,093	1,308	0,090	1,428	0,092	1,402	0,090	1,419	0,757	0,091	0,610	0,090	0,681	0,090	0,667	0,091	0,676	0,091	0,649	0,091	0,092	1,237	0,090	1,285	0,092	1,315	0,090	1,259	0,090	1,324	0,090	1,338	0,091	0,090	0,091	0,090	0,090	0,090	0,091	0,090	0,090	0,094	0,089	0,089	1,251	0,091	0,091	0,091	0,090	0,090	0,090	0,090	0,092	0,094	0,095	0,092
14:38:04	37,0	1,195	0,090	1,266	0,094	1,247	0,091	1,257	0,091	1,273	0,090	1,269	0,093	0,092	1,282	0,093	1,231	0,094	1,165	0,094	1,264	0,091	1,208	0,090	1,273	1,371	0,096	1,359	0,092	1,392	0,091	1,350	0,091	1,289	0,090	1,276	0,090	0,091	1,354	0,096	1,371	0,093	1,311	0,090	1,430	0,092	1,407	0,090	1,422	0,761	0,091	0,613	0,090	0,683	0,090	0,669	0,091	0,677	0,091	0,652	0,091	0,092	1,242	0,090	1,291	0,092	1,317	0,090	1,264	0,090	1,327	0,090	1,339	0,091	0,090	0,091	0,090	0,090	0,090	0,091	0,090	0,090	0,094	0,089	0,089	1,256	0,091	0,092	0,091	0,089	0,090	0,090	0,090	0,092	0,094	0,095	0,092
14:48:04	37,0	1,194	0,090	1,269	0,094	1,249	0,091	1,258	0,091	1,274	0,090	1,270	0,093	0,092	1,283	0,093	1,234	0,093	1,168	0,094	1,264	0,091	1,207	0,090	1,274	1,373	0,096	1,361	0,091	1,397	0,091	1,355	0,091	1,295	0,090	1,281	0,090	0,091	1,357	0,096	1,374	0,093	1,317	0,090	1,433	0,091	1,409	0,090	1,423	0,762	0,091	0,615	0,090	0,686	0,090	0,671	0,091	0,678	0,090	0,655	0,091	0,091	1,248	0,090	1,296	0,091	1,318	0,090	1,269	0,090	1,331	0,090	1,341	0,091	0,090	0,091	0,090	0,090	0,090	0,091	0,090	0,089	0,094	0,089	0,089	1,262	0,090	0,091	0,091	0,090	0,089	0,089	0,090	0,092	0,094	0,095	0,092
14:58:04	37,0	1,195	0,090	1,268	0,094	1,250	0,091	1,256	0,091	1,275	0,090	1,272	0,093	0,092	1,284	0,094	1,235	0,094	1,171	0,094	1,266	0,091	1,209	0,090	1,274	1,376	0,096	1,363	0,092	1,398	0,091	1,359	0,091	1,300	0,090	1,286	0,091	0,092	1,360	0,096	1,377	0,093	1,321	0,091	1,435	0,092	1,412	0,090	1,424	0,765	0,091	0,617	0,090	0,689	0,090	0,673	0,092	0,679	0,091	0,657	0,091	0,092	1,252	0,090	1,299	0,092	1,320	0,090	1,273	0,090	1,334	0,090	1,343	0,091	0,091	0,091	0,090	0,090	0,090	0,091	0,090	0,090	0,094	0,089	0,089	1,268	0,091	0,092	0,091	0,090	0,090	0,090	0,090	0,093	0,094	0,095	0,093
15:08:04	37,0	1,194	0,090	1,271	0,094	1,252	0,091	1,259	0,091	1,277	0,090	1,273	0,093	0,092	1,283	0,093	1,238	0,094	1,174	0,094	1,267	0,091	1,211	0,090	1,275	1,379	0,096	1,367	0,092	1,401	0,091	1,363	0,091	1,303	0,090	1,291	0,090	0,091	1,363	0,096	1,382	0,093	1,326	0,091	1,438	0,092	1,416	0,090	1,425	0,767	0,091	0,618	0,090	0,690	0,090	0,674	0,091	0,680	0,090	0,659	0,091	0,092	1,257	0,090	1,302	0,091	1,321	0,090	1,279	0,090	1,336	0,090	1,345	0,091	0,090	0,091	0,090	0,090	0,090	0,091	0,090	0,090	0,094	0,089	0,089	1,273	0,091	0,091	0,091	0,090	0,090	0,090	0,090	0,092	0,094	0,095	0,093
15:18:04	37,0	1,195	0,090	1,269	0,094	1,250	0,091	1,257	0,091	1,276	0,090	1,273	0,093	0,092	1,284	0,093	1,238	0,094	1,177	0,094	1,268	0,091	1,211	0,090	1,274	1,381	0,096	1,370	0,092	1,405	0,091	1,365	0,091	1,306	0,090	1,294	0,091	0,092	1,366	0,096	1,383	0,093	1,329	0,091	1,441	0,092	1,418	0,090	1,427	0,768	0,091	0,619	0,090	0,692	0,090	0,674	0,092	0,680	0,090	0,660	0,091	0,092	1,261	0,090	1,307	0,091	1,325	0,090	1,282	0,090	1,339	0,090	1,346	0,091	0,090	0,091	0,090	0,090	0,090	0,091	0,090	0,090	0,094	0,089	0,089	1,279	0,091	0,091	0,091	0,090	0,090	0,090	0,090	0,093	0,094	0,095	0,092
15:28:04	37,0	1,195	0,090	1,272	0,094	1,252	0,091	1,263	0,091	1,277	0,090	1,276	0,093	0,092	1,285	0,093	1,240	0,093	1,179	0,094	1,269	0,091	1,215	0,090	1,280	1,383	0,096	1,376	0,092	1,407	0,091	1,370	0,091	1,311	0,090	1,299	0,090	0,092	1,368	0,096	1,388	0,093	1,333	0,091	1,445	0,092	1,422	0,090	1,430	0,771	0,091	0,622	0,090	0,694	0,090	0,678	0,091	0,684	0,090	0,663	0,091	0,092	1,265	0,090	1,310	0,092	1,327	0,090	1,287	0,090	1,343	0,090	1,350	0,091	0,090	0,091	0,090	0,090	0,090	0,091	0,090	0,089	0,094	0,089	0,089	1,284	0,091	0,091	0,091	0,090	0,090	0,090	0,090	0,092	0,094	0,095	0,092
15:38:04	37,0	1,194	0,090	1,271	0,094	1,251	0,091	1,262	0,091	1,277	0,090	1,276	0,093	0,092	1,286	0,093	1,242	0,094	1,183	0,094	1,271	0,091	1,214	0,090	1,280	1,385	0,096	1,378	0,092	1,411	0,091	1,374	0,091	1,313	0,090	1,302	0,090	0,091	1,371	0,096	1,391	0,093	1,338	0,090	1,448	0,092	1,425	0,090	1,430	0,775	0,091	0,625	0,090	0,695	0,090	0,679	0,091	0,685	0,090	0,666	0,091	0,092	1,270	0,090	1,316	0,091	1,329	0,090	1,292	0,090	1,347	0,090	1,350	0,091	0,090	0,091	0,090	0,090	0,090	0,091	0,090	0,090	0,094	0,089	0,089	1,292	0,091	0,091	0,091	0,090	0,090	0,090	0,090	0,092	0,094	0,095	0,092
15:48:04	37,0	1,193	0,090	1,273	0,094	1,250	0,091	1,262	0,091	1,279	0,090	1,278	0,093	0,092	1,285	0,093	1,243	0,094	1,186	0,094	1,271	0,091	1,216	0,090	1,279	1,388	0,096	1,381	0,092	1,414	0,091	1,374	0,091	1,317	0,090	1,308	0,091	0,092	1,374	0,096	1,394	0,093	1,340	0,090	1,451	0,092	1,428	0,090	1,433	0,777	0,091	0,627	0,090	0,698	0,090	0,681	0,092	0,687	0,091	0,668	0,091	0,092	1,274	0,090	1,319	0,092	1,331	0,090	1,296	0,090	1,350	0,090	1,352	0,092	0,090	0,091	0,090	0,090	0,090	0,091	0,090	0,090	0,094	0,089	0,089	1,294	0,091	0,092	0,091	0,090	0,090	0,090	0,090	0,092	0,094	0,095	0,092
15:58:04	37,0	1,192	0,090	1,274	0,094	1,252	0,091	1,264	0,091	1,281	0,090	1,279	0,093	0,092	1,284	0,093	1,244	0,094	1,187	0,094	1,271	0,091	1,218	0,090	1,280	1,390	0,096	1,386	0,092	1,415	0,091	1,377	0,091	1,320	0,090	1,310	0,090	0,091	1,378	0,096	1,398	0,093	1,344	0,090	1,452	0,092	1,430	0,090	1,433	0,777	0,091	0,627	0,090	0,699	0,090	0,682	0,091	0,687	0,090	0,669	0,091	0,092	1,277	0,090	1,323	0,092	1,334	0,090	1,299	0,090	1,352	0,090	1,354	0,091	0,090	0,091	0,090	0,090	0,090	0,091	0,090	0,089	0,094	0,089	0,089	1,299	0,090	0,091	0,091	0,090	0,090	0,090	0,090	0,092	0,094	0,095	0,092
16:08:04	37,0	1,193	0,090	1,272	0,094	1,252	0,091	1,268	0,092	1,282	0,090	1,279	0,093	0,092	1,286	0,093	1,246	0,094	1,190	0,094	1,271	0,091	1,222	0,090	1,285	1,391	0,096	1,390	0,092	1,418	0,091	1,380	0,091	1,324	0,090	1,316	0,090	0,091	1,381	0,096	1,401	0,093	1,347	0,090	1,457	0,092	1,433	0,090	1,434	0,781	0,091	0,630	0,090	0,703	0,090	0,685	0,091	0,692	0,090	0,673	0,091	0,092	1,287	0,090	1,330	0,091	1,331	0,090	1,302	0,090	1,356	0,090	1,355	0,091	0,090	0,091	0,090	0,090	0,090	0,091	0,090	0,090	0,094	0,089	0,089	1,303	0,090	0,091	0,091	0,090	0,089	0,090	0,090	0,092	0,094	0,095	0,093
16:18:04	37,0	1,196	0,090	1,271	0,094	1,255	0,091	1,271	0,091	1,284	0,090	1,282	0,093	0,092	1,287	0,094	1,246	0,094	1,194	0,094	1,271	0,091	1,224	0,090	1,287	1,395	0,096	1,394	0,092	1,423	0,091	1,385	0,091	1,330	0,090	1,320	0,091	0,092	1,385	0,096	1,405	0,093	1,352	0,091	1,461	0,092	1,437	0,090	1,438	0,783	0,091	0,633	0,090	0,706	0,090	0,687	0,091	0,696	0,091	0,676	0,091	0,092	1,289	0,090	1,336	0,092	1,336	0,090	1,308	0,090	1,360	0,090	1,358	0,092	0,091	0,091	0,090	0,090	0,090	0,091	0,090	0,090	0,094	0,089	0,089	1,307	0,091	0,091	0,091	0,090	0,090	0,090	0,090	0,092	0,094	0,095	0,093
16:28:04	37,0	1,194	0,090	1,271	0,094	1,252	0,092	1,269	0,091	1,282	0,090	1,282	0,093	0,092	1,286	0,094	1,248	0,094	1,193	0,094	1,274	0,091	1,224	0,090	1,285	1,397	0,096	1,396	0,092	1,425	0,091	1,389	0,091	1,332	0,090	1,323	0,091	0,092	1,386	0,096	1,408	0,093	1,357	0,090	1,463	0,092	1,440	0,091	1,438	0,783	0,091	0,634	0,090	0,707	0,090	0,689	0,091	0,697	0,091	0,678	0,091	0,092	1,290	0,090	1,334	0,092	1,337	0,090	1,312	0,090	1,362	0,090	1,360	0,092	0,090	0,091	0,090	0,090	0,090	0,091	0,090	0,090	0,094	0,089	0,089	1,312	0,091	0,092	0,091	0,090	0,090	0,090	0,090	0,093	0,094	0,095	0,092
16:38:04	37,0	1,193	0,090	1,272	0,094	1,253	0,091	1,267	0,091	1,284	0,090	1,282	0,093	0,092	1,287	0,093	1,249	0,094	1,196	0,094	1,272	0,091	1,223	0,090	1,286	1,399	0,096	1,403	0,092	1,428	0,091	1,391	0,091	1,334	0,090	1,325	0,090	0,092	1,388	0,096	1,409	0,093	1,356	0,090	1,465	0,092	1,442	0,090	1,439	0,784	0,091	0,635	0,090	0,709	0,090	0,690	0,091	0,697	0,090	0,679	0,091	0,092	1,295	0,090	1,337	0,091	1,343	0,090	1,313	0,090	1,364	0,090	1,362	0,091	0,090	0,091	0,090	0,090	0,090	0,091	0,090	0,090	0,094	0,089	0,089	1,317	0,090	0,091	0,091	0,090	0,090	0,090	0,090	0,092	0,094	0,095	0,092
16:48:04	37,0	1,193	0,090	1,271	0,094	1,254	0,091	1,271	0,091	1,282	0,090	1,282	0,093	0,092	1,287	0,093	1,250	0,094	1,198	0,094	1,273	0,091	1,224	0,090	1,287	1,399	0,096	1,404	0,092	1,429	0,091	1,395	0,091	1,337	0,090	1,329	0,090	0,092	1,392	0,096	1,414	0,093	1,362	0,090	1,467	0,092	1,444	0,090	1,442	0,787	0,091	0,638	0,090	0,711	0,090	0,691	0,091	0,700	0,090	0,680	0,091	0,092	1,298	0,090	1,342	0,092	1,344	0,090	1,315	0,090	1,367	0,090	1,363	0,091	0,090	0,091	0,090	0,090	0,090	0,091	0,090	0,090	0,094	0,089	0,089	1,320	0,091	0,091	0,091	0,090	0,090	0,090	0,090	0,092	0,094	0,095	0,093
16:58:04	37,0	1,193	0,090	1,271	0,094	1,254	0,091	1,273	0,091	1,285	0,090	1,282	0,093	0,092	1,287	0,093	1,251	0,094	1,199	0,094	1,274	0,091	1,224	0,090	1,288	1,403	0,096	1,406	0,092	1,432	0,091	1,399	0,091	1,340	0,090	1,332	0,090	0,091	1,393	0,096	1,418	0,093	1,366	0,090	1,470	0,092	1,448	0,090	1,443	0,789	0,091	0,640	0,090	0,714	0,090	0,694	0,091	0,703	0,090	0,683	0,091	0,092	1,302	0,090	1,345	0,091	1,346	0,090	1,320	0,090	1,368	0,090	1,364	0,091	0,090	0,091	0,090	0,090	0,090	0,091	0,090	0,090	0,094	0,089	0,089	1,324	0,091	0,091	0,091	0,090	0,090	0,090	0,090	0,092	0,094	0,095	0,092
17:08:04	37,0	1,195	0,090	1,272	0,094	1,256	0,091	1,271	0,091	1,286	0,090	1,284	0,093	0,092	1,288	0,093	1,252	0,094	1,202	0,094	1,275	0,091	1,225	0,090	1,289	1,404	0,096	1,409	0,092	1,436	0,091	1,401	0,091	1,342	0,090	1,336	0,090	0,092	1,397	0,096	1,420	0,093	1,367	0,091	1,474	0,092	1,450	0,090	1,446	0,792	0,091	0,642	0,090	0,716	0,090	0,696	0,091	0,705	0,090	0,686	0,091	0,092	1,307	0,090	1,349	0,092	1,349	0,090	1,322	0,090	1,372	0,090	1,365	0,092	0,090	0,091	0,090	0,090	0,090	0,091	0,090	0,090	0,094	0,089	0,089	1,327	0,090	0,091	0,091	0,090	0,090	0,090	0,090	0,092	0,094	0,095	0,092
17:18:04	37,0	1,193	0,090	1,273	0,094	1,255	0,091	1,270	0,091	1,286	0,090	1,285	0,093	0,092	1,286	0,094	1,252	0,094	1,202	0,094	1,276	0,091	1,227	0,090	1,289	1,407	0,096	1,411	0,092	1,438	0,091	1,404	0,091	1,345	0,090	1,337	0,090	0,091	1,399	0,096	1,424	0,093	1,372	0,090	1,475	0,092	1,452	0,090	1,447	0,793	0,091	0,644	0,090	0,718	0,090	0,697	0,091	0,706	0,090	0,688	0,091	0,092	1,310	0,090	1,348	0,091	1,349	0,090	1,325	0,090	1,373	0,090	1,367	0,091	0,090	0,091	0,090	0,090	0,090	0,091	0,090	0,090	0,094	0,089	0,089	1,331	0,090	0,091	0,091	0,090	0,089	0,090	0,090	0,093	0,094	0,095	0,092
17:28:04	37,0	1,195	0,090	1,275	0,094	1,257	0,091	1,275	0,091	1,287	0,090	1,285	0,093	0,092	1,287	0,093	1,252	0,094	1,204	0,094	1,276	0,091	1,230	0,090	1,291	1,409	0,096	1,415	0,092	1,440	0,091	1,406	0,091	1,348	0,090	1,342	0,091	0,092	1,403	0,096	1,426	0,093	1,374	0,091	1,478	0,092	1,455	0,090	1,451	0,795	0,091	0,647	0,090	0,721	0,090	0,700	0,091	0,708	0,091	0,691	0,091	0,092	1,312	0,090	1,355	0,092	1,348	0,090	1,329	0,090	1,378	0,090	1,365	0,092	0,090	0,091	0,090	0,090	0,090	0,091	0,090	0,090	0,094	0,089	0,089	1,333	0,091	0,091	0,091	0,090	0,089	0,090	0,090	0,092	0,094	0,095	0,092
17:38:04	37,0	1,195	0,090	1,274	0,094	1,257	0,091	1,276	0,091	1,289	0,090	1,287	0,093	0,092	1,289	0,093	1,255	0,094	1,206	0,094	1,277	0,091	1,230	0,090	1,294	1,411	0,096	1,417	0,092	1,445	0,091	1,407	0,091	1,352	0,090	1,345	0,091	0,092	1,408	0,096	1,431	0,093	1,377	0,090	1,483	0,092	1,458	0,090	1,453	0,799	0,091	0,648	0,090	0,724	0,090	0,703	0,091	0,712	0,091	0,695	0,091	0,092	1,317	0,090	1,358	0,091	1,351	0,090	1,334	0,090	1,382	0,090	1,367	0,092	0,090	0,091	0,090	0,090	0,090	0,091	0,090	0,090	0,094	0,089	0,089	1,337	0,091	0,092	0,091	0,090	0,090	0,090	0,090	0,092	0,094	0,095	0,093
17:48:04	37,0	1,195	0,090	1,276	0,095	1,257	0,091	1,278	0,091	1,292	0,090	1,290	0,093	0,092	1,290	0,093	1,255	0,093	1,207	0,094	1,274	0,091	1,231	0,090	1,295	1,414	0,096	1,420	0,092	1,448	0,091	1,410	0,091	1,355	0,090	1,348	0,090	0,091	1,409	0,096	1,433	0,093	1,380	0,091	1,485	0,092	1,460	0,090	1,455	0,801	0,091	0,650	0,090	0,727	0,090	0,706	0,091	0,716	0,091	0,698	0,091	0,092	1,321	0,090	1,359	0,092	1,352	0,090	1,337	0,090	1,386	0,090	1,369	0,091	0,090	0,091	0,090	0,090	0,090	0,091	0,090	0,089	0,094	0,089	0,089	1,340	0,091	0,092	0,091	0,090	0,090	0,090	0,090	0,093	0,094	0,095	0,092
17:58:04	37,0	1,194	0,090	1,274	0,094	1,254	0,091	1,275	0,091	1,288	0,090	1,285	0,093	0,092	1,286	0,093	1,254	0,094	1,207	0,094	1,276	0,091	1,228	0,090	1,292	1,413	0,096	1,422	0,092	1,446	0,091	1,412	0,091	1,357	0,090	1,350	0,090	0,091	1,411	0,096	1,434	0,093	1,383	0,090	1,484	0,092	1,461	0,090	1,456	0,801	0,091	0,651	0,090	0,727	0,090	0,706	0,091	0,717	0,090	0,697	0,091	0,092	1,324	0,090	1,362	0,091	1,354	0,090	1,338	0,090	1,385	0,090	1,371	0,091	0,090	0,091	0,090	0,090	0,090	0,090	0,090	0,090	0,094	0,089	0,089	1,342	0,091	0,091	0,091	0,090	0,090	0,089	0,090	0,092	0,094	0,095	0,092
18:08:04	37,0	1,193	0,090	1,273	0,094	1,253	0,091	1,275	0,091	1,287	0,090	1,285	0,093	0,092	1,287	0,093	1,255	0,093	1,206	0,094	1,276	0,091	1,228	0,090	1,290	1,414	0,096	1,424	0,092	1,449	0,091	1,416	0,091	1,359	0,090	1,353	0,090	0,091	1,413	0,096	1,437	0,093	1,386	0,090	1,487	0,092	1,462	0,090	1,455	0,804	0,091	0,652	0,090	0,729	0,090	0,706	0,091	0,716	0,090	0,698	0,091	0,092	1,324	0,090	1,362	0,091	1,355	0,090	1,340	0,090	1,385	0,090	1,373	0,091	0,090	0,091	0,090	0,090	0,090	0,091	0,090	0,090	0,094	0,089	0,089	1,345	0,090	0,091	0,091	0,090	0,089	0,089	0,090	0,092	0,094	0,095	0,092
18:18:04	37,0	1,193	0,090	1,274	0,094	1,253	0,091	1,273	0,091	1,288	0,090	1,285	0,093	0,092	1,285	0,093	1,255	0,094	1,206	0,094	1,274	0,091	1,229	0,090	1,288	1,416	0,096	1,426	0,092	1,450	0,091	1,417	0,091	1,361	0,090	1,354	0,090	0,092	1,416	0,096	1,438	0,093	1,388	0,090	1,488	0,092	1,464	0,090	1,455	0,806	0,091	0,652	0,090	0,729	0,090	0,708	0,091	0,715	0,090	0,698	0,091	0,092	1,327	0,090	1,364	0,091	1,357	0,090	1,341	0,090	1,385	0,090	1,374	0,091	0,090	0,091	0,090	0,090	0,090	0,091	0,090	0,090	0,094	0,089	0,089	1,349	0,091	0,091	0,091	0,090	0,089	0,090	0,090	0,092	0,094	0,095	0,092
18:28:04	37,0	1,194	0,090	1,272	0,094	1,254	0,091	1,273	0,091	1,288	0,090	1,286	0,093	0,092	1,284	0,094	1,255	0,094	1,208	0,094	1,275	0,091	1,231	0,090	1,289	1,416	0,096	1,428	0,092	1,452	0,091	1,421	0,091	1,363	0,090	1,357	0,091	0,092	1,418	0,097	1,442	0,093	1,391	0,091	1,491	0,092	1,465	0,090	1,455	0,808	0,091	0,653	0,090	0,731	0,090	0,708	0,092	0,717	0,091	0,699	0,091	0,092	1,329	0,090	1,364	0,092	1,359	0,090	1,342	0,090	1,388	0,090	1,375	0,092	0,090	0,091	0,090	0,090	0,090	0,091	0,090	0,090	0,094	0,089	0,089	1,351	0,091	0,092	0,091	0,090	0,090	0,090	0,090	0,093	0,094	0,095	0,092
18:38:04	37,0	1,193	0,090	1,271	0,094	1,253	0,091	1,272	0,091	1,286	0,090	1,285	0,093	0,092	1,283	0,093	1,258	0,094	1,208	0,094	1,273	0,091	1,232	0,090	1,291	1,417	0,096	1,431	0,092	1,453	0,091	1,423	0,091	1,366	0,090	1,359	0,090	0,091	1,420	0,096	1,443	0,093	1,395	0,090	1,491	0,092	1,466	0,090	1,457	0,811	0,091	0,655	0,090	0,731	0,090	0,710	0,091	0,719	0,090	0,700	0,091	0,092	1,333	0,090	1,366	0,091	1,360	0,090	1,344	0,090	1,388	0,090	1,376	0,092	0,090	0,091	0,090	0,090	0,090	0,091	0,090	0,090	0,094	0,089	0,089	1,351	0,091	0,092	0,091	0,090	0,090	0,090	0,090	0,092	0,094	0,095	0,092
18:48:04	37,0	1,194	0,090	1,270	0,094	1,252	0,091	1,270	0,091	1,286	0,090	1,283	0,093	0,092	1,282	0,093	1,257	0,094	1,211	0,094	1,274	0,091	1,232	0,090	1,290	1,418	0,096	1,432	0,092	1,455	0,091	1,424	0,091	1,368	0,090	1,361	0,090	0,091	1,420	0,096	1,446	0,093	1,396	0,091	1,492	0,092	1,469	0,090	1,457	0,814	0,091	0,656	0,090	0,734	0,090	0,712	0,091	0,722	0,090	0,703	0,091	0,092	1,335	0,090	1,370	0,091	1,359	0,090	1,346	0,090	1,390	0,090	1,376	0,092	0,090	0,091	0,090	0,090	0,090	0,091	0,090	0,090	0,094	0,089	0,089	1,351	0,091	0,092	0,091	0,090	0,090	0,090	0,090	0,093	0,094	0,095	0,092
18:58:04	37,0	1,193	0,090	1,271	0,095	1,253	0,091	1,271	0,091	1,286	0,090	1,285	0,093	0,092	1,281	0,093	1,256	0,094	1,208	0,094	1,272	0,091	1,231	0,090	1,289	1,420	0,096	1,435	0,092	1,456	0,091	1,426	0,091	1,371	0,090	1,365	0,091	0,092	1,424	0,096	1,449	0,093	1,397	0,091	1,497	0,092	1,470	0,090	1,458	0,816	0,091	0,658	0,090	0,736	0,090	0,712	0,091	0,721	0,091	0,702	0,091	0,092	1,336	0,090	1,371	0,092	1,361	0,090	1,348	0,090	1,391	0,090	1,379	0,091	0,090	0,091	0,090	0,090	0,090	0,091	0,090	0,090	0,094	0,089	0,089	1,355	0,091	0,092	0,091	0,090	0,090	0,090	0,090	0,093	0,094	0,095	0,092
19:08:04	37,0	1,193	0,090	1,268	0,095	1,252	0,092	1,271	0,092	1,286	0,090	1,285	0,093	0,092	1,281	0,094	1,256	0,094	1,212	0,094	1,269	0,091	1,231	0,090	1,291	1,420	0,096	1,437	0,092	1,459	0,091	1,429	0,091	1,373	0,090	1,368	0,090	0,092	1,425	0,096	1,452	0,093	1,400	0,090	1,497	0,092	1,472	0,090	1,457	0,818	0,091	0,660	0,090	0,738	0,090	0,715	0,091	0,724	0,090	0,705	0,091	0,092	1,337	0,090	1,373	0,092	1,363	0,090	1,349	0,090	1,391	0,091	1,379	0,091	0,090	0,091	0,090	0,090	0,090	0,091	0,090	0,090	0,094	0,089	0,089	1,354	0,091	0,092	0,091	0,090	0,090	0,090	0,090	0,093	0,094	0,095	0,092
19:18:04	37,0	1,194	0,090	1,267	0,094	1,253	0,091	1,273	0,091	1,286	0,090	1,284	0,093	0,092	1,279	0,093	1,257	0,093	1,211	0,094	1,270	0,091	1,232	0,090	1,292	1,421	0,096	1,440	0,092	1,458	0,091	1,431	0,091	1,376	0,090	1,370	0,090	0,091	1,428	0,096	1,453	0,093	1,404	0,090	1,498	0,092	1,473	0,090	1,458	0,820	0,091	0,661	0,090	0,741	0,090	0,717	0,091	0,725	0,090	0,707	0,091	0,092	1,340	0,090	1,374	0,091	1,365	0,090	1,350	0,090	1,393	0,090	1,382	0,092	0,090	0,091	0,090	0,090	0,090	0,091	0,090	0,089	0,094	0,089	0,089	1,357	0,090	0,091	0,091	0,090	0,090	0,090	0,090	0,092	0,094	0,095	0,092
19:28:04	37,0	1,192	0,090	1,266	0,094	1,251	0,091	1,269	0,091	1,284	0,090	1,282	0,093	0,092	1,278	0,093	1,256	0,093	1,209	0,094	1,269	0,091	1,230	0,090	1,289	1,422	0,096	1,442	0,092	1,461	0,091	1,431	0,091	1,377	0,090	1,372	0,090	0,092	1,428	0,096	1,455	0,093	1,406	0,090	1,499	0,092	1,474	0,090	1,457	0,822	0,091	0,662	0,090	0,741	0,090	0,718	0,091	0,727	0,090	0,707	0,091	0,092	1,344	0,090	1,374	0,091	1,364	0,090	1,353	0,090	1,392	0,090	1,381	0,091	0,090	0,091	0,090	0,090	0,090	0,091	0,090	0,090	0,094	0,089	0,089	1,361	0,090	0,092	0,091	0,090	0,089	0,089	0,090	0,092	0,094	0,095	0,092
19:38:04	37,0	1,194	0,090	1,266	0,094	1,252	0,091	1,271	0,091	1,284	0,090	1,283	0,093	0,092	1,278	0,094	1,256	0,094	1,212	0,094	1,270	0,091	1,232	0,090	1,291	1,422	0,096	1,442	0,092	1,461	0,091	1,434	0,091	1,380	0,090	1,373	0,091	0,092	1,431	0,096	1,458	0,093	1,409	0,091	1,500	0,092	1,476	0,090	1,458	0,825	0,091	0,663	0,090	0,746	0,090	0,721	0,091	0,730	0,091	0,709	0,091	0,092	1,344	0,090	1,377	0,092	1,366	0,090	1,353	0,090	1,395	0,090	1,382	0,092	0,090	0,091	0,090	0,090	0,090	0,091	0,090	0,090	0,094	0,089	0,089	1,360	0,091	0,092	0,091	0,090	0,090	0,090	0,090	0,093	0,094	0,095	0,092
19:48:04	37,0	1,194	0,090	1,266	0,095	1,255	0,091	1,274	0,091	1,288	0,090	1,286	0,093	0,092	1,277	0,093	1,254	0,094	1,212	0,094	1,267	0,091	1,235	0,090	1,294	1,424	0,096	1,445	0,092	1,464	0,091	1,436	0,091	1,382	0,090	1,378	0,091	0,091	1,432	0,096	1,460	0,093	1,410	0,091	1,504	0,092	1,478	0,090	1,461	0,827	0,091	0,666	0,090	0,748	0,090	0,724	0,092	0,732	0,091	0,712	0,091	0,092	1,345	0,090	1,379	0,091	1,368	0,090	1,357	0,090	1,397	0,090	1,382	0,091	0,090	0,091	0,090	0,090	0,090	0,091	0,090	0,090	0,094	0,089	0,089	1,360	0,091	0,092	0,091	0,090	0,090	0,090	0,090	0,093	0,094	0,095	0,092
19:58:04	36,9	1,193	0,090	1,265	0,095	1,251	0,091	1,271	0,091	1,285	0,090	1,281	0,093	0,092	1,275	0,093	1,255	0,094	1,212	0,094	1,268	0,091	1,232	0,090	1,292	1,425	0,096	1,447	0,092	1,465	0,091	1,437	0,091	1,384	0,090	1,379	0,090	0,092	1,435	0,096	1,462	0,093	1,413	0,091	1,504	0,092	1,479	0,090	1,460	0,828	0,091	0,667	0,090	0,750	0,090	0,727	0,091	0,734	0,091	0,713	0,091	0,092	1,347	0,090	1,380	0,091	1,370	0,090	1,358	0,090	1,399	0,090	1,382	0,091	0,090	0,091	0,090	0,090	0,090	0,091	0,090	0,090	0,094	0,089	0,089	1,364	0,090	0,092	0,091	0,090	0,089	0,090	0,090	0,092	0,094	0,095	0,092
20:08:04	37,0	1,193	0,090	1,265	0,095	1,251	0,091	1,272	0,091	1,283	0,090	1,280	0,093	0,092	1,274	0,093	1,256	0,094	1,210	0,094	1,265	0,091	1,232	0,090	1,290	1,425	0,096	1,449	0,092	1,468	0,091	1,439	0,091	1,386	0,090	1,381	0,091	0,092	1,437	0,097	1,464	0,093	1,416	0,091	1,505	0,092	1,480	0,090	1,459	0,829	0,091	0,667	0,090	0,751	0,090	0,728	0,091	0,737	0,091	0,714	0,091	0,092	1,349	0,090	1,383	0,092	1,369	0,090	1,358	0,090	1,399	0,090	1,382	0,092	0,091	0,091	0,090	0,090	0,090	0,091	0,090	0,090	0,094	0,089	0,089	1,365	0,091	0,092	0,091	0,090	0,090	0,090	0,090	0,093	0,094	0,095	0,092
20:18:04	37,0	1,192	0,090	1,265	0,095	1,251	0,091	1,273	0,091	1,284	0,090	1,280	0,093	0,092	1,274	0,093	1,256	0,094	1,212	0,094	1,267	0,091	1,232	0,090	1,292	1,425	0,096	1,451	0,092	1,469	0,091	1,440	0,091	1,388	0,090	1,385	0,090	0,092	1,437	0,096	1,466	0,093	1,417	0,090	1,507	0,092	1,481	0,090	1,459	0,831	0,091	0,668	0,090	0,753	0,090	0,730	0,091	0,740	0,091	0,716	0,091	0,092	1,350	0,090	1,383	0,091	1,370	0,090	1,360	0,090	1,399	0,090	1,381	0,092	0,090	0,091	0,090	0,090	0,090	0,091	0,090	0,090	0,094	0,089	0,089	1,365	0,090	0,092	0,091	0,090	0,090	0,090	0,090	0,093	0,094	0,095	0,092
20:28:04	37,0	1,191	0,090	1,264	0,094	1,250	0,091	1,272	0,091	1,282	0,090	1,278	0,093	0,092	1,273	0,093	1,255	0,094	1,210	0,094	1,265	0,091	1,231	0,090	1,291	1,424	0,096	1,453	0,092	1,471	0,091	1,442	0,091	1,389	0,090	1,385	0,090	0,092	1,438	0,096	1,468	0,093	1,421	0,090	1,510	0,092	1,482	0,090	1,459	0,832	0,091	0,669	0,090	0,756	0,090	0,732	0,091	0,742	0,090	0,718	0,091	0,092	1,351	0,090	1,384	0,092	1,370	0,090	1,362	0,090	1,401	0,090	1,379	0,092	0,090	0,091	0,090	0,090	0,090	0,091	0,090	0,090	0,094	0,089	0,089	1,366	0,091	0,091	0,091	0,090	0,089	0,090	0,090	0,093	0,094	0,095	0,092
20:38:04	37,0	1,192	0,090	1,265	0,095	1,249	0,091	1,271	0,091	1,282	0,090	1,276	0,093	0,092	1,272	0,093	1,254	0,094	1,211	0,094	1,265	0,091	1,231	0,090	1,292	1,427	0,096	1,453	0,092	1,472	0,091	1,442	0,091	1,392	0,090	1,389	0,090	0,092	1,440	0,097	1,469	0,093	1,421	0,090	1,511	0,092	1,483	0,090	1,459	0,832	0,091	0,671	0,090	0,759	0,090	0,735	0,091	0,746	0,091	0,721	0,091	0,092	1,354	0,090	1,385	0,092	1,371	0,090	1,363	0,090	1,402	0,090	1,379	0,092	0,090	0,091	0,090	0,090	0,090	0,091	0,090	0,090	0,094	0,089	0,089	1,368	0,091	0,092	0,091	0,090	0,090	0,090	0,090	0,093	0,094	0,095	0,092
20:48:04	36,9	1,192	0,090	1,263	0,094	1,249	0,091	1,270	0,091	1,281	0,090	1,275	0,093	0,092	1,273	0,094	1,252	0,094	1,213	0,094	1,264	0,091	1,229	0,090	1,292	1,426	0,096	1,455	0,092	1,474	0,091	1,445	0,091	1,393	0,090	1,391	0,090	0,092	1,442	0,096	1,471	0,093	1,423	0,090	1,512	0,092	1,485	0,090	1,459	0,833	0,091	0,672	0,090	0,760	0,090	0,737	0,091	0,748	0,090	0,722	0,091	0,092	1,356	0,090	1,388	0,092	1,372	0,090	1,364	0,090	1,404	0,090	1,377	0,091	0,090	0,091	0,090	0,090	0,090	0,091	0,090	0,090	0,094	0,089	0,089	1,367	0,091	0,091	0,091	0,090	0,090	0,090	0,090	0,093	0,094	0,095	0,092
20:58:04	37,0	1,191	0,090	1,265	0,094	1,252	0,091	1,272	0,091	1,282	0,090	1,276	0,093	0,092	1,273	0,093	1,252	0,094	1,213	0,094	1,262	0,091	1,231	0,090	1,296	1,428	0,096	1,456	0,092	1,474	0,091	1,445	0,091	1,396	0,090	1,393	0,090	0,092	1,446	0,096	1,473	0,093	1,424	0,090	1,513	0,092	1,486	0,090	1,460	0,836	0,091	0,673	0,090	0,764	0,090	0,740	0,091	0,751	0,091	0,726	0,091	0,092	1,357	0,090	1,391	0,091	1,373	0,090	1,367	0,090	1,407	0,090	1,377	0,091	0,090	0,091	0,090	0,090	0,090	0,091	0,090	0,090	0,094	0,089	0,089	1,367	0,091	0,092	0,091	0,090	0,090	0,090	0,090	0,093	0,094	0,095	0,092
21:08:04	37,0	1,188	0,090	1,261	0,094	1,250	0,091	1,269	0,091	1,276	0,090	1,271	0,093	0,092	1,271	0,093	1,252	0,094	1,210	0,094	1,260	0,091	1,231	0,090	1,287	1,428	0,096	1,458	0,092	1,475	0,091	1,446	0,091	1,397	0,090	1,394	0,090	0,092	1,446	0,096	1,475	0,093	1,427	0,091	1,512	0,092	1,487	0,090	1,460	0,834	0,091	0,674	0,090	0,765	0,090	0,739	0,091	0,751	0,090	0,726	0,091	0,092	1,359	0,090	1,389	0,091	1,373	0,090	1,367	0,090	1,406	0,090	1,377	0,091	0,090	0,091	0,090	0,090	0,090	0,091	0,090	0,090	0,094	0,089	0,089	1,371	0,091	0,091	0,091	0,090	0,089	0,090	0,090	0,093	0,094	0,095	0,092
21:18:04	37,0	1,183	0,090	1,256	0,094	1,246	0,091	1,265	0,091	1,272	0,090	1,269	0,093	0,092	1,268	0,093	1,249	0,094	1,207	0,094	1,256	0,091	1,224	0,090	1,283	1,429	0,096	1,458	0,092	1,474	0,091	1,444	0,091	1,397	0,090	1,393	0,090	0,092	1,444	0,096	1,476	0,093	1,429	0,091	1,515	0,092	1,486	0,090	1,460	0,831	0,091	0,672	0,090	0,764	0,090	0,736	0,091	0,746	0,090	0,723	0,091	0,091	1,358	0,090	1,385	0,092	1,369	0,090	1,368	0,090	1,405	0,090	1,378	0,091	0,090	0,091	0,090	0,090	0,090	0,091	0,090	0,090	0,094	0,089	0,089	1,372	0,090	0,092	0,091	0,090	0,090	0,090	0,090	0,092	0,094	0,095	0,092
21:28:04	37,0	1,179	0,090	1,255	0,095	1,247	0,091	1,262	0,091	1,270	0,090	1,264	0,093	0,092	1,265	0,094	1,247	0,094	1,206	0,094	1,253	0,091	1,223	0,090	1,280	1,427	0,096	1,457	0,092	1,475	0,091	1,445	0,091	1,398	0,090	1,392	0,091	0,092	1,443	0,096	1,475	0,093	1,427	0,091	1,514	0,092	1,486	0,090	1,457	0,830	0,091	0,673	0,090	0,765	0,090	0,736	0,091	0,744	0,091	0,722	0,091	0,092	1,358	0,090	1,386	0,092	1,370	0,090	1,365	0,090	1,402	0,090	1,377	0,091	0,090	0,091	0,090	0,090	0,090	0,091	0,090	0,090	0,094	0,089	0,089	1,367	0,091	0,092	0,091	0,090	0,089	0,090	0,090	0,093	0,094	0,095	0,092
21:38:04	37,0	1,178	0,090	1,255	0,094	1,246	0,091	1,260	0,091	1,267	0,090	1,264	0,093	0,092	1,265	0,093	1,245	0,094	1,206	0,094	1,252	0,091	1,225	0,090	1,278	1,429	0,096	1,457	0,092	1,477	0,091	1,447	0,091	1,400	0,090	1,394	0,091	0,091	1,446	0,096	1,476	0,093	1,430	0,090	1,515	0,092	1,486	0,090	1,457	0,831	0,091	0,673	0,090	0,764	0,090	0,735	0,091	0,744	0,090	0,723	0,091	0,092	1,358	0,090	1,386	0,091	1,371	0,090	1,366	0,090	1,402	0,090	1,376	0,091	0,091	0,091	0,090	0,090	0,090	0,091	0,090	0,090	0,094	0,089	0,089	1,370	0,091	0,092	0,091	0,090	0,090	0,090	0,090	0,092	0,094	0,095	0,092
21:48:04	37,0	1,176	0,090	1,253	0,094	1,245	0,091	1,257	0,091	1,264	0,090	1,260	0,093	0,092	1,263	0,093	1,241	0,094	1,205	0,094	1,249	0,091	1,222	0,090	1,276	1,427	0,096	1,457	0,092	1,478	0,091	1,446	0,091	1,401	0,090	1,396	0,090	0,092	1,446	0,096	1,477	0,093	1,430	0,090	1,515	0,092	1,486	0,090	1,455	0,831	0,091	0,674	0,090	0,765	0,090	0,735	0,091	0,743	0,090	0,723	0,091	0,092	1,358	0,090	1,387	0,091	1,371	0,090	1,366	0,090	1,401	0,090	1,374	0,092	0,090	0,091	0,090	0,090	0,090	0,091	0,090	0,090	0,094	0,089	0,089	1,368	0,091	0,092	0,091	0,090	0,090	0,090	0,090	0,093	0,094	0,095	0,092
21:58:04	37,0	1,178	0,090	1,254	0,094	1,246	0,091	1,257	0,091	1,264	0,090	1,262	0,093	0,092	1,262	0,093	1,243	0,094	1,206	0,094	1,254	0,091	1,225	0,090	1,278	1,428	0,096	1,458	0,092	1,478	0,091	1,449	0,091	1,402	0,090	1,399	0,091	0,092	1,449	0,097	1,479	0,093	1,433	0,091	1,517	0,092	1,487	0,090	1,457	0,833	0,091	0,675	0,090	0,766	0,090	0,736	0,091	0,745	0,091	0,724	0,091	0,092	1,359	0,090	1,389	0,092	1,373	0,090	1,365	0,090	1,401	0,090	1,374	0,092	0,091	0,091	0,090	0,090	0,090	0,091	0,090	0,090	0,094	0,089	0,089	1,370	0,091	0,091	0,091	0,090	0,090	0,090	0,090	0,093	0,094	0,095	0,092
22:08:04	37,0	1,175	0,090	1,250	0,094	1,244	0,091	1,254	0,091	1,261	0,090	1,259	0,093	0,092	1,261	0,093	1,244	0,094	1,206	0,094	1,249	0,091	1,225	0,090	1,275	1,428	0,096	1,463	0,092	1,478	0,091	1,448	0,091	1,404	0,090	1,400	0,091	0,091	1,448	0,096	1,482	0,093	1,435	0,091	1,519	0,092	1,488	0,090	1,456	0,832	0,091	0,677	0,090	0,766	0,090	0,737	0,091	0,746	0,090	0,726	0,091	0,092	1,361	0,090	1,388	0,091	1,373	0,090	1,367	0,090	1,406	0,090	1,371	0,092	0,091	0,091	0,090	0,090	0,090	0,091	0,090	0,090	0,094	0,089	0,089	1,373	0,091	0,091	0,091	0,090	0,090	0,090	0,090	0,093	0,094	0,095	0,092

