Time	T∞ Optical Density:600	A1	A2	A3	A4	A5	A6	A7	A8	A9	A10	A11	A12	B1	B2	B3	B4	B5	B6	B7	B8	B9	B10	B11	B12	C1	C2	C3	C4	C5	C6	C7	C8	C9	C10	C11	C12	D1	D2	D3	D4	D5	D6	D7	D8	D9	D10	D11	D12	E1	E2	E3	E4	E5	E6	E7	E8	E9	E10	E11	E12	F1	F2	F3	F4	F5	F6	F7	F8	F9	F10	F11	F12	G1	G2	G3	G4	G5	G6	G7	G8	G9	G10	G11	G12	H1	H2	H3	H4	H5	H6	H7	H8	H9	H10	H11	H12
0:08:04	36,9	0,227	0,138	0,118	0,092	0,117	0,092	0,119	0,090	0,131	0,089	0,110	0,092	0,240	0,131	0,091	0,112	0,090	0,120	0,091	0,111	0,091	0,113	0,090	0,117	0,183	0,091	0,123	0,090	0,116	0,090	0,153	0,090	0,175	0,091	0,132	0,089	0,134	0,111	0,090	0,154	0,090	0,153	0,091	0,126	0,093	0,112	0,090	0,107	0,212	0,091	0,095	0,090	0,097	0,089	0,107	0,091	0,107	0,090	0,102	0,089	0,173	0,133	0,128	0,157	0,088	0,117	0,089	0,100	0,092	0,101	0,090	0,101	0,090	0,090	0,091	0,091	0,090	0,090	0,091	0,090	0,089	0,090	0,090	0,089	0,091	0,090	0,090	0,091	0,089	0,090	0,091	0,091	0,092	0,090	0,090	0,090
0:18:04	37,0	0,209	0,128	0,116	0,092	0,120	0,091	0,120	0,090	0,133	0,089	0,110	0,092	0,223	0,130	0,090	0,111	0,090	0,120	0,090	0,111	0,091	0,115	0,090	0,118	0,189	0,091	0,128	0,090	0,121	0,090	0,156	0,090	0,173	0,091	0,137	0,089	0,133	0,114	0,090	0,162	0,089	0,162	0,091	0,128	0,092	0,114	0,092	0,107	0,209	0,090	0,094	0,090	0,096	0,089	0,107	0,090	0,108	0,090	0,102	0,089	0,144	0,135	0,127	0,158	0,088	0,117	0,089	0,101	0,091	0,101	0,089	0,100	0,090	0,090	0,091	0,091	0,089	0,090	0,091	0,090	0,089	0,089	0,090	0,088	0,091	0,090	0,090	0,091	0,089	0,090	0,091	0,091	0,092	0,090	0,090	0,089
0:28:04	37,0	0,193	0,118	0,117	0,092	0,122	0,091	0,122	0,090	0,134	0,089	0,112	0,091	0,213	0,132	0,090	0,112	0,090	0,121	0,090	0,113	0,091	0,117	0,089	0,121	0,185	0,090	0,134	0,090	0,128	0,090	0,161	0,090	0,191	0,090	0,147	0,089	0,129	0,118	0,090	0,160	0,090	0,177	0,091	0,134	0,092	0,118	0,092	0,110	0,203	0,090	0,094	0,090	0,096	0,089	0,107	0,090	0,108	0,089	0,102	0,089	0,145	0,139	0,126	0,167	0,088	0,119	0,089	0,102	0,091	0,102	0,089	0,101	0,089	0,090	0,091	0,091	0,089	0,090	0,090	0,090	0,089	0,089	0,090	0,088	0,091	0,090	0,090	0,091	0,088	0,090	0,091	0,090	0,092	0,090	0,089	0,089
0:38:04	37,0	0,184	0,108	0,122	0,092	0,127	0,091	0,126	0,090	0,137	0,089	0,115	0,092	0,203	0,135	0,090	0,114	0,090	0,124	0,090	0,118	0,091	0,122	0,090	0,125	0,189	0,090	0,143	0,090	0,136	0,090	0,172	0,090	0,214	0,091	0,159	0,088	0,124	0,124	0,090	0,172	0,090	0,203	0,091	0,142	0,092	0,122	0,090	0,113	0,198	0,090	0,095	0,090	0,097	0,089	0,108	0,091	0,109	0,090	0,103	0,089	0,143	0,147	0,126	0,180	0,088	0,124	0,089	0,105	0,092	0,103	0,089	0,103	0,090	0,090	0,091	0,091	0,089	0,090	0,090	0,090	0,089	0,090	0,090	0,088	0,092	0,090	0,090	0,091	0,088	0,090	0,091	0,091	0,092	0,090	0,090	0,089
0:48:04	37,0	0,179	0,099	0,130	0,092	0,136	0,092	0,133	0,090	0,142	0,089	0,120	0,092	0,189	0,137	0,090	0,117	0,090	0,129	0,090	0,124	0,091	0,129	0,089	0,132	0,211	0,090	0,157	0,090	0,148	0,090	0,192	0,090	0,241	0,091	0,177	0,089	0,108	0,132	0,090	0,190	0,090	0,222	0,090	0,159	0,091	0,130	0,092	0,117	0,192	0,090	0,095	0,090	0,098	0,089	0,110	0,090	0,111	0,089	0,104	0,089	0,161	0,159	0,126	0,199	0,088	0,130	0,089	0,108	0,091	0,106	0,089	0,105	0,090	0,090	0,091	0,091	0,089	0,090	0,091	0,089	0,089	0,089	0,090	0,088	0,092	0,090	0,090	0,091	0,088	0,090	0,091	0,090	0,092	0,090	0,090	0,090
0:58:04	37,0	0,179	0,095	0,142	0,092	0,148	0,091	0,143	0,090	0,151	0,089	0,126	0,092	0,180	0,146	0,090	0,124	0,090	0,136	0,090	0,133	0,093	0,139	0,089	0,142	0,221	0,090	0,174	0,090	0,166	0,090	0,213	0,090	0,277	0,091	0,202	0,088	0,107	0,144	0,090	0,217	0,089	0,251	0,090	0,169	0,092	0,141	0,089	0,125	0,197	0,090	0,095	0,090	0,098	0,089	0,110	0,090	0,112	0,089	0,104	0,089	0,158	0,176	0,126	0,227	0,088	0,139	0,089	0,114	0,090	0,110	0,089	0,109	0,089	0,090	0,091	0,091	0,089	0,090	0,090	0,089	0,089	0,089	0,090	0,088	0,092	0,090	0,090	0,091	0,088	0,090	0,091	0,090	0,092	0,090	0,090	0,089
1:08:04	37,0	0,189	0,092	0,159	0,092	0,170	0,091	0,158	0,090	0,165	0,089	0,137	0,092	0,178	0,157	0,091	0,135	0,090	0,145	0,090	0,147	0,095	0,154	0,089	0,157	0,236	0,090	0,197	0,090	0,196	0,090	0,238	0,090	0,311	0,091	0,230	0,088	0,104	0,160	0,090	0,247	0,089	0,283	0,090	0,193	0,092	0,156	0,092	0,134	0,184	0,090	0,096	0,089	0,099	0,089	0,113	0,090	0,114	0,090	0,106	0,089	0,154	0,196	0,125	0,259	0,088	0,152	0,089	0,121	0,091	0,116	0,089	0,114	0,090	0,090	0,091	0,091	0,089	0,090	0,090	0,089	0,089	0,089	0,090	0,088	0,092	0,090	0,090	0,091	0,089	0,090	0,091	0,090	0,093	0,090	0,090	0,089
1:18:04	37,0	0,203	0,091	0,180	0,092	0,201	0,091	0,178	0,089	0,186	0,089	0,153	0,092	0,169	0,175	0,090	0,151	0,090	0,159	0,090	0,165	0,095	0,174	0,089	0,178	0,254	0,090	0,225	0,090	0,224	0,090	0,269	0,090	0,347	0,091	0,263	0,089	0,097	0,181	0,090	0,283	0,090	0,318	0,090	0,232	0,091	0,184	0,090	0,146	0,180	0,090	0,096	0,089	0,100	0,089	0,113	0,090	0,117	0,089	0,106	0,089	0,140	0,219	0,126	0,296	0,088	0,171	0,089	0,130	0,091	0,125	0,089	0,122	0,089	0,090	0,091	0,091	0,089	0,090	0,091	0,089	0,089	0,089	0,090	0,088	0,092	0,090	0,090	0,091	0,088	0,090	0,091	0,090	0,093	0,090	0,090	0,089
1:28:04	37,0	0,227	0,091	0,209	0,092	0,237	0,091	0,203	0,090	0,213	0,089	0,173	0,092	0,158	0,201	0,090	0,178	0,090	0,176	0,090	0,187	0,095	0,201	0,089	0,205	0,283	0,090	0,260	0,090	0,252	0,090	0,298	0,090	0,383	0,090	0,302	0,088	0,093	0,206	0,090	0,322	0,090	0,352	0,090	0,259	0,091	0,217	0,090	0,163	0,175	0,090	0,097	0,090	0,102	0,089	0,115	0,090	0,119	0,089	0,108	0,089	0,132	0,241	0,125	0,332	0,088	0,195	0,089	0,144	0,090	0,136	0,089	0,133	0,090	0,090	0,091	0,091	0,089	0,090	0,091	0,089	0,089	0,089	0,090	0,088	0,092	0,090	0,090	0,091	0,088	0,090	0,091	0,090	0,092	0,090	0,090	0,089
1:38:04	37,0	0,256	0,091	0,247	0,092	0,280	0,091	0,236	0,090	0,247	0,089	0,200	0,092	0,149	0,232	0,090	0,201	0,090	0,199	0,090	0,213	0,095	0,233	0,089	0,242	0,318	0,090	0,298	0,090	0,284	0,090	0,332	0,090	0,419	0,090	0,359	0,088	0,090	0,235	0,090	0,361	0,089	0,386	0,090	0,288	0,091	0,248	0,090	0,185	0,171	0,090	0,097	0,090	0,103	0,089	0,117	0,090	0,122	0,089	0,109	0,089	0,123	0,270	0,126	0,369	0,088	0,222	0,088	0,163	0,091	0,152	0,089	0,146	0,089	0,090	0,091	0,091	0,089	0,090	0,091	0,089	0,088	0,089	0,090	0,088	0,092	0,090	0,090	0,091	0,088	0,090	0,091	0,091	0,092	0,090	0,090	0,089
1:48:04	37,0	0,292	0,090	0,290	0,092	0,318	0,091	0,273	0,090	0,287	0,089	0,240	0,092	0,139	0,264	0,091	0,231	0,090	0,225	0,090	0,243	0,095	0,270	0,089	0,286	0,352	0,090	0,337	0,090	0,318	0,089	0,366	0,093	0,451	0,090	0,440	0,088	0,090	0,269	0,090	0,400	0,089	0,432	0,090	0,319	0,091	0,283	0,090	0,216	0,167	0,090	0,098	0,089	0,106	0,089	0,120	0,090	0,126	0,089	0,111	0,089	0,115	0,298	0,126	0,408	0,088	0,254	0,089	0,182	0,091	0,172	0,089	0,165	0,089	0,090	0,091	0,091	0,089	0,090	0,091	0,089	0,089	0,089	0,090	0,088	0,092	0,090	0,090	0,091	0,088	0,090	0,091	0,090	0,092	0,090	0,090	0,089
1:58:04	37,0	0,324	0,090	0,333	0,092	0,348	0,091	0,311	0,090	0,331	0,089	0,277	0,092	0,129	0,303	0,090	0,273	0,090	0,259	0,090	0,276	0,095	0,308	0,089	0,330	0,390	0,090	0,371	0,090	0,353	0,089	0,402	0,093	0,473	0,090	0,496	0,088	0,090	0,310	0,090	0,442	0,090	0,472	0,090	0,350	0,091	0,313	0,089	0,255	0,163	0,090	0,099	0,089	0,108	0,089	0,124	0,090	0,130	0,089	0,113	0,089	0,108	0,326	0,125	0,442	0,088	0,289	0,089	0,206	0,091	0,190	0,089	0,185	0,089	0,090	0,091	0,091	0,089	0,090	0,091	0,089	0,088	0,089	0,090	0,088	0,092	0,090	0,090	0,091	0,088	0,090	0,091	0,090	0,092	0,090	0,090	0,089
2:08:04	37,0	0,365	0,090	0,383	0,092	0,390	0,091	0,347	0,090	0,371	0,089	0,323	0,092	0,120	0,341	0,090	0,312	0,090	0,296	0,090	0,309	0,095	0,344	0,089	0,370	0,438	0,090	0,407	0,090	0,389	0,089	0,431	0,093	0,509	0,090	0,552	0,088	0,090	0,349	0,090	0,487	0,089	0,494	0,090	0,384	0,091	0,347	0,091	0,291	0,159	0,090	0,100	0,089	0,111	0,089	0,129	0,090	0,134	0,089	0,115	0,089	0,101	0,350	0,125	0,468	0,088	0,327	0,089	0,237	0,091	0,220	0,089	0,208	0,090	0,090	0,091	0,091	0,089	0,090	0,091	0,089	0,089	0,089	0,090	0,088	0,092	0,090	0,090	0,091	0,088	0,090	0,091	0,090	0,093	0,090	0,090	0,089
2:18:04	37,0	0,411	0,089	0,434	0,092	0,459	0,091	0,387	0,090	0,420	0,089	0,362	0,092	0,112	0,389	0,090	0,346	0,090	0,333	0,090	0,346	0,095	0,384	0,089	0,417	0,479	0,090	0,443	0,090	0,412	0,089	0,462	0,093	0,538	0,090	0,592	0,088	0,090	0,404	0,090	0,526	0,089	0,518	0,090	0,413	0,091	0,385	0,089	0,324	0,156	0,090	0,101	0,089	0,115	0,089	0,134	0,090	0,139	0,089	0,118	0,089	0,096	0,374	0,125	0,496	0,088	0,369	0,089	0,269	0,091	0,251	0,089	0,242	0,089	0,090	0,091	0,091	0,089	0,090	0,091	0,089	0,088	0,089	0,090	0,088	0,092	0,090	0,090	0,091	0,088	0,090	0,091	0,090	0,092	0,090	0,090	0,089
2:28:04	37,0	0,457	0,090	0,481	0,092	0,522	0,091	0,448	0,090	0,470	0,089	0,414	0,092	0,106	0,442	0,091	0,406	0,090	0,379	0,090	0,391	0,095	0,436	0,089	0,475	0,506	0,090	0,478	0,090	0,433	0,090	0,490	0,093	0,564	0,090	0,629	0,089	0,090	0,451	0,090	0,554	0,090	0,539	0,090	0,425	0,091	0,431	0,089	0,356	0,154	0,090	0,103	0,090	0,120	0,089	0,141	0,090	0,145	0,089	0,122	0,089	0,093	0,396	0,126	0,521	0,088	0,413	0,089	0,303	0,091	0,286	0,089	0,279	0,090	0,090	0,091	0,091	0,089	0,090	0,091	0,089	0,089	0,089	0,090	0,088	0,092	0,090	0,090	0,091	0,089	0,090	0,091	0,091	0,092	0,090	0,090	0,090
2:38:04	37,0	0,490	0,089	0,514	0,092	0,562	0,091	0,489	0,090	0,515	0,089	0,481	0,092	0,101	0,499	0,091	0,459	0,090	0,431	0,090	0,436	0,095	0,482	0,089	0,517	0,526	0,090	0,503	0,090	0,452	0,089	0,505	0,093	0,579	0,090	0,660	0,088	0,090	0,484	0,090	0,583	0,089	0,565	0,090	0,434	0,091	0,451	0,090	0,405	0,152	0,090	0,104	0,089	0,125	0,089	0,149	0,090	0,151	0,089	0,125	0,089	0,091	0,418	0,126	0,549	0,088	0,457	0,089	0,340	0,090	0,318	0,089	0,318	0,089	0,090	0,090	0,091	0,089	0,090	0,091	0,089	0,088	0,089	0,090	0,088	0,092	0,090	0,090	0,091	0,088	0,090	0,091	0,090	0,092	0,090	0,090	0,089
2:48:04	37,0	0,518	0,090	0,547	0,092	0,587	0,091	0,513	0,090	0,543	0,089	0,537	0,092	0,097	0,531	0,090	0,513	0,090	0,486	0,090	0,461	0,096	0,513	0,089	0,547	0,548	0,090	0,526	0,090	0,468	0,090	0,517	0,093	0,587	0,090	0,684	0,089	0,090	0,514	0,090	0,610	0,090	0,579	0,090	0,443	0,091	0,463	0,092	0,451	0,152	0,090	0,107	0,089	0,132	0,089	0,157	0,090	0,159	0,090	0,130	0,089	0,090	0,438	0,126	0,572	0,088	0,492	0,089	0,380	0,090	0,351	0,089	0,355	0,090	0,090	0,091	0,091	0,089	0,090	0,091	0,089	0,088	0,089	0,090	0,088	0,092	0,090	0,090	0,091	0,088	0,090	0,091	0,090	0,092	0,090	0,090	0,089
2:58:04	37,0	0,546	0,089	0,573	0,092	0,613	0,091	0,533	0,089	0,570	0,089	0,576	0,092	0,093	0,562	0,090	0,534	0,090	0,519	0,090	0,483	0,096	0,540	0,089	0,576	0,568	0,090	0,547	0,090	0,481	0,089	0,530	0,093	0,598	0,090	0,709	0,088	0,090	0,544	0,090	0,625	0,089	0,607	0,090	0,453	0,091	0,474	0,090	0,482	0,153	0,090	0,109	0,089	0,140	0,089	0,167	0,090	0,168	0,089	0,135	0,089	0,089	0,460	0,125	0,593	0,088	0,517	0,089	0,411	0,090	0,383	0,089	0,387	0,090	0,090	0,090	0,091	0,089	0,090	0,091	0,089	0,088	0,089	0,090	0,088	0,092	0,090	0,090	0,091	0,088	0,090	0,091	0,090	0,093	0,090	0,090	0,089
3:08:04	37,0	0,572	0,089	0,594	0,092	0,636	0,091	0,549	0,090	0,591	0,089	0,605	0,092	0,090	0,592	0,090	0,547	0,089	0,537	0,090	0,498	0,096	0,565	0,089	0,608	0,588	0,090	0,569	0,090	0,498	0,089	0,549	0,093	0,608	0,090	0,731	0,088	0,090	0,574	0,090	0,644	0,089	0,629	0,090	0,464	0,091	0,489	0,089	0,501	0,157	0,090	0,112	0,089	0,149	0,089	0,178	0,090	0,178	0,089	0,141	0,089	0,089	0,480	0,125	0,610	0,088	0,539	0,089	0,440	0,090	0,414	0,089	0,421	0,089	0,090	0,090	0,091	0,089	0,090	0,091	0,089	0,088	0,089	0,090	0,088	0,092	0,090	0,090	0,091	0,088	0,090	0,091	0,090	0,092	0,089	0,089	0,089
3:18:04	37,0	0,594	0,090	0,616	0,092	0,653	0,091	0,570	0,090	0,607	0,089	0,624	0,092	0,089	0,626	0,091	0,570	0,090	0,551	0,090	0,517	0,097	0,582	0,090	0,642	0,610	0,090	0,588	0,090	0,513	0,090	0,567	0,093	0,625	0,090	0,755	0,089	0,090	0,606	0,090	0,666	0,089	0,658	0,090	0,474	0,091	0,502	0,090	0,524	0,165	0,090	0,116	0,089	0,160	0,089	0,192	0,090	0,190	0,090	0,149	0,089	0,089	0,501	0,126	0,622	0,088	0,559	0,089	0,458	0,091	0,445	0,089	0,452	0,090	0,090	0,091	0,091	0,089	0,090	0,091	0,089	0,089	0,089	0,090	0,088	0,092	0,090	0,090	0,091	0,088	0,090	0,091	0,090	0,093	0,090	0,090	0,090
3:28:04	37,0	0,619	0,090	0,640	0,092	0,668	0,091	0,593	0,090	0,626	0,089	0,647	0,092	0,088	0,653	0,090	0,597	0,090	0,570	0,090	0,531	0,097	0,596	0,089	0,678	0,631	0,090	0,609	0,090	0,529	0,090	0,590	0,093	0,642	0,090	0,777	0,088	0,090	0,638	0,090	0,686	0,089	0,681	0,090	0,487	0,091	0,515	0,089	0,549	0,173	0,090	0,121	0,089	0,174	0,089	0,208	0,090	0,202	0,089	0,157	0,089	0,089	0,523	0,126	0,634	0,088	0,576	0,089	0,485	0,091	0,473	0,089	0,479	0,089	0,090	0,091	0,091	0,089	0,090	0,091	0,089	0,089	0,089	0,090	0,088	0,092	0,090	0,090	0,091	0,088	0,090	0,091	0,091	0,093	0,090	0,090	0,089
3:38:04	37,0	0,651	0,090	0,662	0,092	0,680	0,092	0,605	0,090	0,642	0,089	0,668	0,092	0,088	0,675	0,091	0,607	0,090	0,579	0,090	0,546	0,097	0,613	0,090	0,705	0,659	0,090	0,632	0,090	0,545	0,090	0,617	0,093	0,654	0,090	0,793	0,089	0,090	0,668	0,090	0,703	0,090	0,703	0,090	0,500	0,091	0,528	0,090	0,573	0,183	0,090	0,127	0,089	0,189	0,089	0,228	0,090	0,215	0,089	0,166	0,089	0,089	0,547	0,126	0,651	0,088	0,588	0,089	0,513	0,091	0,502	0,089	0,509	0,090	0,090	0,091	0,091	0,089	0,090	0,091	0,089	0,089	0,089	0,090	0,088	0,092	0,090	0,090	0,091	0,089	0,090	0,091	0,091	0,093	0,090	0,090	0,090
3:48:04	37,0	0,667	0,090	0,688	0,092	0,700	0,091	0,622	0,090	0,662	0,089	0,699	0,092	0,088	0,695	0,091	0,630	0,090	0,589	0,090	0,559	0,098	0,628	0,089	0,738	0,682	0,090	0,651	0,090	0,561	0,089	0,632	0,093	0,672	0,090	0,809	0,089	0,090	0,698	0,090	0,733	0,090	0,727	0,090	0,512	0,091	0,543	0,090	0,601	0,195	0,090	0,133	0,089	0,208	0,089	0,247	0,090	0,230	0,089	0,176	0,089	0,089	0,572	0,126	0,669	0,088	0,612	0,089	0,536	0,091	0,529	0,089	0,540	0,090	0,090	0,091	0,091	0,089	0,090	0,091	0,089	0,089	0,089	0,090	0,088	0,092	0,090	0,090	0,091	0,088	0,090	0,091	0,091	0,093	0,090	0,090	0,089
3:58:04	37,0	0,695	0,090	0,707	0,092	0,715	0,091	0,652	0,090	0,691	0,089	0,725	0,092	0,088	0,719	0,090	0,650	0,089	0,613	0,090	0,573	0,098	0,648	0,089	0,772	0,712	0,090	0,672	0,091	0,573	0,090	0,653	0,093	0,692	0,090	0,828	0,088	0,090	0,727	0,090	0,751	0,089	0,751	0,090	0,526	0,091	0,560	0,089	0,625	0,209	0,090	0,140	0,089	0,230	0,089	0,269	0,090	0,245	0,089	0,187	0,089	0,089	0,591	0,126	0,689	0,088	0,633	0,089	0,554	0,090	0,551	0,089	0,568	0,089	0,090	0,091	0,091	0,089	0,090	0,091	0,089	0,088	0,089	0,090	0,088	0,092	0,090	0,090	0,091	0,088	0,090	0,091	0,091	0,093	0,090	0,090	0,089
4:08:04	37,0	0,715	0,090	0,732	0,092	0,723	0,091	0,664	0,090	0,711	0,089	0,756	0,092	0,088	0,746	0,090	0,673	0,090	0,631	0,090	0,591	0,098	0,661	0,089	0,803	0,740	0,090	0,692	0,091	0,586	0,089	0,681	0,093	0,708	0,090	0,845	0,089	0,090	0,752	0,090	0,771	0,089	0,773	0,091	0,542	0,091	0,575	0,090	0,639	0,223	0,090	0,147	0,089	0,253	0,089	0,293	0,090	0,260	0,089	0,200	0,089	0,089	0,606	0,126	0,702	0,088	0,644	0,089	0,578	0,091	0,576	0,089	0,600	0,090	0,090	0,091	0,091	0,089	0,090	0,091	0,089	0,089	0,089	0,090	0,088	0,092	0,090	0,090	0,091	0,088	0,090	0,091	0,091	0,093	0,090	0,090	0,089
4:18:04	37,0	0,728	0,089	0,748	0,092	0,731	0,091	0,685	0,090	0,733	0,089	0,785	0,092	0,088	0,774	0,090	0,694	0,090	0,642	0,090	0,604	0,098	0,679	0,089	0,826	0,765	0,090	0,708	0,090	0,596	0,089	0,704	0,093	0,724	0,090	0,859	0,089	0,090	0,774	0,090	0,792	0,089	0,797	0,090	0,551	0,091	0,592	0,089	0,663	0,239	0,090	0,155	0,089	0,278	0,089	0,317	0,090	0,274	0,089	0,214	0,089	0,089	0,623	0,125	0,717	0,088	0,655	0,089	0,598	0,090	0,599	0,089	0,627	0,089	0,090	0,090	0,091	0,089	0,090	0,091	0,089	0,088	0,089	0,090	0,088	0,092	0,089	0,090	0,091	0,088	0,090	0,091	0,090	0,092	0,090	0,090	0,089
4:28:04	37,0	0,742	0,090	0,773	0,092	0,747	0,091	0,715	0,090	0,751	0,089	0,814	0,092	0,088	0,799	0,090	0,723	0,090	0,656	0,090	0,618	0,098	0,688	0,089	0,856	0,792	0,090	0,724	0,090	0,610	0,089	0,720	0,093	0,747	0,090	0,873	0,089	0,090	0,797	0,090	0,817	0,089	0,818	0,090	0,568	0,091	0,608	0,089	0,684	0,256	0,090	0,166	0,089	0,301	0,089	0,342	0,090	0,287	0,089	0,230	0,089	0,089	0,640	0,125	0,731	0,088	0,671	0,089	0,617	0,090	0,623	0,089	0,657	0,090	0,090	0,091	0,091	0,089	0,090	0,091	0,089	0,088	0,089	0,090	0,088	0,092	0,089	0,090	0,091	0,088	0,090	0,091	0,091	0,093	0,090	0,090	0,089
4:38:04	37,0	0,759	0,090	0,790	0,092	0,761	0,091	0,757	0,090	0,772	0,089	0,837	0,092	0,088	0,815	0,091	0,748	0,090	0,681	0,090	0,643	0,098	0,703	0,090	0,883	0,816	0,090	0,743	0,091	0,625	0,090	0,738	0,093	0,773	0,091	0,892	0,089	0,090	0,822	0,090	0,840	0,090	0,842	0,090	0,587	0,091	0,627	0,090	0,704	0,272	0,091	0,178	0,090	0,320	0,089	0,367	0,090	0,300	0,090	0,248	0,089	0,089	0,657	0,126	0,743	0,088	0,692	0,089	0,630	0,091	0,640	0,089	0,691	0,090	0,090	0,091	0,091	0,089	0,090	0,091	0,090	0,089	0,089	0,090	0,088	0,092	0,090	0,090	0,091	0,088	0,090	0,091	0,091	0,093	0,090	0,090	0,090
4:48:04	37,0	0,779	0,090	0,807	0,092	0,767	0,091	0,788	0,090	0,794	0,089	0,860	0,092	0,088	0,832	0,090	0,774	0,089	0,706	0,090	0,663	0,098	0,725	0,089	0,903	0,839	0,090	0,760	0,090	0,641	0,089	0,773	0,093	0,789	0,090	0,904	0,088	0,090	0,841	0,090	0,861	0,089	0,868	0,090	0,602	0,091	0,644	0,089	0,724	0,286	0,090	0,190	0,090	0,337	0,089	0,388	0,090	0,310	0,089	0,264	0,089	0,089	0,671	0,126	0,762	0,088	0,714	0,089	0,642	0,090	0,657	0,089	0,719	0,090	0,090	0,091	0,091	0,089	0,090	0,091	0,089	0,088	0,089	0,090	0,088	0,092	0,090	0,090	0,091	0,088	0,090	0,091	0,090	0,093	0,090	0,090	0,089
4:58:04	37,0	0,797	0,090	0,824	0,092	0,782	0,091	0,817	0,089	0,814	0,089	0,880	0,092	0,088	0,850	0,090	0,801	0,090	0,728	0,090	0,672	0,097	0,739	0,089	0,927	0,859	0,090	0,782	0,090	0,656	0,089	0,783	0,093	0,809	0,090	0,926	0,088	0,090	0,861	0,090	0,888	0,089	0,883	0,090	0,617	0,091	0,666	0,089	0,745	0,302	0,090	0,206	0,089	0,351	0,089	0,407	0,090	0,327	0,089	0,281	0,089	0,089	0,689	0,125	0,771	0,088	0,734	0,088	0,654	0,090	0,676	0,089	0,751	0,089	0,090	0,090	0,091	0,089	0,090	0,091	0,089	0,088	0,089	0,090	0,088	0,090	0,090	0,090	0,091	0,088	0,090	0,091	0,090	0,092	0,090	0,090	0,089
5:08:04	37,0	0,813	0,089	0,837	0,092	0,790	0,091	0,830	0,090	0,834	0,089	0,901	0,092	0,088	0,870	0,090	0,827	0,089	0,748	0,090	0,691	0,096	0,762	0,089	0,942	0,879	0,090	0,802	0,090	0,671	0,089	0,812	0,093	0,833	0,090	0,949	0,089	0,090	0,882	0,090	0,908	0,089	0,900	0,090	0,638	0,091	0,686	0,089	0,773	0,318	0,090	0,221	0,089	0,364	0,089	0,426	0,090	0,344	0,089	0,298	0,089	0,089	0,705	0,125	0,786	0,088	0,764	0,089	0,668	0,090	0,696	0,089	0,773	0,089	0,090	0,091	0,091	0,089	0,090	0,091	0,089	0,088	0,089	0,090	0,088	0,090	0,090	0,090	0,090	0,088	0,090	0,091	0,091	0,093	0,090	0,090	0,089
5:18:04	37,0	0,830	0,090	0,857	0,092	0,808	0,091	0,849	0,090	0,851	0,089	0,919	0,092	0,087	0,885	0,090	0,852	0,089	0,779	0,090	0,708	0,095	0,782	0,089	0,959	0,902	0,090	0,829	0,090	0,689	0,089	0,834	0,092	0,855	0,090	0,965	0,089	0,090	0,903	0,090	0,934	0,089	0,914	0,090	0,654	0,091	0,704	0,089	0,800	0,334	0,090	0,237	0,089	0,380	0,089	0,445	0,090	0,357	0,089	0,315	0,089	0,089	0,725	0,126	0,797	0,088	0,779	0,089	0,681	0,090	0,714	0,089	0,794	0,089	0,090	0,091	0,091	0,089	0,090	0,091	0,089	0,088	0,089	0,090	0,088	0,090	0,090	0,090	0,091	0,088	0,090	0,091	0,091	0,093	0,090	0,090	0,090
5:28:04	37,0	0,847	0,090	0,867	0,092	0,818	0,091	0,862	0,090	0,864	0,089	0,935	0,092	0,088	0,902	0,091	0,871	0,090	0,800	0,090	0,722	0,095	0,798	0,089	0,972	0,925	0,090	0,850	0,090	0,705	0,089	0,851	0,092	0,878	0,090	0,978	0,089	0,090	0,924	0,090	0,951	0,089	0,927	0,090	0,674	0,091	0,724	0,089	0,822	0,347	0,090	0,254	0,089	0,399	0,089	0,459	0,090	0,367	0,089	0,330	0,089	0,089	0,740	0,126	0,816	0,088	0,800	0,089	0,692	0,090	0,733	0,089	0,818	0,090	0,090	0,091	0,091	0,089	0,090	0,091	0,089	0,088	0,089	0,090	0,088	0,090	0,090	0,091	0,091	0,088	0,090	0,091	0,091	0,093	0,090	0,090	0,089
5:38:04	37,0	0,866	0,090	0,889	0,092	0,847	0,091	0,886	0,090	0,890	0,089	0,953	0,092	0,088	0,921	0,090	0,895	0,090	0,829	0,090	0,738	0,094	0,819	0,089	0,994	0,950	0,090	0,880	0,090	0,727	0,089	0,871	0,092	0,902	0,090	0,998	0,089	0,090	0,945	0,090	0,969	0,089	0,947	0,090	0,701	0,091	0,751	0,089	0,855	0,363	0,090	0,269	0,089	0,414	0,089	0,476	0,090	0,382	0,089	0,350	0,089	0,089	0,762	0,126	0,828	0,088	0,823	0,089	0,710	0,090	0,756	0,089	0,847	0,089	0,090	0,090	0,091	0,089	0,090	0,091	0,089	0,088	0,089	0,090	0,088	0,090	0,090	0,090	0,091	0,088	0,090	0,091	0,090	0,093	0,090	0,089	0,090
5:48:04	37,0	0,884	0,089	0,899	0,092	0,859	0,091	0,905	0,090	0,906	0,089	0,971	0,092	0,088	0,941	0,090	0,915	0,089	0,845	0,090	0,751	0,093	0,835	0,089	1,011	0,970	0,090	0,901	0,090	0,748	0,089	0,895	0,092	0,924	0,090	1,013	0,088	0,090	0,964	0,090	0,994	0,089	0,965	0,090	0,715	0,091	0,776	0,089	0,875	0,378	0,090	0,285	0,089	0,434	0,089	0,489	0,090	0,398	0,089	0,368	0,089	0,089	0,780	0,125	0,855	0,088	0,846	0,088	0,723	0,090	0,780	0,089	0,865	0,089	0,090	0,091	0,091	0,089	0,090	0,091	0,089	0,088	0,089	0,090	0,088	0,090	0,090	0,090	0,090	0,088	0,090	0,091	0,090	0,093	0,090	0,090	0,089
5:58:04	37,0	0,903	0,090	0,917	0,092	0,875	0,091	0,923	0,090	0,928	0,089	0,992	0,092	0,087	0,961	0,091	0,936	0,090	0,862	0,090	0,767	0,093	0,853	0,089	1,029	0,991	0,090	0,923	0,090	0,766	0,090	0,913	0,092	0,946	0,090	1,030	0,089	0,090	0,982	0,090	1,009	0,090	0,981	0,090	0,739	0,091	0,798	0,089	0,897	0,392	0,090	0,298	0,090	0,449	0,089	0,505	0,090	0,412	0,089	0,386	0,089	0,089	0,802	0,126	0,867	0,088	0,863	0,089	0,740	0,091	0,801	0,089	0,887	0,090	0,090	0,091	0,091	0,089	0,090	0,091	0,089	0,089	0,089	0,090	0,088	0,090	0,090	0,090	0,091	0,088	0,090	0,091	0,091	0,092	0,090	0,090	0,090
6:08:04	37,0	0,915	0,089	0,928	0,092	0,888	0,092	0,936	0,090	0,939	0,089	1,006	0,092	0,087	0,978	0,090	0,954	0,090	0,881	0,090	0,780	0,092	0,869	0,089	1,041	1,008	0,090	0,942	0,090	0,786	0,089	0,933	0,092	0,966	0,090	1,041	0,088	0,090	1,000	0,090	1,027	0,089	0,998	0,090	0,762	0,091	0,821	0,089	0,924	0,406	0,090	0,313	0,089	0,462	0,089	0,517	0,090	0,426	0,089	0,401	0,089	0,089	0,820	0,126	0,882	0,088	0,880	0,089	0,757	0,090	0,821	0,089	0,906	0,089	0,090	0,090	0,091	0,089	0,090	0,091	0,089	0,088	0,089	0,090	0,088	0,090	0,090	0,090	0,090	0,088	0,090	0,091	0,090	0,093	0,090	0,090	0,089
6:18:04	37,0	0,929	0,090	0,941	0,092	0,893	0,091	0,949	0,090	0,950	0,089	1,022	0,092	0,088	0,995	0,091	0,976	0,090	0,898	0,090	0,792	0,092	0,878	0,089	1,048	1,023	0,090	0,958	0,090	0,808	0,090	0,948	0,092	0,982	0,090	1,051	0,089	0,090	1,014	0,090	1,041	0,090	1,007	0,090	0,782	0,091	0,848	0,090	0,943	0,418	0,090	0,328	0,090	0,474	0,089	0,527	0,090	0,439	0,089	0,417	0,089	0,089	0,833	0,126	0,891	0,088	0,895	0,089	0,772	0,091	0,840	0,089	0,922	0,090	0,090	0,091	0,091	0,089	0,090	0,091	0,089	0,088	0,089	0,090	0,088	0,090	0,090	0,090	0,091	0,089	0,090	0,091	0,091	0,093	0,090	0,090	0,090
6:28:04	37,0	0,943	0,089	0,953	0,092	0,906	0,091	0,968	0,090	0,965	0,089	1,036	0,092	0,087	1,008	0,091	0,991	0,090	0,916	0,090	0,803	0,092	0,892	0,089	1,059	1,038	0,090	0,975	0,090	0,815	0,090	0,968	0,092	0,996	0,090	1,062	0,089	0,090	1,028	0,090	1,059	0,089	1,022	0,090	0,800	0,091	0,866	0,090	0,958	0,429	0,090	0,340	0,089	0,483	0,089	0,536	0,090	0,450	0,089	0,431	0,089	0,089	0,849	0,126	0,906	0,088	0,910	0,089	0,785	0,090	0,859	0,089	0,940	0,090	0,090	0,091	0,091	0,089	0,090	0,091	0,089	0,089	0,089	0,090	0,088	0,090	0,090	0,090	0,091	0,088	0,090	0,091	0,091	0,093	0,090	0,090	0,090
6:38:04	37,0	0,958	0,090	0,971	0,092	0,918	0,091	0,983	0,090	0,982	0,089	1,048	0,092	0,088	1,024	0,090	1,007	0,090	0,934	0,090	0,819	0,092	0,905	0,089	1,070	1,053	0,090	0,989	0,090	0,831	0,089	0,982	0,092	1,016	0,090	1,076	0,089	0,090	1,041	0,090	1,079	0,089	1,038	0,090	0,823	0,091	0,884	0,089	0,975	0,441	0,090	0,356	0,089	0,489	0,089	0,548	0,090	0,462	0,089	0,445	0,089	0,089	0,863	0,126	0,919	0,088	0,923	0,088	0,801	0,090	0,875	0,089	0,961	0,090	0,090	0,090	0,091	0,089	0,090	0,091	0,089	0,088	0,089	0,090	0,088	0,090	0,090	0,090	0,091	0,088	0,090	0,091	0,090	0,093	0,090	0,090	0,090
6:48:04	37,0	0,973	0,090	0,981	0,092	0,930	0,091	0,993	0,090	0,996	0,089	1,060	0,092	0,088	1,038	0,091	1,024	0,090	0,950	0,090	0,828	0,092	0,921	0,089	1,076	1,069	0,090	1,002	0,091	0,847	0,089	0,996	0,092	1,030	0,090	1,089	0,089	0,090	1,054	0,090	1,092	0,089	1,045	0,090	0,845	0,091	0,903	0,089	0,989	0,453	0,090	0,371	0,089	0,497	0,089	0,554	0,090	0,473	0,089	0,459	0,089	0,089	0,877	0,126	0,930	0,088	0,937	0,089	0,814	0,090	0,889	0,089	0,974	0,089	0,090	0,090	0,091	0,089	0,090	0,091	0,089	0,088	0,089	0,090	0,088	0,090	0,090	0,090	0,090	0,089	0,090	0,091	0,091	0,093	0,090	0,090	0,089
6:58:04	37,0	0,986	0,090	0,992	0,092	0,940	0,092	1,006	0,090	1,010	0,089	1,070	0,092	0,087	1,052	0,091	1,038	0,089	0,964	0,090	0,841	0,093	0,936	0,089	1,081	1,083	0,090	1,016	0,090	0,863	0,090	1,014	0,092	1,045	0,090	1,103	0,089	0,090	1,065	0,090	1,107	0,089	1,058	0,090	0,868	0,091	0,922	0,090	1,004	0,465	0,090	0,387	0,089	0,501	0,089	0,565	0,090	0,481	0,089	0,473	0,089	0,089	0,892	0,126	0,944	0,088	0,950	0,089	0,829	0,090	0,905	0,089	0,989	0,089	0,090	0,091	0,091	0,089	0,090	0,091	0,089	0,088	0,089	0,090	0,088	0,090	0,090	0,090	0,091	0,089	0,090	0,091	0,091	0,093	0,090	0,090	0,089
7:08:04	37,0	0,999	0,090	1,005	0,092	0,948	0,091	1,014	0,090	1,021	0,089	1,081	0,092	0,088	1,065	0,091	1,054	0,090	0,980	0,090	0,855	0,092	0,950	0,089	1,089	1,095	0,090	1,028	0,090	0,874	0,090	1,030	0,092	1,064	0,090	1,118	0,089	0,090	1,076	0,090	1,121	0,090	1,072	0,090	0,886	0,091	0,940	0,090	1,017	0,477	0,090	0,404	0,089	0,506	0,089	0,575	0,090	0,490	0,089	0,488	0,089	0,089	0,903	0,126	0,957	0,088	0,964	0,089	0,843	0,090	0,918	0,089	1,002	0,089	0,090	0,090	0,091	0,089	0,090	0,091	0,089	0,089	0,089	0,090	0,088	0,090	0,090	0,090	0,091	0,089	0,090	0,091	0,091	0,093	0,090	0,090	0,090
7:18:04	37,0	1,012	0,089	1,017	0,092	0,964	0,091	1,027	0,090	1,033	0,089	1,091	0,092	0,088	1,079	0,090	1,065	0,089	0,995	0,090	0,866	0,092	0,964	0,089	1,102	1,109	0,090	1,041	0,090	0,886	0,089	1,048	0,092	1,079	0,090	1,133	0,089	0,090	1,088	0,090	1,133	0,089	1,086	0,090	0,904	0,091	0,958	0,090	1,035	0,489	0,090	0,420	0,089	0,514	0,089	0,583	0,090	0,498	0,089	0,503	0,089	0,089	0,915	0,125	0,967	0,088	0,977	0,089	0,856	0,090	0,932	0,089	1,020	0,090	0,090	0,090	0,091	0,089	0,090	0,091	0,089	0,088	0,089	0,090	0,088	0,090	0,090	0,090	0,090	0,088	0,090	0,090	0,090	0,093	0,089	0,090	0,089
7:28:04	37,0	1,022	0,090	1,030	0,092	0,967	0,091	1,034	0,090	1,042	0,089	1,101	0,092	0,088	1,090	0,091	1,075	0,090	1,008	0,090	0,880	0,093	0,975	0,090	1,103	1,118	0,090	1,051	0,090	0,897	0,089	1,064	0,092	1,096	0,091	1,144	0,089	0,090	1,100	0,090	1,144	0,089	1,097	0,090	0,919	0,091	0,972	0,090	1,048	0,498	0,090	0,435	0,089	0,520	0,089	0,586	0,090	0,504	0,089	0,515	0,089	0,089	0,924	0,126	0,979	0,088	0,994	0,089	0,870	0,090	0,943	0,089	1,033	0,090	0,090	0,091	0,091	0,089	0,090	0,091	0,089	0,089	0,089	0,090	0,089	0,090	0,090	0,090	0,091	0,089	0,090	0,091	0,091	0,093	0,090	0,090	0,090
7:38:04	37,0	1,034	0,090	1,044	0,092	0,978	0,091	1,044	0,090	1,054	0,089	1,111	0,092	0,088	1,103	0,091	1,093	0,090	1,022	0,090	0,895	0,093	0,990	0,089	1,118	1,128	0,090	1,064	0,090	0,912	0,089	1,073	0,092	1,110	0,090	1,157	0,089	0,090	1,110	0,090	1,157	0,089	1,113	0,090	0,934	0,091	0,990	0,089	1,067	0,510	0,090	0,451	0,089	0,528	0,089	0,590	0,090	0,512	0,089	0,526	0,089	0,089	0,938	0,125	0,990	0,088	1,007	0,089	0,881	0,090	0,956	0,089	1,048	0,089	0,090	0,091	0,091	0,089	0,090	0,091	0,089	0,088	0,089	0,090	0,088	0,090	0,090	0,090	0,090	0,088	0,090	0,091	0,090	0,093	0,089	0,090	0,089
7:48:04	37,0	1,046	0,090	1,055	0,092	0,988	0,091	1,055	0,090	1,065	0,089	1,120	0,092	0,088	1,117	0,091	1,107	0,090	1,033	0,090	0,908	0,094	1,003	0,090	1,125	1,141	0,090	1,075	0,090	0,927	0,090	1,088	0,092	1,125	0,090	1,170	0,089	0,090	1,121	0,090	1,170	0,090	1,128	0,090	0,953	0,092	1,008	0,090	1,084	0,518	0,090	0,464	0,089	0,535	0,089	0,593	0,090	0,519	0,090	0,537	0,089	0,089	0,952	0,126	1,003	0,088	1,020	0,089	0,892	0,090	0,972	0,089	1,060	0,090	0,090	0,090	0,091	0,089	0,090	0,091	0,089	0,089	0,089	0,090	0,089	0,090	0,090	0,090	0,091	0,089	0,090	0,091	0,091	0,093	0,090	0,090	0,090
7:58:04	37,0	1,056	0,090	1,067	0,092	0,994	0,091	1,064	0,090	1,073	0,089	1,129	0,092	0,087	1,130	0,090	1,114	0,089	1,046	0,090	0,924	0,095	1,014	0,089	1,134	1,151	0,090	1,087	0,090	0,945	0,089	1,099	0,091	1,136	0,090	1,179	0,089	0,090	1,130	0,090	1,180	0,089	1,138	0,090	0,967	0,091	1,025	0,089	1,096	0,529	0,090	0,478	0,089	0,541	0,089	0,595	0,090	0,524	0,089	0,545	0,089	0,089	0,962	0,125	1,016	0,088	1,023	0,088	0,905	0,090	0,985	0,089	1,075	0,089	0,090	0,090	0,091	0,089	0,090	0,091	0,089	0,088	0,089	0,090	0,088	0,090	0,089	0,090	0,091	0,088	0,090	0,091	0,091	0,092	0,090	0,090	0,089
8:08:04	37,0	1,067	0,090	1,078	0,092	1,010	0,091	1,076	0,090	1,086	0,089	1,139	0,092	0,088	1,144	0,091	1,131	0,089	1,060	0,090	0,933	0,097	1,029	0,089	1,149	1,163	0,090	1,100	0,090	0,957	0,089	1,111	0,092	1,147	0,090	1,191	0,089	0,090	1,141	0,090	1,193	0,089	1,148	0,090	0,980	0,091	1,042	0,090	1,113	0,541	0,090	0,490	0,089	0,545	0,089	0,600	0,090	0,533	0,089	0,555	0,089	0,089	0,975	0,126	1,027	0,088	1,037	0,089	0,915	0,090	0,998	0,089	1,092	0,090	0,090	0,091	0,091	0,089	0,090	0,091	0,089	0,088	0,089	0,090	0,088	0,090	0,090	0,090	0,091	0,088	0,090	0,091	0,091	0,093	0,090	0,090	0,090
8:18:04	36,9	1,078	0,090	1,090	0,092	1,022	0,091	1,083	0,090	1,096	0,089	1,150	0,092	0,088	1,159	0,090	1,144	0,090	1,072	0,090	0,945	0,098	1,041	0,089	1,159	1,173	0,090	1,111	0,090	0,969	0,089	1,120	0,092	1,158	0,090	1,200	0,089	0,090	1,151	0,090	1,203	0,089	1,157	0,090	0,995	0,091	1,057	0,090	1,125	0,556	0,090	0,500	0,089	0,550	0,089	0,603	0,090	0,538	0,089	0,566	0,089	0,089	0,987	0,126	1,038	0,088	1,039	0,089	0,927	0,090	1,012	0,089	1,106	0,089	0,090	0,090	0,091	0,089	0,090	0,091	0,089	0,088	0,089	0,090	0,088	0,090	0,090	0,090	0,091	0,089	0,090	0,091	0,091	0,093	0,090	0,090	0,090
8:28:04	37,0	1,087	0,090	1,101	0,092	1,034	0,092	1,094	0,090	1,103	0,089	1,158	0,092	0,088	1,169	0,091	1,154	0,090	1,081	0,090	0,956	0,102	1,051	0,089	1,163	1,182	0,090	1,122	0,090	0,980	0,089	1,129	0,092	1,168	0,090	1,209	0,089	0,090	1,160	0,090	1,211	0,089	1,167	0,090	1,010	0,091	1,073	0,090	1,139	0,567	0,090	0,510	0,089	0,554	0,089	0,606	0,090	0,542	0,089	0,574	0,089	0,089	0,999	0,126	1,048	0,088	1,050	0,089	0,937	0,090	1,024	0,089	1,116	0,089	0,090	0,091	0,091	0,089	0,090	0,091	0,089	0,089	0,089	0,090	0,088	0,090	0,090	0,090	0,090	0,088	0,090	0,090	0,091	0,093	0,090	0,090	0,090
8:38:04	37,0	1,097	0,090	1,111	0,092	1,036	0,092	1,099	0,090	1,110	0,089	1,165	0,092	0,088	1,178	0,091	1,164	0,090	1,092	0,090	0,968	0,100	1,060	0,089	1,168	1,190	0,090	1,130	0,090	0,992	0,089	1,140	0,092	1,177	0,090	1,216	0,089	0,090	1,168	0,090	1,223	0,089	1,182	0,090	1,023	0,091	1,087	0,090	1,154	0,577	0,090	0,521	0,089	0,558	0,089	0,609	0,090	0,546	0,089	0,579	0,089	0,089	1,008	0,126	1,057	0,088	1,060	0,089	0,948	0,090	1,034	0,089	1,123	0,090	0,090	0,091	0,091	0,089	0,090	0,091	0,089	0,089	0,089	0,090	0,088	0,090	0,090	0,090	0,091	0,089	0,090	0,091	0,091	0,093	0,090	0,090	0,090
8:48:04	37,0	1,106	0,090	1,124	0,092	1,058	0,091	1,111	0,090	1,124	0,089	1,177	0,092	0,088	1,192	0,091	1,175	0,090	1,106	0,090	0,982	0,103	1,079	0,089	1,184	1,200	0,090	1,143	0,090	1,013	0,089	1,151	0,092	1,190	0,090	1,228	0,089	0,090	1,180	0,090	1,234	0,090	1,192	0,090	1,042	0,091	1,104	0,090	1,170	0,588	0,090	0,531	0,089	0,565	0,089	0,613	0,090	0,551	0,089	0,588	0,089	0,089	1,022	0,126	1,069	0,088	1,067	0,089	0,964	0,090	1,047	0,089	1,137	0,090	0,090	0,091	0,091	0,089	0,090	0,091	0,089	0,089	0,089	0,090	0,088	0,090	0,090	0,090	0,091	0,089	0,090	0,091	0,091	0,093	0,090	0,090	0,090
8:58:04	36,9	1,113	0,090	1,133	0,092	1,052	0,091	1,116	0,090	1,126	0,089	1,183	0,092	0,088	1,200	0,091	1,175	0,089	1,108	0,090	0,987	0,102	1,081	0,089	1,184	1,207	0,090	1,148	0,090	1,013	0,089	1,158	0,092	1,200	0,090	1,231	0,089	0,090	1,186	0,090	1,239	0,089	1,198	0,090	1,050	0,091	1,111	0,090	1,179	0,593	0,090	0,540	0,089	0,565	0,089	0,613	0,090	0,554	0,089	0,591	0,089	0,089	1,028	0,125	1,076	0,088	1,076	0,089	0,969	0,090	1,057	0,089	1,143	0,090	0,090	0,091	0,091	0,089	0,090	0,091	0,089	0,088	0,089	0,090	0,088	0,090	0,090	0,090	0,091	0,088	0,090	0,091	0,091	0,093	0,090	0,090	0,090
9:08:04	37,0	1,122	0,090	1,144	0,092	1,060	0,092	1,123	0,090	1,134	0,089	1,191	0,092	0,088	1,205	0,091	1,182	0,090	1,122	0,090	0,995	0,103	1,091	0,090	1,189	1,216	0,090	1,154	0,091	1,020	0,090	1,162	0,092	1,206	0,091	1,240	0,089	0,090	1,192	0,090	1,247	0,089	1,208	0,090	1,060	0,091	1,118	0,090	1,191	0,603	0,090	0,548	0,089	0,566	0,089	0,614	0,090	0,556	0,089	0,599	0,089	0,089	1,037	0,126	1,079	0,088	1,082	0,089	0,979	0,090	1,070	0,089	1,153	0,089	0,090	0,091	0,091	0,089	0,090	0,091	0,089	0,089	0,089	0,090	0,089	0,090	0,090	0,090	0,091	0,089	0,090	0,091	0,091	0,093	0,090	0,090	0,090
9:18:04	37,0	1,133	0,090	1,156	0,092	1,069	0,091	1,135	0,090	1,140	0,089	1,195	0,092	0,088	1,212	0,091	1,195	0,089	1,131	0,090	1,004	0,102	1,099	0,089	1,198	1,225	0,090	1,163	0,090	1,026	0,089	1,169	0,092	1,211	0,090	1,250	0,089	0,090	1,200	0,090	1,253	0,089	1,214	0,090	1,073	0,091	1,130	0,090	1,203	0,610	0,090	0,554	0,089	0,566	0,089	0,615	0,090	0,558	0,089	0,604	0,089	0,089	1,047	0,126	1,087	0,088	1,084	0,089	0,989	0,090	1,078	0,089	1,167	0,089	0,090	0,090	0,091	0,089	0,090	0,091	0,089	0,088	0,089	0,090	0,088	0,090	0,090	0,090	0,090	0,088	0,090	0,091	0,090	0,093	0,090	0,090	0,089
9:28:04	37,0	1,142	0,089	1,166	0,092	1,077	0,091	1,146	0,090	1,149	0,089	1,203	0,092	0,088	1,216	0,090	1,206	0,089	1,138	0,090	1,015	0,102	1,109	0,089	1,207	1,235	0,090	1,174	0,091	1,038	0,089	1,176	0,092	1,218	0,090	1,257	0,089	0,089	1,207	0,090	1,264	0,089	1,218	0,090	1,082	0,091	1,142	0,089	1,214	0,617	0,090	0,560	0,089	0,566	0,089	0,615	0,090	0,561	0,089	0,611	0,089	0,089	1,055	0,125	1,096	0,088	1,093	0,089	1,000	0,090	1,088	0,089	1,179	0,089	0,090	0,090	0,091	0,089	0,090	0,091	0,089	0,088	0,089	0,090	0,088	0,090	0,090	0,090	0,090	0,088	0,090	0,090	0,090	0,093	0,090	0,089	0,089
9:38:04	37,0	1,148	0,090	1,176	0,092	1,085	0,092	1,152	0,090	1,157	0,089	1,209	0,092	0,088	1,223	0,091	1,214	0,090	1,147	0,090	1,026	0,101	1,121	0,089	1,216	1,243	0,090	1,185	0,091	1,049	0,089	1,184	0,092	1,227	0,091	1,264	0,089	0,090	1,216	0,090	1,272	0,089	1,227	0,090	1,096	0,091	1,153	0,089	1,225	0,625	0,090	0,566	0,089	0,569	0,089	0,617	0,090	0,563	0,089	0,618	0,089	0,089	1,066	0,125	1,112	0,088	1,102	0,089	1,013	0,090	1,099	0,089	1,186	0,089	0,090	0,091	0,091	0,089	0,090	0,091	0,089	0,088	0,089	0,090	0,088	0,090	0,090	0,090	0,090	0,089	0,090	0,091	0,091	0,093	0,090	0,090	0,090
9:48:04	37,0	1,153	0,090	1,185	0,092	1,093	0,091	1,155	0,090	1,162	0,089	1,215	0,092	0,088	1,232	0,090	1,213	0,089	1,157	0,090	1,035	0,100	1,128	0,089	1,215	1,250	0,090	1,191	0,091	1,053	0,089	1,191	0,092	1,234	0,090	1,270	0,089	0,090	1,222	0,090	1,276	0,089	1,236	0,090	1,103	0,091	1,161	0,089	1,234	0,630	0,090	0,570	0,089	0,569	0,089	0,618	0,090	0,566	0,089	0,622	0,089	0,089	1,074	0,125	1,111	0,088	1,106	0,088	1,019	0,090	1,109	0,089	1,195	0,089	0,090	0,090	0,091	0,089	0,090	0,091	0,089	0,088	0,089	0,089	0,088	0,090	0,090	0,090	0,090	0,088	0,090	0,091	0,090	0,093	0,090	0,090	0,089
9:58:04	37,0	1,157	0,090	1,189	0,092	1,100	0,091	1,161	0,090	1,169	0,089	1,219	0,092	0,088	1,232	0,091	1,219	0,089	1,165	0,090	1,045	0,100	1,140	0,089	1,220	1,257	0,090	1,199	0,091	1,062	0,089	1,200	0,092	1,241	0,090	1,278	0,089	0,089	1,228	0,090	1,281	0,089	1,241	0,090	1,114	0,091	1,171	0,089	1,244	0,638	0,090	0,573	0,089	0,570	0,089	0,618	0,090	0,568	0,089	0,629	0,089	0,089	1,084	0,126	1,118	0,088	1,117	0,089	1,030	0,090	1,118	0,089	1,204	0,090	0,090	0,090	0,091	0,089	0,090	0,091	0,089	0,088	0,089	0,090	0,088	0,090	0,090	0,090	0,090	0,088	0,090	0,091	0,091	0,092	0,090	0,090	0,089
10:08:04	37,0	1,162	0,090	1,198	0,092	1,110	0,092	1,170	0,090	1,177	0,089	1,225	0,092	0,088	1,238	0,091	1,224	0,089	1,173	0,090	1,055	0,100	1,146	0,089	1,223	1,264	0,090	1,206	0,091	1,070	0,090	1,207	0,092	1,248	0,090	1,283	0,089	0,090	1,235	0,090	1,290	0,089	1,250	0,090	1,118	0,091	1,178	0,090	1,252	0,643	0,090	0,576	0,089	0,570	0,089	0,620	0,090	0,571	0,089	0,637	0,090	0,089	1,094	0,126	1,124	0,088	1,118	0,089	1,040	0,090	1,127	0,089	1,212	0,090	0,090	0,091	0,091	0,089	0,090	0,091	0,089	0,089	0,089	0,090	0,089	0,090	0,090	0,090	0,091	0,089	0,090	0,091	0,091	0,093	0,090	0,090	0,090
10:18:04	37,0	1,168	0,090	1,204	0,092	1,116	0,092	1,177	0,090	1,184	0,089	1,229	0,092	0,088	1,243	0,091	1,230	0,090	1,179	0,090	1,063	0,101	1,155	0,089	1,228	1,270	0,090	1,215	0,091	1,077	0,089	1,211	0,092	1,255	0,090	1,290	0,089	0,090	1,242	0,090	1,298	0,089	1,254	0,090	1,127	0,091	1,187	0,089	1,259	0,650	0,090	0,580	0,089	0,571	0,089	0,621	0,090	0,572	0,089	0,642	0,089	0,089	1,103	0,126	1,132	0,088	1,128	0,089	1,047	0,090	1,135	0,089	1,219	0,090	0,090	0,091	0,091	0,089	0,090	0,091	0,089	0,089	0,089	0,090	0,089	0,090	0,090	0,090	0,091	0,089	0,090	0,091	0,091	0,093	0,090	0,090	0,090
10:28:04	37,0	1,173	0,090	1,212	0,092	1,125	0,091	1,186	0,090	1,188	0,089	1,233	0,092	0,088	1,244	0,090	1,238	0,090	1,188	0,090	1,073	0,101	1,163	0,089	1,232	1,277	0,090	1,223	0,091	1,086	0,089	1,218	0,092	1,262	0,090	1,297	0,089	0,090	1,247	0,090	1,302	0,089	1,265	0,090	1,136	0,091	1,196	0,089	1,269	0,657	0,090	0,583	0,089	0,573	0,089	0,622	0,090	0,575	0,089	0,649	0,089	0,089	1,114	0,126	1,142	0,088	1,135	0,089	1,055	0,090	1,142	0,089	1,226	0,089	0,090	0,091	0,091	0,089	0,090	0,091	0,089	0,088	0,089	0,090	0,089	0,090	0,090	0,090	0,091	0,089	0,090	0,091	0,091	0,093	0,090	0,090	0,090
10:38:04	37,0	1,180	0,090	1,219	0,092	1,130	0,091	1,192	0,090	1,195	0,089	1,238	0,092	0,088	1,250	0,091	1,246	0,090	1,195	0,090	1,081	0,100	1,170	0,089	1,236	1,283	0,090	1,230	0,091	1,094	0,090	1,225	0,092	1,270	0,090	1,303	0,089	0,090	1,254	0,090	1,309	0,089	1,270	0,090	1,143	0,091	1,206	0,090	1,273	0,663	0,090	0,588	0,089	0,576	0,089	0,624	0,090	0,579	0,089	0,655	0,089	0,089	1,124	0,125	1,150	0,088	1,141	0,089	1,063	0,090	1,153	0,089	1,232	0,089	0,090	0,091	0,091	0,089	0,090	0,091	0,089	0,089	0,089	0,090	0,089	0,090	0,090	0,090	0,090	0,089	0,090	0,091	0,091	0,093	0,090	0,090	0,090
10:48:04	37,0	1,184	0,090	1,224	0,092	1,134	0,091	1,197	0,090	1,202	0,089	1,243	0,092	0,088	1,257	0,090	1,250	0,090	1,198	0,090	1,091	0,100	1,179	0,089	1,239	1,289	0,090	1,238	0,091	1,102	0,089	1,233	0,092	1,279	0,090	1,309	0,089	0,090	1,261	0,090	1,314	0,089	1,275	0,090	1,155	0,092	1,217	0,089	1,282	0,670	0,090	0,590	0,089	0,577	0,089	0,627	0,090	0,581	0,089	0,661	0,089	0,089	1,133	0,125	1,160	0,088	1,148	0,089	1,070	0,090	1,160	0,089	1,239	0,089	0,090	0,090	0,091	0,089	0,090	0,091	0,089	0,088	0,089	0,090	0,088	0,090	0,090	0,090	0,091	0,089	0,090	0,091	0,091	0,093	0,090	0,090	0,089
10:58:04	37,0	1,188	0,090	1,232	0,092	1,141	0,091	1,202	0,090	1,207	0,089	1,245	0,092	0,088	1,257	0,090	1,255	0,090	1,205	0,090	1,097	0,100	1,184	0,090	1,242	1,293	0,090	1,245	0,091	1,109	0,089	1,239	0,092	1,285	0,090	1,314	0,089	0,090	1,266	0,090	1,322	0,089	1,281	0,090	1,161	0,091	1,221	0,089	1,288	0,675	0,090	0,594	0,089	0,578	0,089	0,627	0,090	0,583	0,089	0,666	0,089	0,089	1,140	0,126	1,165	0,088	1,151	0,089	1,078	0,090	1,169	0,089	1,246	0,089	0,090	0,091	0,091	0,089	0,090	0,091	0,089	0,088	0,089	0,090	0,088	0,090	0,090	0,090	0,091	0,089	0,090	0,091	0,091	0,093	0,090	0,090	0,090
11:08:04	37,0	1,192	0,090	1,236	0,092	1,148	0,091	1,211	0,090	1,213	0,089	1,249	0,092	0,088	1,258	0,091	1,262	0,090	1,211	0,090	1,105	0,100	1,190	0,089	1,247	1,300	0,090	1,252	0,091	1,118	0,089	1,245	0,092	1,292	0,090	1,319	0,089	0,090	1,273	0,090	1,326	0,089	1,286	0,090	1,169	0,092	1,231	0,090	1,294	0,680	0,090	0,597	0,089	0,579	0,089	0,630	0,090	0,589	0,089	0,671	0,089	0,089	1,148	0,125	1,176	0,088	1,159	0,089	1,086	0,090	1,176	0,089	1,252	0,090	0,090	0,091	0,091	0,089	0,090	0,091	0,089	0,088	0,089	0,090	0,089	0,090	0,090	0,090	0,091	0,089	0,090	0,091	0,091	0,093	0,090	0,090	0,090
11:18:04	37,0	1,194	0,090	1,240	0,092	1,154	0,091	1,212	0,090	1,216	0,089	1,252	0,092	0,088	1,262	0,090	1,264	0,090	1,216	0,090	1,112	0,099	1,194	0,089	1,248	1,305	0,090	1,256	0,091	1,124	0,089	1,252	0,092	1,298	0,090	1,324	0,089	0,090	1,277	0,090	1,335	0,089	1,294	0,090	1,178	0,091	1,237	0,089	1,300	0,685	0,090	0,600	0,089	0,581	0,089	0,631	0,090	0,592	0,089	0,675	0,089	0,089	1,155	0,125	1,177	0,088	1,163	0,088	1,094	0,090	1,185	0,089	1,258	0,089	0,090	0,090	0,091	0,089	0,090	0,091	0,089	0,088	0,089	0,090	0,088	0,090	0,090	0,090	0,091	0,088	0,090	0,091	0,091	0,093	0,090	0,090	0,089
11:28:04	37,0	1,197	0,090	1,245	0,092	1,158	0,092	1,219	0,090	1,223	0,089	1,254	0,092	0,088	1,264	0,091	1,270	0,090	1,221	0,090	1,118	0,100	1,199	0,089	1,252	1,309	0,090	1,263	0,091	1,132	0,089	1,257	0,092	1,305	0,091	1,329	0,089	0,090	1,283	0,090	1,338	0,089	1,301	0,090	1,186	0,092	1,249	0,090	1,305	0,691	0,090	0,605	0,089	0,583	0,089	0,632	0,090	0,597	0,089	0,681	0,089	0,089	1,165	0,126	1,184	0,088	1,172	0,089	1,103	0,090	1,189	0,089	1,263	0,090	0,090	0,091	0,091	0,089	0,090	0,091	0,089	0,088	0,089	0,090	0,089	0,090	0,090	0,090	0,091	0,089	0,090	0,091	0,091	0,093	0,090	0,090	0,090
11:38:04	37,0	1,200	0,090	1,246	0,092	1,159	0,091	1,220	0,090	1,226	0,089	1,257	0,092	0,088	1,267	0,090	1,271	0,090	1,219	0,090	1,123	0,099	1,202	0,089	1,254	1,313	0,090	1,269	0,091	1,141	0,090	1,262	0,092	1,309	0,090	1,331	0,089	0,090	1,287	0,090	1,346	0,089	1,308	0,090	1,193	0,091	1,252	0,089	1,306	0,694	0,090	0,608	0,089	0,585	0,089	0,634	0,090	0,599	0,089	0,685	0,089	0,089	1,170	0,126	1,191	0,088	1,172	0,089	1,109	0,090	1,195	0,089	1,267	0,089	0,090	0,090	0,091	0,089	0,090	0,091	0,089	0,088	0,089	0,090	0,089	0,090	0,090	0,090	0,090	0,089	0,090	0,091	0,091	0,093	0,090	0,090	0,089
11:48:04	36,9	1,203	0,090	1,252	0,092	1,167	0,092	1,226	0,090	1,230	0,089	1,258	0,092	0,088	1,267	0,091	1,276	0,090	1,231	0,090	1,129	0,099	1,208	0,089	1,256	1,318	0,090	1,277	0,091	1,147	0,089	1,269	0,092	1,315	0,090	1,339	0,089	0,090	1,292	0,090	1,350	0,089	1,311	0,090	1,202	0,091	1,260	0,089	1,311	0,700	0,090	0,610	0,089	0,586	0,089	0,636	0,090	0,604	0,089	0,690	0,089	0,089	1,178	0,126	1,199	0,088	1,179	0,089	1,117	0,090	1,204	0,089	1,273	0,089	0,090	0,090	0,091	0,089	0,090	0,091	0,089	0,088	0,089	0,090	0,088	0,090	0,090	0,090	0,091	0,088	0,090	0,090	0,090	0,093	0,090	0,090	0,089
11:58:04	37,0	1,205	0,090	1,254	0,092	1,168	0,091	1,228	0,090	1,236	0,089	1,262	0,092	0,088	1,270	0,091	1,277	0,090	1,233	0,090	1,131	0,099	1,210	0,090	1,258	1,323	0,090	1,282	0,091	1,153	0,089	1,275	0,092	1,318	0,090	1,343	0,089	0,090	1,297	0,090	1,357	0,089	1,318	0,090	1,210	0,091	1,265	0,089	1,314	0,704	0,090	0,613	0,089	0,589	0,089	0,638	0,090	0,606	0,089	0,694	0,089	0,089	1,184	0,125	1,207	0,088	1,186	0,089	1,125	0,090	1,210	0,089	1,276	0,089	0,090	0,091	0,091	0,089	0,090	0,091	0,089	0,089	0,089	0,090	0,089	0,090	0,090	0,090	0,091	0,089	0,090	0,091	0,091	0,093	0,090	0,090	0,090
12:08:04	37,0	1,208	0,090	1,256	0,092	1,169	0,091	1,232	0,090	1,239	0,089	1,265	0,092	0,088	1,273	0,091	1,283	0,090	1,233	0,090	1,135	0,099	1,212	0,089	1,259	1,325	0,090	1,286	0,091	1,165	0,089	1,280	0,092	1,323	0,090	1,345	0,089	0,090	1,300	0,090	1,360	0,089	1,322	0,090	1,218	0,091	1,272	0,089	1,316	0,709	0,090	0,615	0,089	0,590	0,089	0,640	0,090	0,608	0,089	0,697	0,090	0,089	1,190	0,126	1,212	0,088	1,193	0,089	1,133	0,090	1,215	0,089	1,280	0,089	0,090	0,090	0,091	0,089	0,090	0,091	0,089	0,088	0,089	0,090	0,088	0,090	0,090	0,090	0,090	0,089	0,090	0,091	0,091	0,093	0,090	0,090	0,090
12:18:04	37,0	1,211	0,090	1,262	0,092	1,178	0,092	1,241	0,090	1,243	0,089	1,267	0,092	0,088	1,274	0,091	1,285	0,090	1,242	0,090	1,143	0,099	1,220	0,089	1,265	1,329	0,090	1,294	0,091	1,171	0,089	1,285	0,092	1,327	0,091	1,351	0,089	0,090	1,308	0,090	1,367	0,089	1,328	0,090	1,226	0,092	1,279	0,090	1,322	0,714	0,090	0,618	0,089	0,594	0,089	0,643	0,090	0,613	0,089	0,704	0,090	0,089	1,198	0,126	1,216	0,088	1,195	0,089	1,138	0,090	1,223	0,089	1,284	0,089	0,090	0,091	0,091	0,089	0,090	0,091	0,089	0,089	0,089	0,090	0,088	0,090	0,090	0,090	0,091	0,089	0,090	0,091	0,091	0,093	0,090	0,090	0,090
12:28:04	37,0	1,214	0,090	1,265	0,092	1,181	0,092	1,244	0,090	1,246	0,089	1,269	0,092	0,088	1,274	0,091	1,288	0,090	1,247	0,090	1,150	0,099	1,223	0,090	1,263	1,332	0,090	1,298	0,092	1,177	0,090	1,292	0,092	1,332	0,091	1,354	0,089	0,090	1,312	0,090	1,372	0,090	1,333	0,090	1,235	0,092	1,287	0,090	1,325	0,718	0,090	0,622	0,089	0,596	0,089	0,647	0,090	0,616	0,089	0,708	0,090	0,089	1,204	0,126	1,220	0,088	1,197	0,089	1,146	0,090	1,232	0,089	1,289	0,089	0,090	0,091	0,091	0,089	0,090	0,091	0,089	0,089	0,089	0,090	0,089	0,090	0,090	0,090	0,091	0,089	0,090	0,091	0,091	0,093	0,090	0,090	0,090
12:38:04	37,0	1,214	0,090	1,266	0,092	1,183	0,091	1,245	0,090	1,250	0,089	1,271	0,092	0,088	1,275	0,091	1,289	0,089	1,248	0,090	1,152	0,099	1,225	0,089	1,266	1,336	0,090	1,303	0,091	1,184	0,089	1,296	0,092	1,333	0,090	1,356	0,089	0,090	1,316	0,090	1,376	0,089	1,335	0,090	1,240	0,091	1,294	0,089	1,325	0,720	0,090	0,624	0,089	0,597	0,089	0,649	0,090	0,619	0,089	0,712	0,089	0,089	1,210	0,125	1,226	0,088	1,203	0,089	1,152	0,090	1,236	0,089	1,294	0,089	0,090	0,090	0,091	0,089	0,090	0,091	0,089	0,088	0,089	0,090	0,088	0,090	0,090	0,090	0,090	0,088	0,090	0,091	0,091	0,093	0,090	0,089	0,090
12:48:04	37,0	1,217	0,090	1,271	0,092	1,190	0,091	1,252	0,090	1,251	0,089	1,273	0,092	0,088	1,275	0,091	1,296	0,090	1,253	0,090	1,157	0,098	1,232	0,089	1,268	1,340	0,090	1,310	0,092	1,192	0,089	1,303	0,092	1,338	0,090	1,364	0,089	0,090	1,320	0,090	1,381	0,089	1,340	0,090	1,246	0,091	1,300	0,089	1,333	0,727	0,090	0,629	0,089	0,600	0,089	0,652	0,090	0,623	0,089	0,718	0,089	0,089	1,216	0,126	1,234	0,088	1,210	0,089	1,161	0,090	1,243	0,089	1,295	0,089	0,090	0,091	0,091	0,089	0,090	0,091	0,089	0,088	0,089	0,090	0,089	0,090	0,090	0,090	0,090	0,089	0,090	0,090	0,091	0,093	0,090	0,090	0,089
12:58:04	37,0	1,220	0,090	1,272	0,092	1,194	0,092	1,256	0,090	1,257	0,089	1,276	0,092	0,088	1,274	0,091	1,300	0,090	1,258	0,090	1,163	0,098	1,236	0,090	1,271	1,343	0,090	1,316	0,092	1,198	0,090	1,306	0,092	1,341	0,091	1,367	0,089	0,090	1,324	0,090	1,390	0,090	1,346	0,090	1,253	0,091	1,307	0,090	1,338	0,730	0,090	0,634	0,090	0,604	0,089	0,655	0,090	0,627	0,089	0,724	0,090	0,089	1,222	0,126	1,238	0,088	1,213	0,089	1,167	0,090	1,247	0,089	1,301	0,090	0,090	0,091	0,091	0,089	0,090	0,091	0,089	0,088	0,089	0,090	0,089	0,090	0,090	0,090	0,091	0,089	0,090	0,091	0,091	0,093	0,090	0,090	0,090
13:08:04	37,0	1,222	0,090	1,276	0,092	1,198	0,092	1,260	0,090	1,258	0,089	1,277	0,092	0,088	1,280	0,091	1,303	0,090	1,260	0,090	1,166	0,098	1,238	0,090	1,272	1,348	0,090	1,321	0,092	1,203	0,090	1,312	0,092	1,343	0,091	1,370	0,089	0,090	1,328	0,090	1,389	0,089	1,353	0,090	1,259	0,092	1,315	0,090	1,338	0,733	0,091	0,639	0,089	0,608	0,089	0,658	0,090	0,630	0,090	0,728	0,090	0,089	1,227	0,126	1,245	0,088	1,217	0,089	1,175	0,090	1,253	0,089	1,306	0,090	0,090	0,091	0,091	0,089	0,090	0,091	0,090	0,089	0,090	0,090	0,089	0,090	0,090	0,090	0,091	0,089	0,090	0,091	0,091	0,093	0,090	0,090	0,090
13:18:04	37,0	1,224	0,090	1,277	0,092	1,201	0,091	1,265	0,090	1,260	0,089	1,280	0,092	0,088	1,280	0,091	1,304	0,090	1,261	0,090	1,170	0,098	1,240	0,089	1,273	1,350	0,090	1,325	0,092	1,211	0,089	1,314	0,092	1,345	0,090	1,374	0,089	0,090	1,331	0,090	1,395	0,090	1,356	0,090	1,265	0,091	1,318	0,090	1,339	0,737	0,090	0,642	0,089	0,610	0,089	0,662	0,090	0,632	0,089	0,732	0,090	0,089	1,232	0,126	1,247	0,088	1,223	0,089	1,182	0,090	1,256	0,089	1,312	0,089	0,090	0,090	0,091	0,089	0,090	0,091	0,089	0,089	0,089	0,090	0,089	0,090	0,090	0,090	0,091	0,089	0,090	0,091	0,091	0,093	0,090	0,090	0,090
13:28:04	37,0	1,226	0,090	1,280	0,092	1,203	0,092	1,268	0,090	1,260	0,089	1,283	0,092	0,088	1,283	0,091	1,304	0,090	1,264	0,090	1,171	0,098	1,245	0,090	1,277	1,351	0,090	1,331	0,092	1,217	0,089	1,320	0,092	1,347	0,090	1,374	0,089	0,090	1,337	0,090	1,398	0,089	1,361	0,090	1,269	0,092	1,322	0,089	1,344	0,740	0,090	0,647	0,089	0,613	0,089	0,665	0,090	0,634	0,089	0,737	0,089	0,089	1,240	0,126	1,253	0,088	1,231	0,089	1,188	0,090	1,260	0,089	1,317	0,090	0,090	0,091	0,091	0,089	0,090	0,091	0,089	0,089	0,089	0,090	0,089	0,090	0,090	0,090	0,091	0,088	0,090	0,091	0,091	0,093	0,090	0,090	0,090
13:38:04	37,0	1,227	0,090	1,278	0,092	1,196	0,092	1,267	0,090	1,260	0,089	1,282	0,092	0,088	1,284	0,091	1,298	0,090	1,264	0,090	1,171	0,097	1,243	0,089	1,270	1,355	0,090	1,330	0,092	1,221	0,089	1,322	0,092	1,350	0,091	1,371	0,089	0,090	1,339	0,090	1,397	0,089	1,364	0,090	1,277	0,091	1,326	0,090	1,344	0,740	0,090	0,650	0,089	0,616	0,089	0,666	0,090	0,636	0,089	0,737	0,089	0,089	1,244	0,126	1,255	0,088	1,234	0,089	1,194	0,090	1,267	0,089	1,324	0,089	0,090	0,091	0,091	0,089	0,090	0,091	0,089	0,088	0,089	0,090	0,089	0,090	0,090	0,090	0,090	0,089	0,090	0,091	0,091	0,092	0,090	0,090	0,090
13:48:04	37,0	1,227	0,090	1,280	0,092	1,203	0,092	1,270	0,090	1,263	0,089	1,284	0,092	0,088	1,286	0,091	1,303	0,090	1,266	0,090	1,177	0,098	1,245	0,090	1,276	1,356	0,090	1,336	0,092	1,228	0,090	1,325	0,092	1,352	0,091	1,381	0,089	0,090	1,342	0,090	1,406	0,089	1,364	0,090	1,284	0,092	1,330	0,090	1,347	0,745	0,090	0,654	0,089	0,619	0,089	0,669	0,090	0,638	0,089	0,743	0,089	0,089	1,250	0,126	1,260	0,088	1,235	0,089	1,201	0,090	1,273	0,089	1,325	0,090	0,090	0,091	0,091	0,089	0,090	0,091	0,089	0,089	0,089	0,090	0,089	0,090	0,090	0,090	0,091	0,089	0,090	0,091	0,091	0,093	0,090	0,090	0,090
13:58:04	37,0	1,230	0,090	1,281	0,092	1,208	0,092	1,272	0,090	1,264	0,089	1,285	0,092	0,088	1,285	0,091	1,306	0,090	1,268	0,090	1,180	0,097	1,249	0,089	1,277	1,359	0,090	1,340	0,092	1,234	0,090	1,327	0,092	1,353	0,091	1,381	0,089	0,090	1,344	0,090	1,412	0,089	1,371	0,090	1,288	0,092	1,333	0,089	1,349	0,748	0,090	0,657	0,090	0,621	0,089	0,672	0,090	0,640	0,089	0,747	0,090	0,089	1,253	0,126	1,262	0,088	1,239	0,089	1,206	0,090	1,277	0,089	1,328	0,090	0,090	0,091	0,091	0,089	0,090	0,091	0,089	0,089	0,089	0,090	0,089	0,090	0,090	0,090	0,091	0,089	0,090	0,091	0,091	0,093	0,090	0,090	0,090
14:08:04	37,0	1,232	0,090	1,282	0,092	1,206	0,092	1,274	0,090	1,265	0,090	1,287	0,092	0,089	1,287	0,091	1,303	0,090	1,269	0,090	1,182	0,097	1,248	0,090	1,276	1,361	0,090	1,343	0,092	1,237	0,090	1,331	0,092	1,354	0,091	1,382	0,089	0,090	1,349	0,090	1,408	0,090	1,372	0,090	1,293	0,092	1,335	0,090	1,350	0,750	0,091	0,662	0,089	0,622	0,089	0,674	0,090	0,642	0,090	0,750	0,090	0,089	1,259	0,125	1,265	0,088	1,237	0,089	1,212	0,090	1,282	0,089	1,333	0,090	0,090	0,091	0,091	0,089	0,090	0,091	0,089	0,089	0,089	0,090	0,089	0,090	0,090	0,090	0,091	0,089	0,090	0,091	0,091	0,093	0,090	0,090	0,090
14:18:04	37,0	1,232	0,090	1,284	0,092	1,207	0,092	1,275	0,090	1,266	0,089	1,287	0,092	0,088	1,287	0,091	1,305	0,090	1,272	0,090	1,185	0,097	1,251	0,090	1,275	1,362	0,090	1,346	0,092	1,245	0,090	1,333	0,092	1,356	0,091	1,385	0,089	0,090	1,352	0,090	1,414	0,089	1,377	0,090	1,300	0,092	1,340	0,090	1,351	0,751	0,090	0,664	0,089	0,627	0,089	0,676	0,090	0,644	0,089	0,753	0,089	0,089	1,263	0,126	1,269	0,088	1,245	0,089	1,218	0,090	1,285	0,089	1,333	0,089	0,090	0,091	0,091	0,089	0,090	0,091	0,089	0,089	0,089	0,090	0,089	0,090	0,090	0,090	0,090	0,089	0,090	0,091	0,091	0,092	0,090	0,090	0,090
14:28:04	37,0	1,232	0,090	1,282	0,092	1,203	0,092	1,272	0,090	1,267	0,089	1,287	0,092	0,089	1,286	0,091	1,301	0,090	1,272	0,090	1,184	0,097	1,248	0,090	1,274	1,364	0,090	1,348	0,092	1,247	0,090	1,337	0,092	1,357	0,091	1,381	0,089	0,090	1,354	0,090	1,415	0,089	1,378	0,090	1,306	0,092	1,341	0,090	1,352	0,753	0,091	0,668	0,090	0,627	0,089	0,677	0,090	0,644	0,089	0,754	0,090	0,089	1,266	0,126	1,272	0,088	1,244	0,089	1,219	0,090	1,290	0,089	1,337	0,090	0,090	0,091	0,091	0,090	0,090	0,091	0,089	0,089	0,089	0,090	0,089	0,090	0,090	0,090	0,091	0,089	0,090	0,091	0,091	0,093	0,090	0,090	0,090
14:38:04	37,0	1,231	0,090	1,282	0,092	1,199	0,092	1,273	0,090	1,266	0,089	1,287	0,092	0,089	1,285	0,091	1,306	0,090	1,263	0,090	1,187	0,097	1,249	0,090	1,275	1,366	0,090	1,351	0,092	1,250	0,090	1,339	0,092	1,358	0,091	1,383	0,089	0,090	1,355	0,090	1,418	0,089	1,382	0,090	1,307	0,092	1,342	0,090	1,353	0,755	0,090	0,671	0,090	0,629	0,089	0,678	0,090	0,644	0,089	0,755	0,090	0,089	1,271	0,126	1,274	0,088	1,244	0,089	1,222	0,090	1,292	0,089	1,339	0,090	0,090	0,091	0,091	0,089	0,090	0,091	0,090	0,089	0,089	0,090	0,089	0,090	0,090	0,090	0,091	0,089	0,090	0,091	0,091	0,093	0,090	0,090	0,090
14:48:04	37,0	1,233	0,090	1,282	0,092	1,199	0,092	1,274	0,090	1,266	0,089	1,288	0,092	0,088	1,285	0,091	1,300	0,090	1,269	0,090	1,188	0,097	1,249	0,089	1,274	1,368	0,090	1,354	0,092	1,254	0,089	1,340	0,092	1,359	0,091	1,392	0,089	0,090	1,356	0,090	1,421	0,089	1,385	0,090	1,310	0,091	1,345	0,089	1,355	0,756	0,090	0,672	0,089	0,629	0,089	0,677	0,090	0,646	0,089	0,756	0,089	0,089	1,272	0,126	1,277	0,088	1,248	0,089	1,226	0,090	1,294	0,089	1,340	0,089	0,090	0,091	0,091	0,089	0,090	0,091	0,089	0,088	0,089	0,090	0,089	0,090	0,090	0,090	0,090	0,089	0,090	0,091	0,091	0,092	0,090	0,090	0,090
14:58:04	37,0	1,232	0,090	1,281	0,092	1,198	0,091	1,274	0,090	1,267	0,089	1,287	0,092	0,088	1,282	0,090	1,303	0,090	1,269	0,090	1,189	0,097	1,249	0,089	1,274	1,370	0,090	1,358	0,092	1,258	0,089	1,342	0,092	1,360	0,090	1,390	0,089	0,090	1,361	0,090	1,423	0,089	1,390	0,090	1,314	0,091	1,347	0,090	1,356	0,757	0,090	0,676	0,089	0,630	0,089	0,679	0,090	0,646	0,089	0,758	0,089	0,089	1,277	0,125	1,280	0,088	1,253	0,089	1,232	0,090	1,297	0,089	1,340	0,089	0,090	0,090	0,091	0,089	0,090	0,091	0,089	0,088	0,089	0,090	0,089	0,090	0,090	0,090	0,090	0,089	0,090	0,090	0,091	0,092	0,090	0,090	0,090
15:08:04	37,0	1,233	0,090	1,281	0,092	1,200	0,092	1,276	0,090	1,268	0,089	1,290	0,092	0,088	1,283	0,091	1,301	0,090	1,266	0,090	1,190	0,096	1,248	0,089	1,274	1,372	0,090	1,361	0,092	1,259	0,089	1,346	0,092	1,362	0,091	1,393	0,089	0,090	1,363	0,090	1,425	0,089	1,389	0,090	1,319	0,092	1,351	0,090	1,357	0,760	0,090	0,677	0,089	0,632	0,089	0,682	0,090	0,648	0,089	0,761	0,090	0,089	1,279	0,126	1,283	0,088	1,258	0,089	1,239	0,090	1,301	0,089	1,341	0,089	0,090	0,091	0,091	0,089	0,090	0,091	0,089	0,089	0,089	0,090	0,089	0,090	0,090	0,090	0,091	0,089	0,090	0,091	0,091	0,092	0,090	0,090	0,090
15:18:04	37,0	1,232	0,090	1,280	0,092	1,199	0,092	1,276	0,090	1,268	0,089	1,289	0,092	0,089	1,282	0,091	1,302	0,089	1,267	0,090	1,191	0,097	1,248	0,090	1,273	1,373	0,090	1,364	0,092	1,263	0,090	1,347	0,092	1,363	0,090	1,395	0,089	0,090	1,366	0,090	1,427	0,089	1,393	0,090	1,323	0,091	1,354	0,089	1,357	0,760	0,090	0,681	0,089	0,634	0,089	0,681	0,090	0,649	0,089	0,761	0,090	0,089	1,284	0,126	1,286	0,088	1,259	0,089	1,240	0,090	1,302	0,089	1,341	0,089	0,090	0,091	0,091	0,089	0,090	0,091	0,089	0,089	0,089	0,090	0,089	0,090	0,090	0,090	0,090	0,089	0,090	0,091	0,091	0,092	0,090	0,090	0,090
15:28:04	37,0	1,232	0,090	1,280	0,092	1,200	0,092	1,278	0,090	1,269	0,090	1,289	0,092	0,089	1,280	0,091	1,303	0,090	1,269	0,090	1,192	0,096	1,250	0,090	1,273	1,374	0,090	1,367	0,092	1,265	0,090	1,349	0,092	1,365	0,091	1,397	0,089	0,090	1,368	0,090	1,433	0,089	1,397	0,090	1,327	0,092	1,357	0,090	1,359	0,764	0,090	0,683	0,090	0,635	0,089	0,683	0,090	0,651	0,090	0,763	0,090	0,089	1,286	0,126	1,289	0,088	1,261	0,089	1,243	0,090	1,305	0,089	1,343	0,090	0,090	0,091	0,091	0,089	0,090	0,091	0,089	0,089	0,089	0,090	0,089	0,090	0,090	0,090	0,091	0,089	0,090	0,091	0,091	0,093	0,090	0,090	0,090
15:38:04	37,0	1,232	0,090	1,278	0,092	1,202	0,092	1,280	0,090	1,269	0,089	1,289	0,092	0,088	1,281	0,091	1,302	0,090	1,272	0,090	1,194	0,096	1,250	0,089	1,274	1,376	0,090	1,370	0,092	1,269	0,089	1,352	0,092	1,367	0,091	1,399	0,089	0,090	1,371	0,090	1,433	0,089	1,402	0,090	1,331	0,092	1,359	0,090	1,360	0,765	0,090	0,686	0,089	0,638	0,089	0,685	0,090	0,652	0,089	0,766	0,089	0,089	1,289	0,126	1,292	0,088	1,263	0,089	1,248	0,090	1,312	0,089	1,346	0,089	0,090	0,091	0,091	0,089	0,090	0,091	0,089	0,088	0,089	0,090	0,089	0,090	0,090	0,090	0,091	0,089	0,090	0,091	0,091	0,092	0,090	0,090	0,090
15:48:04	37,0	1,231	0,090	1,278	0,092	1,201	0,092	1,280	0,090	1,269	0,089	1,290	0,092	0,089	1,280	0,091	1,302	0,090	1,272	0,090	1,195	0,096	1,248	0,090	1,276	1,378	0,090	1,372	0,092	1,272	0,090	1,354	0,092	1,367	0,090	1,401	0,089	0,090	1,373	0,090	1,436	0,089	1,403	0,090	1,333	0,092	1,362	0,089	1,361	0,766	0,090	0,688	0,089	0,638	0,089	0,688	0,090	0,653	0,089	0,767	0,090	0,089	1,293	0,126	1,294	0,088	1,268	0,089	1,252	0,090	1,312	0,089	1,347	0,089	0,090	0,091	0,091	0,089	0,090	0,091	0,089	0,089	0,089	0,090	0,088	0,090	0,090	0,090	0,091	0,089	0,090	0,091	0,091	0,092	0,090	0,090	0,090
15:58:04	37,0	1,233	0,090	1,277	0,092	1,202	0,092	1,282	0,090	1,268	0,089	1,292	0,092	0,089	1,281	0,091	1,302	0,090	1,272	0,090	1,196	0,096	1,250	0,089	1,275	1,380	0,090	1,375	0,092	1,275	0,090	1,357	0,092	1,369	0,091	1,403	0,089	0,090	1,376	0,090	1,439	0,089	1,403	0,090	1,337	0,092	1,365	0,090	1,364	0,769	0,090	0,690	0,089	0,641	0,089	0,689	0,090	0,655	0,089	0,770	0,089	0,089	1,295	0,126	1,297	0,088	1,274	0,089	1,257	0,091	1,317	0,089	1,350	0,090	0,090	0,091	0,091	0,089	0,090	0,091	0,089	0,089	0,089	0,090	0,089	0,090	0,090	0,090	0,091	0,089	0,090	0,091	0,091	0,092	0,090	0,090	0,090
16:08:04	37,0	1,234	0,090	1,278	0,092	1,206	0,092	1,284	0,090	1,269	0,090	1,291	0,092	0,089	1,281	0,091	1,301	0,090	1,276	0,090	1,197	0,096	1,251	0,090	1,275	1,382	0,090	1,379	0,092	1,278	0,090	1,359	0,092	1,371	0,091	1,407	0,089	0,090	1,378	0,090	1,444	0,090	1,405	0,090	1,340	0,092	1,370	0,090	1,367	0,771	0,090	0,692	0,090	0,644	0,089	0,692	0,090	0,658	0,090	0,773	0,090	0,089	1,299	0,126	1,301	0,088	1,276	0,089	1,263	0,091	1,323	0,089	1,353	0,090	0,090	0,091	0,091	0,090	0,090	0,091	0,090	0,089	0,089	0,090	0,089	0,090	0,090	0,090	0,091	0,089	0,090	0,091	0,091	0,092	0,090	0,090	0,090
16:18:04	37,0	1,235	0,090	1,278	0,092	1,207	0,092	1,284	0,090	1,268	0,089	1,293	0,092	0,089	1,284	0,091	1,300	0,090	1,278	0,090	1,200	0,096	1,254	0,089	1,277	1,383	0,090	1,382	0,092	1,282	0,089	1,361	0,092	1,373	0,090	1,410	0,089	0,090	1,380	0,090	1,445	0,089	1,407	0,090	1,344	0,091	1,373	0,090	1,365	0,773	0,090	0,695	0,089	0,645	0,089	0,695	0,090	0,661	0,089	0,777	0,090	0,089	1,302	0,126	1,305	0,088	1,279	0,089	1,268	0,090	1,325	0,089	1,353	0,089	0,090	0,091	0,091	0,089	0,090	0,091	0,089	0,088	0,089	0,090	0,089	0,090	0,090	0,090	0,090	0,089	0,090	0,091	0,091	0,092	0,090	0,090	0,090
16:28:04	37,0	1,236	0,090	1,278	0,092	1,210	0,092	1,284	0,090	1,268	0,089	1,291	0,092	0,089	1,281	0,091	1,300	0,090	1,279	0,090	1,201	0,096	1,256	0,090	1,276	1,386	0,090	1,385	0,092	1,284	0,090	1,363	0,092	1,374	0,090	1,411	0,089	0,090	1,383	0,090	1,446	0,089	1,410	0,090	1,348	0,092	1,375	0,089	1,370	0,776	0,090	0,698	0,089	0,646	0,089	0,697	0,090	0,663	0,089	0,781	0,089	0,089	1,305	0,125	1,309	0,088	1,282	0,089	1,273	0,090	1,332	0,089	1,356	0,090	0,090	0,090	0,091	0,089	0,090	0,091	0,089	0,089	0,089	0,090	0,089	0,090	0,090	0,090	0,091	0,089	0,090	0,091	0,091	0,092	0,090	0,090	0,090
16:38:04	37,0	1,235	0,090	1,278	0,092	1,210	0,092	1,284	0,090	1,269	0,089	1,292	0,092	0,089	1,282	0,091	1,300	0,090	1,275	0,090	1,204	0,096	1,256	0,089	1,275	1,387	0,090	1,388	0,092	1,286	0,089	1,366	0,092	1,374	0,090	1,413	0,089	0,090	1,386	0,090	1,446	0,089	1,414	0,090	1,350	0,091	1,377	0,090	1,371	0,776	0,090	0,700	0,089	0,648	0,089	0,698	0,090	0,665	0,089	0,783	0,089	0,089	1,307	0,126	1,309	0,088	1,284	0,089	1,275	0,090	1,334	0,089	1,360	0,089	0,090	0,090	0,091	0,089	0,090	0,091	0,089	0,088	0,089	0,090	0,088	0,090	0,090	0,090	0,090	0,088	0,090	0,091	0,091	0,092	0,090	0,090	0,090
16:48:04	37,0	1,235	0,090	1,276	0,092	1,206	0,092	1,284	0,090	1,268	0,089	1,291	0,092	0,089	1,281	0,091	1,300	0,090	1,274	0,090	1,204	0,096	1,256	0,090	1,272	1,389	0,090	1,388	0,092	1,287	0,090	1,369	0,092	1,375	0,091	1,414	0,089	0,090	1,387	0,090	1,450	0,089	1,416	0,090	1,352	0,092	1,381	0,090	1,371	0,779	0,090	0,704	0,090	0,649	0,089	0,701	0,090	0,666	0,090	0,785	0,090	0,089	1,309	0,126	1,313	0,088	1,285	0,089	1,280	0,090	1,336	0,089	1,361	0,090	0,090	0,091	0,091	0,089	0,090	0,091	0,089	0,089	0,089	0,090	0,089	0,090	0,090	0,090	0,091	0,089	0,090	0,091	0,091	0,092	0,090	0,090	0,090
16:58:04	37,0	1,234	0,090	1,276	0,092	1,206	0,092	1,284	0,090	1,267	0,089	1,290	0,092	0,089	1,279	0,091	1,298	0,090	1,275	0,090	1,204	0,096	1,256	0,090	1,273	1,390	0,090	1,390	0,092	1,289	0,090	1,371	0,092	1,375	0,091	1,414	0,089	0,090	1,389	0,090	1,452	0,089	1,416	0,090	1,354	0,092	1,382	0,090	1,371	0,780	0,090	0,704	0,089	0,651	0,089	0,701	0,090	0,667	0,090	0,787	0,090	0,089	1,313	0,126	1,314	0,088	1,288	0,089	1,283	0,090	1,339	0,089	1,363	0,089	0,090	0,091	0,091	0,089	0,090	0,091	0,089	0,088	0,089	0,090	0,089	0,090	0,090	0,090	0,091	0,089	0,090	0,091	0,091	0,092	0,090	0,090	0,090
17:08:04	37,0	1,234	0,090	1,275	0,092	1,206	0,092	1,283	0,090	1,265	0,089	1,291	0,092	0,089	1,278	0,091	1,298	0,090	1,274	0,090	1,204	0,095	1,256	0,090	1,272	1,391	0,090	1,392	0,092	1,292	0,090	1,373	0,092	1,376	0,091	1,414	0,089	0,090	1,391	0,090	1,455	0,089	1,418	0,090	1,358	0,092	1,383	0,090	1,375	0,782	0,091	0,708	0,090	0,652	0,089	0,701	0,090	0,668	0,089	0,789	0,090	0,089	1,315	0,126	1,316	0,088	1,289	0,089	1,285	0,090	1,341	0,089	1,364	0,090	0,090	0,091	0,091	0,089	0,090	0,091	0,089	0,089	0,089	0,090	0,089	0,090	0,090	0,090	0,091	0,089	0,090	0,091	0,091	0,092	0,090	0,090	0,090
17:18:04	37,0	1,233	0,090	1,275	0,092	1,207	0,092	1,282	0,090	1,266	0,089	1,289	0,092	0,089	1,277	0,091	1,295	0,090	1,274	0,090	1,204	0,095	1,253	0,089	1,272	1,392	0,090	1,395	0,091	1,294	0,089	1,374	0,092	1,376	0,090	1,415	0,089	0,090	1,393	0,090	1,457	0,089	1,421	0,090	1,359	0,092	1,386	0,090	1,374	0,783	0,090	0,710	0,089	0,653	0,089	0,703	0,090	0,669	0,089	0,791	0,090	0,089	1,316	0,126	1,318	0,088	1,288	0,089	1,288	0,090	1,341	0,089	1,362	0,090	0,090	0,091	0,091	0,089	0,090	0,091	0,089	0,088	0,089	0,090	0,089	0,090	0,090	0,090	0,091	0,089	0,090	0,091	0,091	0,092	0,090	0,090	0,090
17:28:04	37,0	1,232	0,090	1,274	0,092	1,208	0,092	1,282	0,090	1,266	0,089	1,287	0,092	0,089	1,275	0,091	1,296	0,090	1,274	0,090	1,202	0,095	1,251	0,089	1,272	1,394	0,090	1,397	0,092	1,296	0,089	1,375	0,092	1,377	0,090	1,415	0,089	0,090	1,394	0,090	1,460	0,089	1,423	0,090	1,361	0,091	1,387	0,090	1,375	0,787	0,090	0,712	0,089	0,653	0,089	0,704	0,090	0,670	0,089	0,794	0,090	0,089	1,317	0,126	1,320	0,088	1,288	0,089	1,291	0,090	1,345	0,089	1,363	0,090	0,090	0,091	0,091	0,089	0,090	0,091	0,089	0,088	0,089	0,090	0,089	0,090	0,090	0,090	0,090	0,089	0,090	0,091	0,091	0,092	0,090	0,090	0,090
17:38:04	37,0	1,232	0,090	1,273	0,092	1,206	0,092	1,282	0,090	1,266	0,089	1,287	0,092	0,089	1,275	0,091	1,296	0,090	1,269	0,090	1,201	0,095	1,252	0,090	1,271	1,394	0,090	1,398	0,092	1,298	0,090	1,378	0,092	1,377	0,090	1,419	0,089	0,090	1,396	0,090	1,461	0,089	1,423	0,090	1,365	0,091	1,388	0,089	1,378	0,790	0,090	0,714	0,090	0,655	0,089	0,706	0,090	0,671	0,089	0,796	0,090	0,089	1,320	0,126	1,321	0,088	1,291	0,089	1,294	0,090	1,346	0,089	1,365	0,090	0,090	0,091	0,091	0,089	0,090	0,091	0,089	0,088	0,089	0,090	0,089	0,090	0,090	0,090	0,090	0,089	0,090	0,091	0,091	0,092	0,090	0,090	0,090
17:48:04	37,0	1,231	0,090	1,272	0,092	1,207	0,092	1,282	0,090	1,264	0,089	1,285	0,092	0,089	1,274	0,091	1,293	0,090	1,271	0,090	1,202	0,095	1,253	0,090	1,269	1,395	0,090	1,401	0,092	1,300	0,090	1,379	0,092	1,379	0,091	1,418	0,089	0,090	1,398	0,090	1,462	0,089	1,424	0,090	1,366	0,092	1,391	0,090	1,379	0,793	0,090	0,716	0,090	0,657	0,089	0,707	0,090	0,673	0,089	0,800	0,089	0,089	1,323	0,126	1,322	0,088	1,295	0,089	1,298	0,090	1,349	0,089	1,367	0,089	0,090	0,091	0,091	0,089	0,090	0,091	0,089	0,088	0,089	0,090	0,089	0,090	0,090	0,090	0,091	0,089	0,090	0,091	0,091	0,092	0,090	0,090	0,090
17:58:04	37,0	1,229	0,090	1,272	0,092	1,206	0,092	1,283	0,090	1,262	0,089	1,284	0,092	0,089	1,273	0,091	1,293	0,090	1,270	0,090	1,202	0,095	1,250	0,090	1,268	1,397	0,090	1,403	0,092	1,302	0,089	1,381	0,092	1,379	0,090	1,420	0,089	0,090	1,399	0,090	1,463	0,089	1,426	0,090	1,368	0,092	1,392	0,090	1,379	0,795	0,090	0,719	0,089	0,659	0,089	0,709	0,090	0,674	0,089	0,803	0,090	0,089	1,323	0,126	1,326	0,088	1,297	0,089	1,300	0,090	1,352	0,089	1,367	0,090	0,090	0,091	0,091	0,089	0,090	0,091	0,089	0,089	0,089	0,090	0,089	0,090	0,090	0,090	0,090	0,089	0,090	0,091	0,091	0,092	0,090	0,090	0,090
18:08:04	37,0	1,228	0,090	1,270	0,092	1,203	0,092	1,280	0,090	1,261	0,089	1,283	0,092	0,089	1,269	0,091	1,294	0,090	1,265	0,090	1,200	0,095	1,248	0,089	1,267	1,399	0,090	1,404	0,092	1,303	0,089	1,381	0,092	1,380	0,090	1,420	0,089	0,090	1,402	0,090	1,464	0,089	1,429	0,090	1,370	0,091	1,394	0,090	1,378	0,797	0,090	0,721	0,089	0,660	0,089	0,710	0,090	0,675	0,089	0,804	0,089	0,089	1,325	0,126	1,327	0,088	1,298	0,089	1,301	0,090	1,354	0,089	1,369	0,089	0,090	0,090	0,091	0,089	0,090	0,091	0,089	0,088	0,089	0,090	0,089	0,090	0,090	0,090	0,090	0,089	0,090	0,091	0,091	0,092	0,090	0,090	0,090
18:18:04	37,0	1,227	0,090	1,270	0,092	1,206	0,092	1,281	0,090	1,262	0,089	1,282	0,092	0,089	1,271	0,091	1,290	0,090	1,270	0,090	1,199	0,095	1,248	0,089	1,267	1,400	0,090	1,406	0,092	1,306	0,090	1,383	0,092	1,381	0,091	1,423	0,089	0,090	1,403	0,090	1,468	0,089	1,431	0,090	1,373	0,092	1,395	0,090	1,380	0,799	0,090	0,721	0,090	0,662	0,089	0,712	0,090	0,677	0,090	0,807	0,090	0,089	1,327	0,126	1,330	0,088	1,298	0,089	1,304	0,090	1,354	0,089	1,369	0,089	0,090	0,091	0,091	0,089	0,090	0,091	0,089	0,088	0,089	0,090	0,089	0,090	0,090	0,090	0,091	0,089	0,090	0,091	0,091	0,092	0,090	0,090	0,090
18:28:04	37,0	1,227	0,090	1,268	0,092	1,204	0,091	1,279	0,090	1,261	0,089	1,276	0,092	0,088	1,270	0,091	1,292	0,089	1,261	0,090	1,200	0,095	1,248	0,089	1,266	1,401	0,090	1,408	0,092	1,309	0,089	1,384	0,092	1,382	0,090	1,424	0,089	0,090	1,404	0,090	1,467	0,089	1,432	0,090	1,377	0,091	1,397	0,089	1,381	0,802	0,090	0,724	0,089	0,665	0,089	0,711	0,090	0,679	0,089	0,810	0,089	0,089	1,329	0,126	1,332	0,088	1,302	0,089	1,310	0,090	1,356	0,089	1,369	0,089	0,090	0,090	0,091	0,089	0,090	0,091	0,089	0,089	0,089	0,089	0,089	0,090	0,090	0,090	0,090	0,089	0,090	0,091	0,091	0,092	0,090	0,090	0,090
18:38:04	37,0	1,224	0,090	1,266	0,092	1,198	0,092	1,276	0,090	1,258	0,089	1,277	0,092	0,089	1,264	0,091	1,292	0,090	1,260	0,090	1,200	0,094	1,247	0,089	1,262	1,400	0,090	1,408	0,092	1,310	0,089	1,386	0,092	1,383	0,090	1,422	0,089	0,090	1,406	0,090	1,467	0,089	1,435	0,090	1,378	0,091	1,398	0,089	1,379	0,800	0,090	0,727	0,089	0,665	0,089	0,715	0,090	0,681	0,089	0,809	0,090	0,089	1,331	0,126	1,333	0,088	1,306	0,089	1,310	0,090	1,355	0,089	1,372	0,090	0,090	0,090	0,091	0,089	0,090	0,091	0,089	0,088	0,089	0,090	0,089	0,090	0,090	0,090	0,090	0,089	0,090	0,091	0,091	0,092	0,090	0,090	0,090
18:48:04	37,0	1,223	0,090	1,264	0,092	1,197	0,091	1,275	0,090	1,256	0,089	1,273	0,092	0,089	1,265	0,091	1,290	0,090	1,262	0,090	1,199	0,094	1,245	0,089	1,260	1,401	0,090	1,410	0,092	1,312	0,089	1,388	0,092	1,385	0,090	1,422	0,089	0,090	1,405	0,090	1,469	0,089	1,437	0,090	1,381	0,091	1,400	0,089	1,379	0,802	0,090	0,730	0,089	0,668	0,089	0,716	0,090	0,682	0,089	0,811	0,090	0,089	1,331	0,125	1,332	0,088	1,303	0,089	1,312	0,090	1,358	0,089	1,372	0,089	0,090	0,091	0,091	0,089	0,090	0,091	0,089	0,088	0,089	0,090	0,089	0,090	0,090	0,090	0,090	0,089	0,090	0,090	0,091	0,092	0,090	0,090	0,090
18:58:04	37,0	1,223	0,090	1,263	0,092	1,199	0,092	1,276	0,090	1,256	0,089	1,274	0,092	0,089	1,265	0,091	1,287	0,090	1,259	0,090	1,200	0,094	1,245	0,090	1,260	1,402	0,090	1,413	0,092	1,314	0,089	1,390	0,092	1,385	0,091	1,424	0,089	0,090	1,407	0,090	1,473	0,089	1,438	0,090	1,383	0,091	1,401	0,089	1,381	0,805	0,090	0,731	0,089	0,670	0,089	0,718	0,090	0,683	0,089	0,812	0,090	0,089	1,333	0,126	1,336	0,088	1,304	0,089	1,313	0,091	1,363	0,089	1,375	0,090	0,090	0,091	0,091	0,089	0,090	0,091	0,089	0,089	0,089	0,090	0,089	0,090	0,090	0,090	0,091	0,089	0,090	0,091	0,091	0,092	0,090	0,090	0,090
19:08:04	37,0	1,221	0,090	1,261	0,092	1,195	0,092	1,273	0,090	1,254	0,089	1,272	0,092	0,089	1,261	0,091	1,286	0,090	1,258	0,090	1,198	0,094	1,242	0,090	1,258	1,402	0,090	1,414	0,092	1,317	0,090	1,391	0,092	1,386	0,091	1,424	0,089	0,090	1,409	0,090	1,473	0,089	1,440	0,090	1,387	0,092	1,402	0,090	1,380	0,805	0,090	0,735	0,090	0,674	0,089	0,721	0,090	0,685	0,090	0,813	0,090	0,089	1,335	0,126	1,337	0,088	1,309	0,089	1,319	0,091	1,363	0,089	1,377	0,090	0,090	0,091	0,091	0,089	0,090	0,091	0,089	0,089	0,089	0,090	0,089	0,090	0,090	0,090	0,091	0,089	0,090	0,091	0,091	0,092	0,090	0,090	0,090
19:18:04	36,9	1,220	0,090	1,260	0,092	1,195	0,092	1,274	0,090	1,252	0,089	1,270	0,092	0,089	1,261	0,091	1,284	0,090	1,256	0,090	1,196	0,094	1,241	0,090	1,255	1,402	0,090	1,415	0,092	1,316	0,089	1,392	0,092	1,386	0,091	1,427	0,089	0,090	1,409	0,090	1,475	0,089	1,441	0,090	1,387	0,092	1,403	0,090	1,381	0,806	0,090	0,736	0,089	0,673	0,089	0,721	0,090	0,685	0,089	0,814	0,090	0,089	1,335	0,126	1,338	0,088	1,306	0,089	1,318	0,090	1,365	0,089	1,379	0,090	0,090	0,091	0,091	0,089	0,090	0,091	0,089	0,088	0,089	0,090	0,089	0,090	0,090	0,090	0,090	0,089	0,090	0,091	0,091	0,092	0,090	0,090	0,090
19:28:04	37,0	1,221	0,090	1,258	0,092	1,197	0,092	1,273	0,090	1,252	0,089	1,270	0,092	0,089	1,261	0,091	1,282	0,090	1,256	0,090	1,197	0,094	1,241	0,090	1,256	1,404	0,090	1,416	0,092	1,319	0,090	1,393	0,092	1,387	0,091	1,430	0,089	0,090	1,410	0,090	1,476	0,089	1,443	0,090	1,391	0,091	1,405	0,090	1,380	0,809	0,090	0,738	0,090	0,677	0,089	0,724	0,090	0,688	0,089	0,817	0,090	0,089	1,337	0,126	1,342	0,088	1,310	0,089	1,323	0,090	1,369	0,089	1,379	0,090	0,090	0,091	0,091	0,089	0,090	0,091	0,089	0,089	0,089	0,090	0,089	0,090	0,090	0,090	0,090	0,089	0,090	0,091	0,091	0,092	0,090	0,090	0,090
19:38:04	36,9	1,222	0,090	1,261	0,092	1,198	0,092	1,273	0,090	1,252	0,089	1,269	0,092	0,089	1,262	0,091	1,284	0,090	1,261	0,090	1,201	0,093	1,245	0,089	1,257	1,405	0,090	1,419	0,092	1,321	0,090	1,393	0,092	1,389	0,090	1,429	0,089	0,090	1,414	0,090	1,476	0,089	1,446	0,090	1,393	0,092	1,405	0,090	1,384	0,814	0,090	0,740	0,089	0,681	0,089	0,726	0,090	0,692	0,089	0,822	0,090	0,089	1,339	0,126	1,343	0,088	1,316	0,089	1,326	0,090	1,371	0,089	1,380	0,090	0,090	0,091	0,091	0,089	0,090	0,091	0,089	0,089	0,089	0,090	0,089	0,090	0,090	0,090	0,091	0,089	0,090	0,091	0,091	0,092	0,090	0,090	0,090
19:48:04	37,0	1,220	0,090	1,258	0,092	1,195	0,092	1,272	0,090	1,248	0,089	1,269	0,092	0,089	1,261	0,091	1,279	0,090	1,261	0,090	1,197	0,092	1,242	0,089	1,256	1,405	0,090	1,420	0,092	1,323	0,089	1,396	0,092	1,391	0,090	1,431	0,089	0,090	1,414	0,090	1,483	0,089	1,445	0,090	1,396	0,091	1,407	0,089	1,383	0,815	0,090	0,743	0,089	0,685	0,089	0,728	0,090	0,694	0,089	0,825	0,089	0,089	1,341	0,126	1,348	0,088	1,314	0,089	1,330	0,090	1,371	0,089	1,382	0,090	0,090	0,090	0,091	0,089	0,090	0,091	0,089	0,088	0,089	0,090	0,089	0,090	0,090	0,090	0,090	0,089	0,090	0,091	0,091	0,092	0,090	0,090	0,090
19:58:04	37,0	1,220	0,090	1,256	0,092	1,191	0,092	1,269	0,090	1,245	0,089	1,268	0,092	0,089	1,261	0,091	1,276	0,090	1,263	0,090	1,193	0,093	1,241	0,090	1,251	1,405	0,090	1,420	0,092	1,324	0,090	1,396	0,092	1,389	0,091	1,432	0,089	0,090	1,415	0,090	1,481	0,089	1,447	0,090	1,396	0,091	1,408	0,090	1,382	0,815	0,090	0,747	0,090	0,686	0,089	0,730	0,090	0,695	0,090	0,826	0,090	0,089	1,342	0,126	1,346	0,088	1,316	0,089	1,331	0,090	1,372	0,089	1,385	0,089	0,090	0,091	0,091	0,089	0,090	0,091	0,089	0,089	0,089	0,090	0,089	0,090	0,090	0,090	0,091	0,089	0,090	0,091	0,091	0,092	0,090	0,090	0,090
20:08:04	37,0	1,218	0,090	1,253	0,092	1,190	0,092	1,266	0,090	1,244	0,089	1,268	0,092	0,089	1,259	0,091	1,275	0,090	1,258	0,090	1,195	0,092	1,239	0,089	1,249	1,405	0,090	1,421	0,092	1,325	0,089	1,396	0,092	1,389	0,091	1,431	0,089	0,090	1,415	0,090	1,482	0,089	1,450	0,090	1,398	0,091	1,408	0,089	1,382	0,815	0,090	0,747	0,089	0,687	0,089	0,732	0,090	0,697	0,089	0,826	0,090	0,089	1,343	0,126	1,348	0,088	1,317	0,089	1,333	0,090	1,374	0,089	1,384	0,089	0,090	0,090	0,091	0,089	0,090	0,091	0,089	0,088	0,089	0,090	0,089	0,090	0,090	0,090	0,090	0,089	0,090	0,091	0,091	0,092	0,090	0,090	0,090
20:18:04	37,0	1,214	0,090	1,249	0,092	1,183	0,092	1,263	0,090	1,238	0,090	1,263	0,092	0,089	1,256	0,091	1,275	0,090	1,252	0,090	1,194	0,092	1,237	0,090	1,245	1,405	0,090	1,421	0,092	1,322	0,090	1,397	0,092	1,387	0,090	1,429	0,089	0,090	1,416	0,090	1,481	0,089	1,450	0,090	1,398	0,092	1,407	0,090	1,380	0,815	0,091	0,750	0,089	0,686	0,089	0,733	0,090	0,696	0,090	0,825	0,090	0,089	1,345	0,126	1,345	0,088	1,316	0,089	1,335	0,090	1,373	0,089	1,386	0,090	0,090	0,091	0,091	0,089	0,090	0,091	0,089	0,089	0,089	0,090	0,089	0,090	0,090	0,090	0,091	0,089	0,090	0,091	0,091	0,092	0,090	0,090	0,090
20:28:04	37,0	1,215	0,090	1,247	0,092	1,182	0,092	1,263	0,090	1,238	0,089	1,264	0,092	0,089	1,254	0,091	1,272	0,090	1,253	0,090	1,194	0,092	1,235	0,090	1,244	1,406	0,090	1,422	0,092	1,323	0,090	1,397	0,092	1,387	0,091	1,431	0,089	0,090	1,417	0,090	1,483	0,090	1,451	0,090	1,398	0,092	1,408	0,090	1,381	0,815	0,091	0,753	0,090	0,686	0,089	0,733	0,090	0,697	0,090	0,824	0,090	0,089	1,346	0,126	1,348	0,088	1,315	0,089	1,334	0,091	1,375	0,089	1,384	0,090	0,090	0,091	0,091	0,089	0,090	0,091	0,089	0,089	0,089	0,090	0,089	0,090	0,090	0,090	0,091	0,089	0,090	0,091	0,091	0,092	0,090	0,090	0,090
20:38:04	37,0	1,213	0,090	1,246	0,092	1,184	0,092	1,261	0,090	1,237	0,089	1,263	0,092	0,089	1,255	0,091	1,269	0,090	1,253	0,090	1,191	0,092	1,236	0,089	1,241	1,406	0,090	1,423	0,092	1,323	0,090	1,397	0,092	1,387	0,091	1,432	0,089	0,090	1,416	0,090	1,484	0,089	1,452	0,090	1,399	0,092	1,408	0,090	1,381	0,817	0,090	0,754	0,089	0,687	0,089	0,735	0,090	0,698	0,089	0,825	0,090	0,089	1,347	0,126	1,350	0,088	1,315	0,089	1,337	0,090	1,378	0,089	1,384	0,089	0,090	0,091	0,091	0,089	0,090	0,091	0,089	0,089	0,089	0,090	0,089	0,090	0,090	0,090	0,090	0,089	0,090	0,091	0,091	0,092	0,090	0,090	0,090
20:48:04	37,0	1,210	0,090	1,244	0,092	1,178	0,092	1,258	0,090	1,234	0,089	1,260	0,092	0,089	1,252	0,091	1,266	0,090	1,246	0,090	1,190	0,092	1,234	0,089	1,238	1,406	0,090	1,422	0,092	1,323	0,089	1,399	0,092	1,388	0,091	1,430	0,089	0,090	1,417	0,090	1,485	0,089	1,452	0,090	1,400	0,091	1,407	0,090	1,382	0,817	0,090	0,756	0,089	0,688	0,089	0,737	0,090	0,698	0,089	0,824	0,090	0,089	1,348	0,126	1,348	0,088	1,315	0,089	1,337	0,090	1,378	0,089	1,384	0,090	0,090	0,091	0,091	0,089	0,090	0,091	0,089	0,088	0,089	0,090	0,089	0,090	0,090	0,090	0,090	0,089	0,090	0,091	0,091	0,092	0,090	0,090	0,090
20:58:04	37,0	1,208	0,090	1,240	0,092	1,177	0,092	1,256	0,090	1,232	0,089	1,258	0,092	0,089	1,249	0,091	1,265	0,090	1,248	0,090	1,190	0,092	1,230	0,089	1,239	1,407	0,090	1,424	0,092	1,324	0,090	1,399	0,092	1,387	0,090	1,431	0,089	0,090	1,420	0,090	1,484	0,089	1,455	0,090	1,401	0,092	1,408	0,090	1,381	0,816	0,090	0,758	0,089	0,689	0,089	0,737	0,090	0,699	0,090	0,824	0,090	0,089	1,350	0,126	1,348	0,088	1,315	0,089	1,337	0,090	1,376	0,089	1,383	0,090	0,090	0,091	0,091	0,089	0,090	0,091	0,089	0,089	0,089	0,090	0,089	0,090	0,090	0,090	0,091	0,089	0,090	0,091	0,091	0,092	0,090	0,090	0,090
21:08:04	37,0	1,207	0,090	1,239	0,092	1,176	0,092	1,254	0,090	1,230	0,089	1,256	0,092	0,089	1,248	0,091	1,264	0,090	1,240	0,090	1,188	0,092	1,229	0,089	1,237	1,407	0,090	1,424	0,092	1,325	0,090	1,398	0,092	1,387	0,090	1,432	0,089	0,090	1,419	0,090	1,483	0,089	1,454	0,090	1,401	0,092	1,411	0,089	1,381	0,815	0,090	0,760	0,089	0,689	0,089	0,737	0,090	0,700	0,089	0,823	0,090	0,089	1,349	0,126	1,348	0,088	1,316	0,089	1,339	0,090	1,378	0,089	1,383	0,089	0,090	0,090	0,091	0,089	0,090	0,091	0,089	0,089	0,089	0,090	0,089	0,090	0,090	0,090	0,090	0,089	0,090	0,091	0,091	0,092	0,090	0,090	0,090
21:18:04	37,0	1,203	0,090	1,237	0,092	1,176	0,092	1,252	0,090	1,229	0,089	1,254	0,092	0,089	1,248	0,091	1,260	0,090	1,241	0,090	1,188	0,092	1,230	0,090	1,235	1,408	0,090	1,426	0,092	1,325	0,090	1,399	0,092	1,387	0,091	1,432	0,090	0,090	1,419	0,090	1,485	0,090	1,453	0,090	1,403	0,091	1,410	0,090	1,381	0,817	0,090	0,761	0,090	0,690	0,089	0,739	0,090	0,699	0,089	0,821	0,090	0,089	1,351	0,126	1,348	0,088	1,313	0,089	1,340	0,091	1,381	0,089	1,382	0,090	0,090	0,091	0,091	0,090	0,090	0,091	0,089	0,089	0,089	0,090	0,089	0,090	0,090	0,090	0,091	0,089	0,090	0,091	0,091	0,092	0,090	0,090	0,090
21:28:04	36,9	1,202	0,090	1,234	0,092	1,175	0,092	1,250	0,090	1,228	0,090	1,253	0,092	0,089	1,248	0,091	1,257	0,090	1,241	0,090	1,185	0,092	1,228	0,089	1,233	1,408	0,090	1,425	0,092	1,326	0,089	1,400	0,092	1,388	0,091	1,433	0,089	0,090	1,419	0,090	1,486	0,089	1,455	0,090	1,403	0,092	1,410	0,090	1,382	0,817	0,090	0,763	0,089	0,691	0,089	0,739	0,090	0,699	0,089	0,825	0,090	0,089	1,351	0,126	1,349	0,088	1,315	0,089	1,342	0,090	1,382	0,089	1,382	0,090	0,090	0,091	0,091	0,089	0,090	0,091	0,089	0,089	0,089	0,090	0,089	0,090	0,090	0,090	0,090	0,089	0,090	0,091	0,091	0,092	0,090	0,090	0,090
21:38:04	37,0	1,199	0,090	1,234	0,092	1,173	0,092	1,249	0,090	1,226	0,089	1,250	0,092	0,089	1,244	0,091	1,253	0,090	1,236	0,090	1,186	0,092	1,229	0,089	1,232	1,409	0,090	1,426	0,092	1,325	0,090	1,400	0,092	1,386	0,091	1,436	0,089	0,090	1,421	0,090	1,488	0,089	1,455	0,090	1,403	0,091	1,410	0,090	1,381	0,819	0,090	0,764	0,090	0,691	0,089	0,741	0,090	0,700	0,090	0,825	0,090	0,089	1,353	0,126	1,351	0,088	1,314	0,089	1,345	0,090	1,383	0,089	1,381	0,090	0,090	0,091	0,091	0,089	0,090	0,091	0,089	0,089	0,089	0,090	0,089	0,090	0,090	0,090	0,090	0,088	0,090	0,091	0,091	0,092	0,090	0,090	0,090
21:48:04	37,0	1,197	0,090	1,232	0,092	1,178	0,092	1,248	0,090	1,227	0,089	1,250	0,092	0,089	1,245	0,091	1,254	0,090	1,245	0,090	1,184	0,092	1,230	0,089	1,232	1,410	0,090	1,427	0,092	1,328	0,089	1,399	0,092	1,388	0,091	1,437	0,089	0,090	1,421	0,090	1,489	0,089	1,454	0,090	1,406	0,091	1,411	0,090	1,380	0,818	0,090	0,766	0,089	0,695	0,089	0,742	0,090	0,702	0,090	0,827	0,090	0,089	1,352	0,125	1,353	0,088	1,318	0,089	1,346	0,090	1,385	0,089	1,378	0,090	0,090	0,090	0,091	0,089	0,090	0,091	0,089	0,089	0,089	0,090	0,089	0,090	0,090	0,090	0,090	0,089	0,090	0,091	0,091	0,092	0,090	0,090	0,090
21:58:04	37,0	1,192	0,090	1,228	0,092	1,171	0,092	1,243	0,090	1,222	0,089	1,249	0,092	0,089	1,243	0,091	1,253	0,090	1,246	0,090	1,181	0,092	1,226	0,090	1,229	1,409	0,090	1,427	0,092	1,327	0,090	1,400	0,092	1,388	0,091	1,438	0,089	0,090	1,421	0,090	1,488	0,089	1,454	0,090	1,405	0,092	1,411	0,090	1,380	0,817	0,090	0,768	0,089	0,696	0,089	0,744	0,090	0,703	0,090	0,827	0,090	0,089	1,353	0,126	1,353	0,088	1,320	0,089	1,347	0,091	1,386	0,089	1,380	0,090	0,090	0,091	0,091	0,089	0,090	0,091	0,089	0,089	0,089	0,090	0,089	0,090	0,090	0,090	0,091	0,089	0,090	0,091	0,091	0,092	0,090	0,090	0,090
22:08:04	37,0	1,195	0,090	1,227	0,092	1,173	0,092	1,243	0,090	1,222	0,090	1,247	0,092	0,089	1,242	0,091	1,248	0,090	1,240	0,090	1,183	0,092	1,228	0,090	1,229	1,411	0,090	1,428	0,092	1,329	0,090	1,401	0,092	1,388	0,091	1,439	0,090	0,090	1,422	0,090	1,491	0,089	1,455	0,090	1,408	0,092	1,412	0,090	1,382	0,818	0,091	0,770	0,090	0,699	0,089	0,746	0,090	0,704	0,090	0,828	0,090	0,089	1,353	0,126	1,356	0,088	1,316	0,089	1,349	0,091	1,387	0,090	1,380	0,090	0,090	0,091	0,091	0,090	0,090	0,091	0,090	0,089	0,090	0,090	0,089	0,090	0,090	0,090	0,091	0,089	0,090	0,091	0,091	0,092	0,090	0,090	0,090

