Time	T∞ Optical Density:600	A1	A2	A3	A4	A5	A6	A7	A8	A9	A10	A11	A12	B1	B2	B3	B4	B5	B6	B7	B8	B9	B10	B11	B12	C1	C2	C3	C4	C5	C6	C7	C8	C9	C10	C11	C12	D1	D2	D3	D4	D5	D6	D7	D8	D9	D10	D11	D12	E1	E2	E3	E4	E5	E6	E7	E8	E9	E10	E11	E12	F1	F2	F3	F4	F5	F6	F7	F8	F9	F10	F11	F12	G1	G2	G3	G4	G5	G6	G7	G8	G9	G10	G11	G12	H1	H2	H3	H4	H5	H6	H7	H8	H9	H10	H11	H12
0:08:04	37,0	0,120	0,089	0,125	0,091	0,126	0,090	0,117	0,091	0,126	0,091	0,109	0,090	0,091	0,106	0,090	0,110	0,091	0,118	0,089	0,112	0,091	0,114	0,089	0,114	0,139	0,090	0,127	0,092	0,163	0,091	0,111	0,090	0,101	0,089	0,103	0,090	0,091	0,136	0,090	0,153	0,090	0,141	0,089	0,141	0,092	0,128	0,090	0,135	0,099	0,089	0,120	0,089	0,104	0,090	0,117	0,088	0,114	0,091	0,097	0,087	0,091	0,111	0,090	0,112	0,090	0,123	0,089	0,125	0,091	0,125	0,091	0,124	0,091	0,090	0,091	0,090	0,090	0,092	0,090	0,092	0,091	0,091	0,091	0,088	0,090	0,090	0,091	0,090	0,089	0,089	0,089	0,089	0,093	0,090	0,090	0,089
0:18:04	37,0	0,122	0,089	0,129	0,091	0,128	0,090	0,119	0,091	0,128	0,090	0,110	0,090	0,091	0,108	0,090	0,111	0,091	0,120	0,089	0,115	0,091	0,115	0,089	0,117	0,148	0,090	0,132	0,091	0,157	0,091	0,114	0,090	0,103	0,089	0,104	0,090	0,091	0,141	0,090	0,152	0,090	0,155	0,089	0,143	0,091	0,131	0,090	0,139	0,100	0,089	0,118	0,089	0,106	0,091	0,116	0,088	0,115	0,091	0,097	0,087	0,094	0,111	0,090	0,113	0,090	0,128	0,089	0,121	0,091	0,126	0,091	0,122	0,091	0,090	0,091	0,090	0,090	0,093	0,090	0,092	0,091	0,091	0,090	0,088	0,090	0,090	0,091	0,091	0,089	0,089	0,089	0,089	0,093	0,090	0,090	0,090
0:28:04	37,0	0,125	0,089	0,131	0,091	0,130	0,090	0,122	0,091	0,131	0,091	0,112	0,089	0,091	0,110	0,089	0,114	0,091	0,122	0,089	0,117	0,091	0,116	0,088	0,121	0,158	0,090	0,141	0,092	0,164	0,091	0,118	0,090	0,104	0,089	0,106	0,090	0,091	0,149	0,090	0,160	0,090	0,171	0,089	0,150	0,091	0,134	0,090	0,147	0,100	0,089	0,118	0,089	0,106	0,091	0,117	0,088	0,116	0,091	0,097	0,087	0,091	0,112	0,090	0,114	0,090	0,132	0,089	0,125	0,091	0,128	0,090	0,123	0,091	0,090	0,091	0,090	0,090	0,092	0,090	0,092	0,090	0,090	0,090	0,088	0,090	0,090	0,091	0,091	0,089	0,089	0,089	0,089	0,093	0,090	0,089	0,090
0:38:04	37,0	0,131	0,089	0,136	0,091	0,135	0,090	0,125	0,091	0,136	0,091	0,115	0,089	0,091	0,113	0,089	0,117	0,091	0,125	0,089	0,121	0,091	0,118	0,088	0,129	0,171	0,089	0,152	0,092	0,175	0,091	0,125	0,090	0,107	0,089	0,110	0,090	0,091	0,163	0,090	0,174	0,090	0,184	0,089	0,160	0,091	0,140	0,090	0,158	0,101	0,089	0,120	0,089	0,107	0,090	0,118	0,088	0,117	0,091	0,097	0,087	0,091	0,114	0,090	0,117	0,090	0,140	0,089	0,130	0,091	0,133	0,090	0,131	0,091	0,090	0,091	0,090	0,090	0,092	0,090	0,092	0,090	0,090	0,090	0,088	0,090	0,090	0,091	0,090	0,089	0,089	0,089	0,089	0,093	0,090	0,089	0,090
0:48:04	37,0	0,141	0,089	0,145	0,091	0,144	0,090	0,133	0,091	0,143	0,091	0,121	0,089	0,091	0,118	0,089	0,124	0,091	0,131	0,089	0,125	0,091	0,122	0,088	0,140	0,190	0,089	0,168	0,092	0,187	0,091	0,134	0,090	0,111	0,089	0,115	0,090	0,091	0,177	0,090	0,195	0,090	0,203	0,089	0,178	0,091	0,153	0,090	0,173	0,101	0,089	0,122	0,089	0,108	0,090	0,119	0,088	0,120	0,091	0,098	0,087	0,091	0,118	0,090	0,121	0,090	0,152	0,089	0,137	0,090	0,142	0,090	0,140	0,091	0,090	0,090	0,090	0,090	0,092	0,090	0,091	0,091	0,090	0,090	0,088	0,090	0,090	0,091	0,090	0,089	0,089	0,089	0,089	0,092	0,090	0,089	0,090
0:58:04	37,0	0,155	0,089	0,158	0,091	0,157	0,090	0,144	0,091	0,155	0,091	0,132	0,089	0,091	0,128	0,089	0,134	0,091	0,139	0,089	0,133	0,091	0,129	0,088	0,157	0,213	0,089	0,185	0,092	0,207	0,090	0,146	0,090	0,118	0,089	0,122	0,090	0,091	0,195	0,090	0,223	0,090	0,228	0,089	0,203	0,091	0,168	0,090	0,191	0,102	0,089	0,125	0,089	0,109	0,090	0,122	0,088	0,122	0,090	0,098	0,087	0,091	0,124	0,090	0,128	0,090	0,166	0,089	0,147	0,091	0,153	0,090	0,153	0,091	0,090	0,091	0,090	0,090	0,091	0,090	0,091	0,090	0,090	0,090	0,088	0,090	0,090	0,091	0,090	0,089	0,089	0,088	0,089	0,093	0,090	0,089	0,090
1:08:04	37,0	0,174	0,089	0,175	0,091	0,176	0,090	0,163	0,091	0,168	0,091	0,146	0,089	0,091	0,140	0,089	0,147	0,090	0,152	0,089	0,143	0,091	0,138	0,088	0,185	0,238	0,089	0,206	0,092	0,230	0,090	0,162	0,090	0,126	0,089	0,132	0,089	0,090	0,217	0,090	0,250	0,089	0,255	0,089	0,226	0,091	0,189	0,089	0,215	0,102	0,089	0,128	0,089	0,111	0,090	0,125	0,088	0,125	0,090	0,098	0,087	0,091	0,132	0,090	0,138	0,090	0,184	0,089	0,161	0,090	0,165	0,090	0,169	0,091	0,090	0,090	0,090	0,089	0,090	0,090	0,091	0,090	0,090	0,090	0,088	0,090	0,090	0,091	0,091	0,089	0,089	0,088	0,089	0,092	0,090	0,089	0,089
1:18:04	37,0	0,199	0,089	0,198	0,091	0,199	0,090	0,186	0,091	0,191	0,090	0,167	0,089	0,090	0,157	0,089	0,166	0,090	0,168	0,089	0,156	0,090	0,151	0,088	0,210	0,268	0,089	0,229	0,091	0,254	0,090	0,181	0,090	0,137	0,089	0,145	0,089	0,090	0,246	0,089	0,283	0,089	0,288	0,089	0,255	0,091	0,212	0,089	0,236	0,103	0,089	0,132	0,088	0,113	0,090	0,128	0,087	0,129	0,090	0,099	0,087	0,091	0,142	0,090	0,150	0,089	0,208	0,089	0,174	0,090	0,181	0,090	0,189	0,091	0,090	0,090	0,090	0,089	0,090	0,090	0,092	0,090	0,090	0,090	0,088	0,089	0,090	0,091	0,090	0,089	0,089	0,088	0,089	0,092	0,090	0,089	0,089
1:28:04	37,0	0,226	0,089	0,222	0,091	0,222	0,090	0,210	0,090	0,215	0,090	0,193	0,089	0,091	0,180	0,089	0,189	0,091	0,188	0,089	0,174	0,091	0,171	0,088	0,243	0,300	0,089	0,256	0,092	0,280	0,090	0,203	0,090	0,152	0,089	0,164	0,089	0,091	0,281	0,090	0,311	0,089	0,325	0,089	0,285	0,091	0,240	0,089	0,267	0,104	0,089	0,137	0,089	0,116	0,090	0,133	0,088	0,133	0,090	0,100	0,087	0,091	0,155	0,090	0,166	0,089	0,236	0,089	0,192	0,090	0,203	0,090	0,209	0,091	0,090	0,091	0,090	0,090	0,090	0,090	0,092	0,090	0,090	0,090	0,088	0,090	0,090	0,091	0,090	0,089	0,089	0,088	0,089	0,092	0,090	0,089	0,090
1:38:04	37,0	0,256	0,089	0,249	0,091	0,249	0,090	0,238	0,091	0,238	0,090	0,224	0,089	0,091	0,204	0,089	0,214	0,091	0,211	0,089	0,195	0,091	0,196	0,088	0,278	0,336	0,089	0,283	0,092	0,309	0,090	0,228	0,090	0,169	0,089	0,187	0,089	0,091	0,322	0,090	0,344	0,089	0,363	0,089	0,314	0,091	0,272	0,089	0,300	0,105	0,089	0,142	0,089	0,119	0,090	0,138	0,088	0,138	0,090	0,101	0,087	0,091	0,173	0,089	0,185	0,089	0,266	0,089	0,209	0,090	0,221	0,090	0,230	0,091	0,090	0,090	0,090	0,089	0,090	0,090	0,091	0,090	0,090	0,090	0,088	0,090	0,090	0,091	0,090	0,089	0,089	0,088	0,089	0,092	0,090	0,089	0,090
1:48:04	37,0	0,291	0,089	0,282	0,091	0,282	0,090	0,266	0,091	0,275	0,091	0,261	0,089	0,091	0,234	0,089	0,241	0,091	0,236	0,089	0,219	0,091	0,222	0,089	0,314	0,373	0,089	0,311	0,092	0,337	0,091	0,258	0,090	0,193	0,089	0,213	0,090	0,091	0,359	0,090	0,378	0,089	0,403	0,089	0,344	0,091	0,301	0,090	0,327	0,106	0,089	0,149	0,089	0,123	0,090	0,144	0,088	0,144	0,091	0,102	0,087	0,091	0,190	0,090	0,205	0,090	0,297	0,089	0,233	0,090	0,247	0,090	0,262	0,091	0,091	0,091	0,090	0,089	0,092	0,090	0,091	0,091	0,090	0,090	0,088	0,090	0,090	0,091	0,090	0,089	0,089	0,089	0,089	0,093	0,090	0,089	0,090
1:58:04	37,0	0,322	0,089	0,310	0,091	0,314	0,090	0,296	0,091	0,308	0,090	0,293	0,089	0,091	0,266	0,089	0,274	0,090	0,267	0,089	0,247	0,091	0,256	0,088	0,354	0,414	0,089	0,339	0,091	0,372	0,090	0,292	0,090	0,216	0,089	0,239	0,089	0,090	0,403	0,089	0,412	0,089	0,439	0,089	0,378	0,091	0,334	0,089	0,362	0,108	0,089	0,157	0,089	0,128	0,090	0,151	0,088	0,150	0,090	0,104	0,087	0,091	0,213	0,089	0,227	0,090	0,331	0,089	0,259	0,090	0,269	0,090	0,295	0,091	0,090	0,090	0,090	0,089	0,090	0,090	0,091	0,090	0,090	0,091	0,088	0,089	0,090	0,091	0,090	0,089	0,089	0,088	0,089	0,092	0,090	0,089	0,090
2:08:04	37,0	0,356	0,089	0,342	0,091	0,346	0,090	0,325	0,090	0,337	0,090	0,325	0,089	0,091	0,299	0,089	0,309	0,090	0,294	0,089	0,277	0,090	0,289	0,088	0,397	0,449	0,089	0,370	0,091	0,401	0,090	0,320	0,090	0,245	0,089	0,265	0,089	0,091	0,452	0,089	0,445	0,089	0,473	0,089	0,412	0,091	0,372	0,089	0,403	0,111	0,089	0,166	0,089	0,134	0,090	0,161	0,088	0,158	0,090	0,105	0,087	0,091	0,236	0,090	0,255	0,089	0,364	0,089	0,286	0,090	0,291	0,090	0,324	0,091	0,090	0,090	0,089	0,089	0,090	0,089	0,091	0,090	0,090	0,090	0,088	0,089	0,090	0,091	0,090	0,089	0,089	0,088	0,089	0,092	0,090	0,089	0,089
2:18:04	37,0	0,403	0,089	0,378	0,091	0,385	0,090	0,361	0,090	0,375	0,090	0,367	0,089	0,091	0,335	0,089	0,349	0,090	0,328	0,089	0,305	0,091	0,322	0,088	0,444	0,475	0,089	0,400	0,092	0,439	0,091	0,359	0,089	0,275	0,089	0,298	0,089	0,090	0,501	0,090	0,476	0,089	0,504	0,089	0,428	0,091	0,415	0,089	0,431	0,114	0,089	0,176	0,089	0,141	0,090	0,169	0,088	0,166	0,090	0,108	0,087	0,091	0,267	0,090	0,283	0,089	0,406	0,089	0,312	0,090	0,314	0,090	0,350	0,091	0,090	0,090	0,090	0,089	0,091	0,090	0,091	0,091	0,090	0,090	0,088	0,089	0,090	0,091	0,090	0,089	0,089	0,088	0,089	0,092	0,089	0,089	0,090
2:28:04	37,0	0,447	0,089	0,423	0,091	0,428	0,090	0,405	0,091	0,424	0,090	0,414	0,089	0,091	0,383	0,089	0,394	0,091	0,366	0,089	0,340	0,091	0,361	0,088	0,467	0,495	0,089	0,419	0,092	0,461	0,090	0,398	0,089	0,311	0,089	0,332	0,089	0,091	0,540	0,090	0,492	0,089	0,521	0,089	0,444	0,091	0,443	0,090	0,449	0,118	0,089	0,189	0,089	0,149	0,090	0,181	0,088	0,174	0,090	0,111	0,088	0,091	0,297	0,090	0,309	0,090	0,454	0,089	0,342	0,090	0,342	0,090	0,375	0,091	0,090	0,091	0,090	0,089	0,091	0,090	0,091	0,091	0,090	0,090	0,088	0,090	0,090	0,091	0,090	0,089	0,089	0,089	0,089	0,092	0,090	0,089	0,090
2:38:04	37,0	0,468	0,089	0,450	0,091	0,450	0,090	0,451	0,091	0,460	0,090	0,466	0,089	0,091	0,432	0,089	0,433	0,090	0,411	0,089	0,380	0,091	0,408	0,088	0,490	0,514	0,089	0,433	0,092	0,475	0,090	0,422	0,089	0,349	0,089	0,371	0,089	0,090	0,573	0,090	0,505	0,089	0,544	0,089	0,458	0,091	0,457	0,089	0,465	0,123	0,089	0,201	0,089	0,160	0,090	0,194	0,088	0,188	0,090	0,114	0,087	0,091	0,328	0,090	0,337	0,089	0,508	0,089	0,372	0,090	0,362	0,090	0,402	0,091	0,090	0,090	0,090	0,089	0,091	0,090	0,091	0,091	0,090	0,089	0,088	0,090	0,090	0,091	0,090	0,089	0,089	0,089	0,089	0,092	0,090	0,089	0,089
2:48:04	36,9	0,482	0,089	0,470	0,091	0,470	0,090	0,474	0,090	0,477	0,090	0,497	0,089	0,091	0,465	0,089	0,458	0,090	0,438	0,089	0,412	0,090	0,457	0,088	0,508	0,529	0,089	0,447	0,091	0,488	0,090	0,434	0,089	0,388	0,089	0,407	0,089	0,091	0,606	0,089	0,521	0,089	0,575	0,089	0,478	0,091	0,476	0,089	0,483	0,129	0,089	0,215	0,089	0,171	0,090	0,208	0,088	0,202	0,090	0,118	0,087	0,091	0,361	0,090	0,359	0,089	0,549	0,089	0,394	0,090	0,380	0,090	0,424	0,091	0,090	0,090	0,090	0,089	0,091	0,090	0,091	0,091	0,090	0,090	0,088	0,089	0,090	0,091	0,090	0,089	0,089	0,088	0,089	0,092	0,089	0,089	0,089
2:58:04	37,0	0,495	0,089	0,484	0,091	0,484	0,090	0,491	0,091	0,495	0,090	0,529	0,089	0,091	0,493	0,089	0,476	0,091	0,447	0,089	0,431	0,091	0,483	0,088	0,524	0,547	0,089	0,461	0,091	0,499	0,090	0,450	0,089	0,418	0,089	0,423	0,089	0,090	0,637	0,089	0,536	0,089	0,607	0,089	0,495	0,091	0,490	0,089	0,496	0,136	0,089	0,230	0,089	0,183	0,090	0,221	0,088	0,217	0,090	0,123	0,087	0,091	0,390	0,090	0,384	0,089	0,573	0,089	0,424	0,090	0,404	0,090	0,449	0,091	0,090	0,090	0,090	0,089	0,090	0,090	0,091	0,091	0,090	0,090	0,088	0,089	0,090	0,091	0,090	0,089	0,089	0,089	0,089	0,093	0,090	0,089	0,089
3:08:04	37,0	0,509	0,089	0,499	0,091	0,498	0,090	0,506	0,090	0,512	0,090	0,557	0,089	0,091	0,514	0,089	0,494	0,090	0,469	0,089	0,448	0,091	0,505	0,088	0,540	0,564	0,089	0,475	0,091	0,509	0,091	0,465	0,089	0,436	0,089	0,438	0,089	0,091	0,664	0,090	0,551	0,089	0,629	0,089	0,512	0,091	0,507	0,090	0,510	0,146	0,089	0,243	0,088	0,196	0,089	0,234	0,088	0,233	0,090	0,129	0,087	0,091	0,417	0,090	0,408	0,089	0,582	0,089	0,454	0,090	0,427	0,090	0,470	0,091	0,090	0,090	0,090	0,089	0,090	0,090	0,091	0,091	0,090	0,089	0,088	0,090	0,090	0,091	0,090	0,089	0,089	0,089	0,089	0,093	0,090	0,090	0,090
3:18:04	37,0	0,517	0,089	0,512	0,091	0,514	0,090	0,517	0,090	0,527	0,090	0,581	0,089	0,091	0,533	0,089	0,514	0,090	0,486	0,089	0,466	0,091	0,522	0,088	0,556	0,580	0,089	0,493	0,091	0,522	0,090	0,477	0,090	0,459	0,089	0,453	0,090	0,091	0,696	0,089	0,563	0,089	0,649	0,089	0,527	0,091	0,528	0,089	0,532	0,159	0,089	0,260	0,089	0,213	0,089	0,249	0,088	0,249	0,090	0,138	0,088	0,091	0,446	0,090	0,431	0,089	0,607	0,089	0,481	0,090	0,461	0,090	0,494	0,091	0,090	0,090	0,090	0,089	0,090	0,090	0,091	0,091	0,090	0,089	0,088	0,090	0,090	0,091	0,090	0,089	0,089	0,089	0,089	0,093	0,090	0,090	0,090
3:28:04	37,0	0,531	0,089	0,527	0,091	0,524	0,090	0,536	0,091	0,539	0,090	0,598	0,090	0,091	0,551	0,089	0,528	0,090	0,500	0,089	0,481	0,091	0,543	0,088	0,572	0,601	0,089	0,504	0,091	0,536	0,090	0,494	0,089	0,481	0,089	0,470	0,089	0,090	0,726	0,090	0,580	0,089	0,676	0,089	0,547	0,091	0,550	0,089	0,547	0,172	0,089	0,275	0,089	0,229	0,090	0,262	0,088	0,268	0,090	0,147	0,088	0,091	0,478	0,090	0,455	0,089	0,629	0,089	0,512	0,090	0,486	0,090	0,519	0,091	0,090	0,090	0,090	0,089	0,090	0,090	0,091	0,091	0,090	0,089	0,088	0,090	0,090	0,091	0,090	0,089	0,089	0,089	0,089	0,093	0,090	0,089	0,090
3:38:04	37,0	0,542	0,089	0,539	0,091	0,532	0,090	0,553	0,090	0,559	0,090	0,618	0,090	0,091	0,564	0,089	0,548	0,091	0,513	0,089	0,498	0,091	0,558	0,088	0,588	0,626	0,089	0,516	0,092	0,554	0,090	0,506	0,089	0,491	0,089	0,485	0,089	0,090	0,754	0,090	0,597	0,089	0,698	0,089	0,565	0,091	0,577	0,089	0,569	0,187	0,089	0,289	0,088	0,244	0,089	0,275	0,088	0,286	0,090	0,157	0,088	0,091	0,510	0,090	0,480	0,089	0,637	0,089	0,545	0,090	0,506	0,090	0,548	0,091	0,090	0,090	0,090	0,089	0,090	0,090	0,091	0,091	0,090	0,090	0,088	0,090	0,090	0,091	0,090	0,089	0,089	0,088	0,089	0,093	0,090	0,090	0,090
3:48:04	37,0	0,556	0,089	0,553	0,091	0,543	0,090	0,567	0,090	0,568	0,090	0,633	0,089	0,091	0,586	0,089	0,568	0,090	0,532	0,089	0,515	0,091	0,574	0,088	0,604	0,647	0,089	0,527	0,091	0,572	0,090	0,519	0,089	0,508	0,089	0,500	0,089	0,091	0,784	0,090	0,617	0,089	0,718	0,089	0,581	0,091	0,599	0,090	0,582	0,204	0,089	0,305	0,089	0,259	0,089	0,286	0,088	0,300	0,090	0,168	0,088	0,091	0,532	0,090	0,499	0,089	0,652	0,089	0,572	0,090	0,525	0,090	0,579	0,091	0,090	0,090	0,090	0,089	0,090	0,090	0,091	0,091	0,090	0,090	0,088	0,090	0,090	0,091	0,090	0,089	0,089	0,088	0,089	0,093	0,090	0,089	0,090
3:58:04	37,0	0,573	0,089	0,570	0,091	0,554	0,090	0,586	0,091	0,582	0,090	0,647	0,089	0,091	0,604	0,089	0,584	0,090	0,543	0,089	0,531	0,091	0,588	0,088	0,623	0,667	0,089	0,539	0,091	0,589	0,090	0,535	0,089	0,526	0,089	0,516	0,089	0,090	0,807	0,090	0,638	0,089	0,738	0,089	0,602	0,091	0,621	0,089	0,609	0,223	0,089	0,319	0,089	0,274	0,090	0,298	0,088	0,313	0,090	0,182	0,088	0,091	0,562	0,089	0,520	0,089	0,669	0,089	0,599	0,090	0,545	0,090	0,605	0,091	0,090	0,090	0,090	0,089	0,090	0,090	0,091	0,091	0,090	0,090	0,088	0,089	0,090	0,091	0,090	0,089	0,089	0,089	0,089	0,093	0,090	0,090	0,090
4:08:04	37,0	0,585	0,089	0,587	0,091	0,566	0,090	0,607	0,091	0,599	0,091	0,666	0,090	0,091	0,613	0,089	0,597	0,091	0,547	0,089	0,550	0,091	0,603	0,088	0,643	0,687	0,089	0,555	0,091	0,611	0,091	0,554	0,090	0,543	0,089	0,532	0,090	0,091	0,833	0,090	0,659	0,089	0,757	0,089	0,617	0,091	0,644	0,089	0,636	0,243	0,089	0,335	0,089	0,286	0,090	0,307	0,088	0,334	0,090	0,197	0,088	0,091	0,591	0,090	0,549	0,090	0,681	0,089	0,628	0,090	0,566	0,090	0,637	0,091	0,090	0,091	0,090	0,089	0,090	0,090	0,091	0,091	0,090	0,090	0,088	0,090	0,090	0,091	0,091	0,089	0,089	0,089	0,089	0,093	0,090	0,090	0,090
4:18:04	36,9	0,602	0,089	0,605	0,091	0,576	0,090	0,625	0,091	0,618	0,090	0,677	0,089	0,091	0,626	0,089	0,614	0,091	0,565	0,089	0,572	0,091	0,622	0,088	0,669	0,708	0,089	0,578	0,091	0,629	0,090	0,571	0,089	0,562	0,089	0,549	0,089	0,091	0,856	0,090	0,682	0,089	0,765	0,089	0,639	0,091	0,675	0,089	0,663	0,266	0,089	0,347	0,088	0,301	0,089	0,317	0,088	0,351	0,090	0,212	0,088	0,091	0,617	0,090	0,569	0,089	0,698	0,089	0,652	0,090	0,585	0,090	0,665	0,091	0,090	0,090	0,090	0,089	0,090	0,090	0,091	0,091	0,090	0,089	0,088	0,090	0,090	0,091	0,090	0,089	0,089	0,089	0,089	0,093	0,090	0,089	0,090
4:28:04	37,0	0,627	0,089	0,628	0,091	0,590	0,090	0,648	0,091	0,647	0,090	0,699	0,090	0,091	0,643	0,089	0,626	0,090	0,571	0,089	0,593	0,091	0,636	0,088	0,703	0,730	0,089	0,591	0,091	0,650	0,090	0,589	0,089	0,583	0,089	0,566	0,089	0,091	0,883	0,090	0,697	0,089	0,781	0,089	0,656	0,091	0,699	0,089	0,685	0,282	0,089	0,364	0,088	0,315	0,090	0,331	0,088	0,364	0,090	0,229	0,088	0,091	0,639	0,090	0,588	0,089	0,713	0,089	0,672	0,090	0,603	0,090	0,686	0,091	0,090	0,090	0,090	0,089	0,090	0,090	0,091	0,091	0,090	0,089	0,088	0,090	0,090	0,091	0,090	0,089	0,089	0,089	0,089	0,093	0,090	0,089	0,090
4:38:04	37,0	0,653	0,089	0,655	0,091	0,619	0,090	0,686	0,091	0,694	0,090	0,718	0,089	0,091	0,659	0,089	0,633	0,090	0,595	0,089	0,618	0,091	0,649	0,088	0,743	0,751	0,089	0,606	0,091	0,666	0,090	0,610	0,089	0,595	0,089	0,584	0,089	0,091	0,904	0,089	0,722	0,089	0,805	0,089	0,681	0,091	0,720	0,089	0,710	0,305	0,089	0,378	0,089	0,327	0,089	0,340	0,088	0,379	0,090	0,245	0,088	0,091	0,663	0,090	0,610	0,089	0,733	0,089	0,694	0,090	0,621	0,090	0,708	0,091	0,090	0,090	0,090	0,089	0,090	0,090	0,091	0,091	0,090	0,089	0,088	0,090	0,090	0,091	0,090	0,089	0,089	0,088	0,089	0,093	0,090	0,090	0,090
4:48:04	37,0	0,676	0,089	0,682	0,091	0,654	0,090	0,720	0,090	0,726	0,090	0,746	0,089	0,091	0,668	0,089	0,643	0,090	0,614	0,089	0,642	0,090	0,662	0,088	0,774	0,774	0,089	0,620	0,091	0,686	0,090	0,629	0,089	0,618	0,089	0,600	0,089	0,090	0,923	0,089	0,741	0,089	0,814	0,089	0,702	0,091	0,750	0,089	0,731	0,326	0,089	0,391	0,088	0,339	0,089	0,350	0,088	0,393	0,090	0,260	0,088	0,091	0,682	0,090	0,635	0,089	0,754	0,089	0,716	0,090	0,640	0,090	0,730	0,091	0,090	0,090	0,090	0,089	0,090	0,090	0,091	0,090	0,090	0,089	0,088	0,089	0,090	0,091	0,090	0,089	0,089	0,089	0,089	0,093	0,090	0,090	0,090
4:58:04	37,0	0,699	0,089	0,705	0,091	0,684	0,090	0,746	0,091	0,749	0,090	0,774	0,089	0,091	0,677	0,089	0,665	0,091	0,639	0,089	0,660	0,091	0,681	0,088	0,794	0,796	0,089	0,633	0,091	0,710	0,090	0,648	0,089	0,635	0,089	0,618	0,090	0,091	0,947	0,089	0,765	0,089	0,842	0,089	0,722	0,091	0,772	0,090	0,760	0,346	0,089	0,404	0,089	0,351	0,089	0,359	0,088	0,405	0,090	0,274	0,088	0,091	0,704	0,090	0,657	0,089	0,775	0,089	0,749	0,090	0,660	0,090	0,753	0,091	0,090	0,090	0,090	0,089	0,090	0,090	0,091	0,091	0,090	0,089	0,088	0,090	0,090	0,091	0,090	0,089	0,089	0,089	0,089	0,093	0,090	0,090	0,090
5:08:04	37,0	0,717	0,089	0,728	0,091	0,716	0,090	0,764	0,090	0,768	0,090	0,794	0,089	0,091	0,695	0,089	0,680	0,090	0,666	0,089	0,675	0,090	0,696	0,088	0,810	0,820	0,089	0,646	0,091	0,727	0,090	0,666	0,089	0,653	0,089	0,633	0,089	0,091	0,964	0,089	0,784	0,089	0,856	0,089	0,741	0,091	0,796	0,089	0,781	0,364	0,089	0,414	0,088	0,364	0,089	0,364	0,088	0,417	0,090	0,288	0,088	0,091	0,727	0,090	0,676	0,089	0,796	0,089	0,768	0,090	0,675	0,090	0,771	0,091	0,090	0,090	0,090	0,089	0,090	0,090	0,091	0,091	0,090	0,089	0,088	0,089	0,090	0,091	0,090	0,089	0,089	0,089	0,089	0,093	0,090	0,089	0,090
5:18:04	37,0	0,736	0,089	0,750	0,091	0,748	0,090	0,786	0,091	0,785	0,090	0,819	0,090	0,091	0,708	0,089	0,700	0,090	0,689	0,089	0,700	0,090	0,716	0,088	0,828	0,842	0,089	0,665	0,091	0,748	0,090	0,687	0,089	0,670	0,089	0,652	0,089	0,091	0,977	0,089	0,813	0,089	0,873	0,089	0,770	0,091	0,829	0,089	0,809	0,387	0,089	0,424	0,088	0,375	0,089	0,368	0,088	0,427	0,090	0,303	0,088	0,091	0,750	0,089	0,698	0,089	0,813	0,089	0,795	0,090	0,692	0,090	0,801	0,091	0,090	0,090	0,090	0,089	0,090	0,090	0,091	0,090	0,090	0,089	0,088	0,089	0,090	0,091	0,090	0,089	0,089	0,089	0,089	0,093	0,090	0,090	0,090
5:28:04	37,0	0,753	0,089	0,775	0,091	0,769	0,090	0,807	0,091	0,802	0,090	0,840	0,090	0,091	0,719	0,089	0,714	0,090	0,722	0,089	0,717	0,091	0,741	0,088	0,843	0,866	0,089	0,680	0,091	0,768	0,091	0,703	0,089	0,688	0,089	0,669	0,090	0,091	0,996	0,090	0,833	0,089	0,892	0,089	0,789	0,091	0,857	0,089	0,828	0,406	0,089	0,433	0,088	0,388	0,089	0,377	0,088	0,434	0,090	0,318	0,088	0,091	0,771	0,090	0,723	0,089	0,836	0,089	0,821	0,090	0,712	0,090	0,823	0,091	0,090	0,090	0,090	0,089	0,090	0,090	0,091	0,091	0,090	0,089	0,088	0,090	0,090	0,091	0,090	0,089	0,089	0,089	0,089	0,093	0,090	0,090	0,090
5:38:04	37,0	0,771	0,089	0,798	0,091	0,790	0,090	0,827	0,090	0,823	0,090	0,862	0,089	0,091	0,734	0,089	0,727	0,090	0,735	0,089	0,735	0,090	0,764	0,088	0,860	0,890	0,089	0,696	0,091	0,784	0,090	0,729	0,089	0,705	0,088	0,685	0,089	0,091	1,017	0,089	0,852	0,089	0,912	0,089	0,807	0,091	0,879	0,089	0,856	0,425	0,089	0,441	0,088	0,398	0,089	0,382	0,088	0,443	0,090	0,331	0,088	0,091	0,794	0,089	0,745	0,089	0,853	0,089	0,836	0,090	0,728	0,090	0,847	0,090	0,090	0,090	0,089	0,089	0,090	0,089	0,091	0,091	0,090	0,089	0,088	0,089	0,090	0,091	0,090	0,089	0,089	0,088	0,089	0,093	0,090	0,089	0,090
5:48:04	37,0	0,790	0,089	0,825	0,091	0,815	0,090	0,845	0,090	0,840	0,090	0,879	0,089	0,091	0,745	0,089	0,740	0,090	0,752	0,089	0,751	0,090	0,782	0,088	0,876	0,913	0,089	0,714	0,091	0,802	0,090	0,749	0,089	0,725	0,089	0,703	0,089	0,090	1,032	0,089	0,874	0,089	0,940	0,089	0,833	0,091	0,909	0,089	0,877	0,443	0,089	0,451	0,088	0,407	0,089	0,388	0,088	0,451	0,090	0,345	0,088	0,091	0,815	0,089	0,766	0,089	0,870	0,089	0,855	0,090	0,748	0,090	0,865	0,091	0,090	0,090	0,090	0,089	0,090	0,089	0,091	0,090	0,090	0,089	0,088	0,089	0,090	0,091	0,090	0,089	0,089	0,088	0,089	0,093	0,090	0,090	0,090
5:58:04	37,0	0,805	0,089	0,851	0,091	0,837	0,090	0,863	0,091	0,860	0,090	0,899	0,090	0,091	0,756	0,089	0,757	0,090	0,769	0,089	0,764	0,091	0,800	0,088	0,891	0,932	0,089	0,728	0,091	0,823	0,090	0,770	0,089	0,745	0,089	0,721	0,089	0,091	1,052	0,089	0,892	0,089	0,956	0,089	0,858	0,091	0,930	0,089	0,904	0,461	0,089	0,458	0,088	0,414	0,089	0,394	0,088	0,458	0,090	0,358	0,088	0,091	0,836	0,090	0,787	0,089	0,886	0,089	0,874	0,090	0,766	0,090	0,883	0,091	0,090	0,090	0,090	0,089	0,090	0,090	0,091	0,091	0,090	0,089	0,088	0,089	0,090	0,091	0,090	0,089	0,089	0,089	0,089	0,093	0,090	0,090	0,090
6:08:04	37,0	0,825	0,089	0,877	0,091	0,859	0,090	0,883	0,091	0,877	0,090	0,922	0,089	0,091	0,770	0,089	0,773	0,090	0,783	0,089	0,779	0,091	0,820	0,088	0,908	0,951	0,089	0,749	0,091	0,843	0,090	0,787	0,089	0,765	0,089	0,739	0,089	0,091	1,072	0,090	0,911	0,089	0,978	0,089	0,874	0,091	0,952	0,089	0,926	0,478	0,089	0,467	0,088	0,423	0,089	0,400	0,088	0,464	0,090	0,370	0,088	0,091	0,854	0,090	0,806	0,089	0,902	0,089	0,912	0,090	0,785	0,090	0,903	0,091	0,090	0,090	0,090	0,089	0,090	0,090	0,091	0,090	0,090	0,089	0,088	0,089	0,090	0,091	0,090	0,089	0,089	0,089	0,089	0,093	0,090	0,090	0,090
6:18:04	37,0	0,848	0,089	0,902	0,091	0,879	0,090	0,900	0,090	0,898	0,090	0,938	0,089	0,091	0,785	0,089	0,790	0,090	0,796	0,089	0,794	0,091	0,835	0,088	0,926	0,967	0,089	0,766	0,091	0,860	0,090	0,804	0,089	0,788	0,089	0,759	0,089	0,090	1,091	0,089	0,935	0,089	0,989	0,089	0,899	0,091	0,978	0,090	0,933	0,491	0,089	0,476	0,088	0,431	0,089	0,405	0,088	0,473	0,090	0,381	0,088	0,091	0,879	0,090	0,825	0,089	0,914	0,089	0,928	0,090	0,803	0,090	0,922	0,091	0,090	0,090	0,089	0,089	0,090	0,089	0,091	0,090	0,090	0,089	0,088	0,089	0,090	0,091	0,090	0,089	0,089	0,088	0,089	0,093	0,090	0,089	0,090
6:28:04	37,0	0,865	0,089	0,929	0,091	0,895	0,090	0,920	0,091	0,912	0,090	0,961	0,090	0,091	0,800	0,089	0,804	0,091	0,816	0,089	0,807	0,091	0,852	0,088	0,940	0,986	0,089	0,785	0,091	0,879	0,090	0,825	0,089	0,808	0,089	0,781	0,090	0,090	1,105	0,090	0,951	0,089	1,002	0,089	0,917	0,091	0,993	0,089	0,951	0,504	0,089	0,485	0,088	0,439	0,089	0,411	0,088	0,480	0,090	0,393	0,088	0,091	0,894	0,090	0,844	0,089	0,926	0,089	0,939	0,090	0,817	0,090	0,938	0,091	0,090	0,090	0,090	0,089	0,090	0,090	0,091	0,091	0,090	0,089	0,088	0,090	0,090	0,091	0,090	0,089	0,089	0,089	0,089	0,093	0,090	0,090	0,090
6:38:04	37,0	0,880	0,089	0,954	0,091	0,915	0,090	0,939	0,090	0,930	0,090	0,980	0,089	0,091	0,814	0,089	0,823	0,090	0,826	0,089	0,823	0,090	0,866	0,088	0,957	1,002	0,089	0,801	0,091	0,898	0,090	0,847	0,089	0,831	0,089	0,801	0,089	0,090	1,123	0,089	0,968	0,089	1,018	0,089	0,931	0,091	1,009	0,089	0,971	0,515	0,089	0,493	0,088	0,447	0,089	0,416	0,088	0,487	0,090	0,403	0,088	0,091	0,919	0,089	0,859	0,089	0,938	0,089	0,966	0,090	0,835	0,090	0,952	0,091	0,090	0,090	0,089	0,089	0,090	0,089	0,091	0,090	0,090	0,089	0,088	0,089	0,090	0,091	0,090	0,089	0,089	0,089	0,089	0,093	0,090	0,089	0,090
6:48:04	37,0	0,903	0,089	0,980	0,091	0,938	0,090	0,962	0,090	0,953	0,090	1,000	0,089	0,091	0,827	0,089	0,837	0,090	0,838	0,089	0,835	0,090	0,884	0,088	0,975	1,020	0,089	0,827	0,091	0,914	0,090	0,859	0,089	0,854	0,089	0,820	0,089	0,091	1,143	0,089	0,989	0,089	1,030	0,089	0,951	0,091	1,028	0,089	0,984	0,530	0,089	0,501	0,088	0,454	0,089	0,423	0,088	0,495	0,090	0,413	0,088	0,091	0,938	0,090	0,878	0,089	0,955	0,089	0,984	0,090	0,849	0,090	0,968	0,091	0,090	0,090	0,089	0,089	0,090	0,090	0,091	0,091	0,090	0,089	0,088	0,089	0,090	0,091	0,090	0,089	0,089	0,089	0,089	0,093	0,090	0,089	0,090
6:58:04	37,0	0,924	0,089	1,000	0,091	0,956	0,090	0,980	0,090	0,972	0,090	1,016	0,089	0,091	0,840	0,089	0,851	0,090	0,855	0,089	0,852	0,090	0,899	0,088	0,992	1,038	0,089	0,841	0,091	0,934	0,090	0,881	0,089	0,870	0,089	0,845	0,089	0,090	1,162	0,089	1,006	0,089	1,048	0,089	0,973	0,091	1,044	0,089	1,003	0,539	0,089	0,508	0,089	0,462	0,089	0,429	0,088	0,503	0,090	0,422	0,088	0,091	0,955	0,090	0,896	0,089	0,969	0,089	0,995	0,090	0,869	0,090	0,984	0,091	0,090	0,090	0,090	0,089	0,090	0,090	0,091	0,091	0,090	0,089	0,088	0,089	0,090	0,091	0,090	0,089	0,089	0,089	0,089	0,093	0,090	0,090	0,090
7:08:04	37,0	0,944	0,089	1,022	0,091	0,975	0,090	0,997	0,091	0,988	0,090	1,030	0,089	0,091	0,853	0,089	0,867	0,090	0,880	0,089	0,867	0,090	0,917	0,088	1,008	1,053	0,089	0,859	0,091	0,950	0,090	0,897	0,089	0,888	0,089	0,868	0,089	0,091	1,177	0,089	1,023	0,089	1,061	0,089	0,985	0,091	1,059	0,090	1,022	0,548	0,089	0,517	0,088	0,472	0,089	0,437	0,088	0,511	0,090	0,431	0,088	0,091	0,969	0,089	0,918	0,089	0,979	0,089	1,018	0,090	0,885	0,090	1,001	0,090	0,090	0,090	0,090	0,089	0,090	0,090	0,091	0,091	0,090	0,089	0,088	0,089	0,090	0,091	0,090	0,089	0,089	0,088	0,089	0,093	0,090	0,089	0,090
7:18:04	37,0	0,958	0,089	1,043	0,091	0,994	0,090	1,012	0,091	1,006	0,090	1,046	0,090	0,091	0,868	0,089	0,885	0,091	0,886	0,089	0,883	0,091	0,931	0,088	1,024	1,067	0,089	0,878	0,091	0,964	0,091	0,911	0,089	0,909	0,089	0,891	0,090	0,091	1,191	0,090	1,038	0,089	1,075	0,089	1,003	0,091	1,078	0,089	1,044	0,556	0,089	0,522	0,089	0,480	0,089	0,445	0,088	0,521	0,090	0,441	0,088	0,091	0,989	0,090	0,937	0,089	0,993	0,089	1,038	0,090	0,903	0,090	1,014	0,091	0,090	0,090	0,090	0,089	0,090	0,090	0,091	0,091	0,090	0,089	0,088	0,090	0,090	0,091	0,090	0,089	0,089	0,089	0,089	0,093	0,090	0,089	0,090
7:28:04	37,0	0,971	0,089	1,061	0,091	1,010	0,090	1,025	0,090	1,022	0,090	1,062	0,089	0,091	0,879	0,089	0,893	0,091	0,901	0,089	0,901	0,090	0,951	0,088	1,035	1,081	0,089	0,900	0,091	0,977	0,090	0,931	0,089	0,928	0,089	0,913	0,089	0,091	1,206	0,090	1,054	0,089	1,086	0,089	1,023	0,091	1,094	0,089	1,064	0,565	0,089	0,528	0,088	0,488	0,089	0,451	0,088	0,527	0,090	0,451	0,088	0,091	1,005	0,089	0,952	0,089	1,006	0,089	1,052	0,090	0,917	0,090	1,026	0,091	0,090	0,090	0,090	0,089	0,090	0,089	0,091	0,091	0,090	0,089	0,088	0,090	0,090	0,091	0,090	0,089	0,089	0,089	0,089	0,093	0,090	0,089	0,090
7:38:04	37,0	0,986	0,089	1,076	0,091	1,021	0,090	1,036	0,091	1,030	0,090	1,075	0,090	0,091	0,894	0,089	0,910	0,090	0,913	0,089	0,915	0,090	0,965	0,088	1,046	1,094	0,089	0,913	0,091	0,985	0,090	0,951	0,089	0,948	0,089	0,930	0,090	0,091	1,218	0,090	1,068	0,089	1,102	0,089	1,036	0,091	1,111	0,089	1,075	0,572	0,089	0,534	0,089	0,496	0,089	0,458	0,088	0,535	0,090	0,460	0,088	0,091	1,022	0,089	0,964	0,089	1,014	0,089	1,065	0,090	0,927	0,090	1,042	0,091	0,090	0,090	0,090	0,089	0,090	0,090	0,091	0,090	0,090	0,089	0,088	0,090	0,090	0,091	0,090	0,089	0,089	0,089	0,089	0,093	0,090	0,090	0,090
7:48:04	37,0	0,997	0,089	1,094	0,091	1,030	0,090	1,048	0,090	1,043	0,090	1,089	0,089	0,091	0,907	0,089	0,924	0,091	0,933	0,089	0,931	0,091	0,979	0,088	1,058	1,103	0,089	0,927	0,091	0,997	0,090	0,969	0,089	0,968	0,089	0,946	0,089	0,091	1,230	0,090	1,083	0,089	1,113	0,089	1,055	0,091	1,123	0,089	1,088	0,576	0,089	0,539	0,088	0,505	0,089	0,463	0,088	0,542	0,090	0,466	0,088	0,091	1,036	0,090	0,985	0,089	1,030	0,089	1,077	0,090	0,942	0,090	1,056	0,091	0,090	0,090	0,090	0,089	0,090	0,090	0,091	0,091	0,090	0,089	0,088	0,090	0,090	0,091	0,090	0,089	0,089	0,089	0,089	0,093	0,090	0,090	0,090
7:58:04	37,0	1,015	0,089	1,112	0,091	1,045	0,090	1,060	0,090	1,059	0,090	1,100	0,089	0,091	0,920	0,089	0,938	0,090	0,947	0,089	0,945	0,090	0,994	0,088	1,069	1,117	0,089	0,940	0,091	1,009	0,090	0,982	0,089	0,986	0,089	0,961	0,089	0,090	1,241	0,089	1,094	0,089	1,127	0,089	1,071	0,091	1,134	0,089	1,106	0,590	0,089	0,544	0,088	0,512	0,089	0,467	0,088	0,548	0,091	0,470	0,088	0,091	1,057	0,089	1,001	0,089	1,039	0,089	1,090	0,090	0,952	0,090	1,067	0,090	0,090	0,090	0,089	0,089	0,090	0,090	0,091	0,090	0,090	0,089	0,088	0,089	0,090	0,091	0,090	0,089	0,089	0,088	0,089	0,093	0,090	0,089	0,090
8:08:04	37,0	1,028	0,089	1,129	0,091	1,056	0,090	1,072	0,091	1,073	0,090	1,109	0,089	0,091	0,934	0,089	0,948	0,091	0,960	0,089	0,959	0,090	1,007	0,088	1,081	1,128	0,089	0,955	0,091	1,020	0,091	0,998	0,089	1,003	0,089	0,975	0,089	0,091	1,252	0,090	1,107	0,089	1,139	0,089	1,085	0,091	1,153	0,089	1,122	0,597	0,090	0,549	0,089	0,518	0,089	0,470	0,088	0,553	0,091	0,473	0,088	0,091	1,070	0,090	1,017	0,089	1,051	0,089	1,108	0,090	0,965	0,090	1,081	0,091	0,090	0,090	0,090	0,089	0,090	0,090	0,091	0,091	0,090	0,089	0,088	0,090	0,090	0,091	0,090	0,089	0,089	0,089	0,089	0,093	0,090	0,089	0,090
8:18:04	37,0	1,037	0,089	1,145	0,091	1,067	0,090	1,083	0,091	1,083	0,090	1,121	0,090	0,091	0,944	0,089	0,962	0,091	0,969	0,089	0,971	0,090	1,020	0,088	1,088	1,134	0,089	0,968	0,091	1,030	0,090	1,009	0,089	1,019	0,089	0,987	0,090	0,091	1,264	0,089	1,120	0,089	1,153	0,089	1,094	0,091	1,161	0,089	1,136	0,604	0,089	0,555	0,088	0,522	0,089	0,474	0,088	0,557	0,091	0,479	0,088	0,091	1,082	0,090	1,031	0,089	1,062	0,089	1,119	0,090	0,975	0,090	1,094	0,091	0,090	0,090	0,090	0,089	0,090	0,090	0,091	0,091	0,090	0,089	0,088	0,090	0,090	0,091	0,090	0,089	0,089	0,089	0,089	0,093	0,090	0,090	0,090
8:28:04	37,0	1,047	0,089	1,159	0,091	1,075	0,090	1,095	0,091	1,094	0,090	1,133	0,089	0,091	0,954	0,089	0,975	0,091	0,977	0,089	0,984	0,091	1,032	0,088	1,096	1,146	0,089	0,980	0,091	1,038	0,090	1,022	0,089	1,034	0,088	1,000	0,089	0,091	1,275	0,089	1,127	0,089	1,164	0,089	1,105	0,091	1,171	0,090	1,153	0,612	0,089	0,559	0,088	0,528	0,089	0,478	0,088	0,563	0,091	0,486	0,088	0,091	1,092	0,090	1,048	0,089	1,071	0,089	1,132	0,090	0,987	0,090	1,108	0,091	0,090	0,090	0,089	0,089	0,090	0,089	0,091	0,090	0,090	0,089	0,088	0,089	0,090	0,091	0,090	0,089	0,089	0,088	0,089	0,093	0,090	0,089	0,090
8:38:04	37,0	1,057	0,089	1,173	0,091	1,088	0,090	1,104	0,091	1,106	0,090	1,145	0,090	0,091	0,965	0,089	0,986	0,091	0,992	0,089	0,999	0,091	1,048	0,088	1,111	1,155	0,089	0,986	0,091	1,049	0,090	1,035	0,090	1,046	0,089	1,014	0,090	0,091	1,283	0,089	1,137	0,089	1,173	0,089	1,116	0,091	1,184	0,089	1,159	0,620	0,089	0,565	0,089	0,534	0,089	0,482	0,088	0,570	0,092	0,494	0,088	0,091	1,107	0,090	1,059	0,089	1,081	0,089	1,143	0,090	0,998	0,090	1,120	0,091	0,090	0,090	0,090	0,089	0,090	0,090	0,091	0,091	0,090	0,089	0,088	0,090	0,090	0,091	0,090	0,089	0,089	0,089	0,089	0,093	0,090	0,090	0,090
8:48:04	37,0	1,069	0,089	1,188	0,091	1,100	0,090	1,114	0,090	1,117	0,090	1,157	0,090	0,091	0,976	0,089	1,000	0,091	1,006	0,089	1,012	0,091	1,059	0,089	1,121	1,165	0,089	1,000	0,091	1,060	0,090	1,046	0,089	1,063	0,089	1,025	0,090	0,091	1,293	0,090	1,148	0,089	1,183	0,089	1,125	0,091	1,193	0,089	1,180	0,626	0,089	0,570	0,089	0,539	0,089	0,486	0,088	0,576	0,092	0,502	0,088	0,091	1,123	0,090	1,070	0,089	1,091	0,089	1,159	0,090	1,011	0,090	1,132	0,091	0,090	0,090	0,090	0,089	0,090	0,090	0,091	0,091	0,090	0,089	0,088	0,089	0,090	0,091	0,090	0,089	0,089	0,089	0,089	0,093	0,090	0,090	0,090
8:58:04	37,0	1,075	0,089	1,195	0,091	1,107	0,090	1,119	0,091	1,120	0,090	1,162	0,090	0,091	0,986	0,089	1,011	0,091	1,017	0,089	1,020	0,090	1,067	0,088	1,131	1,169	0,089	1,013	0,091	1,072	0,090	1,056	0,089	1,074	0,089	1,035	0,090	0,091	1,299	0,089	1,159	0,089	1,191	0,089	1,135	0,091	1,203	0,089	1,190	0,635	0,089	0,574	0,088	0,545	0,089	0,488	0,088	0,580	0,092	0,510	0,088	0,091	1,128	0,090	1,076	0,089	1,100	0,089	1,167	0,090	1,017	0,090	1,146	0,091	0,090	0,090	0,090	0,089	0,090	0,089	0,091	0,090	0,090	0,089	0,088	0,089	0,090	0,091	0,090	0,089	0,089	0,089	0,089	0,093	0,090	0,089	0,090
9:08:04	37,0	1,084	0,089	1,208	0,091	1,122	0,090	1,134	0,091	1,140	0,090	1,177	0,090	0,091	0,997	0,089	1,021	0,091	1,026	0,089	1,036	0,090	1,083	0,088	1,141	1,179	0,089	1,026	0,091	1,080	0,090	1,065	0,089	1,092	0,089	1,048	0,089	0,091	1,310	0,089	1,166	0,089	1,198	0,089	1,145	0,091	1,211	0,089	1,208	0,642	0,089	0,578	0,088	0,549	0,089	0,492	0,088	0,586	0,093	0,516	0,088	0,091	1,148	0,090	1,094	0,089	1,109	0,089	1,185	0,090	1,028	0,090	1,155	0,091	0,090	0,090	0,089	0,089	0,090	0,089	0,091	0,090	0,090	0,089	0,088	0,089	0,090	0,091	0,090	0,089	0,089	0,089	0,089	0,093	0,090	0,089	0,090
9:18:04	37,0	1,092	0,089	1,218	0,091	1,128	0,090	1,139	0,091	1,147	0,090	1,187	0,090	0,091	1,006	0,089	1,036	0,090	1,039	0,089	1,046	0,090	1,097	0,088	1,148	1,186	0,089	1,036	0,091	1,090	0,090	1,078	0,089	1,099	0,089	1,059	0,090	0,091	1,317	0,089	1,179	0,089	1,207	0,089	1,155	0,091	1,222	0,089	1,219	0,647	0,089	0,583	0,088	0,554	0,089	0,496	0,088	0,592	0,093	0,523	0,088	0,091	1,153	0,089	1,106	0,089	1,119	0,089	1,192	0,090	1,039	0,090	1,168	0,091	0,090	0,090	0,090	0,089	0,090	0,089	0,091	0,090	0,090	0,089	0,088	0,089	0,090	0,091	0,090	0,089	0,089	0,089	0,089	0,093	0,090	0,089	0,090
9:28:04	37,0	1,103	0,089	1,228	0,091	1,138	0,090	1,148	0,090	1,154	0,090	1,195	0,090	0,091	1,016	0,089	1,046	0,091	1,049	0,089	1,057	0,091	1,109	0,088	1,153	1,197	0,089	1,048	0,091	1,101	0,090	1,086	0,090	1,117	0,089	1,069	0,090	0,091	1,326	0,090	1,186	0,089	1,218	0,089	1,162	0,091	1,233	0,089	1,234	0,654	0,089	0,589	0,088	0,559	0,089	0,499	0,088	0,599	0,095	0,531	0,088	0,091	1,165	0,090	1,114	0,089	1,126	0,089	1,204	0,090	1,049	0,090	1,179	0,091	0,090	0,090	0,090	0,089	0,090	0,089	0,091	0,091	0,090	0,089	0,088	0,090	0,090	0,091	0,090	0,089	0,089	0,089	0,089	0,093	0,090	0,090	0,090
9:38:04	37,0	1,109	0,089	1,235	0,091	1,144	0,090	1,152	0,091	1,158	0,090	1,196	0,089	0,091	1,024	0,089	1,056	0,091	1,057	0,089	1,067	0,090	1,113	0,088	1,162	1,203	0,089	1,059	0,091	1,109	0,090	1,094	0,089	1,122	0,089	1,080	0,090	0,091	1,332	0,089	1,199	0,089	1,226	0,089	1,169	0,091	1,244	0,089	1,240	0,662	0,089	0,595	0,088	0,565	0,089	0,503	0,088	0,602	0,095	0,536	0,088	0,091	1,172	0,090	1,125	0,089	1,135	0,089	1,220	0,090	1,056	0,090	1,188	0,091	0,090	0,090	0,090	0,089	0,090	0,090	0,091	0,090	0,090	0,089	0,088	0,090	0,090	0,091	0,090	0,089	0,089	0,089	0,089	0,092	0,090	0,089	0,090
9:48:04	37,0	1,115	0,089	1,242	0,091	1,151	0,090	1,158	0,091	1,166	0,090	1,202	0,090	0,091	1,032	0,089	1,066	0,090	1,072	0,089	1,077	0,091	1,124	0,088	1,169	1,212	0,089	1,073	0,091	1,119	0,090	1,102	0,089	1,135	0,089	1,089	0,089	0,091	1,338	0,089	1,207	0,089	1,234	0,089	1,179	0,090	1,251	0,089	1,250	0,669	0,089	0,601	0,089	0,570	0,089	0,506	0,088	0,608	0,097	0,544	0,088	0,091	1,183	0,089	1,134	0,089	1,142	0,089	1,226	0,090	1,064	0,090	1,194	0,091	0,090	0,090	0,089	0,089	0,090	0,090	0,091	0,090	0,090	0,089	0,088	0,090	0,090	0,091	0,090	0,089	0,089	0,089	0,089	0,093	0,090	0,090	0,090
9:58:04	37,0	1,121	0,089	1,251	0,091	1,159	0,090	1,169	0,091	1,175	0,090	1,211	0,090	0,091	1,042	0,089	1,075	0,091	1,080	0,089	1,089	0,091	1,137	0,089	1,180	1,220	0,089	1,078	0,091	1,126	0,090	1,112	0,089	1,147	0,089	1,100	0,090	0,091	1,346	0,090	1,217	0,089	1,241	0,089	1,189	0,091	1,260	0,089	1,261	0,676	0,090	0,607	0,089	0,574	0,089	0,509	0,088	0,612	0,098	0,550	0,088	0,091	1,198	0,090	1,147	0,089	1,149	0,089	1,237	0,090	1,072	0,090	1,205	0,091	0,090	0,090	0,090	0,089	0,090	0,090	0,091	0,091	0,090	0,089	0,088	0,090	0,090	0,091	0,090	0,089	0,089	0,089	0,089	0,093	0,090	0,090	0,090
10:08:04	37,0	1,125	0,089	1,257	0,091	1,168	0,090	1,177	0,091	1,186	0,091	1,221	0,090	0,091	1,051	0,089	1,086	0,091	1,090	0,089	1,098	0,091	1,146	0,089	1,189	1,226	0,089	1,089	0,091	1,138	0,090	1,121	0,089	1,161	0,089	1,110	0,090	0,091	1,351	0,090	1,225	0,089	1,250	0,089	1,195	0,091	1,265	0,089	1,272	0,682	0,090	0,614	0,089	0,579	0,089	0,513	0,088	0,617	0,100	0,558	0,088	0,091	1,208	0,090	1,156	0,089	1,157	0,089	1,246	0,090	1,086	0,090	1,215	0,091	0,090	0,090	0,090	0,089	0,090	0,090	0,091	0,090	0,090	0,089	0,088	0,090	0,090	0,091	0,090	0,089	0,089	0,089	0,089	0,093	0,090	0,090	0,090
10:18:04	37,0	1,131	0,089	1,267	0,091	1,176	0,090	1,182	0,091	1,192	0,090	1,234	0,090	0,091	1,059	0,089	1,096	0,091	1,098	0,089	1,109	0,091	1,159	0,088	1,195	1,234	0,089	1,100	0,091	1,145	0,090	1,128	0,090	1,172	0,089	1,121	0,090	0,091	1,358	0,089	1,236	0,089	1,255	0,089	1,203	0,091	1,273	0,089	1,283	0,688	0,089	0,618	0,089	0,583	0,089	0,517	0,088	0,623	0,102	0,566	0,088	0,091	1,221	0,090	1,165	0,089	1,164	0,089	1,254	0,089	1,095	0,090	1,220	0,091	0,090	0,090	0,090	0,089	0,090	0,089	0,091	0,091	0,090	0,089	0,088	0,090	0,090	0,091	0,090	0,089	0,089	0,089	0,089	0,093	0,090	0,090	0,090
10:28:04	37,0	1,136	0,089	1,269	0,091	1,184	0,090	1,188	0,090	1,198	0,090	1,233	0,090	0,091	1,067	0,089	1,106	0,091	1,108	0,089	1,117	0,090	1,166	0,088	1,202	1,240	0,089	1,113	0,091	1,153	0,090	1,138	0,089	1,179	0,089	1,131	0,090	0,091	1,366	0,089	1,245	0,089	1,261	0,089	1,212	0,091	1,275	0,089	1,293	0,692	0,089	0,622	0,088	0,587	0,089	0,521	0,088	0,629	0,105	0,572	0,088	0,091	1,232	0,089	1,175	0,089	1,171	0,089	1,264	0,090	1,103	0,090	1,222	0,091	0,090	0,090	0,089	0,089	0,090	0,089	0,090	0,090	0,090	0,089	0,088	0,090	0,090	0,091	0,090	0,089	0,089	0,089	0,089	0,092	0,090	0,089	0,090
10:38:04	37,0	1,143	0,089	1,274	0,091	1,192	0,090	1,195	0,091	1,207	0,090	1,241	0,090	0,091	1,075	0,089	1,116	0,090	1,117	0,089	1,128	0,091	1,176	0,088	1,207	1,248	0,089	1,120	0,091	1,161	0,090	1,148	0,089	1,191	0,089	1,141	0,090	0,091	1,374	0,089	1,252	0,089	1,269	0,089	1,220	0,091	1,283	0,089	1,305	0,699	0,089	0,627	0,088	0,592	0,089	0,525	0,088	0,634	0,109	0,579	0,088	0,091	1,243	0,090	1,189	0,089	1,179	0,089	1,277	0,090	1,113	0,090	1,237	0,091	0,090	0,090	0,089	0,089	0,090	0,089	0,091	0,090	0,090	0,089	0,088	0,090	0,090	0,091	0,090	0,089	0,089	0,089	0,089	0,093	0,090	0,090	0,090
10:48:04	37,0	1,149	0,089	1,278	0,091	1,197	0,090	1,203	0,091	1,212	0,090	1,247	0,090	0,091	1,082	0,089	1,126	0,091	1,126	0,089	1,137	0,091	1,184	0,088	1,218	1,254	0,089	1,129	0,091	1,169	0,091	1,155	0,089	1,202	0,089	1,152	0,090	0,091	1,377	0,089	1,261	0,089	1,278	0,089	1,227	0,091	1,291	0,089	1,316	0,707	0,089	0,633	0,088	0,597	0,089	0,528	0,088	0,639	0,113	0,586	0,088	0,091	1,253	0,090	1,196	0,089	1,185	0,089	1,282	0,090	1,124	0,090	1,243	0,091	0,090	0,090	0,089	0,089	0,090	0,090	0,091	0,090	0,090	0,089	0,088	0,089	0,090	0,091	0,090	0,089	0,089	0,089	0,089	0,093	0,090	0,090	0,090
10:58:04	37,0	1,151	0,089	1,282	0,091	1,203	0,090	1,210	0,091	1,218	0,090	1,249	0,090	0,091	1,090	0,089	1,137	0,090	1,134	0,089	1,145	0,090	1,189	0,088	1,218	1,258	0,089	1,138	0,091	1,179	0,090	1,161	0,089	1,209	0,089	1,162	0,089	0,091	1,381	0,089	1,270	0,089	1,286	0,089	1,237	0,091	1,296	0,089	1,317	0,713	0,089	0,637	0,088	0,603	0,089	0,529	0,088	0,643	0,119	0,592	0,088	0,091	1,260	0,089	1,206	0,089	1,190	0,089	1,288	0,090	1,131	0,090	1,251	0,091	0,090	0,090	0,090	0,089	0,090	0,090	0,091	0,090	0,090	0,089	0,088	0,090	0,090	0,091	0,090	0,089	0,089	0,089	0,089	0,092	0,090	0,089	0,090
11:08:04	37,0	1,158	0,089	1,285	0,091	1,208	0,090	1,214	0,091	1,222	0,090	1,252	0,090	0,091	1,097	0,089	1,140	0,091	1,143	0,089	1,152	0,091	1,197	0,088	1,227	1,266	0,089	1,147	0,091	1,186	0,091	1,169	0,089	1,220	0,089	1,171	0,090	0,091	1,387	0,089	1,274	0,089	1,292	0,089	1,246	0,091	1,307	0,089	1,324	0,719	0,090	0,641	0,089	0,607	0,089	0,535	0,088	0,648	0,126	0,598	0,088	0,091	1,268	0,090	1,211	0,089	1,197	0,089	1,298	0,090	1,139	0,090	1,264	0,091	0,090	0,090	0,089	0,089	0,090	0,090	0,091	0,091	0,090	0,089	0,088	0,090	0,090	0,091	0,090	0,089	0,089	0,089	0,089	0,093	0,090	0,090	0,090
11:18:04	37,0	1,160	0,089	1,285	0,091	1,213	0,090	1,219	0,091	1,226	0,090	1,256	0,090	0,091	1,103	0,089	1,150	0,091	1,147	0,089	1,160	0,091	1,203	0,089	1,233	1,270	0,089	1,156	0,091	1,192	0,090	1,177	0,089	1,230	0,089	1,181	0,090	0,091	1,392	0,089	1,282	0,089	1,300	0,089	1,251	0,091	1,311	0,089	1,333	0,729	0,089	0,645	0,088	0,613	0,089	0,537	0,088	0,657	0,133	0,605	0,088	0,091	1,277	0,090	1,220	0,089	1,204	0,089	1,301	0,090	1,148	0,090	1,267	0,091	0,090	0,090	0,090	0,089	0,090	0,090	0,091	0,090	0,090	0,089	0,088	0,089	0,090	0,091	0,090	0,089	0,089	0,089	0,089	0,093	0,090	0,089	0,090
11:28:04	36,9	1,165	0,089	1,290	0,091	1,217	0,090	1,224	0,091	1,232	0,090	1,262	0,090	0,091	1,109	0,089	1,154	0,091	1,152	0,089	1,167	0,091	1,210	0,088	1,239	1,273	0,089	1,166	0,091	1,200	0,090	1,181	0,089	1,238	0,089	1,190	0,090	0,091	1,396	0,089	1,288	0,089	1,306	0,089	1,256	0,091	1,321	0,089	1,341	0,734	0,089	0,650	0,088	0,618	0,089	0,540	0,088	0,662	0,141	0,611	0,088	0,091	1,284	0,090	1,228	0,089	1,210	0,089	1,305	0,090	1,157	0,090	1,277	0,091	0,090	0,090	0,089	0,089	0,090	0,089	0,091	0,091	0,090	0,089	0,088	0,090	0,090	0,091	0,090	0,089	0,089	0,089	0,089	0,092	0,090	0,089	0,090
11:38:04	37,0	1,167	0,089	1,292	0,091	1,220	0,090	1,228	0,091	1,237	0,090	1,267	0,090	0,091	1,114	0,089	1,166	0,091	1,164	0,089	1,173	0,090	1,214	0,088	1,243	1,280	0,089	1,172	0,091	1,206	0,090	1,191	0,089	1,244	0,089	1,198	0,090	0,091	1,399	0,090	1,295	0,089	1,312	0,089	1,262	0,091	1,326	0,089	1,343	0,740	0,089	0,653	0,088	0,623	0,089	0,542	0,088	0,668	0,151	0,616	0,088	0,091	1,291	0,089	1,236	0,089	1,216	0,089	1,312	0,090	1,162	0,090	1,281	0,091	0,090	0,090	0,090	0,089	0,090	0,090	0,091	0,090	0,090	0,089	0,088	0,090	0,090	0,091	0,090	0,089	0,089	0,089	0,089	0,093	0,090	0,090	0,090
11:48:04	37,0	1,169	0,089	1,290	0,091	1,225	0,090	1,234	0,091	1,242	0,091	1,270	0,090	0,091	1,121	0,089	1,169	0,091	1,170	0,089	1,181	0,091	1,222	0,089	1,247	1,285	0,089	1,180	0,091	1,217	0,090	1,198	0,090	1,255	0,089	1,208	0,090	0,091	1,403	0,090	1,302	0,089	1,322	0,089	1,272	0,091	1,328	0,089	1,345	0,747	0,089	0,658	0,089	0,629	0,089	0,544	0,088	0,672	0,163	0,622	0,088	0,091	1,300	0,090	1,244	0,089	1,221	0,089	1,319	0,090	1,171	0,090	1,284	0,091	0,090	0,090	0,090	0,089	0,090	0,090	0,091	0,091	0,090	0,089	0,088	0,090	0,090	0,091	0,090	0,089	0,089	0,089	0,089	0,093	0,090	0,090	0,090
11:58:04	37,0	1,173	0,089	1,292	0,091	1,228	0,090	1,235	0,091	1,240	0,090	1,265	0,090	0,091	1,125	0,089	1,173	0,091	1,178	0,089	1,184	0,091	1,224	0,089	1,244	1,287	0,089	1,189	0,091	1,222	0,090	1,202	0,090	1,260	0,089	1,215	0,090	0,091	1,405	0,090	1,307	0,089	1,324	0,089	1,278	0,091	1,336	0,089	1,347	0,753	0,089	0,661	0,089	0,633	0,089	0,549	0,088	0,675	0,174	0,624	0,088	0,091	1,304	0,090	1,248	0,089	1,226	0,089	1,324	0,090	1,177	0,090	1,296	0,091	0,090	0,090	0,090	0,089	0,090	0,089	0,091	0,091	0,090	0,089	0,088	0,090	0,090	0,091	0,090	0,089	0,089	0,089	0,089	0,093	0,090	0,090	0,090
12:08:04	37,0	1,175	0,089	1,293	0,091	1,226	0,090	1,238	0,090	1,243	0,090	1,269	0,089	0,091	1,128	0,089	1,175	0,090	1,184	0,089	1,189	0,090	1,228	0,088	1,249	1,291	0,089	1,196	0,091	1,229	0,090	1,210	0,089	1,271	0,089	1,223	0,090	0,091	1,407	0,089	1,313	0,089	1,331	0,089	1,283	0,091	1,341	0,089	1,347	0,758	0,089	0,666	0,088	0,638	0,089	0,551	0,088	0,680	0,187	0,629	0,088	0,091	1,308	0,090	1,253	0,089	1,229	0,089	1,331	0,090	1,181	0,090	1,301	0,091	0,090	0,090	0,090	0,089	0,090	0,090	0,091	0,090	0,090	0,089	0,088	0,090	0,090	0,091	0,090	0,089	0,089	0,089	0,089	0,092	0,090	0,090	0,090
12:18:04	37,0	1,178	0,089	1,291	0,091	1,232	0,090	1,243	0,091	1,247	0,090	1,272	0,090	0,091	1,133	0,089	1,182	0,091	1,185	0,089	1,195	0,091	1,232	0,088	1,254	1,296	0,089	1,208	0,091	1,236	0,090	1,216	0,089	1,277	0,089	1,230	0,090	0,091	1,411	0,090	1,320	0,089	1,335	0,089	1,288	0,091	1,350	0,089	1,351	0,763	0,090	0,671	0,089	0,642	0,089	0,555	0,088	0,686	0,198	0,635	0,088	0,091	1,314	0,090	1,261	0,089	1,236	0,089	1,334	0,090	1,185	0,090	1,308	0,091	0,090	0,090	0,090	0,089	0,090	0,090	0,091	0,090	0,090	0,089	0,088	0,090	0,090	0,091	0,090	0,089	0,089	0,089	0,089	0,093	0,090	0,090	0,090
12:28:04	37,0	1,181	0,089	1,294	0,091	1,238	0,090	1,250	0,091	1,256	0,090	1,285	0,090	0,091	1,139	0,089	1,188	0,091	1,190	0,089	1,203	0,090	1,241	0,089	1,261	1,303	0,089	1,213	0,091	1,243	0,090	1,224	0,089	1,287	0,089	1,237	0,090	0,091	1,416	0,089	1,327	0,089	1,342	0,089	1,293	0,091	1,349	0,089	1,359	0,771	0,089	0,673	0,088	0,646	0,089	0,558	0,088	0,690	0,210	0,641	0,088	0,091	1,325	0,089	1,269	0,089	1,242	0,089	1,339	0,090	1,196	0,090	1,307	0,091	0,090	0,090	0,090	0,089	0,090	0,089	0,090	0,090	0,090	0,089	0,088	0,089	0,090	0,091	0,090	0,089	0,089	0,089	0,089	0,092	0,090	0,089	0,090
12:38:04	37,0	1,183	0,089	1,294	0,092	1,239	0,090	1,252	0,091	1,252	0,091	1,280	0,090	0,091	1,143	0,089	1,193	0,091	1,197	0,089	1,208	0,091	1,244	0,088	1,261	1,306	0,089	1,220	0,091	1,248	0,090	1,230	0,089	1,295	0,089	1,244	0,090	0,091	1,420	0,089	1,332	0,089	1,348	0,089	1,300	0,091	1,356	0,089	1,360	0,775	0,089	0,677	0,089	0,651	0,089	0,563	0,088	0,694	0,223	0,648	0,088	0,091	1,328	0,090	1,271	0,089	1,248	0,089	1,344	0,090	1,202	0,090	1,312	0,091	0,090	0,090	0,090	0,089	0,090	0,090	0,091	0,091	0,090	0,089	0,088	0,090	0,090	0,091	0,090	0,089	0,089	0,089	0,089	0,093	0,090	0,090	0,090
12:48:04	37,0	1,186	0,089	1,295	0,091	1,242	0,090	1,257	0,090	1,257	0,091	1,282	0,089	0,091	1,148	0,089	1,199	0,091	1,203	0,089	1,211	0,090	1,247	0,088	1,266	1,310	0,089	1,228	0,091	1,254	0,090	1,235	0,089	1,303	0,089	1,251	0,090	0,091	1,423	0,089	1,337	0,089	1,352	0,089	1,306	0,091	1,360	0,089	1,365	0,780	0,089	0,679	0,089	0,656	0,089	0,565	0,088	0,698	0,236	0,653	0,088	0,091	1,331	0,090	1,279	0,089	1,252	0,089	1,351	0,090	1,209	0,090	1,315	0,091	0,090	0,090	0,090	0,089	0,090	0,089	0,091	0,090	0,090	0,089	0,088	0,089	0,090	0,091	0,090	0,089	0,089	0,089	0,089	0,092	0,090	0,089	0,090
12:58:04	37,0	1,188	0,089	1,294	0,091	1,244	0,090	1,261	0,091	1,261	0,090	1,286	0,090	0,091	1,150	0,089	1,203	0,091	1,208	0,089	1,216	0,091	1,252	0,089	1,269	1,313	0,089	1,235	0,091	1,260	0,090	1,242	0,089	1,313	0,089	1,259	0,090	0,091	1,427	0,089	1,343	0,089	1,359	0,089	1,311	0,091	1,364	0,089	1,366	0,787	0,089	0,684	0,089	0,659	0,089	0,569	0,088	0,701	0,248	0,657	0,089	0,092	1,337	0,089	1,284	0,089	1,258	0,089	1,355	0,090	1,214	0,090	1,323	0,091	0,090	0,090	0,090	0,089	0,090	0,090	0,091	0,091	0,090	0,089	0,088	0,090	0,090	0,091	0,090	0,089	0,089	0,089	0,089	0,093	0,090	0,090	0,090
13:08:04	37,0	1,190	0,089	1,293	0,091	1,244	0,090	1,261	0,091	1,262	0,091	1,285	0,090	0,091	1,154	0,089	1,209	0,091	1,212	0,089	1,222	0,091	1,254	0,089	1,270	1,319	0,089	1,239	0,091	1,266	0,090	1,248	0,089	1,323	0,089	1,264	0,090	0,091	1,430	0,089	1,347	0,089	1,364	0,089	1,318	0,091	1,364	0,089	1,365	0,792	0,089	0,687	0,089	0,665	0,089	0,572	0,088	0,702	0,263	0,662	0,088	0,091	1,340	0,089	1,290	0,089	1,263	0,089	1,358	0,090	1,219	0,090	1,332	0,091	0,090	0,090	0,090	0,089	0,090	0,090	0,091	0,091	0,090	0,089	0,088	0,090	0,090	0,091	0,090	0,089	0,089	0,089	0,089	0,093	0,090	0,090	0,090
13:18:04	37,0	1,192	0,089	1,292	0,091	1,245	0,090	1,261	0,091	1,264	0,090	1,282	0,090	0,091	1,158	0,089	1,213	0,091	1,216	0,089	1,224	0,091	1,258	0,089	1,275	1,321	0,089	1,244	0,091	1,271	0,090	1,252	0,090	1,327	0,089	1,269	0,090	0,091	1,433	0,089	1,352	0,089	1,368	0,089	1,321	0,091	1,372	0,089	1,369	0,797	0,090	0,689	0,089	0,668	0,089	0,577	0,088	0,708	0,277	0,666	0,089	0,091	1,348	0,089	1,292	0,089	1,265	0,089	1,363	0,090	1,222	0,090	1,337	0,091	0,090	0,090	0,090	0,089	0,090	0,090	0,091	0,090	0,090	0,089	0,088	0,090	0,090	0,091	0,090	0,089	0,089	0,089	0,089	0,093	0,090	0,089	0,090
13:28:04	37,0	1,195	0,089	1,293	0,091	1,245	0,090	1,258	0,091	1,262	0,091	1,282	0,090	0,091	1,161	0,089	1,214	0,091	1,220	0,089	1,228	0,091	1,261	0,089	1,273	1,326	0,089	1,252	0,091	1,277	0,091	1,258	0,089	1,331	0,089	1,274	0,090	0,091	1,433	0,089	1,357	0,089	1,372	0,089	1,325	0,091	1,376	0,089	1,371	0,802	0,089	0,694	0,089	0,672	0,089	0,580	0,088	0,712	0,292	0,671	0,089	0,091	1,350	0,090	1,297	0,089	1,269	0,089	1,364	0,090	1,224	0,090	1,345	0,091	0,090	0,090	0,090	0,089	0,090	0,090	0,091	0,091	0,090	0,089	0,088	0,090	0,090	0,091	0,090	0,089	0,089	0,089	0,089	0,092	0,090	0,090	0,090
13:38:04	37,0	1,196	0,089	1,293	0,091	1,246	0,090	1,262	0,091	1,265	0,090	1,283	0,090	0,091	1,163	0,089	1,224	0,091	1,223	0,089	1,232	0,090	1,263	0,089	1,274	1,329	0,089	1,256	0,091	1,284	0,090	1,263	0,089	1,332	0,089	1,277	0,090	0,091	1,437	0,089	1,361	0,089	1,376	0,089	1,330	0,091	1,382	0,089	1,372	0,809	0,089	0,698	0,088	0,676	0,089	0,582	0,088	0,716	0,306	0,674	0,088	0,091	1,355	0,089	1,301	0,089	1,274	0,089	1,371	0,090	1,230	0,090	1,348	0,091	0,090	0,090	0,089	0,089	0,090	0,090	0,091	0,090	0,090	0,089	0,088	0,090	0,090	0,091	0,090	0,089	0,089	0,089	0,089	0,092	0,090	0,089	0,090
13:48:04	36,9	1,197	0,089	1,293	0,091	1,248	0,090	1,264	0,091	1,266	0,090	1,285	0,090	0,091	1,167	0,089	1,224	0,091	1,229	0,089	1,236	0,091	1,265	0,088	1,275	1,333	0,089	1,262	0,091	1,288	0,090	1,270	0,089	1,339	0,089	1,283	0,090	0,091	1,440	0,089	1,366	0,089	1,382	0,089	1,334	0,091	1,381	0,089	1,375	0,817	0,089	0,702	0,089	0,680	0,089	0,585	0,088	0,720	0,323	0,679	0,088	0,091	1,361	0,089	1,305	0,089	1,281	0,089	1,376	0,090	1,237	0,090	1,353	0,091	0,090	0,090	0,090	0,089	0,090	0,090	0,091	0,090	0,090	0,089	0,088	0,090	0,090	0,091	0,090	0,089	0,089	0,089	0,089	0,093	0,090	0,090	0,090
13:58:04	37,0	1,200	0,089	1,290	0,092	1,248	0,090	1,262	0,091	1,265	0,091	1,284	0,090	0,091	1,169	0,089	1,227	0,091	1,233	0,089	1,238	0,091	1,268	0,089	1,276	1,338	0,089	1,268	0,091	1,297	0,091	1,274	0,089	1,341	0,089	1,288	0,090	0,091	1,442	0,090	1,369	0,089	1,386	0,089	1,339	0,091	1,382	0,089	1,378	0,824	0,089	0,706	0,089	0,685	0,089	0,591	0,088	0,723	0,343	0,683	0,089	0,091	1,365	0,090	1,311	0,089	1,287	0,089	1,378	0,090	1,243	0,090	1,356	0,091	0,090	0,090	0,090	0,089	0,090	0,090	0,091	0,091	0,090	0,089	0,088	0,090	0,090	0,091	0,090	0,089	0,089	0,089	0,089	0,093	0,090	0,090	0,090
14:08:04	37,0	1,200	0,089	1,289	0,091	1,248	0,090	1,266	0,091	1,265	0,091	1,286	0,090	0,091	1,173	0,089	1,233	0,091	1,237	0,089	1,242	0,091	1,271	0,089	1,281	1,339	0,089	1,273	0,091	1,301	0,090	1,276	0,089	1,345	0,089	1,292	0,090	0,091	1,444	0,089	1,373	0,089	1,390	0,089	1,343	0,091	1,388	0,090	1,381	0,827	0,089	0,708	0,089	0,689	0,089	0,594	0,088	0,726	0,357	0,687	0,089	0,091	1,369	0,090	1,315	0,089	1,288	0,089	1,379	0,090	1,250	0,090	1,360	0,091	0,090	0,090	0,090	0,089	0,090	0,089	0,091	0,090	0,090	0,089	0,088	0,090	0,090	0,091	0,090	0,089	0,089	0,089	0,089	0,093	0,090	0,090	0,090
14:18:04	37,0	1,200	0,089	1,289	0,092	1,248	0,090	1,269	0,091	1,266	0,091	1,288	0,090	0,091	1,177	0,089	1,234	0,091	1,241	0,089	1,245	0,091	1,273	0,089	1,284	1,343	0,089	1,278	0,091	1,306	0,090	1,283	0,089	1,350	0,089	1,296	0,090	0,091	1,446	0,089	1,377	0,089	1,393	0,089	1,347	0,091	1,391	0,089	1,381	0,831	0,090	0,710	0,089	0,693	0,089	0,597	0,088	0,730	0,374	0,691	0,089	0,091	1,373	0,090	1,319	0,089	1,294	0,089	1,387	0,090	1,255	0,090	1,362	0,091	0,090	0,090	0,090	0,089	0,090	0,090	0,091	0,090	0,090	0,089	0,088	0,090	0,090	0,091	0,090	0,089	0,089	0,089	0,089	0,092	0,090	0,089	0,090
14:28:04	37,0	1,201	0,089	1,288	0,092	1,248	0,090	1,269	0,091	1,265	0,091	1,294	0,090	0,091	1,180	0,089	1,234	0,091	1,244	0,089	1,246	0,091	1,276	0,089	1,286	1,344	0,089	1,285	0,091	1,310	0,091	1,286	0,089	1,353	0,089	1,300	0,090	0,091	1,448	0,090	1,381	0,089	1,395	0,089	1,352	0,091	1,397	0,090	1,385	0,836	0,090	0,714	0,089	0,697	0,089	0,599	0,088	0,735	0,381	0,694	0,089	0,091	1,376	0,090	1,322	0,089	1,298	0,089	1,385	0,090	1,257	0,090	1,364	0,091	0,090	0,090	0,090	0,089	0,090	0,090	0,091	0,091	0,090	0,089	0,088	0,090	0,090	0,091	0,090	0,089	0,089	0,089	0,089	0,093	0,090	0,090	0,090
14:38:04	37,0	1,202	0,089	1,286	0,092	1,250	0,090	1,269	0,091	1,263	0,091	1,292	0,090	0,091	1,183	0,089	1,234	0,091	1,246	0,089	1,247	0,091	1,275	0,089	1,282	1,346	0,090	1,287	0,091	1,313	0,091	1,289	0,090	1,354	0,089	1,302	0,090	0,091	1,448	0,090	1,384	0,089	1,397	0,089	1,355	0,091	1,399	0,090	1,384	0,839	0,089	0,718	0,089	0,700	0,090	0,603	0,089	0,738	0,400	0,697	0,089	0,091	1,379	0,089	1,326	0,090	1,299	0,089	1,387	0,090	1,258	0,090	1,367	0,091	0,090	0,090	0,090	0,090	0,090	0,090	0,091	0,090	0,090	0,089	0,089	0,090	0,090	0,091	0,090	0,089	0,089	0,089	0,089	0,093	0,090	0,090	0,090
14:48:04	37,0	1,204	0,089	1,284	0,091	1,253	0,090	1,269	0,091	1,261	0,090	1,285	0,090	0,091	1,183	0,089	1,237	0,091	1,247	0,089	1,247	0,090	1,275	0,088	1,284	1,347	0,089	1,291	0,091	1,316	0,090	1,292	0,089	1,353	0,089	1,305	0,090	0,091	1,449	0,089	1,386	0,089	1,398	0,089	1,359	0,091	1,403	0,089	1,383	0,840	0,089	0,721	0,088	0,703	0,089	0,606	0,088	0,740	0,410	0,699	0,089	0,091	1,383	0,090	1,330	0,089	1,302	0,089	1,389	0,089	1,263	0,090	1,367	0,091	0,090	0,090	0,089	0,089	0,090	0,089	0,090	0,090	0,090	0,089	0,088	0,089	0,090	0,091	0,090	0,089	0,089	0,089	0,089	0,092	0,090	0,089	0,090
14:58:04	37,0	1,202	0,089	1,282	0,092	1,251	0,090	1,274	0,091	1,258	0,091	1,284	0,089	0,091	1,186	0,089	1,238	0,091	1,249	0,089	1,248	0,090	1,276	0,089	1,281	1,347	0,089	1,294	0,091	1,319	0,090	1,295	0,089	1,357	0,089	1,308	0,090	0,091	1,451	0,089	1,390	0,089	1,401	0,089	1,363	0,091	1,404	0,089	1,387	0,845	0,089	0,723	0,089	0,707	0,089	0,608	0,088	0,740	0,422	0,702	0,089	0,091	1,387	0,090	1,335	0,089	1,305	0,089	1,395	0,090	1,268	0,090	1,370	0,091	0,090	0,090	0,090	0,089	0,090	0,090	0,091	0,090	0,090	0,089	0,088	0,090	0,090	0,091	0,090	0,089	0,089	0,089	0,089	0,092	0,090	0,089	0,090
15:08:04	37,0	1,203	0,089	1,284	0,091	1,253	0,090	1,271	0,091	1,260	0,090	1,287	0,090	0,091	1,188	0,089	1,238	0,091	1,251	0,089	1,252	0,091	1,275	0,089	1,283	1,351	0,089	1,298	0,091	1,321	0,090	1,299	0,089	1,361	0,089	1,313	0,090	0,091	1,453	0,089	1,393	0,089	1,403	0,089	1,366	0,091	1,409	0,089	1,391	0,848	0,089	0,726	0,089	0,711	0,089	0,610	0,088	0,743	0,436	0,706	0,089	0,091	1,388	0,089	1,332	0,089	1,307	0,089	1,398	0,090	1,270	0,090	1,371	0,091	0,090	0,090	0,090	0,089	0,090	0,090	0,091	0,090	0,090	0,089	0,088	0,090	0,090	0,091	0,090	0,089	0,089	0,089	0,089	0,092	0,090	0,089	0,090
15:18:04	37,0	1,204	0,089	1,282	0,092	1,252	0,090	1,271	0,091	1,258	0,091	1,281	0,090	0,091	1,190	0,089	1,238	0,091	1,254	0,089	1,253	0,090	1,275	0,088	1,284	1,353	0,089	1,301	0,091	1,326	0,090	1,302	0,089	1,360	0,089	1,316	0,090	0,091	1,454	0,089	1,397	0,089	1,406	0,089	1,368	0,091	1,413	0,090	1,392	0,852	0,089	0,728	0,089	0,714	0,089	0,613	0,088	0,748	0,446	0,709	0,089	0,091	1,393	0,089	1,334	0,089	1,311	0,089	1,398	0,090	1,274	0,090	1,374	0,091	0,090	0,090	0,090	0,089	0,090	0,089	0,091	0,090	0,090	0,089	0,088	0,090	0,090	0,091	0,090	0,089	0,089	0,089	0,089	0,092	0,090	0,090	0,090
15:28:04	37,0	1,204	0,089	1,279	0,092	1,250	0,090	1,272	0,091	1,257	0,091	1,282	0,090	0,091	1,192	0,089	1,237	0,091	1,254	0,089	1,251	0,091	1,274	0,089	1,281	1,355	0,089	1,305	0,091	1,328	0,090	1,306	0,089	1,361	0,089	1,317	0,090	0,091	1,455	0,090	1,400	0,089	1,407	0,089	1,371	0,091	1,412	0,089	1,392	0,852	0,089	0,731	0,089	0,715	0,089	0,616	0,089	0,749	0,456	0,713	0,089	0,091	1,395	0,090	1,342	0,089	1,314	0,089	1,400	0,090	1,280	0,090	1,376	0,091	0,090	0,090	0,090	0,089	0,090	0,090	0,091	0,091	0,090	0,089	0,088	0,090	0,090	0,091	0,090	0,089	0,089	0,089	0,089	0,092	0,090	0,090	0,090
15:38:04	36,9	1,205	0,089	1,278	0,092	1,251	0,090	1,274	0,091	1,254	0,091	1,279	0,090	0,091	1,192	0,089	1,241	0,091	1,254	0,089	1,254	0,091	1,276	0,089	1,285	1,357	0,089	1,308	0,091	1,331	0,091	1,308	0,089	1,362	0,089	1,319	0,090	0,091	1,457	0,089	1,403	0,089	1,410	0,089	1,373	0,091	1,418	0,090	1,394	0,854	0,089	0,735	0,088	0,720	0,089	0,619	0,088	0,751	0,467	0,713	0,089	0,091	1,397	0,089	1,342	0,089	1,317	0,089	1,401	0,090	1,283	0,090	1,381	0,091	0,090	0,090	0,090	0,089	0,090	0,090	0,091	0,090	0,090	0,089	0,088	0,090	0,090	0,091	0,090	0,089	0,089	0,089	0,089	0,092	0,090	0,090	0,090
15:48:04	37,0	1,204	0,089	1,276	0,092	1,249	0,090	1,272	0,090	1,253	0,091	1,278	0,090	0,091	1,193	0,089	1,242	0,091	1,254	0,089	1,254	0,091	1,279	0,089	1,281	1,358	0,089	1,311	0,091	1,332	0,090	1,311	0,089	1,366	0,089	1,321	0,090	0,091	1,459	0,089	1,406	0,089	1,412	0,089	1,376	0,091	1,419	0,089	1,394	0,855	0,089	0,738	0,089	0,722	0,089	0,621	0,088	0,754	0,482	0,716	0,089	0,091	1,400	0,089	1,346	0,089	1,319	0,089	1,402	0,090	1,287	0,090	1,381	0,091	0,090	0,090	0,090	0,089	0,090	0,090	0,091	0,090	0,090	0,089	0,088	0,089	0,090	0,091	0,090	0,089	0,089	0,089	0,089	0,092	0,090	0,089	0,090
15:58:04	37,0	1,205	0,089	1,276	0,092	1,251	0,090	1,272	0,091	1,252	0,090	1,278	0,090	0,091	1,194	0,089	1,240	0,091	1,255	0,089	1,255	0,090	1,276	0,089	1,281	1,361	0,089	1,313	0,091	1,336	0,090	1,313	0,089	1,370	0,089	1,324	0,090	0,091	1,459	0,089	1,408	0,089	1,415	0,089	1,378	0,091	1,422	0,089	1,396	0,862	0,089	0,740	0,089	0,726	0,089	0,624	0,088	0,757	0,491	0,717	0,089	0,091	1,402	0,089	1,349	0,089	1,323	0,089	1,404	0,090	1,289	0,090	1,383	0,091	0,090	0,090	0,089	0,089	0,090	0,090	0,090	0,090	0,090	0,089	0,088	0,090	0,090	0,091	0,090	0,089	0,089	0,089	0,089	0,092	0,090	0,089	0,090
16:08:04	37,0	1,205	0,089	1,274	0,092	1,251	0,090	1,273	0,091	1,254	0,091	1,279	0,090	0,091	1,196	0,089	1,241	0,091	1,257	0,089	1,256	0,091	1,278	0,089	1,285	1,364	0,089	1,316	0,091	1,337	0,091	1,317	0,089	1,367	0,089	1,328	0,090	0,091	1,462	0,089	1,411	0,089	1,418	0,089	1,381	0,091	1,426	0,089	1,398	0,862	0,089	0,744	0,089	0,729	0,089	0,625	0,088	0,759	0,498	0,721	0,089	0,092	1,408	0,089	1,349	0,089	1,324	0,089	1,408	0,090	1,292	0,090	1,386	0,091	0,090	0,090	0,090	0,089	0,090	0,090	0,091	0,090	0,090	0,089	0,088	0,090	0,090	0,091	0,090	0,089	0,089	0,089	0,089	0,092	0,090	0,090	0,090
16:18:04	37,0	1,204	0,089	1,272	0,092	1,250	0,090	1,272	0,091	1,255	0,091	1,277	0,090	0,091	1,197	0,089	1,241	0,091	1,258	0,089	1,256	0,091	1,279	0,088	1,284	1,365	0,089	1,319	0,091	1,339	0,090	1,319	0,089	1,369	0,089	1,330	0,090	0,091	1,462	0,089	1,413	0,089	1,421	0,089	1,383	0,091	1,426	0,089	1,402	0,865	0,089	0,746	0,089	0,733	0,089	0,628	0,089	0,762	0,505	0,724	0,089	0,091	1,408	0,089	1,355	0,089	1,328	0,089	1,412	0,090	1,296	0,090	1,386	0,091	0,090	0,090	0,090	0,089	0,090	0,090	0,091	0,090	0,090	0,089	0,088	0,090	0,090	0,091	0,090	0,089	0,089	0,089	0,089	0,092	0,090	0,090	0,090
16:28:04	37,0	1,204	0,089	1,270	0,092	1,249	0,090	1,273	0,091	1,253	0,091	1,276	0,090	0,091	1,199	0,089	1,241	0,091	1,258	0,089	1,256	0,091	1,280	0,089	1,284	1,367	0,089	1,322	0,091	1,342	0,090	1,321	0,089	1,370	0,089	1,333	0,090	0,091	1,463	0,089	1,417	0,089	1,425	0,089	1,385	0,091	1,427	0,089	1,402	0,868	0,089	0,750	0,088	0,736	0,089	0,630	0,088	0,764	0,513	0,727	0,089	0,091	1,411	0,090	1,355	0,089	1,331	0,089	1,414	0,090	1,303	0,090	1,388	0,091	0,090	0,090	0,089	0,089	0,090	0,090	0,090	0,090	0,090	0,089	0,088	0,090	0,090	0,091	0,090	0,089	0,089	0,089	0,089	0,092	0,090	0,089	0,090
16:38:04	37,0	1,202	0,089	1,271	0,092	1,248	0,090	1,272	0,091	1,256	0,091	1,280	0,090	0,091	1,199	0,089	1,240	0,091	1,260	0,089	1,258	0,091	1,281	0,089	1,283	1,369	0,089	1,325	0,091	1,344	0,090	1,324	0,089	1,373	0,089	1,336	0,090	0,091	1,464	0,089	1,420	0,089	1,427	0,089	1,387	0,091	1,426	0,089	1,404	0,869	0,090	0,750	0,089	0,739	0,089	0,631	0,088	0,766	0,515	0,730	0,089	0,091	1,414	0,089	1,356	0,089	1,334	0,089	1,421	0,090	1,305	0,090	1,390	0,091	0,090	0,090	0,089	0,089	0,090	0,089	0,090	0,090	0,090	0,089	0,088	0,090	0,090	0,091	0,090	0,089	0,089	0,089	0,089	0,092	0,090	0,089	0,090
16:48:04	37,0	1,204	0,089	1,267	0,092	1,249	0,090	1,273	0,091	1,259	0,091	1,278	0,090	0,091	1,201	0,089	1,241	0,091	1,262	0,089	1,258	0,091	1,282	0,089	1,285	1,372	0,089	1,330	0,091	1,347	0,090	1,326	0,089	1,375	0,089	1,338	0,090	0,091	1,466	0,090	1,423	0,089	1,432	0,089	1,390	0,091	1,426	0,089	1,406	0,869	0,089	0,754	0,089	0,743	0,089	0,635	0,088	0,769	0,520	0,733	0,089	0,091	1,417	0,090	1,363	0,089	1,339	0,089	1,423	0,090	1,314	0,090	1,390	0,091	0,090	0,090	0,090	0,089	0,090	0,090	0,091	0,091	0,090	0,090	0,088	0,090	0,090	0,091	0,090	0,089	0,089	0,089	0,089	0,092	0,090	0,090	0,090
16:58:04	37,0	1,203	0,089	1,263	0,092	1,248	0,090	1,273	0,091	1,253	0,091	1,277	0,090	0,091	1,199	0,089	1,238	0,091	1,260	0,089	1,256	0,091	1,281	0,089	1,287	1,372	0,089	1,332	0,091	1,349	0,090	1,329	0,089	1,379	0,089	1,339	0,090	0,091	1,466	0,089	1,424	0,089	1,432	0,089	1,393	0,091	1,432	0,089	1,407	0,872	0,089	0,756	0,089	0,745	0,089	0,637	0,088	0,774	0,522	0,735	0,089	0,091	1,419	0,089	1,363	0,089	1,338	0,089	1,425	0,090	1,313	0,090	1,393	0,091	0,090	0,090	0,089	0,089	0,090	0,090	0,091	0,090	0,090	0,089	0,088	0,089	0,090	0,091	0,090	0,089	0,089	0,089	0,089	0,092	0,090	0,089	0,090
17:08:04	37,0	1,202	0,089	1,261	0,092	1,247	0,090	1,272	0,091	1,251	0,091	1,277	0,090	0,091	1,199	0,089	1,236	0,090	1,260	0,089	1,255	0,090	1,277	0,088	1,281	1,373	0,089	1,333	0,091	1,349	0,090	1,330	0,089	1,376	0,089	1,339	0,090	0,091	1,465	0,089	1,426	0,089	1,433	0,089	1,395	0,091	1,436	0,089	1,411	0,871	0,089	0,759	0,089	0,747	0,089	0,640	0,088	0,777	0,526	0,737	0,089	0,091	1,420	0,089	1,365	0,089	1,338	0,089	1,428	0,089	1,316	0,090	1,394	0,090	0,090	0,090	0,089	0,089	0,090	0,090	0,090	0,090	0,090	0,089	0,088	0,090	0,089	0,091	0,090	0,089	0,089	0,089	0,089	0,092	0,090	0,090	0,090
17:18:04	37,0	1,202	0,089	1,260	0,092	1,247	0,090	1,272	0,091	1,251	0,091	1,279	0,090	0,091	1,199	0,089	1,237	0,091	1,260	0,089	1,256	0,091	1,279	0,089	1,287	1,376	0,090	1,337	0,091	1,353	0,091	1,335	0,090	1,380	0,089	1,343	0,090	0,091	1,468	0,090	1,430	0,089	1,437	0,089	1,396	0,091	1,438	0,089	1,412	0,878	0,090	0,762	0,089	0,750	0,089	0,642	0,089	0,781	0,527	0,741	0,089	0,092	1,424	0,090	1,366	0,090	1,342	0,089	1,431	0,090	1,320	0,090	1,397	0,091	0,090	0,090	0,090	0,090	0,090	0,090	0,091	0,091	0,090	0,090	0,089	0,090	0,090	0,091	0,090	0,089	0,089	0,089	0,089	0,092	0,090	0,090	0,090
17:28:04	37,0	1,202	0,089	1,256	0,092	1,246	0,090	1,271	0,091	1,249	0,091	1,279	0,090	0,091	1,199	0,089	1,235	0,091	1,261	0,089	1,255	0,091	1,277	0,089	1,280	1,375	0,089	1,338	0,091	1,354	0,090	1,336	0,090	1,379	0,089	1,345	0,090	0,091	1,468	0,090	1,433	0,089	1,439	0,089	1,398	0,091	1,439	0,089	1,413	0,876	0,089	0,763	0,089	0,753	0,089	0,644	0,089	0,785	0,526	0,743	0,089	0,091	1,426	0,090	1,369	0,089	1,341	0,089	1,430	0,090	1,324	0,090	1,397	0,091	0,090	0,090	0,090	0,089	0,090	0,090	0,091	0,090	0,090	0,090	0,088	0,090	0,090	0,091	0,090	0,089	0,089	0,089	0,089	0,092	0,090	0,090	0,090
17:38:04	37,0	1,203	0,089	1,257	0,092	1,248	0,090	1,276	0,091	1,255	0,091	1,284	0,090	0,091	1,200	0,089	1,238	0,091	1,261	0,089	1,256	0,091	1,281	0,089	1,285	1,379	0,089	1,341	0,091	1,357	0,090	1,339	0,089	1,387	0,089	1,346	0,090	0,091	1,471	0,089	1,434	0,089	1,441	0,089	1,399	0,091	1,439	0,089	1,413	0,883	0,089	0,768	0,089	0,756	0,089	0,646	0,088	0,788	0,526	0,747	0,089	0,091	1,432	0,089	1,377	0,089	1,347	0,089	1,433	0,090	1,330	0,090	1,401	0,091	0,090	0,090	0,089	0,089	0,090	0,090	0,091	0,090	0,090	0,089	0,088	0,090	0,090	0,091	0,090	0,089	0,089	0,089	0,089	0,092	0,090	0,090	0,090
17:48:04	37,0	1,201	0,089	1,255	0,092	1,246	0,090	1,275	0,091	1,251	0,091	1,280	0,090	0,091	1,201	0,089	1,237	0,091	1,261	0,089	1,256	0,091	1,280	0,088	1,283	1,381	0,089	1,345	0,091	1,358	0,090	1,344	0,089	1,387	0,089	1,348	0,090	0,091	1,471	0,089	1,436	0,089	1,443	0,089	1,400	0,090	1,438	0,089	1,415	0,882	0,089	0,769	0,089	0,759	0,089	0,648	0,088	0,791	0,526	0,749	0,089	0,091	1,435	0,089	1,375	0,089	1,351	0,089	1,437	0,090	1,333	0,090	1,401	0,091	0,090	0,090	0,090	0,089	0,090	0,089	0,091	0,090	0,090	0,089	0,088	0,090	0,090	0,091	0,090	0,089	0,089	0,089	0,089	0,092	0,090	0,089	0,090
17:58:04	37,0	1,199	0,089	1,253	0,092	1,246	0,090	1,274	0,091	1,247	0,091	1,279	0,090	0,091	1,200	0,089	1,235	0,091	1,259	0,089	1,254	0,091	1,280	0,089	1,282	1,382	0,089	1,346	0,091	1,360	0,090	1,344	0,089	1,389	0,089	1,349	0,090	0,091	1,472	0,089	1,438	0,089	1,445	0,089	1,402	0,091	1,441	0,089	1,418	0,884	0,089	0,771	0,089	0,762	0,089	0,649	0,088	0,793	0,526	0,751	0,089	0,091	1,434	0,089	1,380	0,089	1,350	0,089	1,437	0,090	1,337	0,090	1,405	0,091	0,090	0,090	0,089	0,089	0,090	0,090	0,091	0,090	0,090	0,089	0,088	0,090	0,090	0,091	0,090	0,089	0,089	0,089	0,089	0,092	0,090	0,089	0,090
18:08:04	37,0	1,202	0,089	1,252	0,092	1,247	0,090	1,273	0,091	1,250	0,091	1,279	0,090	0,091	1,202	0,089	1,235	0,091	1,259	0,089	1,254	0,091	1,280	0,089	1,282	1,383	0,089	1,349	0,091	1,362	0,091	1,347	0,090	1,389	0,089	1,352	0,090	0,091	1,473	0,090	1,441	0,089	1,448	0,089	1,403	0,091	1,442	0,089	1,419	0,885	0,089	0,774	0,089	0,765	0,089	0,650	0,088	0,796	0,527	0,755	0,089	0,092	1,436	0,090	1,378	0,089	1,356	0,089	1,443	0,090	1,339	0,090	1,406	0,091	0,090	0,091	0,090	0,089	0,090	0,090	0,091	0,091	0,090	0,090	0,088	0,090	0,090	0,091	0,090	0,089	0,089	0,089	0,089	0,092	0,090	0,090	0,090
18:18:04	37,0	1,201	0,089	1,250	0,092	1,246	0,090	1,272	0,091	1,250	0,091	1,280	0,090	0,091	1,202	0,089	1,235	0,091	1,260	0,089	1,254	0,091	1,282	0,089	1,286	1,385	0,089	1,351	0,091	1,364	0,090	1,349	0,090	1,395	0,089	1,354	0,090	0,091	1,474	0,089	1,444	0,089	1,450	0,089	1,406	0,091	1,445	0,089	1,421	0,888	0,090	0,777	0,089	0,768	0,089	0,653	0,089	0,800	0,528	0,757	0,089	0,091	1,441	0,090	1,383	0,089	1,356	0,089	1,444	0,090	1,343	0,090	1,408	0,091	0,090	0,090	0,090	0,089	0,090	0,090	0,091	0,090	0,090	0,089	0,088	0,090	0,090	0,091	0,090	0,089	0,089	0,089	0,089	0,092	0,090	0,090	0,090
18:28:04	37,0	1,197	0,089	1,247	0,092	1,246	0,090	1,269	0,091	1,245	0,091	1,275	0,090	0,091	1,200	0,089	1,232	0,091	1,259	0,089	1,250	0,091	1,279	0,089	1,281	1,384	0,089	1,353	0,091	1,364	0,090	1,350	0,090	1,392	0,089	1,354	0,090	0,091	1,475	0,089	1,445	0,089	1,452	0,089	1,406	0,091	1,443	0,089	1,419	0,888	0,089	0,776	0,089	0,771	0,089	0,654	0,088	0,801	0,529	0,759	0,089	0,091	1,441	0,089	1,387	0,089	1,358	0,089	1,448	0,090	1,344	0,090	1,409	0,091	0,090	0,090	0,090	0,089	0,090	0,090	0,091	0,091	0,090	0,090	0,088	0,090	0,090	0,091	0,090	0,089	0,089	0,089	0,089	0,092	0,090	0,090	0,090
18:38:04	37,0	1,193	0,089	1,243	0,092	1,243	0,090	1,268	0,091	1,240	0,091	1,270	0,090	0,091	1,199	0,089	1,230	0,091	1,255	0,089	1,250	0,091	1,277	0,089	1,283	1,384	0,089	1,355	0,091	1,365	0,090	1,351	0,089	1,391	0,089	1,355	0,090	0,091	1,473	0,089	1,447	0,089	1,453	0,089	1,408	0,091	1,448	0,089	1,419	0,886	0,089	0,780	0,089	0,774	0,089	0,655	0,088	0,802	0,530	0,761	0,089	0,091	1,442	0,089	1,389	0,089	1,356	0,089	1,445	0,090	1,342	0,090	1,412	0,091	0,090	0,090	0,090	0,089	0,090	0,090	0,091	0,090	0,090	0,089	0,088	0,090	0,090	0,091	0,090	0,089	0,089	0,089	0,089	0,092	0,090	0,089	0,090
18:48:04	37,0	1,192	0,089	1,239	0,092	1,242	0,090	1,268	0,091	1,239	0,091	1,272	0,090	0,091	1,200	0,089	1,230	0,091	1,255	0,089	1,247	0,091	1,276	0,089	1,281	1,386	0,089	1,357	0,091	1,367	0,090	1,353	0,090	1,394	0,089	1,357	0,090	0,091	1,475	0,089	1,450	0,089	1,455	0,089	1,409	0,091	1,446	0,089	1,418	0,888	0,089	0,782	0,089	0,777	0,089	0,658	0,088	0,803	0,532	0,761	0,089	0,091	1,440	0,089	1,392	0,089	1,357	0,089	1,444	0,090	1,345	0,090	1,414	0,091	0,090	0,090	0,090	0,089	0,090	0,090	0,090	0,090	0,090	0,089	0,088	0,090	0,090	0,091	0,090	0,089	0,089	0,089	0,089	0,092	0,090	0,090	0,090
18:58:04	37,0	1,191	0,089	1,238	0,092	1,242	0,090	1,269	0,091	1,235	0,091	1,268	0,090	0,091	1,200	0,089	1,229	0,091	1,253	0,089	1,248	0,091	1,274	0,089	1,278	1,386	0,089	1,358	0,091	1,368	0,090	1,354	0,089	1,397	0,089	1,358	0,090	0,091	1,476	0,089	1,449	0,089	1,456	0,089	1,411	0,091	1,448	0,089	1,417	0,888	0,089	0,782	0,089	0,780	0,089	0,663	0,089	0,805	0,533	0,763	0,089	0,091	1,442	0,089	1,391	0,089	1,360	0,089	1,446	0,090	1,345	0,090	1,415	0,091	0,090	0,090	0,090	0,089	0,090	0,090	0,091	0,090	0,090	0,089	0,088	0,090	0,090	0,091	0,090	0,089	0,089	0,089	0,089	0,092	0,090	0,090	0,090
19:08:04	37,0	1,190	0,089	1,235	0,092	1,241	0,090	1,268	0,091	1,236	0,091	1,269	0,090	0,091	1,200	0,089	1,228	0,091	1,253	0,089	1,248	0,091	1,274	0,088	1,277	1,388	0,089	1,361	0,091	1,371	0,090	1,357	0,089	1,397	0,089	1,359	0,090	0,091	1,476	0,089	1,452	0,089	1,459	0,089	1,412	0,091	1,449	0,089	1,419	0,888	0,089	0,783	0,089	0,781	0,089	0,663	0,088	0,806	0,535	0,766	0,089	0,091	1,444	0,089	1,391	0,089	1,362	0,089	1,449	0,090	1,348	0,090	1,414	0,091	0,090	0,090	0,090	0,089	0,090	0,089	0,091	0,090	0,090	0,089	0,088	0,090	0,090	0,091	0,090	0,089	0,089	0,089	0,089	0,092	0,090	0,090	0,090
19:18:04	37,0	1,190	0,089	1,234	0,092	1,238	0,090	1,267	0,091	1,231	0,091	1,264	0,090	0,091	1,196	0,089	1,227	0,091	1,251	0,089	1,246	0,091	1,274	0,089	1,272	1,387	0,089	1,361	0,091	1,371	0,090	1,358	0,089	1,396	0,089	1,361	0,090	0,091	1,476	0,089	1,453	0,089	1,461	0,089	1,413	0,091	1,448	0,089	1,415	0,889	0,089	0,784	0,089	0,785	0,089	0,665	0,089	0,808	0,537	0,767	0,089	0,092	1,445	0,089	1,393	0,089	1,363	0,089	1,451	0,090	1,351	0,090	1,416	0,091	0,090	0,090	0,090	0,089	0,090	0,089	0,091	0,090	0,090	0,089	0,088	0,090	0,090	0,091	0,090	0,089	0,089	0,089	0,089	0,092	0,090	0,089	0,090
19:28:04	37,0	1,186	0,089	1,230	0,092	1,238	0,090	1,267	0,091	1,228	0,091	1,263	0,090	0,091	1,197	0,089	1,227	0,091	1,249	0,089	1,245	0,091	1,273	0,089	1,271	1,386	0,089	1,364	0,091	1,372	0,091	1,359	0,090	1,400	0,089	1,361	0,090	0,091	1,476	0,089	1,454	0,089	1,462	0,089	1,414	0,091	1,449	0,089	1,416	0,888	0,090	0,785	0,089	0,788	0,089	0,666	0,088	0,809	0,538	0,769	0,089	0,092	1,446	0,090	1,396	0,089	1,361	0,089	1,448	0,090	1,349	0,090	1,419	0,091	0,090	0,090	0,090	0,089	0,090	0,090	0,091	0,090	0,090	0,090	0,088	0,090	0,090	0,091	0,090	0,089	0,089	0,089	0,089	0,092	0,090	0,090	0,090
19:38:04	37,0	1,186	0,089	1,231	0,092	1,236	0,090	1,268	0,091	1,226	0,091	1,261	0,090	0,091	1,195	0,089	1,224	0,091	1,249	0,089	1,244	0,091	1,273	0,089	1,267	1,388	0,089	1,364	0,091	1,372	0,090	1,361	0,089	1,400	0,089	1,362	0,090	0,091	1,476	0,089	1,456	0,089	1,463	0,089	1,415	0,091	1,450	0,089	1,418	0,890	0,089	0,787	0,089	0,791	0,089	0,669	0,088	0,811	0,540	0,772	0,089	0,091	1,446	0,089	1,399	0,089	1,365	0,089	1,449	0,090	1,353	0,090	1,420	0,091	0,090	0,090	0,090	0,089	0,090	0,090	0,091	0,090	0,090	0,089	0,088	0,090	0,090	0,091	0,090	0,089	0,089	0,089	0,089	0,092	0,090	0,090	0,090
19:48:04	37,0	1,186	0,089	1,226	0,092	1,231	0,090	1,266	0,091	1,227	0,091	1,261	0,090	0,091	1,194	0,089	1,222	0,091	1,248	0,089	1,242	0,091	1,272	0,089	1,269	1,387	0,089	1,367	0,091	1,374	0,090	1,362	0,090	1,397	0,089	1,363	0,090	0,091	1,475	0,089	1,457	0,089	1,465	0,089	1,418	0,091	1,450	0,089	1,417	0,888	0,089	0,790	0,089	0,792	0,089	0,670	0,088	0,812	0,542	0,773	0,089	0,091	1,445	0,089	1,399	0,089	1,364	0,089	1,450	0,090	1,356	0,090	1,422	0,091	0,090	0,090	0,090	0,090	0,090	0,090	0,091	0,090	0,090	0,089	0,088	0,090	0,090	0,091	0,090	0,089	0,089	0,089	0,089	0,092	0,090	0,090	0,090
19:58:04	37,0	1,184	0,089	1,223	0,092	1,229	0,090	1,264	0,091	1,225	0,091	1,260	0,090	0,091	1,192	0,089	1,223	0,091	1,247	0,089	1,242	0,091	1,272	0,089	1,267	1,389	0,089	1,367	0,091	1,375	0,090	1,363	0,089	1,401	0,088	1,363	0,090	0,091	1,476	0,089	1,458	0,089	1,466	0,089	1,416	0,091	1,453	0,089	1,415	0,887	0,089	0,789	0,089	0,794	0,089	0,672	0,088	0,816	0,543	0,775	0,089	0,091	1,448	0,089	1,399	0,089	1,364	0,089	1,447	0,090	1,357	0,090	1,422	0,091	0,090	0,090	0,089	0,089	0,090	0,090	0,090	0,090	0,090	0,089	0,088	0,090	0,090	0,091	0,090	0,089	0,089	0,089	0,089	0,092	0,090	0,089	0,090
20:08:04	37,0	1,182	0,089	1,222	0,092	1,229	0,090	1,265	0,091	1,221	0,091	1,256	0,090	0,091	1,191	0,089	1,219	0,091	1,247	0,089	1,240	0,091	1,269	0,089	1,260	1,389	0,089	1,368	0,091	1,375	0,090	1,365	0,089	1,400	0,089	1,364	0,090	0,091	1,476	0,089	1,459	0,089	1,467	0,089	1,417	0,091	1,454	0,089	1,415	0,888	0,089	0,791	0,089	0,796	0,089	0,673	0,088	0,818	0,545	0,778	0,089	0,091	1,449	0,089	1,399	0,089	1,367	0,089	1,449	0,090	1,359	0,090	1,423	0,091	0,090	0,090	0,089	0,089	0,090	0,090	0,091	0,090	0,090	0,090	0,088	0,090	0,090	0,091	0,090	0,089	0,089	0,089	0,089	0,092	0,090	0,090	0,090
20:18:04	37,0	1,184	0,089	1,221	0,092	1,225	0,090	1,263	0,091	1,217	0,091	1,253	0,090	0,091	1,191	0,089	1,220	0,091	1,246	0,089	1,240	0,091	1,269	0,089	1,259	1,389	0,089	1,368	0,091	1,376	0,090	1,365	0,089	1,400	0,089	1,365	0,090	0,091	1,476	0,090	1,460	0,089	1,468	0,089	1,418	0,091	1,453	0,089	1,414	0,888	0,090	0,792	0,089	0,798	0,089	0,673	0,089	0,819	0,547	0,779	0,089	0,091	1,448	0,089	1,402	0,090	1,367	0,089	1,453	0,090	1,361	0,090	1,425	0,091	0,090	0,091	0,090	0,090	0,090	0,090	0,091	0,091	0,090	0,089	0,088	0,090	0,090	0,091	0,090	0,089	0,089	0,089	0,089	0,092	0,090	0,090	0,090
20:28:04	37,0	1,180	0,089	1,219	0,092	1,224	0,090	1,260	0,091	1,220	0,091	1,256	0,090	0,091	1,190	0,089	1,218	0,091	1,247	0,089	1,239	0,091	1,268	0,089	1,257	1,390	0,089	1,370	0,091	1,377	0,090	1,367	0,089	1,402	0,089	1,365	0,090	0,091	1,475	0,089	1,460	0,089	1,470	0,089	1,419	0,091	1,457	0,089	1,415	0,889	0,090	0,793	0,089	0,799	0,089	0,676	0,089	0,821	0,548	0,782	0,089	0,091	1,449	0,089	1,402	0,089	1,370	0,089	1,448	0,090	1,362	0,090	1,425	0,091	0,090	0,090	0,090	0,089	0,090	0,090	0,091	0,090	0,090	0,089	0,088	0,090	0,090	0,091	0,090	0,089	0,089	0,089	0,089	0,092	0,090	0,090	0,090
20:38:04	37,0	1,179	0,089	1,216	0,092	1,221	0,090	1,258	0,091	1,216	0,090	1,249	0,090	0,091	1,188	0,089	1,215	0,090	1,245	0,089	1,238	0,090	1,267	0,089	1,254	1,392	0,089	1,369	0,091	1,376	0,090	1,367	0,089	1,401	0,088	1,366	0,090	0,091	1,474	0,089	1,461	0,089	1,470	0,089	1,419	0,091	1,458	0,089	1,416	0,887	0,090	0,795	0,089	0,800	0,089	0,678	0,088	0,822	0,550	0,783	0,089	0,091	1,448	0,089	1,404	0,089	1,371	0,089	1,453	0,089	1,363	0,090	1,425	0,091	0,090	0,090	0,090	0,089	0,090	0,089	0,091	0,090	0,090	0,089	0,088	0,089	0,090	0,090	0,090	0,089	0,089	0,089	0,089	0,092	0,090	0,089	0,090
20:48:04	37,0	1,176	0,089	1,216	0,092	1,219	0,090	1,256	0,091	1,213	0,091	1,248	0,090	0,091	1,188	0,089	1,215	0,091	1,243	0,089	1,237	0,091	1,265	0,089	1,252	1,392	0,089	1,371	0,091	1,377	0,090	1,368	0,089	1,402	0,089	1,366	0,090	0,091	1,475	0,089	1,463	0,089	1,470	0,089	1,419	0,091	1,455	0,089	1,415	0,886	0,089	0,795	0,089	0,800	0,089	0,679	0,088	0,823	0,553	0,786	0,089	0,091	1,451	0,090	1,405	0,089	1,368	0,089	1,447	0,090	1,363	0,090	1,427	0,091	0,090	0,090	0,089	0,089	0,090	0,090	0,091	0,090	0,090	0,089	0,088	0,090	0,090	0,091	0,090	0,089	0,089	0,089	0,089	0,092	0,090	0,090	0,090
20:58:04	37,0	1,178	0,089	1,215	0,092	1,218	0,090	1,256	0,091	1,212	0,091	1,247	0,090	0,091	1,186	0,089	1,216	0,091	1,242	0,089	1,236	0,091	1,264	0,089	1,251	1,392	0,089	1,371	0,091	1,377	0,090	1,369	0,089	1,401	0,089	1,366	0,090	0,091	1,476	0,089	1,464	0,089	1,472	0,089	1,421	0,091	1,458	0,089	1,413	0,888	0,089	0,795	0,089	0,802	0,089	0,679	0,088	0,824	0,556	0,788	0,089	0,091	1,448	0,089	1,411	0,089	1,370	0,089	1,452	0,090	1,365	0,090	1,426	0,091	0,090	0,090	0,090	0,089	0,090	0,090	0,091	0,091	0,090	0,089	0,088	0,090	0,090	0,091	0,090	0,089	0,089	0,089	0,089	0,092	0,090	0,089	0,090
21:08:04	37,0	1,175	0,089	1,211	0,092	1,214	0,090	1,254	0,091	1,209	0,091	1,245	0,090	0,091	1,185	0,089	1,215	0,091	1,241	0,089	1,235	0,091	1,262	0,089	1,248	1,392	0,089	1,373	0,091	1,377	0,090	1,368	0,089	1,398	0,089	1,365	0,090	0,091	1,475	0,089	1,464	0,089	1,472	0,089	1,421	0,091	1,458	0,089	1,415	0,887	0,089	0,798	0,089	0,803	0,089	0,681	0,088	0,824	0,558	0,789	0,089	0,091	1,449	0,089	1,408	0,089	1,368	0,089	1,448	0,090	1,367	0,090	1,426	0,091	0,090	0,090	0,090	0,089	0,090	0,090	0,091	0,090	0,090	0,089	0,088	0,090	0,090	0,091	0,090	0,089	0,089	0,089	0,089	0,092	0,090	0,089	0,090
21:18:04	37,0	1,172	0,089	1,212	0,092	1,212	0,090	1,251	0,091	1,211	0,091	1,245	0,090	0,091	1,186	0,089	1,214	0,091	1,240	0,089	1,234	0,091	1,261	0,089	1,246	1,392	0,089	1,374	0,091	1,378	0,090	1,370	0,089	1,399	0,089	1,366	0,090	0,091	1,475	0,089	1,466	0,089	1,476	0,089	1,421	0,091	1,457	0,089	1,414	0,887	0,090	0,800	0,089	0,805	0,089	0,681	0,089	0,826	0,564	0,791	0,089	0,091	1,449	0,090	1,411	0,089	1,374	0,089	1,447	0,090	1,369	0,090	1,425	0,091	0,090	0,090	0,090	0,090	0,090	0,090	0,091	0,090	0,090	0,090	0,088	0,090	0,090	0,091	0,090	0,089	0,089	0,089	0,089	0,092	0,090	0,090	0,090
21:28:04	37,0	1,171	0,089	1,211	0,092	1,212	0,090	1,252	0,091	1,209	0,091	1,244	0,090	0,091	1,185	0,089	1,216	0,091	1,239	0,089	1,232	0,091	1,259	0,089	1,246	1,394	0,089	1,374	0,091	1,379	0,091	1,372	0,089	1,401	0,089	1,366	0,090	0,091	1,475	0,089	1,466	0,089	1,476	0,089	1,423	0,091	1,458	0,089	1,415	0,886	0,089	0,798	0,089	0,804	0,089	0,682	0,088	0,829	0,565	0,792	0,089	0,091	1,449	0,090	1,407	0,089	1,374	0,089	1,446	0,090	1,371	0,090	1,426	0,091	0,090	0,090	0,090	0,089	0,090	0,090	0,091	0,090	0,090	0,089	0,088	0,090	0,090	0,091	0,090	0,089	0,089	0,089	0,089	0,092	0,090	0,089	0,090
21:38:04	37,0	1,168	0,089	1,207	0,092	1,210	0,090	1,249	0,091	1,206	0,091	1,242	0,090	0,091	1,183	0,089	1,214	0,091	1,238	0,089	1,229	0,091	1,256	0,088	1,245	1,395	0,089	1,374	0,091	1,378	0,090	1,372	0,089	1,401	0,089	1,366	0,090	0,091	1,475	0,089	1,466	0,089	1,476	0,089	1,423	0,091	1,459	0,089	1,415	0,886	0,089	0,798	0,089	0,807	0,089	0,684	0,089	0,829	0,568	0,794	0,089	0,091	1,451	0,089	1,411	0,089	1,373	0,089	1,449	0,090	1,373	0,090	1,425	0,091	0,090	0,090	0,090	0,089	0,090	0,090	0,091	0,090	0,090	0,089	0,088	0,090	0,090	0,091	0,090	0,089	0,089	0,089	0,089	0,092	0,090	0,089	0,090
21:48:04	37,0	1,169	0,089	1,210	0,092	1,210	0,090	1,249	0,091	1,211	0,091	1,243	0,090	0,091	1,184	0,089	1,214	0,091	1,238	0,089	1,230	0,090	1,258	0,089	1,244	1,393	0,089	1,375	0,091	1,380	0,090	1,372	0,090	1,403	0,089	1,367	0,090	0,091	1,475	0,089	1,466	0,089	1,477	0,089	1,424	0,091	1,457	0,089	1,416	0,888	0,089	0,800	0,089	0,808	0,089	0,685	0,088	0,831	0,570	0,794	0,089	0,091	1,452	0,089	1,415	0,089	1,373	0,089	1,451	0,090	1,374	0,090	1,424	0,091	0,090	0,090	0,089	0,089	0,090	0,090	0,091	0,090	0,090	0,089	0,088	0,090	0,090	0,091	0,090	0,089	0,089	0,089	0,089	0,092	0,090	0,090	0,090
21:58:04	37,0	1,168	0,089	1,209	0,092	1,209	0,090	1,250	0,091	1,213	0,091	1,244	0,090	0,091	1,185	0,089	1,214	0,091	1,239	0,089	1,230	0,091	1,257	0,089	1,245	1,395	0,089	1,377	0,091	1,380	0,090	1,373	0,089	1,399	0,088	1,367	0,090	0,091	1,475	0,089	1,468	0,089	1,479	0,089	1,424	0,091	1,458	0,089	1,417	0,888	0,089	0,801	0,089	0,809	0,089	0,686	0,088	0,833	0,573	0,798	0,089	0,091	1,453	0,089	1,414	0,089	1,377	0,089	1,450	0,090	1,377	0,090	1,423	0,091	0,090	0,090	0,090	0,089	0,090	0,090	0,091	0,090	0,090	0,090	0,088	0,090	0,090	0,091	0,090	0,089	0,089	0,089	0,089	0,092	0,090	0,089	0,090
22:08:04	37,0	1,167	0,089	1,209	0,092	1,210	0,090	1,252	0,091	1,214	0,091	1,245	0,090	0,091	1,186	0,089	1,217	0,091	1,242	0,089	1,232	0,091	1,259	0,089	1,249	1,395	0,089	1,376	0,091	1,381	0,090	1,376	0,090	1,401	0,089	1,368	0,090	0,091	1,476	0,089	1,470	0,089	1,480	0,089	1,425	0,091	1,455	0,089	1,423	0,889	0,089	0,803	0,089	0,811	0,089	0,688	0,088	0,834	0,575	0,800	0,089	0,091	1,453	0,089	1,416	0,089	1,378	0,089	1,451	0,090	1,383	0,090	1,420	0,091	0,090	0,090	0,090	0,089	0,090	0,090	0,091	0,091	0,090	0,090	0,088	0,090	0,090	0,091	0,090	0,089	0,089	0,089	0,089	0,092	0,090	0,090	0,090

