Time	T∞ Optical Density:600	A1	A2	A3	A4	A5	A6	A7	A8	A9	A10	A11	A12	B1	B2	B3	B4	B5	B6	B7	B8	B9	B10	B11	B12	C1	C2	C3	C4	C5	C6	C7	C8	C9	C10	C11	C12	D1	D2	D3	D4	D5	D6	D7	D8	D9	D10	D11	D12	E1	E2	E3	E4	E5	E6	E7	E8	E9	E10	E11	E12	F1	F2	F3	F4	F5	F6	F7	F8	F9	F10	F11	F12	G1	G2	G3	G4	G5	G6	G7	G8	G9	G10	G11	G12	H1	H2	H3	H4	H5	H6	H7	H8	H9	H10	H11	H12
0:08:04	37,0	0,108	0,094	0,092	0,097	0,094	0,093	0,092	0,093	0,092	0,093	0,093	0,092	0,093	0,093	0,092	0,097	0,091	0,093	0,092	0,107	0,094	0,094	0,093	0,092	0,093	0,093	0,092	0,093	0,092	0,093	0,092	0,092	0,093	0,094	0,092	0,093	0,092	0,091	0,093	0,094	0,092	0,092	0,095	0,101	0,093	0,096	0,093	0,095	0,092	0,099	0,092	0,095	0,098	0,093	0,093	0,094	0,095	0,091	0,093	0,092	0,094	0,093	0,094	0,093	0,092	0,093	0,092	0,093	0,091	0,093	0,093	0,092	0,092	0,093	0,093	0,092	0,092	0,092	0,092	0,092	0,094	0,092	0,092	0,094	0,092	0,091	0,092	0,092	0,091	0,092	0,093	0,092	0,094	0,092	0,092	0,091
0:18:04	37,0	0,108	0,094	0,092	0,098	0,094	0,093	0,092	0,092	0,092	0,093	0,093	0,092	0,094	0,093	0,092	0,098	0,091	0,093	0,092	0,108	0,095	0,095	0,093	0,092	0,093	0,093	0,092	0,093	0,093	0,093	0,092	0,092	0,093	0,095	0,091	0,093	0,092	0,091	0,093	0,094	0,092	0,093	0,095	0,101	0,093	0,096	0,093	0,094	0,092	0,100	0,092	0,095	0,099	0,093	0,093	0,094	0,095	0,092	0,093	0,092	0,094	0,093	0,094	0,093	0,092	0,092	0,092	0,093	0,092	0,093	0,093	0,092	0,092	0,093	0,093	0,092	0,092	0,092	0,092	0,092	0,094	0,092	0,093	0,093	0,092	0,091	0,092	0,092	0,092	0,092	0,093	0,092	0,094	0,092	0,092	0,091
0:28:04	37,0	0,109	0,094	0,092	0,098	0,094	0,093	0,092	0,092	0,092	0,093	0,093	0,091	0,094	0,093	0,092	0,099	0,091	0,094	0,092	0,109	0,095	0,095	0,093	0,092	0,093	0,093	0,092	0,093	0,092	0,094	0,092	0,092	0,092	0,095	0,091	0,093	0,092	0,091	0,093	0,094	0,092	0,092	0,094	0,102	0,092	0,097	0,092	0,094	0,092	0,101	0,091	0,095	0,098	0,093	0,092	0,094	0,095	0,091	0,093	0,091	0,094	0,093	0,094	0,093	0,092	0,092	0,092	0,092	0,091	0,093	0,093	0,091	0,092	0,093	0,093	0,092	0,092	0,092	0,092	0,092	0,094	0,092	0,092	0,093	0,092	0,091	0,092	0,092	0,091	0,092	0,092	0,092	0,094	0,092	0,092	0,091
0:38:04	37,0	0,110	0,095	0,092	0,100	0,094	0,093	0,092	0,093	0,092	0,093	0,093	0,092	0,095	0,093	0,092	0,101	0,091	0,094	0,092	0,113	0,095	0,096	0,093	0,092	0,093	0,093	0,092	0,093	0,092	0,094	0,092	0,092	0,092	0,096	0,092	0,093	0,092	0,091	0,093	0,094	0,093	0,093	0,095	0,101	0,093	0,098	0,093	0,094	0,092	0,102	0,092	0,095	0,099	0,093	0,093	0,094	0,095	0,092	0,093	0,092	0,095	0,093	0,094	0,093	0,092	0,092	0,092	0,093	0,091	0,093	0,094	0,092	0,092	0,093	0,093	0,092	0,092	0,092	0,092	0,092	0,095	0,092	0,093	0,093	0,092	0,091	0,092	0,092	0,091	0,092	0,092	0,092	0,094	0,092	0,092	0,091
0:48:04	37,0	0,113	0,097	0,092	0,103	0,094	0,094	0,092	0,093	0,092	0,093	0,093	0,092	0,095	0,093	0,092	0,103	0,092	0,094	0,092	0,117	0,095	0,098	0,093	0,092	0,092	0,093	0,092	0,093	0,092	0,093	0,092	0,092	0,093	0,098	0,091	0,093	0,092	0,091	0,093	0,094	0,092	0,093	0,094	0,101	0,093	0,099	0,093	0,093	0,092	0,104	0,092	0,095	0,098	0,093	0,093	0,094	0,095	0,092	0,093	0,092	0,094	0,093	0,094	0,093	0,092	0,092	0,092	0,092	0,091	0,093	0,094	0,091	0,092	0,093	0,093	0,092	0,092	0,092	0,092	0,092	0,095	0,092	0,092	0,093	0,092	0,091	0,092	0,091	0,092	0,092	0,092	0,092	0,094	0,092	0,092	0,091
0:58:04	37,0	0,116	0,098	0,092	0,106	0,094	0,094	0,092	0,093	0,092	0,093	0,093	0,092	0,096	0,093	0,092	0,106	0,091	0,095	0,092	0,125	0,094	0,100	0,093	0,092	0,092	0,093	0,092	0,092	0,092	0,093	0,092	0,092	0,092	0,099	0,091	0,093	0,092	0,091	0,093	0,094	0,092	0,093	0,094	0,102	0,093	0,101	0,093	0,093	0,092	0,106	0,091	0,095	0,098	0,092	0,092	0,094	0,095	0,091	0,093	0,092	0,094	0,093	0,094	0,092	0,092	0,092	0,092	0,092	0,091	0,093	0,094	0,091	0,092	0,093	0,093	0,092	0,092	0,092	0,091	0,092	0,096	0,092	0,092	0,093	0,092	0,091	0,091	0,091	0,091	0,092	0,092	0,091	0,093	0,092	0,091	0,091
1:08:04	37,0	0,120	0,101	0,092	0,112	0,094	0,094	0,092	0,093	0,092	0,093	0,093	0,092	0,098	0,093	0,093	0,112	0,092	0,096	0,093	0,135	0,094	0,103	0,093	0,092	0,093	0,093	0,092	0,093	0,092	0,093	0,091	0,092	0,092	0,102	0,091	0,093	0,092	0,091	0,093	0,095	0,092	0,093	0,094	0,102	0,093	0,103	0,093	0,093	0,092	0,110	0,091	0,095	0,098	0,092	0,092	0,094	0,095	0,091	0,093	0,092	0,094	0,093	0,094	0,092	0,092	0,092	0,092	0,093	0,091	0,093	0,094	0,091	0,092	0,093	0,093	0,092	0,092	0,093	0,092	0,092	0,097	0,092	0,093	0,093	0,092	0,091	0,091	0,092	0,091	0,092	0,092	0,092	0,093	0,092	0,092	0,091
1:18:04	37,0	0,128	0,105	0,092	0,120	0,095	0,095	0,092	0,093	0,092	0,093	0,093	0,092	0,100	0,093	0,094	0,120	0,092	0,098	0,093	0,149	0,094	0,108	0,093	0,092	0,093	0,093	0,092	0,093	0,092	0,093	0,092	0,092	0,093	0,106	0,091	0,093	0,092	0,091	0,093	0,095	0,092	0,094	0,095	0,102	0,093	0,107	0,094	0,093	0,092	0,116	0,092	0,096	0,099	0,093	0,092	0,094	0,095	0,092	0,093	0,092	0,095	0,093	0,094	0,093	0,092	0,092	0,092	0,093	0,091	0,093	0,095	0,092	0,093	0,093	0,093	0,092	0,093	0,092	0,092	0,092	0,098	0,092	0,093	0,093	0,092	0,091	0,092	0,091	0,091	0,092	0,092	0,092	0,094	0,092	0,092	0,091
1:28:04	37,0	0,139	0,112	0,092	0,133	0,095	0,095	0,092	0,094	0,092	0,093	0,093	0,092	0,104	0,094	0,095	0,131	0,093	0,100	0,093	0,168	0,095	0,115	0,093	0,092	0,093	0,093	0,092	0,094	0,092	0,093	0,092	0,093	0,093	0,112	0,091	0,093	0,092	0,091	0,093	0,096	0,092	0,094	0,095	0,103	0,093	0,113	0,095	0,093	0,092	0,125	0,092	0,096	0,098	0,093	0,093	0,094	0,095	0,092	0,093	0,092	0,095	0,093	0,094	0,093	0,092	0,092	0,092	0,093	0,091	0,093	0,095	0,092	0,093	0,093	0,093	0,093	0,093	0,093	0,092	0,092	0,100	0,092	0,093	0,094	0,092	0,091	0,092	0,092	0,091	0,092	0,092	0,092	0,094	0,092	0,092	0,091
1:38:04	37,0	0,154	0,120	0,092	0,148	0,095	0,097	0,092	0,094	0,092	0,094	0,093	0,092	0,108	0,095	0,097	0,146	0,093	0,103	0,094	0,192	0,095	0,125	0,093	0,092	0,093	0,093	0,092	0,094	0,092	0,093	0,092	0,093	0,093	0,120	0,091	0,093	0,092	0,091	0,093	0,097	0,092	0,095	0,095	0,104	0,093	0,121	0,096	0,093	0,092	0,138	0,092	0,097	0,098	0,093	0,092	0,094	0,095	0,092	0,094	0,092	0,095	0,093	0,094	0,093	0,092	0,092	0,092	0,093	0,091	0,093	0,096	0,091	0,093	0,093	0,093	0,093	0,093	0,093	0,092	0,092	0,103	0,092	0,094	0,094	0,092	0,091	0,092	0,091	0,091	0,092	0,092	0,092	0,094	0,092	0,092	0,091
1:48:04	37,0	0,172	0,133	0,092	0,167	0,096	0,098	0,092	0,095	0,092	0,094	0,093	0,092	0,116	0,096	0,100	0,167	0,094	0,107	0,096	0,231	0,095	0,140	0,093	0,092	0,093	0,093	0,092	0,095	0,092	0,094	0,092	0,094	0,093	0,131	0,092	0,093	0,092	0,091	0,093	0,098	0,092	0,096	0,095	0,105	0,093	0,132	0,097	0,093	0,092	0,155	0,092	0,098	0,098	0,093	0,093	0,095	0,095	0,091	0,095	0,092	0,096	0,093	0,095	0,093	0,092	0,092	0,092	0,094	0,092	0,094	0,097	0,092	0,093	0,093	0,093	0,093	0,094	0,094	0,092	0,092	0,107	0,093	0,095	0,095	0,092	0,091	0,092	0,091	0,091	0,092	0,092	0,092	0,094	0,092	0,092	0,091
1:58:04	37,0	0,192	0,149	0,092	0,190	0,097	0,101	0,092	0,097	0,092	0,095	0,093	0,093	0,125	0,098	0,103	0,190	0,096	0,114	0,097	0,274	0,095	0,156	0,094	0,093	0,093	0,094	0,092	0,097	0,092	0,094	0,092	0,094	0,093	0,145	0,092	0,093	0,092	0,091	0,093	0,100	0,092	0,098	0,095	0,106	0,093	0,146	0,099	0,093	0,092	0,179	0,092	0,099	0,098	0,094	0,093	0,095	0,095	0,092	0,095	0,093	0,097	0,094	0,095	0,093	0,093	0,092	0,093	0,094	0,092	0,095	0,099	0,092	0,094	0,094	0,093	0,093	0,096	0,095	0,092	0,093	0,112	0,093	0,095	0,095	0,092	0,091	0,092	0,092	0,091	0,092	0,093	0,092	0,094	0,092	0,092	0,091
2:08:04	37,0	0,215	0,170	0,092	0,214	0,098	0,104	0,092	0,099	0,092	0,096	0,093	0,093	0,137	0,100	0,108	0,212	0,098	0,122	0,100	0,344	0,096	0,177	0,094	0,092	0,093	0,094	0,092	0,098	0,092	0,093	0,092	0,095	0,093	0,165	0,092	0,092	0,092	0,091	0,093	0,103	0,092	0,100	0,096	0,109	0,093	0,166	0,102	0,093	0,092	0,204	0,093	0,101	0,098	0,094	0,093	0,095	0,095	0,092	0,096	0,093	0,097	0,094	0,096	0,093	0,093	0,092	0,093	0,095	0,092	0,095	0,101	0,092	0,094	0,093	0,093	0,093	0,097	0,096	0,092	0,093	0,118	0,093	0,096	0,096	0,092	0,091	0,092	0,091	0,091	0,092	0,092	0,092	0,094	0,092	0,091	0,091
2:18:04	37,0	0,239	0,192	0,093	0,245	0,101	0,110	0,093	0,102	0,093	0,098	0,093	0,093	0,153	0,104	0,115	0,237	0,101	0,135	0,103	0,404	0,096	0,203	0,095	0,093	0,094	0,094	0,092	0,101	0,093	0,094	0,092	0,097	0,094	0,192	0,092	0,093	0,092	0,091	0,093	0,107	0,092	0,103	0,096	0,113	0,093	0,195	0,106	0,094	0,092	0,238	0,094	0,104	0,098	0,096	0,093	0,096	0,095	0,093	0,098	0,094	0,099	0,094	0,097	0,093	0,094	0,093	0,094	0,097	0,093	0,096	0,103	0,092	0,095	0,094	0,093	0,094	0,099	0,097	0,093	0,093	0,127	0,094	0,098	0,097	0,092	0,091	0,092	0,092	0,091	0,092	0,092	0,092	0,094	0,092	0,092	0,091
2:28:04	37,0	0,266	0,217	0,093	0,277	0,103	0,117	0,093	0,106	0,093	0,100	0,093	0,094	0,171	0,108	0,124	0,267	0,105	0,149	0,109	0,472	0,097	0,230	0,096	0,093	0,094	0,095	0,093	0,105	0,092	0,094	0,092	0,100	0,094	0,221	0,092	0,093	0,092	0,091	0,093	0,112	0,092	0,107	0,097	0,118	0,093	0,231	0,110	0,094	0,092	0,269	0,095	0,109	0,098	0,097	0,093	0,097	0,095	0,093	0,101	0,095	0,100	0,094	0,098	0,093	0,094	0,093	0,094	0,098	0,093	0,098	0,107	0,092	0,096	0,094	0,093	0,095	0,101	0,099	0,093	0,093	0,136	0,094	0,100	0,098	0,092	0,091	0,092	0,091	0,091	0,092	0,092	0,092	0,093	0,092	0,092	0,091
2:38:04	37,0	0,295	0,248	0,093	0,304	0,108	0,128	0,093	0,112	0,093	0,103	0,093	0,095	0,189	0,116	0,137	0,299	0,110	0,168	0,115	0,544	0,098	0,257	0,097	0,093	0,095	0,095	0,093	0,110	0,092	0,094	0,093	0,103	0,095	0,258	0,093	0,093	0,092	0,091	0,093	0,120	0,092	0,113	0,098	0,125	0,093	0,271	0,118	0,094	0,092	0,306	0,097	0,116	0,099	0,099	0,094	0,098	0,096	0,094	0,105	0,097	0,102	0,095	0,099	0,093	0,095	0,093	0,095	0,101	0,094	0,100	0,113	0,093	0,098	0,095	0,093	0,096	0,104	0,102	0,094	0,094	0,148	0,095	0,103	0,100	0,092	0,091	0,092	0,092	0,091	0,092	0,092	0,092	0,094	0,092	0,092	0,091
2:48:04	37,0	0,326	0,281	0,094	0,331	0,115	0,143	0,094	0,121	0,094	0,109	0,094	0,096	0,212	0,126	0,151	0,338	0,117	0,192	0,124	0,599	0,100	0,284	0,099	0,094	0,096	0,096	0,093	0,118	0,092	0,095	0,093	0,108	0,096	0,303	0,093	0,093	0,093	0,091	0,093	0,130	0,092	0,121	0,099	0,136	0,093	0,314	0,128	0,094	0,092	0,349	0,100	0,125	0,099	0,103	0,095	0,100	0,097	0,095	0,110	0,099	0,105	0,096	0,101	0,093	0,096	0,093	0,096	0,104	0,096	0,103	0,120	0,094	0,100	0,096	0,093	0,098	0,109	0,106	0,095	0,094	0,163	0,096	0,107	0,102	0,092	0,092	0,092	0,092	0,091	0,092	0,093	0,092	0,093	0,092	0,092	0,091
2:58:04	37,0	0,357	0,318	0,095	0,375	0,125	0,162	0,094	0,133	0,095	0,116	0,094	0,098	0,236	0,140	0,168	0,389	0,127	0,216	0,136	0,606	0,102	0,312	0,102	0,095	0,097	0,098	0,094	0,128	0,092	0,095	0,094	0,115	0,098	0,349	0,094	0,093	0,093	0,091	0,093	0,144	0,092	0,132	0,101	0,149	0,093	0,366	0,141	0,094	0,093	0,413	0,104	0,138	0,099	0,107	0,096	0,103	0,098	0,096	0,118	0,103	0,110	0,097	0,104	0,093	0,098	0,093	0,098	0,110	0,098	0,107	0,130	0,094	0,102	0,097	0,094	0,100	0,115	0,111	0,096	0,095	0,177	0,098	0,112	0,106	0,092	0,091	0,092	0,092	0,091	0,092	0,092	0,092	0,094	0,092	0,092	0,091
3:08:04	37,0	0,386	0,355	0,096	0,409	0,138	0,188	0,095	0,147	0,096	0,127	0,095	0,101	0,264	0,156	0,188	0,434	0,137	0,240	0,148	0,653	0,104	0,339	0,105	0,096	0,099	0,099	0,095	0,142	0,092	0,096	0,094	0,124	0,100	0,397	0,095	0,093	0,093	0,091	0,093	0,161	0,092	0,144	0,104	0,167	0,093	0,408	0,156	0,094	0,093	0,458	0,109	0,156	0,099	0,114	0,098	0,107	0,098	0,099	0,130	0,108	0,116	0,099	0,108	0,093	0,100	0,094	0,101	0,119	0,100	0,113	0,144	0,095	0,106	0,098	0,094	0,103	0,122	0,118	0,098	0,096	0,197	0,100	0,118	0,110	0,092	0,091	0,092	0,091	0,091	0,092	0,092	0,092	0,093	0,091	0,092	0,091
3:18:04	37,0	0,411	0,397	0,097	0,433	0,155	0,216	0,097	0,166	0,098	0,142	0,096	0,105	0,290	0,176	0,210	0,451	0,151	0,265	0,165	0,647	0,108	0,375	0,109	0,098	0,102	0,102	0,096	0,159	0,093	0,097	0,096	0,137	0,103	0,453	0,096	0,093	0,094	0,091	0,093	0,182	0,092	0,161	0,107	0,192	0,093	0,454	0,177	0,095	0,093	0,493	0,118	0,179	0,100	0,125	0,100	0,114	0,100	0,102	0,145	0,116	0,124	0,101	0,113	0,094	0,103	0,095	0,105	0,134	0,103	0,122	0,159	0,097	0,111	0,100	0,094	0,107	0,132	0,126	0,101	0,098	0,221	0,102	0,127	0,116	0,092	0,091	0,092	0,091	0,091	0,092	0,092	0,092	0,093	0,092	0,091	0,091
3:28:04	37,0	0,435	0,438	0,100	0,456	0,178	0,246	0,100	0,190	0,101	0,162	0,097	0,112	0,317	0,196	0,234	0,469	0,168	0,286	0,182	0,655	0,113	0,408	0,115	0,101	0,105	0,106	0,098	0,181	0,093	0,098	0,098	0,153	0,108	0,508	0,099	0,093	0,095	0,091	0,093	0,214	0,092	0,182	0,113	0,224	0,094	0,496	0,202	0,096	0,094	0,512	0,130	0,204	0,101	0,140	0,104	0,124	0,103	0,108	0,168	0,128	0,137	0,105	0,122	0,095	0,107	0,096	0,111	0,142	0,108	0,133	0,181	0,100	0,117	0,103	0,095	0,114	0,145	0,138	0,104	0,100	0,246	0,105	0,138	0,124	0,092	0,091	0,092	0,092	0,091	0,092	0,092	0,092	0,094	0,092	0,092	0,091
3:38:04	37,0	0,458	0,480	0,104	0,484	0,199	0,283	0,103	0,216	0,105	0,190	0,099	0,120	0,356	0,221	0,264	0,477	0,185	0,309	0,201	0,674	0,121	0,435	0,122	0,106	0,110	0,112	0,100	0,209	0,093	0,100	0,100	0,175	0,114	0,542	0,101	0,093	0,095	0,091	0,093	0,257	0,092	0,205	0,121	0,265	0,095	0,523	0,230	0,096	0,094	0,539	0,146	0,230	0,102	0,158	0,110	0,136	0,107	0,115	0,198	0,143	0,153	0,110	0,132	0,096	0,113	0,097	0,120	0,165	0,115	0,147	0,210	0,102	0,126	0,106	0,096	0,120	0,155	0,150	0,109	0,102	0,270	0,111	0,151	0,134	0,092	0,091	0,092	0,091	0,091	0,092	0,092	0,092	0,093	0,092	0,092	0,091
3:48:04	37,0	0,485	0,521	0,109	0,521	0,225	0,312	0,109	0,247	0,111	0,220	0,102	0,134	0,384	0,254	0,294	0,484	0,208	0,339	0,222	0,702	0,129	0,460	0,131	0,112	0,117	0,120	0,104	0,241	0,093	0,103	0,103	0,203	0,124	0,570	0,105	0,094	0,097	0,091	0,093	0,304	0,092	0,235	0,132	0,311	0,095	0,547	0,261	0,097	0,095	0,563	0,170	0,265	0,104	0,184	0,119	0,154	0,113	0,127	0,234	0,165	0,170	0,117	0,146	0,097	0,121	0,100	0,137	0,181	0,123	0,173	0,240	0,107	0,136	0,111	0,097	0,129	0,170	0,160	0,115	0,106	0,293	0,116	0,165	0,146	0,092	0,091	0,091	0,091	0,091	0,091	0,092	0,092	0,093	0,092	0,091	0,091
3:58:04	37,0	0,513	0,560	0,118	0,551	0,254	0,339	0,117	0,281	0,120	0,256	0,107	0,149	0,410	0,283	0,328	0,494	0,228	0,383	0,250	0,710	0,138	0,474	0,141	0,121	0,128	0,131	0,109	0,275	0,095	0,107	0,108	0,226	0,136	0,594	0,111	0,094	0,099	0,091	0,093	0,348	0,093	0,269	0,147	0,346	0,096	0,566	0,293	0,099	0,097	0,574	0,196	0,300	0,108	0,214	0,131	0,180	0,122	0,143	0,271	0,193	0,199	0,127	0,170	0,099	0,132	0,103	0,148	0,205	0,135	0,187	0,268	0,115	0,150	0,118	0,099	0,142	0,189	0,176	0,124	0,112	0,312	0,125	0,182	0,158	0,092	0,092	0,092	0,092	0,092	0,092	0,092	0,092	0,094	0,092	0,092	0,091
4:08:04	37,0	0,547	0,584	0,130	0,576	0,283	0,380	0,127	0,314	0,133	0,288	0,114	0,168	0,437	0,326	0,361	0,503	0,254	0,417	0,271	0,712	0,151	0,488	0,155	0,133	0,142	0,145	0,116	0,313	0,096	0,113	0,114	0,263	0,153	0,627	0,119	0,095	0,101	0,091	0,093	0,389	0,093	0,296	0,166	0,394	0,098	0,579	0,328	0,101	0,099	0,578	0,236	0,347	0,111	0,248	0,147	0,209	0,134	0,165	0,311	0,229	0,222	0,139	0,184	0,101	0,149	0,108	0,163	0,233	0,151	0,217	0,309	0,124	0,161	0,125	0,102	0,155	0,210	0,193	0,134	0,118	0,331	0,134	0,203	0,172	0,092	0,091	0,092	0,091	0,092	0,092	0,093	0,092	0,094	0,092	0,092	0,091
4:18:04	37,0	0,574	0,605	0,144	0,592	0,314	0,401	0,142	0,350	0,150	0,318	0,124	0,192	0,453	0,379	0,389	0,514	0,282	0,457	0,308	0,711	0,166	0,507	0,169	0,148	0,160	0,165	0,125	0,356	0,097	0,121	0,123	0,302	0,174	0,649	0,130	0,095	0,104	0,091	0,093	0,432	0,093	0,330	0,190	0,438	0,099	0,587	0,358	0,103	0,102	0,588	0,274	0,386	0,117	0,280	0,167	0,248	0,151	0,195	0,347	0,269	0,253	0,161	0,211	0,105	0,169	0,115	0,200	0,271	0,169	0,252	0,350	0,137	0,176	0,135	0,105	0,168	0,231	0,213	0,146	0,126	0,348	0,146	0,229	0,190	0,092	0,091	0,092	0,091	0,091	0,092	0,092	0,092	0,093	0,092	0,091	0,091
4:28:04	37,0	0,603	0,623	0,163	0,610	0,348	0,425	0,162	0,389	0,174	0,345	0,136	0,215	0,464	0,446	0,420	0,524	0,304	0,480	0,339	0,709	0,182	0,536	0,188	0,168	0,183	0,188	0,138	0,397	0,099	0,132	0,134	0,349	0,199	0,664	0,144	0,096	0,108	0,091	0,093	0,456	0,093	0,361	0,219	0,493	0,102	0,592	0,392	0,107	0,106	0,600	0,313	0,432	0,127	0,316	0,195	0,290	0,173	0,233	0,390	0,307	0,275	0,180	0,237	0,110	0,189	0,123	0,221	0,332	0,199	0,273	0,367	0,163	0,195	0,147	0,110	0,182	0,249	0,231	0,158	0,136	0,365	0,158	0,253	0,211	0,092	0,091	0,092	0,091	0,091	0,092	0,092	0,092	0,093	0,091	0,091	0,091
4:38:04	37,0	0,624	0,633	0,189	0,630	0,390	0,448	0,190	0,423	0,209	0,377	0,151	0,243	0,478	0,503	0,448	0,542	0,337	0,510	0,356	0,704	0,203	0,565	0,207	0,193	0,211	0,218	0,154	0,435	0,102	0,146	0,150	0,398	0,225	0,677	0,163	0,098	0,115	0,092	0,093	0,501	0,094	0,384	0,243	0,531	0,106	0,594	0,424	0,113	0,113	0,611	0,362	0,465	0,139	0,362	0,230	0,337	0,205	0,273	0,432	0,350	0,320	0,196	0,257	0,118	0,212	0,141	0,247	0,351	0,226	0,340	0,385	0,174	0,216	0,158	0,116	0,201	0,266	0,248	0,171	0,146	0,381	0,172	0,278	0,237	0,092	0,091	0,092	0,092	0,091	0,092	0,092	0,092	0,094	0,092	0,092	0,091
4:48:04	37,0	0,642	0,641	0,216	0,649	0,430	0,469	0,225	0,457	0,246	0,412	0,171	0,274	0,489	0,545	0,463	0,559	0,363	0,541	0,390	0,698	0,223	0,592	0,228	0,218	0,242	0,249	0,175	0,471	0,106	0,166	0,171	0,442	0,253	0,682	0,186	0,100	0,123	0,092	0,093	0,524	0,094	0,442	0,307	0,555	0,111	0,607	0,456	0,120	0,122	0,625	0,409	0,490	0,156	0,403	0,269	0,385	0,238	0,312	0,483	0,399	0,347	0,225	0,306	0,127	0,236	0,158	0,301	0,375	0,252	0,368	0,424	0,194	0,244	0,172	0,123	0,223	0,278	0,267	0,188	0,159	0,397	0,189	0,299	0,258	0,092	0,091	0,092	0,091	0,091	0,092	0,092	0,092	0,094	0,092	0,092	0,091
4:58:04	37,0	0,654	0,656	0,246	0,665	0,465	0,490	0,260	0,488	0,290	0,447	0,196	0,307	0,503	0,581	0,474	0,579	0,393	0,563	0,420	0,694	0,249	0,616	0,255	0,249	0,275	0,286	0,200	0,501	0,112	0,191	0,196	0,470	0,293	0,700	0,216	0,102	0,135	0,092	0,093	0,524	0,095	0,480	0,355	0,573	0,118	0,612	0,473	0,130	0,136	0,643	0,448	0,508	0,179	0,445	0,307	0,435	0,277	0,351	0,522	0,459	0,372	0,245	0,348	0,142	0,279	0,172	0,343	0,400	0,296	0,383	0,453	0,219	0,266	0,189	0,133	0,242	0,292	0,282	0,209	0,172	0,412	0,212	0,318	0,280	0,092	0,091	0,092	0,091	0,091	0,092	0,092	0,092	0,094	0,092	0,092	0,091
5:08:04	37,0	0,665	0,666	0,280	0,681	0,535	0,511	0,292	0,515	0,340	0,476	0,223	0,342	0,514	0,623	0,483	0,590	0,412	0,572	0,441	0,686	0,270	0,625	0,276	0,280	0,312	0,321	0,228	0,508	0,119	0,217	0,224	0,500	0,323	0,704	0,247	0,106	0,147	0,092	0,092	0,511	0,097	0,499	0,402	0,590	0,126	0,620	0,484	0,143	0,154	0,662	0,496	0,524	0,211	0,477	0,350	0,503	0,312	0,386	0,542	0,537	0,390	0,293	0,356	0,163	0,332	0,200	0,355	0,414	0,336	0,402	0,478	0,251	0,286	0,208	0,144	0,259	0,308	0,296	0,231	0,190	0,424	0,235	0,336	0,302	0,092	0,091	0,092	0,091	0,091	0,092	0,092	0,092	0,093	0,092	0,091	0,091
5:18:04	37,0	0,677	0,677	0,318	0,694	0,571	0,531	0,322	0,559	0,379	0,497	0,252	0,386	0,528	0,636	0,494	0,600	0,428	0,577	0,453	0,684	0,294	0,634	0,305	0,313	0,352	0,358	0,257	0,532	0,129	0,246	0,253	0,544	0,357	0,705	0,278	0,112	0,163	0,093	0,093	0,512	0,098	0,508	0,451	0,608	0,137	0,622	0,497	0,158	0,177	0,679	0,525	0,556	0,252	0,514	0,388	0,540	0,344	0,431	0,564	0,581	0,403	0,322	0,371	0,186	0,331	0,227	0,365	0,438	0,366	0,427	0,498	0,278	0,306	0,228	0,155	0,277	0,317	0,309	0,254	0,210	0,440	0,255	0,350	0,323	0,092	0,091	0,092	0,091	0,091	0,092	0,092	0,092	0,094	0,092	0,092	0,091
5:28:04	37,0	0,687	0,687	0,351	0,703	0,610	0,546	0,350	0,589	0,424	0,513	0,292	0,426	0,540	0,632	0,500	0,609	0,435	0,596	0,462	0,684	0,317	0,637	0,328	0,347	0,391	0,402	0,289	0,572	0,143	0,279	0,287	0,554	0,392	0,716	0,312	0,121	0,183	0,094	0,093	0,520	0,101	0,520	0,455	0,609	0,152	0,631	0,504	0,178	0,208	0,696	0,533	0,579	0,303	0,531	0,439	0,558	0,381	0,499	0,585	0,614	0,432	0,354	0,407	0,203	0,368	0,264	0,390	0,447	0,381	0,447	0,520	0,328	0,323	0,244	0,168	0,292	0,328	0,322	0,275	0,231	0,454	0,276	0,365	0,340	0,092	0,091	0,092	0,091	0,091	0,092	0,093	0,092	0,093	0,092	0,092	0,091
5:38:04	37,0	0,697	0,693	0,388	0,714	0,638	0,561	0,379	0,596	0,462	0,534	0,328	0,465	0,557	0,621	0,507	0,620	0,439	0,613	0,475	0,684	0,346	0,642	0,353	0,391	0,435	0,443	0,326	0,571	0,159	0,315	0,322	0,551	0,429	0,715	0,343	0,132	0,207	0,095	0,093	0,521	0,104	0,529	0,482	0,631	0,171	0,640	0,518	0,202	0,242	0,712	0,552	0,594	0,372	0,539	0,486	0,571	0,418	0,535	0,603	0,624	0,449	0,376	0,420	0,231	0,384	0,317	0,419	0,461	0,399	0,461	0,542	0,371	0,337	0,262	0,184	0,306	0,340	0,335	0,292	0,250	0,464	0,297	0,380	0,354	0,092	0,091	0,092	0,091	0,091	0,092	0,092	0,092	0,094	0,092	0,091	0,091
5:48:04	37,0	0,708	0,700	0,429	0,724	0,653	0,577	0,408	0,613	0,482	0,572	0,367	0,516	0,571	0,637	0,516	0,630	0,443	0,619	0,480	0,687	0,365	0,648	0,374	0,446	0,481	0,478	0,362	0,607	0,181	0,356	0,357	0,558	0,449	0,710	0,382	0,147	0,231	0,097	0,093	0,525	0,110	0,538	0,509	0,640	0,193	0,647	0,529	0,231	0,274	0,728	0,586	0,605	0,439	0,564	0,508	0,593	0,458	0,569	0,641	0,638	0,480	0,396	0,431	0,267	0,412	0,329	0,431	0,483	0,414	0,476	0,562	0,393	0,349	0,281	0,204	0,320	0,351	0,347	0,310	0,268	0,475	0,314	0,393	0,368	0,092	0,091	0,092	0,091	0,091	0,092	0,092	0,092	0,093	0,092	0,092	0,091
5:58:04	37,0	0,718	0,706	0,464	0,734	0,663	0,599	0,435	0,628	0,513	0,595	0,404	0,564	0,585	0,664	0,522	0,638	0,454	0,629	0,491	0,686	0,399	0,654	0,403	0,504	0,505	0,502	0,402	0,602	0,207	0,401	0,396	0,571	0,463	0,715	0,424	0,168	0,259	0,099	0,093	0,527	0,117	0,548	0,532	0,649	0,215	0,652	0,541	0,261	0,304	0,743	0,585	0,610	0,491	0,578	0,523	0,597	0,487	0,586	0,673	0,665	0,492	0,414	0,444	0,305	0,428	0,348	0,448	0,512	0,443	0,493	0,569	0,413	0,363	0,296	0,224	0,330	0,363	0,361	0,324	0,286	0,485	0,326	0,407	0,384	0,092	0,091	0,092	0,091	0,091	0,092	0,092	0,092	0,094	0,092	0,091	0,091
6:08:04	37,0	0,728	0,719	0,481	0,742	0,668	0,621	0,468	0,638	0,555	0,613	0,438	0,606	0,599	0,674	0,529	0,646	0,463	0,637	0,500	0,689	0,423	0,664	0,435	0,550	0,539	0,550	0,444	0,636	0,235	0,437	0,432	0,585	0,500	0,716	0,453	0,195	0,289	0,102	0,093	0,531	0,125	0,561	0,536	0,656	0,246	0,657	0,551	0,294	0,340	0,760	0,563	0,610	0,510	0,591	0,537	0,614	0,538	0,599	0,702	0,679	0,510	0,420	0,458	0,336	0,438	0,363	0,467	0,532	0,452	0,513	0,583	0,437	0,376	0,309	0,242	0,342	0,375	0,376	0,337	0,303	0,492	0,342	0,422	0,400	0,092	0,091	0,092	0,092	0,091	0,092	0,093	0,092	0,094	0,092	0,091	0,091
6:18:04	37,0	0,737	0,728	0,531	0,750	0,681	0,639	0,491	0,650	0,600	0,625	0,472	0,650	0,614	0,679	0,537	0,653	0,464	0,644	0,506	0,691	0,442	0,671	0,449	0,584	0,567	0,552	0,468	0,645	0,260	0,468	0,465	0,599	0,509	0,718	0,467	0,227	0,320	0,106	0,093	0,534	0,135	0,564	0,558	0,661	0,290	0,669	0,560	0,322	0,381	0,774	0,561	0,609	0,526	0,603	0,548	0,619	0,555	0,634	0,721	0,696	0,532	0,433	0,489	0,350	0,452	0,372	0,500	0,546	0,462	0,530	0,597	0,460	0,389	0,320	0,261	0,355	0,385	0,390	0,348	0,316	0,498	0,356	0,437	0,414	0,092	0,091	0,092	0,092	0,091	0,092	0,092	0,092	0,093	0,092	0,092	0,091
6:28:04	37,0	0,745	0,738	0,553	0,757	0,692	0,657	0,520	0,663	0,622	0,641	0,543	0,680	0,622	0,677	0,543	0,662	0,471	0,656	0,516	0,696	0,453	0,679	0,458	0,611	0,578	0,555	0,492	0,659	0,294	0,489	0,481	0,614	0,515	0,727	0,476	0,258	0,347	0,112	0,093	0,538	0,148	0,579	0,560	0,668	0,334	0,677	0,571	0,355	0,427	0,784	0,568	0,614	0,545	0,619	0,558	0,613	0,579	0,647	0,736	0,713	0,547	0,457	0,509	0,379	0,475	0,390	0,528	0,560	0,491	0,552	0,605	0,474	0,400	0,331	0,277	0,364	0,394	0,402	0,361	0,328	0,503	0,369	0,449	0,429	0,092	0,091	0,092	0,092	0,092	0,092	0,093	0,092	0,094	0,092	0,092	0,091
6:38:04	37,0	0,751	0,746	0,567	0,761	0,699	0,668	0,544	0,678	0,635	0,658	0,566	0,696	0,632	0,675	0,549	0,672	0,479	0,664	0,520	0,700	0,462	0,685	0,468	0,633	0,592	0,552	0,505	0,665	0,344	0,496	0,499	0,630	0,517	0,738	0,487	0,293	0,382	0,119	0,092	0,542	0,162	0,582	0,588	0,670	0,396	0,689	0,582	0,390	0,479	0,795	0,616	0,625	0,577	0,638	0,564	0,608	0,582	0,662	0,747	0,726	0,561	0,482	0,524	0,394	0,501	0,404	0,548	0,570	0,524	0,570	0,611	0,478	0,405	0,346	0,293	0,374	0,400	0,413	0,374	0,341	0,508	0,383	0,461	0,443	0,092	0,091	0,092	0,091	0,091	0,092	0,092	0,092	0,094	0,091	0,091	0,091
6:48:04	37,0	0,760	0,755	0,602	0,769	0,706	0,682	0,569	0,694	0,640	0,678	0,586	0,700	0,643	0,677	0,559	0,681	0,483	0,672	0,527	0,704	0,471	0,697	0,478	0,657	0,615	0,549	0,518	0,668	0,407	0,518	0,525	0,665	0,530	0,757	0,499	0,330	0,414	0,130	0,093	0,547	0,179	0,588	0,591	0,675	0,424	0,701	0,594	0,429	0,519	0,814	0,642	0,644	0,586	0,646	0,568	0,617	0,630	0,675	0,759	0,750	0,574	0,506	0,536	0,417	0,507	0,424	0,572	0,581	0,545	0,583	0,617	0,499	0,418	0,355	0,309	0,386	0,409	0,423	0,386	0,353	0,516	0,397	0,476	0,455	0,092	0,091	0,092	0,091	0,091	0,092	0,092	0,092	0,094	0,092	0,091	0,091
6:58:04	37,0	0,767	0,763	0,628	0,773	0,711	0,692	0,600	0,702	0,644	0,689	0,620	0,711	0,654	0,678	0,569	0,688	0,490	0,678	0,536	0,709	0,483	0,703	0,491	0,674	0,622	0,566	0,548	0,672	0,456	0,521	0,525	0,671	0,539	0,769	0,508	0,365	0,442	0,143	0,093	0,551	0,195	0,591	0,586	0,682	0,480	0,706	0,607	0,459	0,552	0,826	0,661	0,652	0,598	0,653	0,573	0,628	0,649	0,676	0,778	0,764	0,582	0,526	0,547	0,428	0,523	0,440	0,593	0,593	0,560	0,594	0,625	0,530	0,425	0,366	0,322	0,396	0,416	0,433	0,399	0,365	0,522	0,411	0,485	0,467	0,092	0,091	0,092	0,092	0,091	0,092	0,093	0,092	0,093	0,092	0,092	0,091
7:08:04	37,0	0,775	0,769	0,638	0,777	0,716	0,702	0,619	0,712	0,646	0,701	0,637	0,721	0,663	0,683	0,575	0,693	0,500	0,685	0,544	0,714	0,489	0,712	0,496	0,687	0,630	0,561	0,548	0,661	0,495	0,550	0,554	0,679	0,554	0,782	0,518	0,408	0,460	0,160	0,093	0,554	0,218	0,603	0,599	0,682	0,509	0,715	0,624	0,480	0,581	0,840	0,670	0,665	0,601	0,668	0,581	0,638	0,650	0,690	0,790	0,779	0,591	0,543	0,555	0,426	0,534	0,466	0,621	0,606	0,575	0,605	0,632	0,552	0,435	0,372	0,333	0,406	0,424	0,442	0,410	0,381	0,529	0,423	0,495	0,478	0,092	0,091	0,092	0,092	0,091	0,092	0,092	0,092	0,093	0,092	0,091	0,091
7:18:04	37,0	0,782	0,776	0,646	0,784	0,722	0,713	0,639	0,723	0,652	0,711	0,650	0,729	0,673	0,686	0,584	0,697	0,507	0,692	0,550	0,718	0,499	0,723	0,508	0,696	0,641	0,568	0,561	0,666	0,517	0,545	0,550	0,691	0,576	0,793	0,529	0,451	0,474	0,184	0,093	0,558	0,242	0,613	0,605	0,684	0,532	0,722	0,637	0,495	0,618	0,853	0,679	0,681	0,604	0,679	0,592	0,648	0,681	0,707	0,802	0,798	0,599	0,556	0,566	0,436	0,544	0,482	0,652	0,620	0,588	0,617	0,640	0,575	0,445	0,383	0,345	0,416	0,430	0,450	0,421	0,395	0,538	0,440	0,501	0,488	0,092	0,091	0,092	0,092	0,091	0,092	0,092	0,092	0,094	0,092	0,092	0,091
7:28:04	37,0	0,791	0,780	0,659	0,788	0,729	0,721	0,655	0,732	0,660	0,721	0,660	0,739	0,680	0,689	0,589	0,701	0,512	0,697	0,554	0,725	0,508	0,732	0,519	0,705	0,651	0,587	0,564	0,670	0,540	0,545	0,567	0,702	0,599	0,806	0,536	0,480	0,488	0,212	0,092	0,565	0,274	0,619	0,613	0,685	0,543	0,731	0,649	0,511	0,641	0,866	0,671	0,693	0,605	0,684	0,605	0,658	0,700	0,728	0,813	0,816	0,607	0,567	0,573	0,459	0,551	0,503	0,691	0,633	0,600	0,632	0,653	0,592	0,452	0,393	0,355	0,425	0,434	0,459	0,430	0,406	0,547	0,453	0,510	0,499	0,092	0,091	0,092	0,091	0,091	0,092	0,092	0,092	0,094	0,092	0,092	0,091
7:38:04	37,0	0,802	0,785	0,672	0,794	0,735	0,726	0,667	0,737	0,668	0,729	0,663	0,746	0,691	0,695	0,598	0,706	0,519	0,704	0,564	0,729	0,515	0,740	0,526	0,712	0,666	0,587	0,618	0,676	0,554	0,556	0,575	0,713	0,629	0,817	0,549	0,496	0,502	0,245	0,093	0,569	0,309	0,629	0,629	0,686	0,549	0,739	0,658	0,528	0,669	0,877	0,687	0,708	0,619	0,694	0,617	0,676	0,716	0,744	0,828	0,830	0,614	0,580	0,580	0,474	0,560	0,532	0,724	0,649	0,613	0,646	0,670	0,606	0,460	0,401	0,365	0,431	0,438	0,468	0,438	0,417	0,555	0,464	0,516	0,508	0,092	0,091	0,092	0,092	0,091	0,092	0,092	0,092	0,094	0,092	0,091	0,091
7:48:04	37,0	0,811	0,793	0,685	0,801	0,743	0,734	0,683	0,746	0,682	0,741	0,676	0,756	0,699	0,702	0,605	0,713	0,526	0,711	0,574	0,736	0,528	0,752	0,540	0,723	0,676	0,626	0,623	0,680	0,582	0,563	0,598	0,719	0,645	0,829	0,560	0,512	0,509	0,286	0,092	0,577	0,354	0,643	0,650	0,687	0,567	0,748	0,673	0,542	0,692	0,891	0,691	0,730	0,632	0,704	0,624	0,701	0,727	0,762	0,842	0,844	0,625	0,593	0,590	0,494	0,571	0,556	0,746	0,668	0,629	0,660	0,685	0,622	0,466	0,410	0,376	0,435	0,443	0,474	0,450	0,431	0,564	0,473	0,522	0,516	0,092	0,091	0,092	0,091	0,091	0,092	0,092	0,092	0,094	0,092	0,092	0,091
7:58:04	36,9	0,818	0,797	0,692	0,806	0,747	0,739	0,689	0,751	0,690	0,746	0,686	0,768	0,705	0,705	0,611	0,719	0,534	0,716	0,581	0,742	0,532	0,758	0,547	0,728	0,685	0,622	0,603	0,691	0,599	0,613	0,607	0,727	0,664	0,843	0,570	0,527	0,519	0,336	0,093	0,585	0,381	0,661	0,663	0,692	0,578	0,754	0,686	0,558	0,702	0,903	0,709	0,747	0,642	0,705	0,632	0,720	0,734	0,774	0,854	0,859	0,636	0,604	0,596	0,507	0,580	0,581	0,769	0,684	0,644	0,676	0,700	0,635	0,469	0,418	0,387	0,445	0,453	0,485	0,452	0,441	0,574	0,484	0,531	0,528	0,092	0,091	0,092	0,092	0,091	0,091	0,092	0,092	0,094	0,092	0,092	0,091
8:08:04	37,0	0,823	0,804	0,699	0,811	0,752	0,744	0,703	0,755	0,698	0,753	0,696	0,777	0,714	0,710	0,618	0,725	0,536	0,724	0,591	0,745	0,544	0,761	0,558	0,733	0,695	0,640	0,651	0,701	0,602	0,606	0,592	0,734	0,672	0,852	0,584	0,540	0,532	0,386	0,093	0,600	0,435	0,673	0,659	0,692	0,600	0,762	0,699	0,577	0,719	0,912	0,713	0,766	0,668	0,712	0,646	0,734	0,740	0,789	0,871	0,874	0,648	0,618	0,607	0,521	0,590	0,597	0,776	0,698	0,661	0,689	0,715	0,651	0,473	0,426	0,397	0,451	0,463	0,494	0,460	0,452	0,584	0,495	0,535	0,539	0,092	0,091	0,092	0,091	0,091	0,092	0,092	0,092	0,093	0,092	0,091	0,091
8:18:04	37,0	0,827	0,809	0,704	0,815	0,756	0,750	0,712	0,759	0,703	0,760	0,705	0,785	0,718	0,713	0,621	0,730	0,539	0,729	0,594	0,751	0,551	0,767	0,565	0,741	0,701	0,657	0,640	0,709	0,587	0,603	0,590	0,743	0,676	0,862	0,595	0,557	0,547	0,428	0,092	0,616	0,474	0,676	0,657	0,696	0,605	0,770	0,716	0,595	0,748	0,925	0,721	0,776	0,672	0,724	0,668	0,740	0,752	0,803	0,882	0,887	0,663	0,630	0,619	0,535	0,599	0,615	0,781	0,712	0,675	0,704	0,734	0,666	0,480	0,432	0,405	0,461	0,470	0,504	0,466	0,462	0,596	0,505	0,543	0,548	0,092	0,091	0,092	0,092	0,091	0,092	0,092	0,092	0,093	0,092	0,092	0,091
8:28:04	37,0	0,833	0,812	0,711	0,821	0,762	0,755	0,722	0,764	0,711	0,767	0,713	0,794	0,726	0,719	0,630	0,735	0,549	0,735	0,604	0,757	0,560	0,775	0,571	0,748	0,711	0,670	0,658	0,717	0,618	0,613	0,605	0,752	0,691	0,871	0,606	0,571	0,559	0,469	0,093	0,634	0,489	0,677	0,660	0,701	0,606	0,776	0,728	0,608	0,772	0,939	0,734	0,783	0,672	0,736	0,681	0,750	0,758	0,812	0,893	0,898	0,681	0,646	0,633	0,546	0,611	0,634	0,790	0,729	0,695	0,721	0,751	0,682	0,483	0,439	0,412	0,466	0,480	0,516	0,472	0,471	0,606	0,517	0,551	0,559	0,092	0,091	0,092	0,091	0,091	0,092	0,093	0,092	0,094	0,092	0,092	0,091
8:38:04	37,0	0,840	0,819	0,718	0,827	0,767	0,764	0,732	0,771	0,720	0,773	0,722	0,801	0,732	0,724	0,636	0,739	0,551	0,741	0,610	0,759	0,568	0,780	0,583	0,755	0,716	0,680	0,656	0,729	0,632	0,642	0,621	0,762	0,700	0,879	0,623	0,589	0,569	0,508	0,093	0,644	0,508	0,684	0,667	0,706	0,618	0,783	0,740	0,627	0,787	0,950	0,738	0,796	0,674	0,744	0,697	0,759	0,765	0,823	0,909	0,911	0,701	0,664	0,656	0,558	0,625	0,654	0,798	0,750	0,719	0,741	0,767	0,700	0,489	0,444	0,419	0,472	0,487	0,527	0,480	0,477	0,620	0,525	0,559	0,573	0,092	0,092	0,092	0,091	0,091	0,092	0,093	0,092	0,094	0,092	0,092	0,091
8:48:04	37,0	0,844	0,823	0,725	0,831	0,773	0,768	0,739	0,776	0,726	0,779	0,731	0,807	0,737	0,728	0,641	0,744	0,557	0,747	0,617	0,765	0,573	0,783	0,591	0,762	0,723	0,697	0,668	0,732	0,629	0,656	0,630	0,769	0,705	0,888	0,646	0,606	0,574	0,521	0,093	0,656	0,515	0,687	0,667	0,710	0,622	0,788	0,751	0,640	0,798	0,959	0,744	0,811	0,672	0,753	0,709	0,772	0,774	0,831	0,923	0,925	0,718	0,679	0,679	0,570	0,641	0,668	0,807	0,772	0,737	0,761	0,784	0,716	0,492	0,447	0,423	0,477	0,498	0,536	0,484	0,484	0,631	0,536	0,569	0,587	0,092	0,091	0,092	0,092	0,091	0,092	0,093	0,092	0,093	0,092	0,092	0,091
8:58:04	37,0	0,851	0,829	0,731	0,836	0,780	0,775	0,748	0,783	0,734	0,787	0,742	0,814	0,739	0,733	0,642	0,750	0,562	0,753	0,622	0,771	0,581	0,793	0,596	0,771	0,730	0,714	0,680	0,739	0,644	0,668	0,649	0,779	0,714	0,896	0,669	0,625	0,587	0,539	0,093	0,664	0,532	0,693	0,674	0,716	0,621	0,796	0,761	0,659	0,806	0,972	0,749	0,817	0,673	0,767	0,723	0,784	0,791	0,844	0,932	0,939	0,737	0,696	0,699	0,585	0,659	0,683	0,817	0,798	0,755	0,780	0,801	0,734	0,495	0,453	0,429	0,484	0,509	0,551	0,501	0,489	0,648	0,545	0,576	0,604	0,092	0,091	0,092	0,092	0,091	0,092	0,093	0,092	0,094	0,092	0,092	0,091
9:08:04	37,0	0,856	0,833	0,737	0,840	0,785	0,781	0,755	0,787	0,738	0,792	0,748	0,820	0,746	0,738	0,649	0,755	0,566	0,758	0,630	0,776	0,587	0,799	0,605	0,777	0,735	0,725	0,689	0,749	0,659	0,682	0,661	0,790	0,723	0,905	0,685	0,646	0,598	0,552	0,092	0,674	0,543	0,699	0,679	0,720	0,621	0,802	0,768	0,674	0,809	0,981	0,756	0,828	0,681	0,778	0,730	0,795	0,800	0,853	0,946	0,952	0,754	0,713	0,712	0,599	0,675	0,698	0,826	0,813	0,772	0,802	0,818	0,753	0,501	0,459	0,433	0,490	0,519	0,562	0,512	0,497	0,663	0,555	0,590	0,618	0,092	0,091	0,092	0,091	0,091	0,092	0,092	0,092	0,093	0,091	0,091	0,091
9:18:04	37,0	0,862	0,838	0,743	0,844	0,792	0,789	0,762	0,794	0,746	0,800	0,757	0,829	0,749	0,745	0,653	0,760	0,577	0,764	0,637	0,784	0,596	0,807	0,614	0,786	0,743	0,737	0,697	0,758	0,656	0,687	0,673	0,800	0,738	0,912	0,701	0,677	0,611	0,558	0,093	0,683	0,565	0,706	0,692	0,729	0,619	0,808	0,777	0,693	0,817	0,991	0,764	0,841	0,685	0,790	0,747	0,806	0,810	0,866	0,962	0,969	0,775	0,734	0,730	0,615	0,690	0,717	0,840	0,841	0,788	0,821	0,828	0,777	0,507	0,466	0,437	0,498	0,529	0,580	0,532	0,505	0,677	0,566	0,601	0,634	0,092	0,092	0,092	0,092	0,091	0,092	0,092	0,092	0,094	0,092	0,092	0,091
9:28:04	37,0	0,867	0,842	0,748	0,848	0,798	0,792	0,767	0,798	0,750	0,806	0,763	0,836	0,756	0,750	0,661	0,765	0,584	0,769	0,644	0,788	0,605	0,812	0,625	0,794	0,749	0,747	0,705	0,766	0,661	0,692	0,680	0,811	0,740	0,919	0,713	0,712	0,623	0,576	0,093	0,689	0,574	0,712	0,693	0,732	0,616	0,812	0,787	0,704	0,818	1,001	0,774	0,849	0,694	0,800	0,754	0,819	0,820	0,875	0,974	0,981	0,796	0,748	0,744	0,631	0,705	0,727	0,850	0,860	0,802	0,842	0,847	0,797	0,513	0,473	0,442	0,504	0,544	0,592	0,562	0,511	0,692	0,579	0,610	0,651	0,092	0,091	0,092	0,091	0,092	0,092	0,092	0,092	0,094	0,092	0,092	0,091
9:38:04	37,0	0,871	0,846	0,753	0,852	0,804	0,797	0,773	0,802	0,756	0,812	0,769	0,844	0,758	0,755	0,664	0,771	0,589	0,772	0,650	0,797	0,611	0,818	0,631	0,801	0,756	0,756	0,715	0,777	0,652	0,705	0,689	0,820	0,752	0,928	0,726	0,753	0,634	0,592	0,093	0,696	0,583	0,717	0,701	0,739	0,614	0,818	0,797	0,722	0,822	1,008	0,779	0,864	0,706	0,815	0,772	0,829	0,829	0,887	0,990	0,994	0,816	0,774	0,759	0,648	0,722	0,748	0,867	0,882	0,820	0,863	0,860	0,821	0,521	0,482	0,447	0,512	0,564	0,609	0,581	0,521	0,703	0,589	0,621	0,670	0,092	0,091	0,092	0,091	0,091	0,092	0,092	0,092	0,094	0,092	0,092	0,091
9:48:04	37,0	0,874	0,848	0,758	0,856	0,809	0,801	0,777	0,807	0,761	0,816	0,774	0,849	0,764	0,760	0,667	0,775	0,587	0,779	0,652	0,797	0,616	0,823	0,637	0,808	0,763	0,766	0,721	0,786	0,656	0,707	0,696	0,831	0,758	0,933	0,739	0,773	0,647	0,630	0,093	0,702	0,577	0,725	0,705	0,742	0,610	0,823	0,805	0,733	0,825	1,017	0,787	0,871	0,721	0,822	0,776	0,842	0,841	0,895	1,000	1,007	0,837	0,801	0,776	0,666	0,746	0,764	0,877	0,904	0,838	0,884	0,881	0,841	0,531	0,488	0,450	0,527	0,589	0,625	0,594	0,532	0,714	0,604	0,634	0,688	0,092	0,091	0,092	0,092	0,092	0,092	0,093	0,092	0,094	0,092	0,092	0,091
9:58:04	37,0	0,878	0,851	0,762	0,860	0,814	0,805	0,782	0,811	0,765	0,821	0,780	0,855	0,767	0,766	0,668	0,780	0,590	0,783	0,656	0,804	0,623	0,829	0,643	0,814	0,770	0,778	0,729	0,791	0,663	0,719	0,703	0,837	0,761	0,939	0,749	0,788	0,658	0,670	0,092	0,708	0,587	0,732	0,712	0,747	0,611	0,828	0,811	0,742	0,830	1,027	0,796	0,878	0,733	0,837	0,787	0,853	0,853	0,907	1,012	1,018	0,856	0,826	0,793	0,681	0,762	0,782	0,891	0,920	0,857	0,900	0,895	0,863	0,540	0,498	0,454	0,540	0,596	0,644	0,609	0,544	0,729	0,621	0,648	0,707	0,092	0,091	0,092	0,091	0,091	0,092	0,092	0,092	0,093	0,092	0,091	0,091
10:08:04	37,0	0,883	0,855	0,768	0,864	0,819	0,811	0,789	0,818	0,772	0,827	0,786	0,861	0,771	0,772	0,672	0,785	0,596	0,788	0,664	0,808	0,629	0,835	0,651	0,821	0,777	0,784	0,738	0,798	0,668	0,731	0,714	0,851	0,773	0,947	0,758	0,804	0,673	0,692	0,093	0,714	0,601	0,741	0,720	0,754	0,610	0,835	0,817	0,756	0,837	1,036	0,806	0,888	0,744	0,847	0,801	0,864	0,864	0,919	1,023	1,029	0,878	0,851	0,814	0,701	0,784	0,798	0,903	0,940	0,872	0,924	0,913	0,882	0,551	0,509	0,459	0,550	0,619	0,665	0,620	0,555	0,739	0,634	0,661	0,728	0,092	0,092	0,092	0,092	0,092	0,092	0,093	0,092	0,094	0,092	0,092	0,091
10:18:04	37,0	0,888	0,859	0,775	0,868	0,823	0,816	0,797	0,825	0,780	0,833	0,795	0,866	0,776	0,777	0,676	0,790	0,606	0,793	0,672	0,812	0,638	0,840	0,661	0,828	0,786	0,791	0,746	0,810	0,683	0,739	0,722	0,862	0,785	0,953	0,768	0,817	0,687	0,702	0,093	0,719	0,611	0,747	0,726	0,759	0,611	0,840	0,824	0,772	0,845	1,044	0,814	0,895	0,754	0,858	0,813	0,875	0,875	0,936	1,035	1,041	0,903	0,871	0,832	0,718	0,807	0,818	0,919	0,958	0,889	0,945	0,930	0,902	0,563	0,517	0,463	0,561	0,633	0,685	0,634	0,564	0,753	0,647	0,675	0,751	0,092	0,091	0,092	0,092	0,091	0,092	0,093	0,092	0,094	0,092	0,091	0,091
10:28:04	37,0	0,891	0,862	0,782	0,873	0,828	0,821	0,803	0,828	0,786	0,837	0,800	0,871	0,777	0,783	0,677	0,796	0,602	0,798	0,671	0,818	0,641	0,846	0,665	0,835	0,795	0,799	0,754	0,820	0,689	0,754	0,729	0,870	0,793	0,960	0,776	0,830	0,700	0,710	0,093	0,724	0,609	0,753	0,729	0,765	0,612	0,844	0,829	0,784	0,853	1,053	0,822	0,904	0,768	0,869	0,823	0,883	0,886	0,946	1,043	1,053	0,925	0,892	0,851	0,752	0,819	0,836	0,935	0,975	0,902	0,962	0,944	0,921	0,576	0,528	0,469	0,575	0,647	0,696	0,643	0,577	0,763	0,660	0,691	0,764	0,092	0,092	0,092	0,092	0,091	0,092	0,093	0,092	0,094	0,092	0,092	0,091
10:38:04	37,0	0,896	0,864	0,788	0,876	0,834	0,825	0,810	0,833	0,790	0,844	0,807	0,876	0,781	0,788	0,677	0,803	0,610	0,802	0,678	0,828	0,649	0,850	0,673	0,842	0,804	0,809	0,765	0,825	0,699	0,754	0,739	0,879	0,803	0,967	0,786	0,845	0,711	0,713	0,093	0,731	0,623	0,757	0,738	0,775	0,615	0,852	0,835	0,794	0,863	1,060	0,829	0,912	0,777	0,883	0,836	0,898	0,897	0,961	1,053	1,065	0,945	0,912	0,866	0,768	0,837	0,859	0,956	0,987	0,922	0,981	0,958	0,940	0,590	0,538	0,472	0,592	0,665	0,711	0,653	0,589	0,775	0,676	0,705	0,775	0,092	0,091	0,092	0,091	0,091	0,092	0,092	0,092	0,093	0,092	0,092	0,091
10:48:04	37,0	0,899	0,865	0,793	0,880	0,838	0,829	0,811	0,835	0,791	0,847	0,810	0,880	0,778	0,792	0,676	0,806	0,609	0,809	0,678	0,829	0,652	0,857	0,676	0,845	0,813	0,815	0,768	0,836	0,708	0,761	0,746	0,886	0,807	0,971	0,796	0,855	0,719	0,730	0,093	0,733	0,624	0,768	0,740	0,776	0,622	0,855	0,843	0,802	0,871	1,068	0,837	0,920	0,794	0,887	0,837	0,910	0,908	0,970	1,060	1,072	0,957	0,935	0,883	0,793	0,851	0,875	0,963	0,995	0,940	0,991	0,973	0,957	0,605	0,551	0,479	0,603	0,684	0,722	0,668	0,599	0,788	0,691	0,714	0,784	0,092	0,091	0,092	0,091	0,091	0,092	0,093	0,092	0,094	0,092	0,091	0,091
10:58:04	36,9	0,903	0,868	0,797	0,884	0,845	0,834	0,814	0,840	0,794	0,850	0,816	0,883	0,784	0,799	0,682	0,812	0,614	0,813	0,684	0,837	0,657	0,861	0,680	0,850	0,825	0,824	0,776	0,840	0,713	0,776	0,756	0,893	0,823	0,977	0,803	0,866	0,730	0,730	0,092	0,740	0,645	0,774	0,750	0,787	0,640	0,859	0,847	0,806	0,883	1,077	0,846	0,932	0,801	0,898	0,851	0,921	0,918	0,979	1,070	1,083	0,976	0,952	0,899	0,819	0,870	0,892	0,977	1,008	0,956	1,007	0,985	0,978	0,621	0,564	0,486	0,624	0,698	0,741	0,678	0,616	0,800	0,708	0,723	0,794	0,092	0,091	0,092	0,091	0,091	0,092	0,092	0,092	0,094	0,092	0,092	0,091
11:08:04	37,0	0,906	0,872	0,801	0,888	0,848	0,838	0,817	0,845	0,799	0,854	0,820	0,887	0,790	0,804	0,687	0,815	0,618	0,820	0,686	0,839	0,662	0,870	0,685	0,854	0,834	0,831	0,782	0,847	0,718	0,781	0,763	0,901	0,829	0,983	0,811	0,878	0,738	0,727	0,092	0,742	0,642	0,779	0,754	0,793	0,649	0,865	0,851	0,814	0,892	1,084	0,854	0,940	0,808	0,906	0,861	0,930	0,926	0,991	1,079	1,092	0,992	0,969	0,912	0,832	0,881	0,907	0,984	1,013	0,969	1,020	0,998	0,998	0,634	0,573	0,494	0,638	0,709	0,756	0,688	0,628	0,807	0,722	0,734	0,802	0,092	0,091	0,092	0,091	0,091	0,092	0,092	0,092	0,093	0,092	0,091	0,091
11:18:04	37,0	0,908	0,876	0,806	0,892	0,852	0,842	0,821	0,849	0,804	0,859	0,826	0,892	0,789	0,809	0,684	0,822	0,616	0,825	0,688	0,844	0,663	0,874	0,687	0,860	0,842	0,837	0,790	0,853	0,725	0,794	0,772	0,908	0,840	0,989	0,822	0,891	0,746	0,726	0,093	0,747	0,644	0,784	0,758	0,796	0,658	0,867	0,857	0,823	0,903	1,091	0,861	0,947	0,819	0,916	0,870	0,938	0,937	1,000	1,089	1,102	1,006	0,985	0,929	0,858	0,895	0,923	0,995	1,022	0,985	1,030	1,009	1,017	0,643	0,586	0,505	0,654	0,724	0,766	0,699	0,640	0,817	0,732	0,742	0,813	0,092	0,091	0,092	0,092	0,091	0,092	0,092	0,092	0,094	0,092	0,092	0,091
11:28:04	37,0	0,913	0,879	0,812	0,897	0,856	0,846	0,825	0,853	0,809	0,864	0,830	0,896	0,792	0,816	0,688	0,825	0,623	0,829	0,689	0,850	0,668	0,881	0,694	0,863	0,849	0,845	0,796	0,859	0,733	0,801	0,780	0,916	0,848	0,997	0,829	0,901	0,753	0,714	0,093	0,752	0,648	0,790	0,767	0,801	0,664	0,871	0,861	0,835	0,914	1,099	0,870	0,952	0,828	0,923	0,880	0,950	0,948	1,010	1,094	1,111	1,019	0,999	0,942	0,878	0,913	0,940	1,006	1,030	0,997	1,043	1,018	1,031	0,654	0,604	0,514	0,670	0,737	0,780	0,712	0,655	0,829	0,744	0,752	0,821	0,092	0,091	0,092	0,091	0,091	0,092	0,093	0,092	0,094	0,092	0,091	0,091
11:38:04	37,0	0,917	0,883	0,816	0,902	0,859	0,850	0,830	0,858	0,814	0,868	0,834	0,901	0,796	0,821	0,690	0,829	0,630	0,832	0,695	0,857	0,671	0,888	0,696	0,868	0,856	0,853	0,806	0,863	0,740	0,810	0,788	0,923	0,856	1,001	0,835	0,912	0,758	0,707	0,092	0,756	0,646	0,794	0,773	0,809	0,668	0,876	0,863	0,840	0,924	1,103	0,875	0,961	0,834	0,930	0,892	0,956	0,955	1,020	1,102	1,120	1,031	1,009	0,949	0,898	0,930	0,957	1,013	1,036	1,008	1,052	1,027	1,044	0,667	0,624	0,526	0,682	0,754	0,792	0,720	0,668	0,836	0,753	0,764	0,830	0,092	0,091	0,092	0,091	0,091	0,092	0,092	0,092	0,094	0,092	0,092	0,091
11:48:04	37,0	0,920	0,888	0,820	0,906	0,864	0,853	0,834	0,860	0,818	0,871	0,838	0,905	0,796	0,826	0,692	0,834	0,630	0,839	0,699	0,861	0,675	0,893	0,697	0,874	0,863	0,862	0,813	0,870	0,748	0,818	0,794	0,928	0,864	1,007	0,841	0,920	0,765	0,702	0,093	0,762	0,655	0,799	0,778	0,813	0,680	0,879	0,870	0,847	0,934	1,111	0,884	0,970	0,842	0,940	0,897	0,962	0,962	1,026	1,109	1,127	1,041	1,021	0,959	0,918	0,939	0,969	1,019	1,042	1,015	1,062	1,036	1,055	0,680	0,641	0,538	0,697	0,770	0,802	0,733	0,683	0,848	0,762	0,773	0,839	0,092	0,091	0,092	0,092	0,092	0,092	0,093	0,092	0,094	0,092	0,091	0,091
11:58:04	37,0	0,923	0,892	0,824	0,911	0,866	0,856	0,835	0,864	0,821	0,873	0,840	0,908	0,799	0,831	0,694	0,838	0,632	0,844	0,699	0,863	0,679	0,895	0,702	0,875	0,870	0,869	0,823	0,874	0,754	0,824	0,802	0,934	0,869	1,009	0,848	0,928	0,772	0,701	0,093	0,765	0,653	0,803	0,783	0,818	0,687	0,883	0,872	0,850	0,942	1,116	0,892	0,976	0,850	0,947	0,907	0,969	0,969	1,030	1,115	1,131	1,050	1,032	0,970	0,927	0,954	0,984	1,029	1,047	1,024	1,069	1,043	1,063	0,694	0,653	0,552	0,709	0,781	0,813	0,743	0,695	0,855	0,772	0,783	0,845	0,092	0,091	0,092	0,092	0,091	0,092	0,093	0,092	0,094	0,092	0,092	0,091
12:08:04	37,0	0,925	0,895	0,827	0,913	0,870	0,859	0,839	0,868	0,823	0,875	0,845	0,912	0,797	0,835	0,695	0,841	0,629	0,847	0,696	0,868	0,677	0,900	0,703	0,878	0,878	0,876	0,829	0,880	0,760	0,831	0,811	0,943	0,878	1,017	0,855	0,936	0,776	0,698	0,093	0,770	0,656	0,807	0,790	0,822	0,695	0,885	0,874	0,859	0,953	1,123	0,899	0,984	0,857	0,957	0,918	0,974	0,978	1,039	1,121	1,140	1,060	1,041	0,982	0,947	0,964	0,999	1,035	1,054	1,031	1,078	1,050	1,071	0,706	0,667	0,567	0,722	0,792	0,823	0,751	0,708	0,864	0,780	0,792	0,854	0,092	0,091	0,092	0,091	0,091	0,092	0,092	0,092	0,093	0,092	0,091	0,091
12:18:04	37,0	0,927	0,899	0,833	0,916	0,875	0,865	0,844	0,873	0,830	0,882	0,850	0,918	0,805	0,840	0,694	0,847	0,636	0,851	0,701	0,873	0,683	0,905	0,704	0,884	0,884	0,883	0,838	0,888	0,770	0,842	0,819	0,948	0,882	1,024	0,863	0,945	0,784	0,699	0,093	0,776	0,661	0,811	0,796	0,829	0,704	0,891	0,877	0,865	0,966	1,130	0,907	0,995	0,866	0,966	0,930	0,979	0,986	1,049	1,129	1,149	1,069	1,051	0,987	0,962	0,979	1,012	1,043	1,062	1,036	1,087	1,058	1,081	0,718	0,680	0,583	0,735	0,804	0,831	0,760	0,718	0,873	0,790	0,800	0,863	0,092	0,091	0,092	0,091	0,091	0,092	0,092	0,092	0,094	0,092	0,092	0,091
12:28:04	37,0	0,932	0,903	0,837	0,921	0,880	0,870	0,847	0,877	0,834	0,886	0,854	0,922	0,802	0,845	0,696	0,851	0,632	0,856	0,699	0,878	0,683	0,910	0,708	0,888	0,889	0,891	0,843	0,897	0,776	0,843	0,823	0,955	0,885	1,029	0,870	0,955	0,790	0,698	0,093	0,778	0,663	0,817	0,800	0,833	0,709	0,894	0,884	0,870	0,975	1,137	0,913	0,996	0,878	0,973	0,928	0,987	0,997	1,055	1,136	1,154	1,077	1,062	1,002	0,977	0,982	1,016	1,046	1,066	1,038	1,094	1,067	1,089	0,730	0,689	0,595	0,746	0,812	0,841	0,769	0,728	0,882	0,800	0,808	0,871	0,092	0,092	0,092	0,092	0,092	0,092	0,093	0,092	0,094	0,092	0,092	0,091
12:38:04	37,0	0,935	0,906	0,842	0,925	0,883	0,874	0,849	0,881	0,837	0,888	0,857	0,925	0,808	0,849	0,697	0,856	0,631	0,861	0,703	0,881	0,685	0,908	0,708	0,891	0,895	0,897	0,850	0,900	0,781	0,849	0,828	0,960	0,891	1,032	0,876	0,962	0,795	0,698	0,093	0,780	0,664	0,821	0,799	0,831	0,712	0,895	0,886	0,873	0,982	1,142	0,918	1,003	0,888	0,978	0,932	0,996	1,000	1,059	1,141	1,159	1,084	1,068	1,009	0,988	0,987	1,021	1,052	1,074	1,046	1,098	1,076	1,096	0,740	0,702	0,617	0,750	0,821	0,846	0,778	0,733	0,888	0,805	0,815	0,877	0,092	0,091	0,092	0,092	0,091	0,092	0,092	0,092	0,094	0,092	0,092	0,091
12:48:04	36,9	0,939	0,909	0,844	0,929	0,888	0,877	0,855	0,885	0,840	0,891	0,861	0,929	0,809	0,855	0,699	0,860	0,634	0,865	0,704	0,886	0,687	0,914	0,712	0,895	0,900	0,905	0,857	0,904	0,789	0,855	0,835	0,965	0,898	1,036	0,882	0,968	0,801	0,702	0,093	0,783	0,665	0,826	0,803	0,836	0,718	0,901	0,890	0,879	0,991	1,147	0,925	1,010	0,895	0,982	0,943	1,005	1,007	1,066	1,148	1,165	1,091	1,076	1,016	0,995	0,996	1,028	1,058	1,081	1,049	1,106	1,083	1,105	0,751	0,714	0,633	0,757	0,827	0,854	0,789	0,746	0,896	0,813	0,824	0,883	0,092	0,091	0,092	0,092	0,091	0,092	0,093	0,092	0,094	0,092	0,092	0,091
12:58:04	37,0	0,942	0,913	0,848	0,931	0,893	0,882	0,859	0,889	0,844	0,893	0,865	0,933	0,811	0,860	0,699	0,864	0,636	0,871	0,704	0,889	0,688	0,918	0,711	0,901	0,906	0,910	0,864	0,909	0,796	0,864	0,843	0,972	0,901	1,043	0,888	0,976	0,805	0,703	0,093	0,786	0,668	0,830	0,810	0,841	0,723	0,902	0,894	0,884	0,998	1,154	0,930	1,015	0,902	0,988	0,950	1,008	1,014	1,071	1,153	1,168	1,097	1,080	1,023	1,006	1,001	1,036	1,064	1,086	1,052	1,110	1,089	1,111	0,761	0,720	0,643	0,765	0,833	0,861	0,794	0,753	0,903	0,821	0,830	0,891	0,092	0,092	0,092	0,092	0,092	0,092	0,093	0,092	0,094	0,092	0,092	0,091
13:08:04	37,0	0,945	0,916	0,853	0,934	0,898	0,886	0,864	0,894	0,850	0,897	0,872	0,938	0,813	0,865	0,698	0,870	0,640	0,876	0,710	0,894	0,691	0,926	0,717	0,907	0,913	0,914	0,871	0,916	0,802	0,875	0,851	0,978	0,910	1,048	0,893	0,983	0,809	0,705	0,093	0,792	0,672	0,835	0,816	0,849	0,732	0,908	0,896	0,889	1,007	1,158	0,937	1,021	0,907	0,994	0,956	1,014	1,020	1,079	1,158	1,175	1,104	1,086	1,027	1,015	1,007	1,045	1,071	1,091	1,059	1,119	1,094	1,118	0,772	0,730	0,653	0,776	0,842	0,871	0,804	0,767	0,911	0,827	0,838	0,898	0,092	0,092	0,092	0,092	0,092	0,092	0,093	0,092	0,094	0,092	0,092	0,091
13:18:04	37,0	0,946	0,921	0,858	0,937	0,902	0,888	0,869	0,899	0,854	0,901	0,875	0,943	0,820	0,868	0,701	0,872	0,644	0,881	0,709	0,898	0,695	0,929	0,719	0,915	0,919	0,922	0,877	0,921	0,808	0,881	0,857	0,983	0,918	1,053	0,898	0,991	0,812	0,708	0,093	0,795	0,676	0,836	0,821	0,853	0,741	0,911	0,899	0,894	1,014	1,162	0,943	1,028	0,914	1,001	0,964	1,018	1,024	1,085	1,163	1,181	1,110	1,092	1,033	1,024	1,011	1,051	1,076	1,096	1,067	1,124	1,098	1,126	0,783	0,741	0,670	0,786	0,850	0,878	0,811	0,776	0,918	0,833	0,844	0,905	0,092	0,092	0,092	0,092	0,091	0,092	0,093	0,092	0,094	0,092	0,092	0,091
13:28:04	37,0	0,953	0,925	0,862	0,941	0,907	0,893	0,872	0,902	0,860	0,906	0,879	0,947	0,818	0,874	0,704	0,875	0,645	0,885	0,712	0,899	0,701	0,933	0,722	0,921	0,928	0,926	0,883	0,927	0,815	0,887	0,863	0,988	0,925	1,057	0,905	0,997	0,815	0,711	0,093	0,798	0,683	0,841	0,827	0,857	0,745	0,917	0,903	0,899	1,021	1,169	0,949	1,033	0,920	1,010	0,971	1,024	1,032	1,091	1,170	1,185	1,116	1,100	1,042	1,030	1,017	1,057	1,078	1,100	1,070	1,127	1,104	1,130	0,794	0,752	0,685	0,797	0,860	0,885	0,815	0,785	0,925	0,841	0,850	0,911	0,092	0,092	0,092	0,092	0,091	0,092	0,093	0,092	0,094	0,092	0,092	0,091
13:38:04	37,0	0,955	0,928	0,866	0,943	0,911	0,896	0,876	0,907	0,864	0,911	0,884	0,951	0,819	0,879	0,701	0,878	0,645	0,888	0,711	0,902	0,701	0,935	0,720	0,926	0,931	0,932	0,887	0,931	0,823	0,892	0,868	0,994	0,927	1,061	0,909	1,004	0,820	0,713	0,093	0,801	0,687	0,844	0,830	0,861	0,750	0,919	0,907	0,903	1,027	1,171	0,954	1,038	0,928	1,014	0,971	1,031	1,038	1,094	1,172	1,188	1,121	1,102	1,046	1,036	1,022	1,062	1,084	1,106	1,074	1,132	1,108	1,134	0,803	0,757	0,704	0,804	0,868	0,890	0,822	0,792	0,931	0,847	0,856	0,917	0,092	0,092	0,092	0,092	0,092	0,092	0,093	0,092	0,094	0,092	0,092	0,091
13:48:04	37,0	0,955	0,931	0,869	0,947	0,914	0,898	0,879	0,910	0,868	0,914	0,889	0,954	0,823	0,884	0,704	0,881	0,642	0,892	0,710	0,905	0,698	0,937	0,721	0,931	0,937	0,939	0,893	0,936	0,830	0,896	0,873	0,999	0,932	1,066	0,915	1,011	0,824	0,717	0,093	0,804	0,689	0,848	0,833	0,863	0,754	0,922	0,911	0,909	1,032	1,177	0,959	1,042	0,934	1,020	0,979	1,036	1,043	1,097	1,177	1,193	1,126	1,108	1,049	1,044	1,028	1,068	1,087	1,109	1,078	1,134	1,112	1,139	0,812	0,766	0,720	0,810	0,874	0,899	0,829	0,800	0,938	0,854	0,861	0,923	0,092	0,091	0,092	0,091	0,091	0,092	0,092	0,092	0,094	0,092	0,091	0,091
13:58:04	37,0	0,961	0,935	0,873	0,950	0,917	0,901	0,883	0,913	0,873	0,918	0,893	0,957	0,821	0,887	0,700	0,886	0,641	0,896	0,709	0,908	0,697	0,939	0,723	0,937	0,944	0,945	0,900	0,942	0,836	0,903	0,881	1,004	0,937	1,071	0,920	1,017	0,824	0,721	0,093	0,807	0,693	0,852	0,837	0,866	0,758	0,927	0,915	0,911	1,039	1,183	0,964	1,047	0,941	1,024	0,985	1,044	1,048	1,104	1,181	1,198	1,131	1,112	1,056	1,051	1,036	1,074	1,092	1,114	1,083	1,138	1,117	1,142	0,820	0,774	0,726	0,816	0,879	0,905	0,834	0,807	0,943	0,860	0,869	0,929	0,092	0,092	0,092	0,092	0,092	0,092	0,093	0,092	0,094	0,092	0,092	0,091
14:08:04	37,0	0,963	0,937	0,876	0,951	0,919	0,902	0,887	0,916	0,875	0,917	0,897	0,959	0,822	0,891	0,704	0,890	0,642	0,899	0,710	0,911	0,698	0,939	0,718	0,940	0,948	0,948	0,905	0,944	0,842	0,907	0,884	1,007	0,942	1,072	0,925	1,022	0,828	0,724	0,093	0,808	0,697	0,855	0,836	0,863	0,759	0,927	0,919	0,918	1,044	1,185	0,970	1,050	0,946	1,028	0,990	1,045	1,053	1,106	1,185	1,200	1,135	1,113	1,062	1,054	1,041	1,082	1,097	1,117	1,086	1,139	1,120	1,146	0,828	0,783	0,741	0,824	0,882	0,910	0,840	0,814	0,949	0,864	0,873	0,933	0,092	0,091	0,092	0,092	0,091	0,092	0,093	0,092	0,094	0,092	0,092	0,091
14:18:04	37,0	0,964	0,940	0,881	0,953	0,923	0,903	0,893	0,919	0,881	0,922	0,901	0,963	0,828	0,897	0,705	0,892	0,651	0,903	0,717	0,915	0,703	0,946	0,726	0,947	0,955	0,954	0,909	0,950	0,847	0,915	0,891	1,013	0,949	1,078	0,927	1,030	0,834	0,729	0,093	0,814	0,703	0,858	0,844	0,872	0,768	0,932	0,923	0,923	1,050	1,190	0,976	1,057	0,951	1,033	1,000	1,049	1,059	1,112	1,189	1,204	1,140	1,117	1,064	1,058	1,046	1,086	1,102	1,122	1,093	1,143	1,121	1,147	0,836	0,794	0,749	0,833	0,894	0,919	0,847	0,823	0,955	0,870	0,879	0,939	0,092	0,092	0,092	0,092	0,091	0,092	0,092	0,092	0,094	0,092	0,092	0,091
14:28:04	37,0	0,967	0,944	0,886	0,955	0,926	0,908	0,896	0,924	0,885	0,925	0,905	0,966	0,823	0,900	0,709	0,895	0,647	0,906	0,718	0,917	0,704	0,948	0,729	0,951	0,960	0,960	0,914	0,956	0,852	0,921	0,896	1,018	0,955	1,084	0,934	1,037	0,838	0,732	0,093	0,817	0,707	0,862	0,848	0,876	0,772	0,936	0,925	0,927	1,056	1,193	0,982	1,061	0,956	1,038	1,004	1,053	1,063	1,117	1,192	1,208	1,142	1,123	1,070	1,064	1,048	1,091	1,104	1,124	1,096	1,145	1,126	1,151	0,846	0,797	0,759	0,840	0,901	0,923	0,853	0,829	0,961	0,877	0,883	0,944	0,092	0,092	0,092	0,092	0,092	0,092	0,093	0,092	0,094	0,092	0,092	0,091
14:38:04	37,0	0,970	0,944	0,888	0,956	0,929	0,911	0,898	0,924	0,887	0,925	0,909	0,968	0,826	0,904	0,703	0,899	0,644	0,909	0,716	0,920	0,701	0,946	0,728	0,955	0,965	0,965	0,921	0,960	0,856	0,925	0,902	1,022	0,956	1,088	0,940	1,043	0,842	0,735	0,093	0,821	0,713	0,865	0,853	0,878	0,774	0,935	0,927	0,927	1,061	1,196	0,987	1,065	0,968	1,043	1,005	1,057	1,067	1,120	1,194	1,210	1,146	1,127	1,074	1,067	1,055	1,095	1,105	1,125	1,097	1,146	1,127	1,153	0,852	0,803	0,770	0,847	0,908	0,929	0,860	0,835	0,967	0,882	0,889	0,947	0,092	0,092	0,092	0,092	0,091	0,092	0,093	0,092	0,094	0,092	0,092	0,091
14:48:04	37,0	0,969	0,947	0,892	0,958	0,933	0,915	0,902	0,928	0,893	0,928	0,914	0,972	0,831	0,908	0,707	0,904	0,647	0,912	0,716	0,922	0,703	0,948	0,728	0,962	0,972	0,971	0,926	0,963	0,862	0,929	0,907	1,027	0,962	1,091	0,945	1,048	0,846	0,739	0,093	0,823	0,717	0,869	0,856	0,883	0,779	0,941	0,931	0,934	1,067	1,200	0,990	1,070	0,967	1,048	1,011	1,064	1,073	1,125	1,201	1,214	1,148	1,129	1,075	1,072	1,058	1,099	1,107	1,128	1,103	1,148	1,130	1,154	0,860	0,811	0,780	0,853	0,913	0,935	0,867	0,841	0,971	0,887	0,894	0,952	0,092	0,092	0,092	0,092	0,092	0,092	0,093	0,092	0,094	0,092	0,092	0,091
14:58:04	37,0	0,973	0,948	0,896	0,962	0,937	0,918	0,905	0,933	0,896	0,931	0,916	0,974	0,831	0,911	0,707	0,906	0,644	0,916	0,716	0,925	0,703	0,947	0,728	0,963	0,976	0,974	0,931	0,968	0,867	0,933	0,912	1,030	0,966	1,096	0,949	1,055	0,853	0,743	0,093	0,826	0,719	0,870	0,858	0,884	0,781	0,941	0,935	0,935	1,074	1,203	0,994	1,075	0,971	1,051	1,015	1,067	1,077	1,126	1,200	1,216	1,151	1,131	1,078	1,075	1,062	1,102	1,110	1,128	1,103	1,149	1,129	1,155	0,867	0,818	0,787	0,860	0,918	0,940	0,870	0,845	0,977	0,892	0,900	0,955	0,093	0,092	0,092	0,092	0,092	0,092	0,093	0,092	0,094	0,092	0,092	0,092
15:08:04	36,9	0,972	0,953	0,901	0,961	0,943	0,920	0,912	0,937	0,900	0,935	0,922	0,979	0,830	0,917	0,708	0,910	0,648	0,920	0,717	0,926	0,708	0,954	0,731	0,968	0,986	0,980	0,937	0,975	0,872	0,940	0,918	1,036	0,974	1,100	0,956	1,063	0,859	0,747	0,093	0,829	0,724	0,875	0,863	0,888	0,788	0,947	0,936	0,943	1,079	1,208	0,999	1,080	0,978	1,057	1,021	1,071	1,084	1,133	1,208	1,222	1,154	1,133	1,079	1,079	1,068	1,105	1,115	1,133	1,109	1,151	1,132	1,157	0,874	0,826	0,794	0,868	0,927	0,948	0,875	0,854	0,980	0,898	0,906	0,960	0,092	0,092	0,092	0,092	0,092	0,092	0,093	0,092	0,094	0,092	0,092	0,091
15:18:04	37,0	0,974	0,952	0,904	0,962	0,943	0,920	0,914	0,938	0,901	0,940	0,924	0,981	0,835	0,920	0,708	0,910	0,646	0,922	0,719	0,928	0,708	0,955	0,732	0,968	0,988	0,984	0,941	0,977	0,876	0,944	0,920	1,040	0,977	1,102	0,958	1,067	0,863	0,751	0,093	0,829	0,727	0,878	0,864	0,888	0,791	0,948	0,939	0,947	1,083	1,213	1,003	1,083	0,984	1,057	1,024	1,075	1,085	1,135	1,208	1,224	1,154	1,135	1,083	1,081	1,069	1,107	1,117	1,135	1,109	1,153	1,132	1,159	0,880	0,830	0,801	0,875	0,929	0,951	0,879	0,857	0,984	0,903	0,909	0,961	0,092	0,092	0,092	0,092	0,091	0,092	0,093	0,092	0,094	0,092	0,092	0,091
15:28:04	37,0	0,973	0,956	0,908	0,964	0,947	0,924	0,916	0,940	0,905	0,943	0,926	0,984	0,836	0,924	0,705	0,912	0,647	0,924	0,721	0,930	0,711	0,958	0,735	0,971	0,996	0,989	0,948	0,982	0,880	0,948	0,925	1,043	0,984	1,107	0,965	1,072	0,866	0,755	0,093	0,832	0,731	0,882	0,868	0,892	0,794	0,951	0,942	0,951	1,088	1,214	1,008	1,089	0,987	1,062	1,029	1,081	1,090	1,140	1,215	1,226	1,157	1,136	1,084	1,083	1,072	1,111	1,117	1,137	1,113	1,155	1,135	1,161	0,885	0,834	0,807	0,881	0,932	0,956	0,885	0,865	0,988	0,907	0,914	0,965	0,092	0,092	0,092	0,092	0,091	0,092	0,092	0,092	0,094	0,092	0,092	0,091
15:38:04	37,0	0,974	0,957	0,908	0,966	0,949	0,925	0,919	0,943	0,908	0,945	0,930	0,988	0,837	0,926	0,708	0,914	0,646	0,926	0,716	0,933	0,708	0,957	0,728	0,973	1,002	0,995	0,953	0,987	0,885	0,954	0,929	1,048	0,984	1,109	0,969	1,076	0,870	0,758	0,093	0,833	0,733	0,884	0,867	0,891	0,795	0,953	0,945	0,951	1,093	1,217	1,013	1,092	0,989	1,066	1,034	1,082	1,092	1,139	1,216	1,230	1,159	1,138	1,088	1,088	1,074	1,111	1,120	1,137	1,111	1,154	1,138	1,161	0,892	0,841	0,817	0,885	0,937	0,960	0,891	0,870	0,991	0,912	0,917	0,968	0,093	0,092	0,092	0,092	0,092	0,092	0,093	0,092	0,094	0,092	0,092	0,091
15:48:04	37,0	0,976	0,957	0,911	0,965	0,951	0,926	0,920	0,943	0,910	0,945	0,931	0,989	0,837	0,930	0,704	0,915	0,655	0,928	0,720	0,932	0,711	0,958	0,733	0,975	1,005	0,998	0,956	0,989	0,889	0,956	0,933	1,050	0,990	1,114	0,972	1,083	0,875	0,762	0,093	0,838	0,740	0,886	0,873	0,897	0,798	0,955	0,947	0,953	1,098	1,219	1,015	1,096	0,996	1,068	1,040	1,087	1,095	1,145	1,217	1,231	1,159	1,138	1,087	1,087	1,076	1,116	1,119	1,137	1,115	1,155	1,139	1,162	0,898	0,847	0,823	0,891	0,939	0,963	0,896	0,874	0,994	0,916	0,920	0,969	0,092	0,092	0,092	0,092	0,091	0,092	0,093	0,092	0,094	0,092	0,092	0,091
15:58:04	37,0	0,978	0,957	0,914	0,966	0,951	0,927	0,923	0,946	0,914	0,945	0,933	0,988	0,839	0,932	0,708	0,916	0,652	0,929	0,723	0,933	0,712	0,958	0,732	0,977	1,011	1,003	0,962	0,993	0,893	0,960	0,937	1,054	0,993	1,116	0,976	1,087	0,879	0,765	0,093	0,840	0,743	0,889	0,873	0,898	0,801	0,956	0,949	0,958	1,100	1,220	1,020	1,099	0,999	1,072	1,042	1,091	1,100	1,147	1,221	1,234	1,160	1,139	1,087	1,090	1,077	1,115	1,119	1,138	1,114	1,157	1,138	1,164	0,903	0,851	0,826	0,898	0,942	0,967	0,901	0,879	0,996	0,920	0,923	0,971	0,092	0,092	0,092	0,092	0,092	0,092	0,093	0,092	0,094	0,092	0,092	0,091
16:08:04	37,0	0,979	0,957	0,915	0,967	0,953	0,927	0,925	0,946	0,916	0,946	0,936	0,989	0,838	0,934	0,708	0,917	0,650	0,930	0,721	0,936	0,712	0,959	0,732	0,977	1,014	1,007	0,968	0,996	0,898	0,964	0,939	1,057	0,999	1,118	0,981	1,091	0,883	0,768	0,093	0,841	0,744	0,892	0,873	0,897	0,803	0,956	0,951	0,960	1,104	1,223	1,024	1,104	1,002	1,075	1,048	1,093	1,103	1,149	1,224	1,236	1,162	1,139	1,089	1,091	1,077	1,116	1,121	1,138	1,115	1,156	1,139	1,164	0,909	0,860	0,831	0,903	0,945	0,971	0,905	0,884	0,998	0,924	0,926	0,972	0,092	0,092	0,092	0,092	0,091	0,092	0,093	0,092	0,094	0,092	0,092	0,092
16:18:04	37,0	0,981	0,956	0,917	0,968	0,955	0,927	0,928	0,947	0,918	0,946	0,941	0,990	0,836	0,936	0,706	0,919	0,650	0,932	0,718	0,936	0,711	0,959	0,732	0,980	1,019	1,011	0,971	0,999	0,901	0,967	0,944	1,060	1,002	1,121	0,983	1,095	0,886	0,771	0,093	0,844	0,749	0,895	0,876	0,900	0,805	0,958	0,954	0,964	1,109	1,226	1,026	1,106	1,008	1,078	1,050	1,096	1,107	1,153	1,226	1,238	1,164	1,139	1,089	1,091	1,079	1,116	1,121	1,139	1,115	1,157	1,139	1,164	0,914	0,863	0,835	0,908	0,949	0,974	0,909	0,888	1,000	0,928	0,929	0,974	0,092	0,092	0,092	0,092	0,091	0,092	0,093	0,092	0,094	0,092	0,092	0,091
16:28:04	37,0	0,982	0,956	0,920	0,969	0,955	0,927	0,931	0,947	0,919	0,947	0,941	0,990	0,837	0,938	0,706	0,920	0,647	0,934	0,719	0,936	0,711	0,958	0,734	0,977	1,023	1,014	0,976	1,004	0,907	0,969	0,945	1,062	1,006	1,124	0,987	1,099	0,891	0,775	0,093	0,845	0,751	0,898	0,876	0,900	0,807	0,960	0,955	0,964	1,112	1,229	1,030	1,110	1,011	1,081	1,054	1,098	1,109	1,154	1,229	1,239	1,163	1,139	1,089	1,091	1,080	1,118	1,122	1,140	1,117	1,159	1,141	1,165	0,919	0,867	0,840	0,912	0,953	0,976	0,913	0,893	1,002	0,929	0,932	0,976	0,092	0,092	0,092	0,092	0,092	0,092	0,093	0,092	0,094	0,092	0,092	0,091
16:38:04	37,0	0,982	0,961	0,926	0,969	0,959	0,932	0,936	0,953	0,924	0,950	0,947	0,995	0,835	0,942	0,707	0,923	0,653	0,936	0,720	0,940	0,715	0,966	0,733	0,984	1,032	1,020	0,985	1,009	0,910	0,978	0,953	1,068	1,013	1,130	0,991	1,105	0,897	0,780	0,093	0,851	0,760	0,899	0,884	0,908	0,814	0,962	0,954	0,971	1,118	1,234	1,034	1,115	1,016	1,087	1,058	1,101	1,113	1,161	1,232	1,243	1,167	1,139	1,089	1,091	1,083	1,118	1,123	1,143	1,122	1,161	1,141	1,165	0,926	0,874	0,847	0,921	0,956	0,978	0,918	0,901	1,005	0,932	0,937	0,979	0,092	0,092	0,092	0,092	0,092	0,092	0,093	0,092	0,094	0,092	0,092	0,092
16:48:04	37,0	0,983	0,962	0,927	0,969	0,959	0,930	0,937	0,954	0,925	0,953	0,947	0,994	0,835	0,943	0,705	0,922	0,651	0,937	0,718	0,940	0,712	0,962	0,733	0,986	1,034	1,024	0,984	1,012	0,916	0,982	0,959	1,072	1,015	1,133	0,996	1,109	0,900	0,783	0,093	0,852	0,764	0,903	0,886	0,910	0,816	0,966	0,959	0,974	1,122	1,237	1,038	1,116	1,020	1,089	1,059	1,106	1,116	1,161	1,235	1,246	1,168	1,142	1,091	1,091	1,082	1,120	1,121	1,143	1,122	1,160	1,143	1,165	0,930	0,877	0,856	0,924	0,959	0,981	0,921	0,904	1,006	0,935	0,938	0,979	0,093	0,092	0,092	0,092	0,092	0,092	0,093	0,092	0,095	0,092	0,092	0,092
16:58:04	37,0	0,984	0,961	0,927	0,970	0,958	0,930	0,937	0,952	0,924	0,951	0,947	0,993	0,834	0,945	0,709	0,924	0,654	0,936	0,717	0,940	0,712	0,962	0,730	0,983	1,037	1,027	0,991	1,014	0,920	0,984	0,959	1,072	1,017	1,133	0,998	1,111	0,901	0,786	0,093	0,853	0,764	0,903	0,884	0,905	0,816	0,963	0,959	0,972	1,125	1,238	1,043	1,118	1,022	1,091	1,060	1,107	1,119	1,162	1,234	1,246	1,169	1,143	1,093	1,095	1,080	1,119	1,123	1,141	1,118	1,161	1,144	1,166	0,934	0,881	0,859	0,927	0,961	0,984	0,926	0,907	1,008	0,937	0,940	0,981	0,093	0,092	0,092	0,092	0,092	0,092	0,093	0,092	0,094	0,092	0,092	0,091
17:08:04	37,0	0,983	0,960	0,929	0,969	0,960	0,930	0,939	0,954	0,926	0,954	0,949	0,995	0,831	0,945	0,706	0,923	0,651	0,939	0,717	0,941	0,713	0,962	0,732	0,984	1,042	1,030	0,995	1,015	0,925	0,986	0,960	1,077	1,020	1,137	1,002	1,115	0,904	0,788	0,093	0,853	0,766	0,907	0,884	0,906	0,818	0,966	0,963	0,977	1,125	1,239	1,045	1,122	1,028	1,093	1,065	1,110	1,120	1,166	1,238	1,249	1,169	1,143	1,092	1,094	1,081	1,120	1,124	1,141	1,118	1,162	1,143	1,167	0,938	0,889	0,865	0,931	0,964	0,986	0,930	0,911	1,009	0,939	0,942	0,982	0,092	0,092	0,092	0,091	0,091	0,092	0,093	0,092	0,094	0,092	0,092	0,091
17:18:04	37,0	0,984	0,961	0,931	0,971	0,961	0,931	0,940	0,954	0,926	0,954	0,950	0,995	0,829	0,946	0,702	0,926	0,646	0,939	0,719	0,943	0,711	0,964	0,732	0,985	1,045	1,034	0,999	1,020	0,928	0,991	0,967	1,080	1,024	1,142	1,005	1,120	0,908	0,791	0,093	0,855	0,772	0,909	0,891	0,911	0,821	0,966	0,962	0,979	1,130	1,241	1,048	1,123	1,032	1,097	1,069	1,115	1,125	1,168	1,239	1,251	1,171	1,143	1,091	1,091	1,085	1,121	1,122	1,143	1,119	1,162	1,146	1,167	0,943	0,893	0,869	0,936	0,967	0,988	0,933	0,914	1,011	0,942	0,946	0,984	0,092	0,092	0,092	0,092	0,092	0,092	0,093	0,092	0,094	0,092	0,092	0,091
17:28:04	37,0	0,985	0,963	0,933	0,970	0,963	0,931	0,943	0,958	0,929	0,958	0,953	0,998	0,826	0,948	0,702	0,926	0,653	0,943	0,719	0,942	0,709	0,967	0,734	0,988	1,052	1,039	1,000	1,024	0,931	0,994	0,972	1,084	1,027	1,144	1,008	1,124	0,912	0,794	0,093	0,858	0,777	0,913	0,894	0,916	0,825	0,969	0,965	0,981	1,134	1,243	1,052	1,127	1,033	1,099	1,074	1,117	1,127	1,169	1,240	1,252	1,171	1,143	1,090	1,090	1,085	1,123	1,122	1,146	1,124	1,162	1,145	1,167	0,948	0,899	0,874	0,940	0,971	0,988	0,936	0,918	1,012	0,943	0,948	0,984	0,093	0,092	0,092	0,092	0,092	0,092	0,093	0,092	0,095	0,092	0,092	0,091
17:38:04	37,0	0,984	0,962	0,933	0,971	0,963	0,931	0,944	0,956	0,929	0,957	0,953	0,998	0,826	0,949	0,705	0,927	0,652	0,942	0,715	0,942	0,712	0,964	0,734	0,985	1,054	1,040	1,006	1,026	0,936	0,997	0,972	1,086	1,029	1,147	1,011	1,127	0,914	0,796	0,093	0,858	0,775	0,912	0,893	0,913	0,824	0,969	0,967	0,982	1,136	1,245	1,055	1,129	1,036	1,101	1,074	1,118	1,129	1,172	1,243	1,252	1,172	1,143	1,092	1,092	1,084	1,121	1,123	1,144	1,119	1,163	1,146	1,169	0,951	0,901	0,878	0,942	0,973	0,992	0,940	0,921	1,014	0,946	0,949	0,985	0,092	0,092	0,092	0,092	0,092	0,092	0,093	0,092	0,094	0,092	0,092	0,091
17:48:04	37,0	0,986	0,962	0,934	0,972	0,964	0,934	0,945	0,956	0,929	0,958	0,953	0,997	0,823	0,951	0,702	0,927	0,648	0,942	0,715	0,944	0,709	0,966	0,730	0,985	1,058	1,044	1,011	1,030	0,940	1,000	0,975	1,089	1,032	1,150	1,014	1,131	0,917	0,799	0,093	0,860	0,778	0,914	0,894	0,913	0,824	0,968	0,967	0,984	1,139	1,246	1,057	1,133	1,038	1,103	1,082	1,120	1,131	1,175	1,246	1,252	1,173	1,144	1,092	1,092	1,083	1,121	1,123	1,145	1,120	1,163	1,149	1,169	0,955	0,906	0,882	0,945	0,975	0,994	0,944	0,924	1,015	0,948	0,950	0,985	0,092	0,092	0,092	0,092	0,092	0,092	0,093	0,092	0,094	0,092	0,092	0,091
17:58:04	37,0	0,986	0,964	0,935	0,973	0,966	0,933	0,946	0,958	0,931	0,961	0,955	1,000	0,816	0,953	0,701	0,928	0,648	0,945	0,714	0,943	0,709	0,967	0,731	0,989	1,065	1,047	1,014	1,032	0,944	1,005	0,980	1,093	1,036	1,154	1,018	1,136	0,918	0,801	0,093	0,862	0,782	0,916	0,899	0,917	0,827	0,973	0,967	0,989	1,142	1,247	1,060	1,137	1,043	1,105	1,084	1,124	1,134	1,179	1,246	1,256	1,173	1,144	1,090	1,089	1,084	1,123	1,123	1,147	1,122	1,164	1,147	1,171	0,959	0,907	0,888	0,947	0,978	0,995	0,947	0,928	1,016	0,948	0,954	0,988	0,092	0,092	0,092	0,092	0,092	0,092	0,093	0,092	0,094	0,092	0,092	0,091
18:08:04	37,0	0,984	0,964	0,936	0,972	0,966	0,931	0,948	0,958	0,931	0,962	0,955	0,999	0,818	0,954	0,698	0,928	0,646	0,945	0,715	0,945	0,710	0,965	0,733	0,987	1,066	1,050	1,015	1,035	0,946	1,007	0,984	1,095	1,038	1,156	1,022	1,139	0,922	0,803	0,093	0,866	0,785	0,918	0,899	0,918	0,831	0,971	0,969	0,986	1,146	1,249	1,063	1,138	1,045	1,107	1,085	1,126	1,135	1,180	1,247	1,255	1,175	1,145	1,090	1,091	1,087	1,122	1,123	1,147	1,120	1,164	1,150	1,170	0,961	0,908	0,890	0,950	0,982	0,996	0,949	0,931	1,018	0,951	0,955	0,988	0,092	0,093	0,092	0,092	0,092	0,092	0,093	0,092	0,094	0,092	0,092	0,091
18:18:04	37,0	0,985	0,965	0,938	0,973	0,969	0,935	0,948	0,962	0,932	0,965	0,958	1,002	0,816	0,955	0,696	0,931	0,648	0,946	0,714	0,947	0,706	0,969	0,730	0,991	1,073	1,056	1,022	1,040	0,949	1,011	0,987	1,098	1,044	1,162	1,025	1,145	0,925	0,806	0,093	0,868	0,788	0,920	0,902	0,921	0,834	0,971	0,969	0,992	1,149	1,252	1,066	1,141	1,052	1,110	1,089	1,129	1,139	1,181	1,250	1,257	1,176	1,146	1,090	1,091	1,088	1,122	1,125	1,148	1,123	1,163	1,151	1,171	0,965	0,912	0,897	0,954	0,985	0,999	0,953	0,935	1,021	0,954	0,958	0,990	0,092	0,093	0,092	0,092	0,092	0,092	0,093	0,092	0,094	0,092	0,092	0,091
18:28:04	37,0	0,985	0,966	0,939	0,972	0,970	0,936	0,951	0,964	0,934	0,968	0,960	1,004	0,813	0,957	0,695	0,931	0,648	0,948	0,715	0,946	0,709	0,969	0,729	0,994	1,076	1,060	1,024	1,044	0,954	1,014	0,992	1,101	1,048	1,162	1,029	1,149	0,927	0,809	0,093	0,871	0,794	0,922	0,907	0,926	0,838	0,975	0,971	0,995	1,151	1,255	1,069	1,142	1,054	1,113	1,090	1,131	1,142	1,185	1,251	1,260	1,178	1,147	1,091	1,090	1,090	1,124	1,124	1,149	1,124	1,166	1,154	1,173	0,968	0,914	0,901	0,956	0,986	0,999	0,955	0,936	1,022	0,952	0,961	0,991	0,093	0,094	0,093	0,092	0,092	0,092	0,093	0,092	0,095	0,093	0,092	0,092
18:38:04	37,0	0,984	0,966	0,939	0,971	0,970	0,936	0,951	0,965	0,936	0,969	0,960	1,004	0,812	0,957	0,693	0,931	0,647	0,948	0,714	0,946	0,708	0,970	0,728	0,995	1,080	1,063	1,029	1,046	0,957	1,016	0,995	1,103	1,051	1,164	1,032	1,152	0,929	0,812	0,093	0,875	0,797	0,922	0,910	0,927	0,840	0,976	0,971	0,998	1,154	1,256	1,070	1,143	1,056	1,115	1,094	1,132	1,143	1,186	1,253	1,261	1,178	1,148	1,091	1,091	1,090	1,125	1,123	1,149	1,125	1,167	1,153	1,174	0,972	0,916	0,903	0,958	0,987	1,000	0,957	0,939	1,024	0,955	0,964	0,993	0,092	0,094	0,092	0,092	0,092	0,092	0,093	0,092	0,094	0,092	0,092	0,091
18:48:04	37,0	0,985	0,965	0,939	0,970	0,970	0,939	0,953	0,966	0,937	0,971	0,962	1,004	0,809	0,958	0,692	0,933	0,651	0,948	0,712	0,948	0,705	0,971	0,729	0,997	1,084	1,066	1,031	1,051	0,962	1,021	0,999	1,107	1,053	1,167	1,034	1,156	0,931	0,813	0,093	0,878	0,801	0,922	0,912	0,928	0,844	0,978	0,974	0,997	1,156	1,258	1,073	1,147	1,062	1,117	1,095	1,134	1,147	1,188	1,255	1,261	1,179	1,147	1,091	1,092	1,090	1,125	1,124	1,150	1,126	1,169	1,153	1,173	0,975	0,920	0,906	0,960	0,990	1,001	0,960	0,941	1,024	0,957	0,965	0,993	0,092	0,094	0,093	0,092	0,092	0,092	0,093	0,092	0,095	0,092	0,092	0,091
18:58:04	37,0	0,981	0,967	0,941	0,970	0,972	0,942	0,955	0,969	0,939	0,973	0,964	1,008	0,808	0,959	0,692	0,933	0,651	0,950	0,711	0,949	0,709	0,973	0,727	0,997	1,089	1,069	1,036	1,055	0,966	1,026	1,000	1,110	1,057	1,173	1,039	1,159	0,934	0,816	0,093	0,879	0,803	0,926	0,914	0,930	0,848	0,978	0,974	1,001	1,160	1,259	1,077	1,149	1,063	1,121	1,095	1,137	1,149	1,191	1,257	1,263	1,180	1,149	1,093	1,095	1,090	1,125	1,124	1,150	1,127	1,170	1,153	1,175	0,979	0,920	0,908	0,963	0,994	1,003	0,963	0,942	1,026	0,959	0,969	0,995	0,092	0,095	0,092	0,092	0,092	0,092	0,093	0,092	0,095	0,092	0,092	0,091
19:08:04	37,0	0,982	0,967	0,942	0,969	0,973	0,944	0,957	0,970	0,941	0,973	0,964	1,008	0,808	0,960	0,691	0,934	0,650	0,950	0,711	0,948	0,703	0,972	0,725	0,999	1,093	1,072	1,038	1,059	0,969	1,030	1,004	1,113	1,059	1,173	1,040	1,163	0,938	0,818	0,093	0,882	0,806	0,926	0,917	0,932	0,850	0,979	0,975	1,002	1,163	1,260	1,077	1,150	1,066	1,123	1,099	1,141	1,152	1,192	1,257	1,264	1,183	1,150	1,095	1,094	1,092	1,127	1,125	1,152	1,128	1,170	1,155	1,175	0,983	0,924	0,912	0,965	0,995	1,005	0,965	0,945	1,027	0,960	0,970	0,995	0,093	0,096	0,092	0,092	0,092	0,092	0,093	0,092	0,094	0,092	0,092	0,092
19:18:04	37,0	0,982	0,968	0,944	0,969	0,975	0,947	0,959	0,970	0,941	0,975	0,965	1,010	0,807	0,961	0,689	0,932	0,651	0,949	0,707	0,952	0,704	0,975	0,726	1,000	1,099	1,075	1,045	1,062	0,973	1,032	1,008	1,116	1,066	1,176	1,043	1,166	0,941	0,820	0,093	0,882	0,809	0,925	0,919	0,933	0,851	0,979	0,974	1,004	1,165	1,261	1,081	1,151	1,067	1,125	1,102	1,143	1,154	1,196	1,258	1,264	1,183	1,150	1,094	1,096	1,091	1,129	1,127	1,153	1,128	1,172	1,155	1,176	0,987	0,926	0,915	0,967	0,996	1,006	0,968	0,946	1,029	0,962	0,973	0,996	0,093	0,097	0,093	0,092	0,092	0,092	0,093	0,092	0,094	0,093	0,092	0,092
19:28:04	37,0	0,981	0,968	0,945	0,967	0,974	0,946	0,959	0,970	0,940	0,975	0,965	1,009	0,805	0,960	0,690	0,935	0,649	0,950	0,710	0,949	0,700	0,972	0,724	0,999	1,101	1,077	1,051	1,064	0,976	1,032	1,009	1,119	1,065	1,180	1,047	1,170	0,941	0,821	0,093	0,883	0,810	0,928	0,919	0,933	0,853	0,979	0,976	1,004	1,167	1,263	1,083	1,154	1,071	1,125	1,105	1,145	1,155	1,196	1,261	1,265	1,185	1,150	1,096	1,094	1,095	1,129	1,125	1,153	1,129	1,171	1,157	1,178	0,990	0,928	0,918	0,969	0,997	1,007	0,972	0,949	1,030	0,963	0,973	0,997	0,093	0,099	0,092	0,092	0,092	0,092	0,093	0,092	0,095	0,093	0,092	0,092
19:38:04	37,0	0,981	0,967	0,944	0,967	0,974	0,945	0,958	0,971	0,941	0,975	0,966	1,010	0,802	0,962	0,686	0,935	0,646	0,951	0,708	0,947	0,701	0,972	0,722	1,000	1,104	1,080	1,051	1,068	0,979	1,034	1,012	1,121	1,068	1,183	1,050	1,174	0,940	0,824	0,093	0,884	0,810	0,929	0,921	0,933	0,853	0,982	0,978	1,005	1,169	1,265	1,085	1,155	1,073	1,128	1,108	1,147	1,157	1,198	1,260	1,265	1,186	1,151	1,095	1,095	1,094	1,129	1,126	1,153	1,129	1,174	1,157	1,177	0,992	0,930	0,922	0,971	0,999	1,009	0,974	0,952	1,031	0,964	0,977	0,999	0,093	0,101	0,093	0,092	0,092	0,092	0,093	0,092	0,095	0,092	0,092	0,091
19:48:04	37,0	0,979	0,965	0,943	0,967	0,974	0,944	0,958	0,968	0,940	0,974	0,965	1,009	0,801	0,964	0,685	0,935	0,643	0,950	0,708	0,950	0,704	0,970	0,721	0,998	1,109	1,084	1,052	1,070	0,982	1,037	1,014	1,123	1,072	1,184	1,052	1,177	0,941	0,823	0,093	0,882	0,811	0,930	0,920	0,933	0,854	0,980	0,978	1,008	1,171	1,265	1,088	1,159	1,077	1,129	1,109	1,147	1,159	1,199	1,259	1,265	1,187	1,151	1,097	1,094	1,094	1,129	1,126	1,153	1,125	1,173	1,157	1,177	0,994	0,932	0,926	0,972	0,998	1,010	0,975	0,953	1,031	0,966	0,978	0,999	0,093	0,103	0,092	0,092	0,092	0,092	0,093	0,092	0,094	0,092	0,092	0,091
19:58:04	37,0	0,979	0,964	0,944	0,965	0,974	0,943	0,958	0,968	0,942	0,974	0,965	1,009	0,800	0,964	0,684	0,935	0,646	0,950	0,708	0,949	0,702	0,970	0,723	0,997	1,111	1,088	1,057	1,072	0,985	1,040	1,016	1,124	1,074	1,186	1,055	1,181	0,942	0,825	0,093	0,881	0,812	0,932	0,920	0,932	0,855	0,981	0,980	1,007	1,172	1,263	1,091	1,160	1,076	1,129	1,113	1,150	1,161	1,200	1,263	1,266	1,188	1,152	1,097	1,093	1,095	1,131	1,124	1,153	1,128	1,175	1,159	1,177	0,998	0,934	0,930	0,973	1,001	1,010	0,977	0,956	1,033	0,968	0,979	1,001	0,093	0,106	0,093	0,092	0,092	0,092	0,093	0,092	0,095	0,093	0,092	0,092
20:08:04	37,0	0,979	0,962	0,943	0,965	0,973	0,942	0,957	0,967	0,940	0,974	0,965	1,008	0,798	0,964	0,682	0,934	0,644	0,951	0,707	0,949	0,702	0,968	0,724	0,997	1,115	1,089	1,060	1,072	0,987	1,042	1,016	1,127	1,075	1,189	1,058	1,184	0,943	0,826	0,093	0,879	0,810	0,931	0,914	0,926	0,852	0,980	0,981	1,009	1,173	1,263	1,091	1,161	1,080	1,131	1,113	1,151	1,162	1,203	1,262	1,266	1,187	1,152	1,097	1,096	1,092	1,131	1,127	1,151	1,126	1,174	1,160	1,177	1,001	0,934	0,932	0,973	1,003	1,012	0,980	0,958	1,033	0,970	0,980	1,002	0,093	0,110	0,092	0,092	0,092	0,092	0,093	0,092	0,094	0,092	0,092	0,092
20:18:04	37,0	0,977	0,960	0,942	0,962	0,972	0,942	0,958	0,967	0,940	0,973	0,965	1,007	0,795	0,964	0,680	0,933	0,643	0,951	0,707	0,949	0,700	0,970	0,724	0,996	1,116	1,093	1,060	1,076	0,990	1,044	1,019	1,129	1,079	1,190	1,060	1,184	0,945	0,828	0,093	0,880	0,813	0,932	0,918	0,931	0,855	0,981	0,980	1,011	1,176	1,264	1,094	1,164	1,080	1,133	1,118	1,153	1,165	1,204	1,264	1,265	1,187	1,151	1,096	1,094	1,092	1,131	1,123	1,153	1,128	1,175	1,158	1,177	1,002	0,935	0,936	0,975	1,006	1,012	0,980	0,959	1,033	0,971	0,982	1,001	0,093	0,116	0,093	0,092	0,092	0,092	0,093	0,092	0,095	0,092	0,092	0,091
20:28:04	37,0	0,975	0,960	0,942	0,961	0,972	0,941	0,957	0,967	0,941	0,974	0,965	1,007	0,795	0,964	0,680	0,935	0,641	0,951	0,706	0,950	0,703	0,969	0,723	0,996	1,121	1,095	1,066	1,077	0,992	1,047	1,020	1,132	1,079	1,192	1,063	1,187	0,946	0,829	0,093	0,880	0,813	0,932	0,915	0,927	0,854	0,980	0,982	1,011	1,177	1,265	1,096	1,166	1,080	1,136	1,117	1,154	1,166	1,205	1,263	1,265	1,187	1,151	1,095	1,094	1,092	1,129	1,128	1,153	1,125	1,175	1,159	1,177	1,006	0,936	0,938	0,976	1,009	1,014	0,984	0,961	1,032	0,972	0,983	1,002	0,093	0,124	0,093	0,092	0,092	0,092	0,093	0,092	0,095	0,093	0,092	0,092
20:38:04	37,0	0,975	0,961	0,947	0,962	0,975	0,946	0,963	0,970	0,944	0,976	0,967	1,011	0,791	0,964	0,678	0,934	0,643	0,953	0,705	0,951	0,698	0,976	0,722	0,999	1,127	1,098	1,067	1,081	0,994	1,050	1,026	1,136	1,084	1,197	1,065	1,192	0,948	0,832	0,093	0,882	0,818	0,933	0,921	0,934	0,859	0,984	0,981	1,014	1,181	1,266	1,099	1,171	1,087	1,139	1,121	1,155	1,170	1,210	1,266	1,267	1,189	1,151	1,096	1,093	1,094	1,130	1,127	1,157	1,131	1,175	1,161	1,178	1,008	0,939	0,939	0,979	1,009	1,014	0,985	0,962	1,038	0,973	0,985	1,005	0,093	0,134	0,093	0,092	0,092	0,092	0,093	0,092	0,095	0,092	0,092	0,092
20:48:04	37,0	0,973	0,961	0,946	0,959	0,972	0,944	0,963	0,968	0,942	0,976	0,965	1,008	0,789	0,963	0,678	0,934	0,641	0,951	0,701	0,948	0,697	0,971	0,721	0,998	1,129	1,100	1,071	1,085	0,998	1,053	1,026	1,137	1,086	1,199	1,069	1,193	0,948	0,831	0,093	0,881	0,814	0,932	0,917	0,929	0,855	0,983	0,983	1,013	1,182	1,267	1,102	1,169	1,085	1,141	1,119	1,158	1,170	1,208	1,266	1,266	1,190	1,150	1,095	1,095	1,091	1,131	1,128	1,157	1,127	1,176	1,160	1,177	1,012	0,942	0,941	0,980	1,008	1,017	0,989	0,965	1,036	0,974	0,987	1,005	0,093	0,146	0,093	0,092	0,092	0,092	0,093	0,092	0,094	0,092	0,092	0,092
20:58:04	37,0	0,972	0,958	0,944	0,957	0,971	0,940	0,959	0,965	0,940	0,972	0,965	1,006	0,787	0,963	0,677	0,933	0,639	0,951	0,702	0,946	0,697	0,969	0,719	0,997	1,133	1,103	1,071	1,084	1,000	1,055	1,029	1,140	1,087	1,200	1,069	1,198	0,950	0,833	0,093	0,883	0,818	0,934	0,922	0,933	0,858	0,984	0,984	1,017	1,185	1,267	1,103	1,168	1,086	1,141	1,122	1,160	1,169	1,208	1,265	1,266	1,189	1,151	1,096	1,093	1,094	1,133	1,125	1,158	1,129	1,177	1,160	1,178	1,012	0,942	0,944	0,980	1,009	1,017	0,988	0,965	1,036	0,974	0,989	1,004	0,093	0,158	0,093	0,092	0,092	0,092	0,093	0,092	0,095	0,092	0,092	0,092
21:08:04	37,0	0,970	0,958	0,944	0,956	0,971	0,940	0,962	0,967	0,940	0,974	0,964	1,006	0,784	0,964	0,673	0,934	0,639	0,950	0,697	0,947	0,692	0,972	0,717	0,996	1,136	1,106	1,075	1,088	1,002	1,056	1,033	1,142	1,091	1,203	1,073	1,199	0,951	0,835	0,093	0,885	0,822	0,933	0,922	0,933	0,861	0,984	0,983	1,017	1,186	1,268	1,105	1,172	1,091	1,144	1,125	1,160	1,171	1,209	1,265	1,266	1,191	1,152	1,096	1,093	1,095	1,133	1,127	1,157	1,130	1,176	1,160	1,180	1,013	0,944	0,946	0,983	1,009	1,018	0,992	0,967	1,038	0,974	0,988	1,004	0,092	0,168	0,092	0,092	0,092	0,092	0,093	0,092	0,094	0,092	0,092	0,091
21:18:04	37,0	0,969	0,958	0,945	0,954	0,972	0,943	0,966	0,968	0,943	0,976	0,966	1,008	0,782	0,964	0,671	0,934	0,638	0,950	0,698	0,947	0,691	0,972	0,715	0,999	1,141	1,108	1,078	1,091	1,004	1,058	1,037	1,145	1,092	1,204	1,077	1,202	0,953	0,837	0,093	0,886	0,825	0,935	0,924	0,935	0,861	0,985	0,986	1,018	1,188	1,269	1,107	1,173	1,092	1,147	1,127	1,163	1,175	1,211	1,267	1,266	1,191	1,153	1,097	1,093	1,096	1,134	1,127	1,160	1,131	1,177	1,162	1,179	1,016	0,946	0,948	0,986	1,011	1,018	0,993	0,969	1,038	0,976	0,990	1,008	0,093	0,207	0,093	0,092	0,092	0,092	0,093	0,093	0,095	0,093	0,092	0,092
21:28:04	37,0	0,968	0,955	0,943	0,952	0,969	0,940	0,961	0,965	0,940	0,972	0,964	1,003	0,780	0,963	0,669	0,934	0,634	0,949	0,696	0,947	0,690	0,967	0,713	0,996	1,141	1,110	1,081	1,091	1,006	1,061	1,036	1,147	1,094	1,204	1,079	1,205	0,954	0,837	0,093	0,883	0,824	0,934	0,922	0,933	0,861	0,984	0,985	1,019	1,189	1,268	1,108	1,174	1,092	1,146	1,129	1,164	1,175	1,212	1,266	1,266	1,192	1,152	1,097	1,095	1,095	1,133	1,126	1,158	1,127	1,176	1,161	1,176	1,019	0,947	0,952	0,985	1,012	1,020	0,995	0,971	1,037	0,979	0,990	1,006	0,092	0,235	0,092	0,092	0,092	0,092	0,093	0,092	0,094	0,092	0,092	0,092
21:38:04	37,0	0,966	0,953	0,942	0,950	0,970	0,938	0,962	0,965	0,940	0,971	0,962	1,003	0,779	0,964	0,667	0,933	0,636	0,950	0,693	0,947	0,688	0,968	0,713	0,996	1,145	1,113	1,083	1,093	1,008	1,063	1,039	1,149	1,097	1,206	1,081	1,206	0,955	0,837	0,093	0,882	0,823	0,935	0,921	0,933	0,861	0,986	0,986	1,019	1,191	1,267	1,110	1,174	1,095	1,147	1,132	1,167	1,177	1,213	1,267	1,267	1,191	1,153	1,097	1,093	1,094	1,134	1,127	1,159	1,129	1,177	1,162	1,178	1,020	0,948	0,955	0,987	1,014	1,021	0,996	0,972	1,038	0,980	0,991	1,008	0,093	0,263	0,092	0,092	0,092	0,092	0,093	0,093	0,095	0,092	0,092	0,092
21:48:04	37,0	0,965	0,952	0,942	0,949	0,968	0,938	0,962	0,963	0,940	0,972	0,962	1,003	0,777	0,962	0,666	0,932	0,635	0,950	0,693	0,946	0,689	0,965	0,711	0,995	1,147	1,118	1,086	1,096	1,010	1,066	1,040	1,150	1,100	1,209	1,084	1,206	0,955	0,838	0,093	0,882	0,825	0,934	0,922	0,933	0,861	0,986	0,986	1,020	1,191	1,268	1,112	1,175	1,095	1,148	1,132	1,168	1,178	1,214	1,267	1,265	1,193	1,153	1,096	1,093	1,095	1,135	1,127	1,159	1,129	1,177	1,162	1,177	1,024	0,949	0,958	0,988	1,015	1,022	0,996	0,974	1,040	0,980	0,992	1,008	0,093	0,287	0,092	0,092	0,092	0,092	0,093	0,092	0,094	0,092	0,092	0,091
21:58:04	37,0	0,962	0,950	0,940	0,946	0,967	0,935	0,960	0,961	0,938	0,969	0,960	1,000	0,776	0,963	0,664	0,932	0,633	0,950	0,691	0,947	0,686	0,966	0,711	0,994	1,149	1,119	1,088	1,099	1,012	1,068	1,042	1,152	1,101	1,210	1,083	1,208	0,957	0,839	0,093	0,881	0,826	0,934	0,921	0,932	0,862	0,984	0,986	1,020	1,192	1,269	1,114	1,177	1,099	1,148	1,135	1,168	1,179	1,213	1,266	1,264	1,192	1,154	1,096	1,094	1,095	1,134	1,128	1,160	1,129	1,176	1,163	1,178	1,026	0,951	0,959	0,990	1,017	1,022	0,998	0,975	1,039	0,982	0,992	1,008	0,093	0,310	0,093	0,092	0,092	0,092	0,093	0,092	0,095	0,092	0,092	0,091
22:08:04	37,0	0,961	0,948	0,941	0,944	0,967	0,936	0,962	0,962	0,939	0,969	0,961	1,000	0,774	0,963	0,664	0,932	0,634	0,950	0,691	0,944	0,685	0,970	0,711	0,993	1,151	1,121	1,091	1,101	1,014	1,070	1,044	1,154	1,104	1,211	1,087	1,209	0,958	0,842	0,093	0,886	0,832	0,934	0,925	0,936	0,864	0,985	0,988	1,022	1,195	1,268	1,114	1,178	1,100	1,152	1,135	1,167	1,179	1,215	1,265	1,266	1,193	1,154	1,098	1,093	1,096	1,134	1,126	1,160	1,131	1,178	1,162	1,178	1,028	0,951	0,960	0,990	1,016	1,023	0,999	0,977	1,042	0,983	0,994	1,009	0,092	0,328	0,092	0,092	0,092	0,092	0,093	0,092	0,094	0,093	0,092	0,092

