Time	T∞ Optical Density:600	A1	A2	A3	A4	A5	A6	A7	A8	A9	A10	A11	A12	B1	B2	B3	B4	B5	B6	B7	B8	B9	B10	B11	B12	C1	C2	C3	C4	C5	C6	C7	C8	C9	C10	C11	C12	D1	D2	D3	D4	D5	D6	D7	D8	D9	D10	D11	D12	E1	E2	E3	E4	E5	E6	E7	E8	E9	E10	E11	E12	F1	F2	F3	F4	F5	F6	F7	F8	F9	F10	F11	F12	G1	G2	G3	G4	G5	G6	G7	G8	G9	G10	G11	G12	H1	H2	H3	H4	H5	H6	H7	H8	H9	H10	H11	H12
0:08:04	37,0	0,122	0,129	0,127	0,138	0,138	0,138	0,142	0,151	0,128	0,130	0,150	0,136	0,136	0,121	0,124	0,139	0,112	0,125	0,118	0,140	0,144	0,163	0,108	0,100	0,130	0,175	0,156	0,136	0,166	0,136	0,130	0,136	0,114	0,121	0,102	0,132	0,112	0,110	0,123	0,131	0,113	0,118	0,148	0,140	0,124	0,138	0,127	0,106	0,115	0,120	0,110	0,135	0,118	0,129	0,122	0,140	0,113	0,181	0,122	0,122	0,109	0,149	0,114	0,116	0,115	0,115	0,103	0,133	0,115	0,105	0,116	0,108	0,120	0,126	0,123	0,122	0,132	0,115	0,128	0,096	0,125	0,123	0,125	0,132	0,116	0,140	0,148	0,159	0,130	0,135	0,132	0,129	0,133	0,119	0,159	0,113
0:18:04	37,0	0,125	0,131	0,132	0,143	0,151	0,147	0,150	0,155	0,128	0,136	0,149	0,141	0,140	0,126	0,131	0,142	0,115	0,127	0,120	0,146	0,144	0,151	0,110	0,101	0,143	0,181	0,159	0,141	0,162	0,139	0,135	0,145	0,115	0,136	0,103	0,132	0,117	0,114	0,127	0,140	0,116	0,118	0,145	0,144	0,122	0,134	0,137	0,109	0,119	0,125	0,110	0,136	0,120	0,126	0,124	0,147	0,115	0,173	0,128	0,118	0,117	0,141	0,116	0,120	0,119	0,113	0,104	0,132	0,117	0,106	0,120	0,109	0,128	0,133	0,127	0,129	0,135	0,121	0,133	0,097	0,132	0,132	0,128	0,131	0,118	0,149	0,154	0,163	0,134	0,140	0,144	0,131	0,131	0,121	0,142	0,114
0:28:04	37,0	0,130	0,135	0,138	0,149	0,160	0,155	0,157	0,161	0,131	0,141	0,152	0,148	0,150	0,131	0,137	0,152	0,118	0,129	0,125	0,151	0,146	0,151	0,112	0,101	0,151	0,185	0,162	0,147	0,164	0,146	0,145	0,156	0,117	0,146	0,105	0,136	0,120	0,117	0,132	0,143	0,120	0,120	0,147	0,150	0,127	0,144	0,142	0,111	0,123	0,129	0,113	0,141	0,123	0,130	0,124	0,148	0,122	0,175	0,131	0,121	0,120	0,142	0,119	0,128	0,121	0,116	0,105	0,138	0,119	0,108	0,124	0,111	0,133	0,137	0,136	0,136	0,137	0,125	0,137	0,098	0,136	0,133	0,133	0,133	0,120	0,155	0,150	0,170	0,135	0,147	0,145	0,134	0,132	0,124	0,142	0,116
0:38:04	37,0	0,136	0,140	0,146	0,155	0,171	0,163	0,165	0,170	0,136	0,148	0,159	0,158	0,159	0,132	0,146	0,157	0,123	0,131	0,133	0,155	0,153	0,153	0,116	0,102	0,162	0,194	0,170	0,158	0,171	0,154	0,151	0,169	0,121	0,157	0,107	0,144	0,127	0,121	0,138	0,149	0,127	0,127	0,150	0,159	0,135	0,156	0,151	0,114	0,128	0,132	0,117	0,147	0,126	0,134	0,128	0,153	0,126	0,185	0,136	0,125	0,127	0,149	0,123	0,135	0,128	0,126	0,108	0,144	0,123	0,112	0,128	0,113	0,141	0,143	0,141	0,143	0,144	0,131	0,143	0,098	0,142	0,138	0,139	0,138	0,124	0,166	0,149	0,183	0,140	0,157	0,152	0,138	0,136	0,130	0,147	0,120
0:48:04	37,0	0,144	0,149	0,157	0,164	0,187	0,174	0,178	0,183	0,143	0,159	0,172	0,173	0,172	0,135	0,157	0,161	0,130	0,134	0,144	0,159	0,164	0,157	0,121	0,103	0,179	0,206	0,180	0,169	0,179	0,164	0,160	0,183	0,126	0,167	0,112	0,154	0,136	0,124	0,147	0,158	0,136	0,131	0,157	0,171	0,142	0,171	0,160	0,118	0,135	0,139	0,122	0,155	0,132	0,143	0,135	0,163	0,132	0,196	0,143	0,131	0,134	0,159	0,130	0,142	0,133	0,132	0,111	0,152	0,128	0,116	0,133	0,118	0,152	0,151	0,151	0,152	0,152	0,139	0,152	0,099	0,151	0,144	0,147	0,146	0,131	0,181	0,154	0,200	0,148	0,171	0,163	0,147	0,144	0,137	0,157	0,124
0:58:04	37,0	0,159	0,162	0,173	0,179	0,208	0,192	0,196	0,199	0,157	0,173	0,190	0,194	0,189	0,139	0,171	0,166	0,140	0,140	0,160	0,163	0,179	0,164	0,131	0,105	0,200	0,223	0,192	0,184	0,191	0,178	0,174	0,200	0,133	0,175	0,118	0,168	0,149	0,130	0,158	0,172	0,149	0,140	0,167	0,193	0,151	0,186	0,170	0,124	0,145	0,150	0,130	0,169	0,142	0,150	0,144	0,176	0,140	0,209	0,153	0,141	0,143	0,171	0,139	0,151	0,142	0,144	0,116	0,165	0,136	0,122	0,140	0,125	0,165	0,161	0,163	0,162	0,163	0,148	0,165	0,100	0,160	0,153	0,157	0,157	0,141	0,200	0,162	0,222	0,161	0,189	0,178	0,160	0,155	0,148	0,173	0,133
1:08:04	37,0	0,178	0,179	0,193	0,198	0,234	0,213	0,217	0,219	0,174	0,193	0,213	0,218	0,208	0,146	0,188	0,175	0,154	0,147	0,179	0,170	0,199	0,173	0,143	0,108	0,223	0,241	0,207	0,202	0,203	0,194	0,189	0,218	0,142	0,185	0,127	0,184	0,165	0,138	0,172	0,186	0,166	0,149	0,178	0,213	0,161	0,204	0,184	0,133	0,160	0,163	0,142	0,185	0,153	0,164	0,156	0,190	0,149	0,226	0,168	0,154	0,156	0,186	0,151	0,164	0,152	0,157	0,123	0,181	0,146	0,132	0,149	0,135	0,183	0,174	0,178	0,175	0,178	0,161	0,181	0,102	0,175	0,164	0,172	0,170	0,152	0,220	0,176	0,244	0,179	0,208	0,198	0,177	0,169	0,163	0,194	0,141
1:18:04	37,0	0,199	0,198	0,214	0,221	0,261	0,235	0,242	0,244	0,194	0,214	0,242	0,249	0,232	0,154	0,210	0,185	0,171	0,158	0,206	0,178	0,223	0,188	0,161	0,112	0,250	0,266	0,225	0,227	0,221	0,212	0,207	0,236	0,154	0,198	0,137	0,206	0,182	0,148	0,189	0,203	0,188	0,162	0,193	0,236	0,173	0,230	0,202	0,145	0,178	0,179	0,155	0,205	0,170	0,184	0,173	0,212	0,162	0,251	0,188	0,172	0,171	0,210	0,167	0,180	0,169	0,173	0,133	0,201	0,160	0,145	0,162	0,149	0,200	0,191	0,197	0,193	0,197	0,177	0,201	0,103	0,195	0,177	0,193	0,187	0,175	0,242	0,194	0,273	0,202	0,233	0,225	0,196	0,190	0,181	0,218	0,154
1:28:04	37,0	0,222	0,223	0,240	0,247	0,296	0,264	0,269	0,275	0,219	0,242	0,276	0,280	0,260	0,166	0,237	0,199	0,195	0,171	0,235	0,191	0,252	0,205	0,184	0,118	0,280	0,297	0,247	0,257	0,239	0,234	0,230	0,263	0,168	0,213	0,152	0,230	0,206	0,162	0,212	0,228	0,210	0,178	0,212	0,266	0,191	0,258	0,222	0,161	0,201	0,197	0,174	0,230	0,191	0,208	0,194	0,234	0,179	0,279	0,213	0,195	0,195	0,241	0,184	0,199	0,187	0,194	0,146	0,226	0,177	0,162	0,178	0,168	0,225	0,212	0,219	0,215	0,218	0,199	0,223	0,107	0,217	0,195	0,218	0,211	0,196	0,270	0,218	0,303	0,235	0,260	0,256	0,218	0,214	0,203	0,249	0,172
1:38:04	37,0	0,246	0,248	0,273	0,274	0,328	0,293	0,299	0,305	0,248	0,268	0,311	0,311	0,291	0,181	0,265	0,216	0,219	0,189	0,265	0,207	0,283	0,226	0,210	0,127	0,314	0,328	0,276	0,292	0,266	0,262	0,260	0,291	0,189	0,236	0,171	0,259	0,232	0,177	0,236	0,256	0,235	0,197	0,234	0,303	0,212	0,290	0,243	0,182	0,232	0,220	0,198	0,258	0,217	0,233	0,221	0,263	0,202	0,308	0,241	0,223	0,218	0,279	0,205	0,222	0,213	0,220	0,162	0,256	0,199	0,183	0,198	0,191	0,253	0,238	0,244	0,241	0,244	0,221	0,251	0,111	0,241	0,215	0,246	0,235	0,225	0,301	0,246	0,332	0,274	0,293	0,295	0,244	0,245	0,229	0,288	0,193
1:48:04	37,0	0,274	0,277	0,301	0,304	0,359	0,325	0,330	0,332	0,277	0,299	0,357	0,345	0,318	0,199	0,292	0,238	0,248	0,209	0,303	0,226	0,315	0,248	0,239	0,139	0,348	0,357	0,304	0,322	0,296	0,292	0,289	0,320	0,210	0,268	0,194	0,292	0,261	0,197	0,267	0,284	0,263	0,216	0,263	0,336	0,234	0,322	0,272	0,208	0,262	0,249	0,227	0,290	0,242	0,264	0,247	0,296	0,224	0,346	0,273	0,260	0,246	0,322	0,229	0,253	0,237	0,246	0,181	0,286	0,226	0,211	0,224	0,220	0,273	0,262	0,270	0,268	0,271	0,246	0,276	0,116	0,266	0,238	0,281	0,264	0,256	0,333	0,278	0,362	0,304	0,324	0,335	0,276	0,279	0,261	0,330	0,224
1:58:04	37,0	0,302	0,309	0,328	0,332	0,390	0,353	0,358	0,365	0,305	0,325	0,393	0,382	0,351	0,218	0,321	0,261	0,273	0,235	0,338	0,247	0,345	0,277	0,267	0,155	0,385	0,391	0,338	0,349	0,327	0,319	0,324	0,350	0,236	0,303	0,221	0,327	0,290	0,217	0,298	0,313	0,294	0,242	0,290	0,368	0,260	0,355	0,296	0,236	0,296	0,280	0,260	0,324	0,273	0,295	0,279	0,335	0,253	0,380	0,305	0,295	0,273	0,356	0,249	0,285	0,261	0,273	0,203	0,315	0,251	0,235	0,248	0,248	0,293	0,288	0,294	0,295	0,296	0,271	0,303	0,124	0,290	0,259	0,316	0,288	0,291	0,367	0,316	0,393	0,348	0,363	0,380	0,307	0,309	0,293	0,370	0,254
2:08:04	37,0	0,331	0,340	0,359	0,356	0,424	0,384	0,390	0,393	0,336	0,355	0,438	0,423	0,390	0,239	0,350	0,285	0,304	0,262	0,373	0,274	0,374	0,303	0,298	0,175	0,432	0,436	0,367	0,386	0,358	0,350	0,354	0,381	0,262	0,350	0,247	0,361	0,324	0,243	0,329	0,344	0,327	0,270	0,319	0,403	0,288	0,395	0,326	0,268	0,329	0,309	0,293	0,362	0,303	0,331	0,310	0,365	0,277	0,420	0,339	0,333	0,303	0,391	0,277	0,323	0,287	0,303	0,227	0,345	0,279	0,264	0,272	0,280	0,314	0,314	0,321	0,323	0,320	0,294	0,331	0,133	0,312	0,284	0,351	0,312	0,326	0,406	0,353	0,422	0,391	0,396	0,420	0,340	0,339	0,319	0,420	0,288
2:18:04	37,0	0,359	0,371	0,390	0,381	0,459	0,416	0,420	0,426	0,371	0,386	0,485	0,461	0,424	0,261	0,381	0,313	0,335	0,292	0,410	0,303	0,420	0,333	0,328	0,197	0,466	0,461	0,400	0,428	0,393	0,384	0,390	0,407	0,290	0,379	0,281	0,401	0,361	0,268	0,365	0,381	0,361	0,299	0,350	0,438	0,315	0,431	0,366	0,302	0,368	0,354	0,329	0,403	0,337	0,375	0,353	0,414	0,308	0,459	0,380	0,378	0,333	0,408	0,307	0,361	0,314	0,330	0,252	0,376	0,305	0,292	0,298	0,315	0,335	0,337	0,349	0,349	0,343	0,318	0,358	0,148	0,337	0,306	0,398	0,340	0,368	0,435	0,391	0,441	0,443	0,434	0,466	0,379	0,386	0,358	0,475	0,324
2:28:04	37,0	0,392	0,407	0,416	0,403	0,498	0,447	0,456	0,452	0,406	0,416	0,534	0,496	0,453	0,288	0,419	0,343	0,371	0,322	0,446	0,339	0,456	0,365	0,365	0,222	0,480	0,477	0,431	0,457	0,429	0,415	0,425	0,438	0,323	0,420	0,314	0,445	0,401	0,297	0,398	0,412	0,382	0,332	0,388	0,456	0,348	0,451	0,396	0,335	0,412	0,401	0,371	0,445	0,374	0,415	0,395	0,446	0,346	0,505	0,422	0,429	0,362	0,437	0,342	0,396	0,339	0,363	0,281	0,406	0,334	0,322	0,322	0,348	0,354	0,362	0,376	0,375	0,369	0,340	0,381	0,166	0,360	0,330	0,441	0,371	0,418	0,454	0,437	0,457	0,494	0,462	0,512	0,419	0,435	0,405	0,511	0,360
2:38:04	37,0	0,421	0,443	0,448	0,427	0,535	0,475	0,487	0,479	0,443	0,446	0,587	0,538	0,472	0,319	0,449	0,377	0,404	0,356	0,469	0,379	0,489	0,401	0,407	0,251	0,498	0,489	0,459	0,478	0,459	0,433	0,445	0,454	0,361	0,465	0,350	0,478	0,426	0,327	0,419	0,429	0,397	0,366	0,425	0,468	0,385	0,469	0,438	0,380	0,459	0,439	0,412	0,474	0,409	0,454	0,431	0,475	0,384	0,536	0,466	0,487	0,390	0,460	0,377	0,432	0,361	0,390	0,307	0,435	0,362	0,357	0,345	0,384	0,374	0,384	0,401	0,400	0,388	0,362	0,405	0,186	0,384	0,354	0,490	0,398	0,468	0,471	0,483	0,472	0,514	0,478	0,538	0,448	0,478	0,439	0,533	0,399
2:48:04	37,0	0,455	0,475	0,478	0,463	0,580	0,501	0,518	0,509	0,483	0,479	0,625	0,579	0,488	0,351	0,466	0,415	0,429	0,391	0,481	0,416	0,514	0,439	0,446	0,281	0,515	0,505	0,475	0,491	0,480	0,452	0,461	0,463	0,398	0,492	0,395	0,495	0,440	0,359	0,436	0,441	0,410	0,396	0,452	0,479	0,409	0,487	0,458	0,420	0,488	0,461	0,454	0,506	0,434	0,475	0,460	0,502	0,413	0,564	0,494	0,532	0,417	0,490	0,411	0,464	0,384	0,418	0,337	0,462	0,389	0,388	0,372	0,416	0,391	0,407	0,429	0,424	0,409	0,383	0,426	0,205	0,404	0,378	0,525	0,425	0,504	0,488	0,513	0,492	0,537	0,494	0,559	0,469	0,505	0,458	0,573	0,449
2:58:04	37,0	0,492	0,511	0,504	0,493	0,620	0,534	0,548	0,547	0,518	0,514	0,665	0,615	0,501	0,382	0,478	0,443	0,445	0,426	0,490	0,455	0,529	0,475	0,470	0,312	0,529	0,525	0,494	0,509	0,491	0,464	0,476	0,479	0,421	0,518	0,435	0,515	0,453	0,381	0,453	0,454	0,425	0,420	0,469	0,491	0,429	0,504	0,485	0,447	0,515	0,484	0,480	0,533	0,454	0,502	0,478	0,523	0,431	0,592	0,521	0,575	0,444	0,510	0,442	0,490	0,404	0,452	0,364	0,494	0,414	0,416	0,393	0,447	0,407	0,429	0,454	0,447	0,425	0,403	0,448	0,232	0,424	0,406	0,556	0,452	0,530	0,509	0,538	0,507	0,557	0,511	0,577	0,490	0,525	0,474	0,608	0,485
3:08:04	37,0	0,523	0,550	0,544	0,558	0,650	0,564	0,575	0,581	0,564	0,548	0,687	0,637	0,514	0,412	0,489	0,482	0,461	0,460	0,501	0,488	0,541	0,510	0,484	0,347	0,546	0,539	0,514	0,528	0,501	0,481	0,492	0,491	0,440	0,544	0,460	0,530	0,465	0,402	0,470	0,466	0,441	0,439	0,490	0,501	0,446	0,520	0,501	0,468	0,542	0,503	0,504	0,555	0,496	0,525	0,497	0,552	0,460	0,610	0,543	0,605	0,465	0,551	0,472	0,527	0,424	0,479	0,390	0,518	0,438	0,441	0,414	0,483	0,421	0,448	0,474	0,466	0,441	0,423	0,467	0,252	0,444	0,428	0,578	0,478	0,551	0,527	0,563	0,528	0,581	0,526	0,597	0,510	0,545	0,490	0,636	0,516
3:18:04	37,0	0,550	0,578	0,576	0,590	0,673	0,581	0,594	0,607	0,603	0,576	0,709	0,655	0,523	0,442	0,501	0,515	0,473	0,490	0,508	0,528	0,556	0,540	0,496	0,392	0,566	0,552	0,530	0,548	0,517	0,501	0,504	0,506	0,458	0,578	0,485	0,549	0,478	0,417	0,482	0,479	0,452	0,459	0,516	0,511	0,465	0,534	0,526	0,493	0,565	0,526	0,531	0,620	0,533	0,554	0,523	0,580	0,478	0,625	0,571	0,642	0,491	0,564	0,495	0,549	0,437	0,510	0,421	0,535	0,462	0,466	0,438	0,510	0,439	0,470	0,489	0,485	0,456	0,445	0,484	0,282	0,465	0,455	0,599	0,509	0,574	0,541	0,587	0,546	0,599	0,542	0,613	0,529	0,573	0,508	0,665	0,538
3:28:04	37,0	0,571	0,594	0,595	0,612	0,694	0,604	0,612	0,627	0,631	0,596	0,721	0,671	0,533	0,457	0,513	0,525	0,483	0,508	0,515	0,554	0,567	0,565	0,506	0,435	0,580	0,571	0,552	0,571	0,531	0,516	0,525	0,521	0,475	0,598	0,508	0,568	0,487	0,432	0,501	0,491	0,467	0,484	0,538	0,520	0,479	0,549	0,544	0,517	0,587	0,541	0,551	0,644	0,551	0,566	0,540	0,604	0,500	0,648	0,606	0,672	0,520	0,596	0,516	0,567	0,458	0,541	0,443	0,555	0,484	0,487	0,454	0,539	0,453	0,493	0,501	0,504	0,472	0,467	0,502	0,312	0,484	0,478	0,614	0,547	0,588	0,559	0,608	0,563	0,625	0,562	0,635	0,548	0,594	0,528	0,685	0,567
3:38:04	37,0	0,594	0,606	0,621	0,633	0,712	0,623	0,635	0,653	0,654	0,622	0,734	0,688	0,543	0,472	0,523	0,544	0,490	0,526	0,523	0,568	0,579	0,584	0,521	0,481	0,601	0,584	0,569	0,589	0,553	0,536	0,541	0,538	0,498	0,627	0,533	0,591	0,499	0,450	0,514	0,504	0,485	0,493	0,562	0,530	0,495	0,564	0,564	0,540	0,609	0,563	0,571	0,669	0,570	0,586	0,557	0,626	0,522	0,665	0,625	0,705	0,548	0,612	0,528	0,576	0,483	0,573	0,465	0,574	0,513	0,514	0,481	0,564	0,467	0,518	0,512	0,520	0,487	0,490	0,517	0,349	0,503	0,506	0,632	0,569	0,602	0,579	0,629	0,583	0,640	0,582	0,654	0,571	0,623	0,548	0,705	0,593
3:48:04	37,0	0,619	0,620	0,642	0,647	0,728	0,641	0,654	0,673	0,679	0,643	0,749	0,703	0,554	0,486	0,533	0,556	0,500	0,544	0,530	0,588	0,591	0,607	0,534	0,518	0,617	0,601	0,593	0,613	0,573	0,553	0,559	0,555	0,519	0,647	0,558	0,614	0,509	0,466	0,534	0,517	0,499	0,505	0,588	0,539	0,512	0,578	0,576	0,567	0,627	0,581	0,596	0,693	0,593	0,602	0,581	0,649	0,546	0,689	0,653	0,737	0,579	0,627	0,538	0,588	0,499	0,603	0,480	0,588	0,537	0,540	0,505	0,587	0,486	0,536	0,527	0,539	0,500	0,517	0,535	0,391	0,519	0,532	0,649	0,595	0,624	0,599	0,654	0,603	0,661	0,604	0,676	0,589	0,649	0,565	0,724	0,617
3:58:04	37,0	0,645	0,633	0,663	0,661	0,743	0,661	0,677	0,692	0,701	0,666	0,765	0,719	0,565	0,500	0,542	0,571	0,509	0,566	0,537	0,611	0,602	0,635	0,547	0,542	0,636	0,617	0,595	0,638	0,599	0,583	0,576	0,572	0,536	0,678	0,582	0,635	0,519	0,484	0,549	0,529	0,512	0,533	0,605	0,548	0,537	0,594	0,597	0,595	0,648	0,602	0,619	0,709	0,624	0,621	0,604	0,665	0,569	0,708	0,677	0,778	0,596	0,646	0,543	0,599	0,513	0,626	0,500	0,602	0,561	0,564	0,529	0,613	0,503	0,554	0,538	0,555	0,519	0,548	0,557	0,442	0,541	0,557	0,660	0,622	0,649	0,621	0,674	0,623	0,677	0,628	0,698	0,610	0,675	0,586	0,754	0,645
4:08:04	37,0	0,671	0,645	0,680	0,673	0,759	0,681	0,698	0,709	0,724	0,688	0,776	0,734	0,575	0,512	0,549	0,566	0,516	0,590	0,544	0,625	0,611	0,655	0,561	0,562	0,650	0,632	0,616	0,663	0,625	0,593	0,600	0,591	0,563	0,697	0,608	0,658	0,530	0,501	0,566	0,540	0,523	0,558	0,620	0,556	0,556	0,605	0,619	0,626	0,673	0,620	0,642	0,726	0,642	0,642	0,624	0,684	0,600	0,731	0,699	0,811	0,613	0,657	0,551	0,610	0,533	0,645	0,527	0,616	0,586	0,585	0,550	0,629	0,515	0,569	0,548	0,572	0,533	0,566	0,573	0,465	0,557	0,577	0,675	0,639	0,670	0,639	0,698	0,639	0,704	0,650	0,722	0,630	0,715	0,605	0,788	0,669
4:18:04	37,0	0,695	0,658	0,698	0,688	0,770	0,701	0,718	0,726	0,744	0,709	0,793	0,747	0,584	0,529	0,557	0,575	0,527	0,610	0,554	0,641	0,622	0,681	0,574	0,586	0,668	0,651	0,644	0,695	0,647	0,619	0,617	0,611	0,589	0,723	0,632	0,684	0,544	0,520	0,585	0,553	0,536	0,577	0,639	0,563	0,572	0,617	0,626	0,647	0,696	0,640	0,663	0,744	0,671	0,665	0,661	0,701	0,645	0,760	0,733	0,849	0,628	0,672	0,560	0,618	0,544	0,668	0,549	0,634	0,605	0,608	0,567	0,653	0,531	0,584	0,558	0,591	0,543	0,583	0,587	0,488	0,576	0,590	0,688	0,658	0,693	0,666	0,721	0,657	0,731	0,672	0,748	0,649	0,743	0,628	0,803	0,695
4:28:04	37,0	0,716	0,673	0,714	0,697	0,785	0,718	0,737	0,740	0,761	0,726	0,801	0,761	0,594	0,548	0,562	0,583	0,531	0,623	0,557	0,662	0,628	0,698	0,586	0,607	0,688	0,672	0,651	0,728	0,666	0,638	0,638	0,628	0,609	0,757	0,656	0,707	0,564	0,538	0,602	0,565	0,550	0,595	0,652	0,572	0,590	0,630	0,661	0,667	0,718	0,662	0,691	0,766	0,701	0,685	0,692	0,725	0,674	0,780	0,759	0,887	0,641	0,691	0,570	0,628	0,558	0,685	0,568	0,651	0,621	0,623	0,581	0,672	0,547	0,600	0,568	0,597	0,555	0,599	0,599	0,510	0,593	0,606	0,711	0,675	0,712	0,682	0,744	0,674	0,761	0,692	0,779	0,665	0,770	0,646	0,823	0,721
4:38:04	37,0	0,738	0,689	0,731	0,712	0,800	0,738	0,762	0,759	0,782	0,746	0,817	0,784	0,605	0,567	0,571	0,591	0,542	0,641	0,569	0,677	0,639	0,722	0,600	0,634	0,714	0,690	0,668	0,765	0,684	0,651	0,662	0,651	0,634	0,803	0,684	0,733	0,583	0,560	0,619	0,579	0,565	0,621	0,671	0,580	0,610	0,645	0,661	0,692	0,748	0,688	0,716	0,783	0,752	0,714	0,720	0,744	0,706	0,803	0,786	0,904	0,663	0,705	0,585	0,636	0,572	0,704	0,583	0,663	0,635	0,641	0,597	0,692	0,566	0,617	0,580	0,611	0,565	0,614	0,614	0,543	0,609	0,617	0,727	0,693	0,727	0,706	0,768	0,694	0,795	0,720	0,810	0,688	0,795	0,669	0,845	0,751
4:48:04	37,0	0,761	0,706	0,749	0,726	0,817	0,756	0,785	0,775	0,799	0,767	0,831	0,798	0,614	0,586	0,579	0,600	0,551	0,654	0,574	0,692	0,648	0,742	0,609	0,663	0,743	0,717	0,703	0,800	0,709	0,674	0,680	0,671	0,661	0,849	0,713	0,767	0,609	0,584	0,637	0,590	0,576	0,639	0,690	0,589	0,637	0,661	0,691	0,718	0,787	0,711	0,748	0,799	0,786	0,741	0,756	0,785	0,742	0,841	0,820	0,935	0,685	0,731	0,597	0,647	0,584	0,723	0,598	0,681	0,651	0,656	0,613	0,714	0,586	0,636	0,593	0,625	0,577	0,632	0,627	0,599	0,626	0,635	0,748	0,711	0,747	0,730	0,792	0,704	0,820	0,740	0,843	0,711	0,820	0,689	0,869	0,778
4:58:04	37,0	0,781	0,721	0,764	0,737	0,832	0,773	0,804	0,792	0,818	0,785	0,851	0,817	0,623	0,602	0,588	0,609	0,560	0,671	0,582	0,702	0,659	0,757	0,621	0,692	0,766	0,738	0,722	0,825	0,724	0,692	0,709	0,694	0,683	0,874	0,736	0,798	0,625	0,601	0,655	0,605	0,585	0,661	0,702	0,598	0,661	0,679	0,716	0,761	0,819	0,739	0,766	0,818	0,825	0,766	0,787	0,814	0,784	0,861	0,831	0,955	0,704	0,743	0,614	0,658	0,602	0,740	0,614	0,700	0,664	0,675	0,629	0,733	0,602	0,649	0,608	0,640	0,592	0,649	0,643	0,638	0,642	0,647	0,775	0,726	0,766	0,752	0,815	0,721	0,849	0,761	0,867	0,727	0,846	0,711	0,889	0,805
5:08:04	37,0	0,801	0,735	0,781	0,746	0,840	0,786	0,820	0,809	0,833	0,802	0,853	0,825	0,632	0,621	0,598	0,616	0,567	0,680	0,593	0,717	0,666	0,772	0,630	0,723	0,787	0,767	0,745	0,844	0,750	0,729	0,740	0,736	0,704	0,895	0,761	0,831	0,637	0,622	0,674	0,621	0,591	0,697	0,727	0,608	0,681	0,701	0,733	0,786	0,846	0,762	0,789	0,833	0,856	0,795	0,823	0,846	0,814	0,892	0,864	0,975	0,720	0,759	0,629	0,668	0,613	0,757	0,627	0,718	0,677	0,690	0,642	0,749	0,618	0,664	0,618	0,653	0,605	0,665	0,655	0,659	0,658	0,667	0,805	0,743	0,782	0,775	0,840	0,738	0,871	0,792	0,887	0,744	0,869	0,735	0,904	0,832
5:18:04	37,0	0,821	0,755	0,800	0,766	0,857	0,805	0,846	0,819	0,852	0,820	0,874	0,847	0,641	0,641	0,605	0,628	0,577	0,702	0,607	0,730	0,674	0,785	0,644	0,748	0,813	0,797	0,765	0,870	0,766	0,753	0,771	0,754	0,736	0,926	0,792	0,868	0,651	0,645	0,688	0,644	0,603	0,715	0,747	0,614	0,703	0,712	0,752	0,796	0,877	0,798	0,825	0,849	0,884	0,819	0,854	0,869	0,844	0,918	0,899	0,998	0,738	0,780	0,641	0,675	0,628	0,776	0,643	0,728	0,692	0,708	0,658	0,775	0,636	0,684	0,632	0,668	0,613	0,679	0,672	0,679	0,675	0,679	0,810	0,760	0,805	0,802	0,856	0,752	0,891	0,812	0,913	0,768	0,891	0,763	0,923	0,857
5:28:04	37,0	0,839	0,772	0,816	0,779	0,873	0,821	0,866	0,832	0,870	0,836	0,889	0,860	0,651	0,664	0,613	0,638	0,588	0,715	0,615	0,743	0,683	0,803	0,653	0,774	0,831	0,819	0,802	0,885	0,785	0,788	0,802	0,774	0,764	0,954	0,820	0,895	0,665	0,670	0,710	0,660	0,612	0,744	0,764	0,625	0,724	0,730	0,782	0,818	0,901	0,826	0,843	0,863	0,911	0,843	0,885	0,902	0,872	0,939	0,922	1,018	0,761	0,803	0,664	0,689	0,642	0,794	0,658	0,749	0,707	0,727	0,673	0,799	0,653	0,702	0,648	0,684	0,629	0,696	0,690	0,699	0,691	0,698	0,835	0,782	0,824	0,825	0,877	0,772	0,918	0,831	0,941	0,795	0,911	0,787	0,940	0,882
5:38:04	37,0	0,856	0,784	0,831	0,791	0,889	0,836	0,880	0,846	0,884	0,850	0,900	0,874	0,660	0,684	0,622	0,648	0,597	0,730	0,623	0,764	0,693	0,818	0,659	0,798	0,855	0,845	0,808	0,904	0,804	0,814	0,831	0,803	0,792	0,973	0,847	0,922	0,675	0,693	0,719	0,676	0,617	0,758	0,784	0,637	0,744	0,747	0,795	0,835	0,926	0,852	0,867	0,872	0,930	0,864	0,917	0,912	0,903	0,963	0,944	1,038	0,782	0,812	0,679	0,707	0,656	0,811	0,678	0,774	0,722	0,742	0,691	0,818	0,666	0,717	0,662	0,696	0,644	0,713	0,706	0,718	0,706	0,716	0,853	0,792	0,841	0,845	0,895	0,794	0,940	0,855	0,962	0,819	0,930	0,811	0,958	0,903
5:48:04	37,0	0,873	0,799	0,846	0,803	0,900	0,851	0,896	0,863	0,899	0,862	0,910	0,881	0,667	0,706	0,631	0,660	0,606	0,743	0,633	0,773	0,700	0,831	0,671	0,824	0,870	0,865	0,843	0,930	0,824	0,844	0,853	0,825	0,814	0,999	0,877	0,941	0,687	0,723	0,730	0,694	0,625	0,786	0,802	0,649	0,771	0,764	0,817	0,849	0,951	0,872	0,891	0,886	0,956	0,886	0,950	0,944	0,923	0,982	0,955	1,060	0,802	0,837	0,690	0,719	0,674	0,828	0,693	0,790	0,739	0,760	0,709	0,841	0,687	0,738	0,675	0,721	0,663	0,729	0,725	0,742	0,720	0,732	0,869	0,812	0,864	0,869	0,918	0,817	0,963	0,883	0,980	0,843	0,953	0,832	0,978	0,928
5:58:04	37,0	0,887	0,815	0,861	0,814	0,910	0,865	0,915	0,876	0,915	0,877	0,923	0,897	0,677	0,724	0,636	0,670	0,611	0,755	0,642	0,784	0,709	0,848	0,679	0,851	0,886	0,883	0,856	0,936	0,848	0,865	0,877	0,847	0,837	1,008	0,904	0,966	0,698	0,746	0,743	0,708	0,632	0,799	0,813	0,664	0,790	0,774	0,829	0,862	0,979	0,896	0,920	0,902	0,986	0,905	0,974	0,953	0,954	1,009	0,977	1,073	0,824	0,854	0,707	0,731	0,689	0,842	0,712	0,813	0,753	0,776	0,726	0,862	0,704	0,753	0,691	0,737	0,685	0,748	0,741	0,763	0,742	0,752	0,889	0,831	0,882	0,891	0,935	0,838	0,983	0,903	1,000	0,861	0,972	0,855	1,001	0,953
6:08:04	37,0	0,903	0,827	0,873	0,825	0,920	0,876	0,931	0,888	0,927	0,886	0,926	0,910	0,683	0,746	0,643	0,680	0,619	0,768	0,652	0,801	0,714	0,865	0,687	0,874	0,909	0,908	0,868	0,950	0,852	0,892	0,896	0,876	0,867	1,022	0,921	0,994	0,710	0,766	0,756	0,720	0,638	0,815	0,824	0,676	0,809	0,787	0,855	0,879	0,998	0,913	0,931	0,914	0,988	0,924	0,992	0,978	0,975	1,020	1,002	1,090	0,838	0,862	0,722	0,746	0,702	0,854	0,736	0,830	0,768	0,792	0,742	0,878	0,720	0,770	0,708	0,747	0,694	0,771	0,762	0,789	0,761	0,769	0,914	0,848	0,902	0,912	0,956	0,856	1,001	0,921	1,019	0,881	0,989	0,874	1,012	0,976
6:18:04	37,0	0,919	0,841	0,886	0,837	0,934	0,889	0,947	0,896	0,940	0,898	0,942	0,919	0,692	0,764	0,650	0,691	0,629	0,780	0,659	0,812	0,719	0,873	0,695	0,899	0,922	0,919	0,885	0,964	0,869	0,904	0,912	0,892	0,884	1,038	0,937	1,011	0,720	0,782	0,771	0,732	0,644	0,825	0,838	0,683	0,826	0,800	0,866	0,892	1,018	0,938	0,957	0,930	1,005	0,944	1,013	0,988	0,987	1,041	1,016	1,107	0,863	0,878	0,737	0,759	0,720	0,869	0,753	0,849	0,784	0,811	0,759	0,901	0,741	0,793	0,721	0,766	0,712	0,778	0,779	0,808	0,778	0,787	0,931	0,865	0,921	0,936	0,975	0,879	1,016	0,943	1,037	0,909	1,006	0,899	1,030	1,000
6:28:04	37,0	0,933	0,854	0,901	0,848	0,949	0,903	0,963	0,907	0,954	0,911	0,957	0,933	0,698	0,783	0,659	0,703	0,636	0,795	0,668	0,825	0,727	0,892	0,705	0,918	0,940	0,937	0,899	0,982	0,883	0,926	0,925	0,906	0,902	1,058	0,954	1,028	0,730	0,803	0,784	0,752	0,648	0,844	0,850	0,696	0,848	0,812	0,876	0,904	1,042	0,961	0,979	0,940	1,025	0,966	1,033	1,003	1,013	1,055	1,031	1,121	0,885	0,894	0,751	0,770	0,738	0,878	0,772	0,861	0,802	0,829	0,777	0,918	0,760	0,812	0,740	0,781	0,729	0,799	0,801	0,834	0,797	0,808	0,951	0,884	0,944	0,960	0,995	0,901	1,033	0,964	1,052	0,934	1,022	0,920	1,043	1,025
6:38:04	37,0	0,946	0,863	0,914	0,859	0,957	0,916	0,975	0,922	0,966	0,920	0,962	0,945	0,705	0,808	0,664	0,715	0,644	0,808	0,679	0,832	0,733	0,898	0,711	0,931	0,958	0,955	0,914	0,995	0,898	0,945	0,942	0,923	0,921	1,077	0,971	1,062	0,739	0,820	0,801	0,767	0,653	0,858	0,865	0,706	0,863	0,822	0,891	0,916	1,060	0,977	0,993	0,952	1,043	0,983	1,049	1,023	1,034	1,071	1,057	1,133	0,902	0,908	0,772	0,783	0,760	0,898	0,791	0,879	0,816	0,850	0,794	0,933	0,779	0,831	0,756	0,806	0,751	0,820	0,813	0,853	0,815	0,826	0,972	0,899	0,958	0,979	1,008	0,923	1,051	0,983	1,068	0,955	1,041	0,945	1,051	1,051
6:48:04	37,0	0,960	0,876	0,926	0,869	0,971	0,927	0,992	0,933	0,979	0,935	0,977	0,959	0,709	0,829	0,669	0,723	0,653	0,827	0,683	0,854	0,739	0,911	0,722	0,950	0,970	0,964	0,930	1,008	0,912	0,966	0,955	0,944	0,940	1,092	0,985	1,068	0,749	0,837	0,810	0,780	0,657	0,873	0,876	0,717	0,879	0,830	0,909	0,927	1,077	0,998	1,013	0,964	1,057	0,999	1,069	1,036	1,046	1,090	1,067	1,149	0,921	0,928	0,794	0,797	0,778	0,909	0,812	0,893	0,837	0,868	0,813	0,951	0,797	0,849	0,774	0,819	0,767	0,837	0,831	0,870	0,835	0,846	0,984	0,917	0,976	1,006	1,028	0,942	1,061	1,003	1,081	0,976	1,055	0,974	1,065	1,072
6:58:04	37,0	0,977	0,889	0,942	0,881	0,981	0,942	1,004	0,944	0,996	0,948	0,993	0,972	0,716	0,845	0,675	0,736	0,660	0,835	0,687	0,859	0,747	0,928	0,729	0,964	0,986	0,976	0,943	1,022	0,924	0,984	0,969	0,965	0,958	1,117	1,007	1,086	0,757	0,856	0,826	0,792	0,663	0,889	0,887	0,724	0,896	0,843	0,918	0,939	1,093	1,015	1,037	0,971	1,070	1,020	1,087	1,048	1,063	1,107	1,084	1,161	0,942	0,948	0,813	0,814	0,793	0,919	0,828	0,910	0,851	0,888	0,828	0,971	0,820	0,870	0,789	0,840	0,781	0,852	0,852	0,892	0,849	0,866	1,002	0,936	0,995	1,028	1,042	0,960	1,078	1,024	1,096	0,999	1,071	1,000	1,085	1,094
7:08:04	37,0	0,990	0,899	0,952	0,891	0,993	0,951	1,018	0,956	1,006	0,958	0,998	0,982	0,722	0,860	0,679	0,743	0,666	0,845	0,695	0,870	0,753	0,934	0,738	0,978	0,997	0,992	0,959	1,035	0,936	0,996	0,982	0,977	0,975	1,130	1,020	1,105	0,765	0,870	0,840	0,806	0,667	0,906	0,900	0,734	0,910	0,854	0,931	0,951	1,110	1,031	1,059	0,985	1,087	1,036	1,109	1,060	1,081	1,117	1,095	1,175	0,960	0,962	0,825	0,829	0,813	0,933	0,849	0,925	0,869	0,901	0,844	0,985	0,838	0,886	0,807	0,856	0,804	0,869	0,871	0,912	0,872	0,884	1,015	0,950	1,012	1,048	1,058	0,977	1,093	1,041	1,112	1,018	1,088	1,025	1,092	1,113
7:18:04	37,0	1,002	0,908	0,965	0,900	1,007	0,962	1,032	0,967	1,018	0,970	1,010	0,994	0,730	0,874	0,684	0,755	0,673	0,856	0,701	0,887	0,759	0,947	0,745	0,993	1,012	1,008	0,969	1,047	0,944	1,018	0,995	0,992	0,991	1,139	1,040	1,120	0,772	0,885	0,846	0,817	0,672	0,910	0,913	0,742	0,924	0,865	0,947	0,960	1,125	1,047	1,073	1,000	1,092	1,052	1,124	1,072	1,097	1,132	1,107	1,187	0,979	0,974	0,838	0,848	0,823	0,944	0,868	0,948	0,885	0,916	0,862	1,003	0,859	0,903	0,823	0,868	0,818	0,886	0,885	0,930	0,888	0,903	1,029	0,966	1,029	1,064	1,074	0,990	1,105	1,057	1,124	1,034	1,101	1,046	1,105	1,133
7:28:04	37,0	1,016	0,922	0,978	0,915	1,016	0,975	1,042	0,980	1,034	0,980	1,021	1,007	0,736	0,892	0,692	0,764	0,680	0,868	0,712	0,892	0,763	0,953	0,754	1,006	1,026	1,018	0,980	1,068	0,961	1,029	1,010	1,008	1,010	1,157	1,050	1,134	0,780	0,899	0,855	0,830	0,679	0,922	0,922	0,748	0,934	0,873	0,949	0,971	1,140	1,060	1,085	1,005	1,111	1,067	1,134	1,085	1,110	1,147	1,130	1,202	0,999	0,988	0,857	0,857	0,840	0,963	0,886	0,963	0,901	0,938	0,881	1,019	0,880	0,921	0,838	0,887	0,831	0,907	0,904	0,948	0,904	0,920	1,040	0,985	1,043	1,078	1,089	1,006	1,118	1,070	1,135	1,048	1,117	1,067	1,116	1,150
7:38:04	37,0	1,027	0,932	0,989	0,921	1,028	0,985	1,053	0,988	1,042	0,991	1,030	1,012	0,743	0,904	0,697	0,777	0,686	0,879	0,714	0,907	0,770	0,968	0,758	1,016	1,041	1,031	0,992	1,073	0,970	1,038	1,020	1,023	1,024	1,166	1,071	1,148	0,786	0,908	0,867	0,837	0,680	0,935	0,935	0,757	0,948	0,877	0,969	0,979	1,153	1,075	1,100	1,018	1,122	1,079	1,148	1,099	1,123	1,158	1,135	1,211	1,013	1,003	0,867	0,872	0,852	0,970	0,903	0,979	0,916	0,952	0,898	1,035	0,895	0,935	0,854	0,895	0,848	0,919	0,921	0,966	0,923	0,936	1,054	0,996	1,057	1,092	1,098	1,018	1,127	1,086	1,150	1,062	1,128	1,085	1,129	1,165
7:48:04	37,0	1,036	0,944	0,999	0,929	1,037	0,994	1,064	0,997	1,050	1,001	1,039	1,019	0,747	0,928	0,701	0,784	0,691	0,886	0,720	0,921	0,775	0,976	0,765	1,025	1,051	1,044	1,001	1,083	0,985	1,060	1,032	1,038	1,041	1,174	1,080	1,160	0,790	0,919	0,875	0,848	0,686	0,939	0,941	0,765	0,959	0,884	0,975	0,991	1,165	1,086	1,112	1,025	1,130	1,090	1,160	1,110	1,139	1,170	1,151	1,221	1,027	1,013	0,883	0,889	0,867	0,987	0,921	0,993	0,930	0,967	0,912	1,049	0,907	0,949	0,865	0,905	0,867	0,937	0,935	0,979	0,938	0,946	1,065	1,012	1,071	1,107	1,108	1,029	1,136	1,098	1,159	1,073	1,140	1,097	1,132	1,178
7:58:04	37,0	1,044	0,951	1,007	0,936	1,043	1,005	1,069	1,006	1,056	1,007	1,047	1,025	0,753	0,941	0,707	0,794	0,699	0,904	0,733	0,931	0,779	0,981	0,769	1,032	1,064	1,052	1,011	1,093	0,995	1,069	1,044	1,059	1,047	1,178	1,090	1,170	0,797	0,930	0,881	0,853	0,691	0,949	0,946	0,774	0,967	0,889	0,980	0,998	1,172	1,096	1,121	1,030	1,137	1,100	1,168	1,118	1,148	1,179	1,163	1,228	1,033	1,025	0,898	0,899	0,884	1,000	0,937	1,004	0,943	0,978	0,923	1,057	0,915	0,960	0,877	0,914	0,875	0,940	0,943	0,993	0,945	0,958	1,080	1,021	1,082	1,119	1,119	1,037	1,144	1,112	1,164	1,088	1,150	1,109	1,138	1,189
8:08:04	37,0	1,054	0,961	1,019	0,949	1,053	1,017	1,080	1,016	1,068	1,020	1,052	1,031	0,758	0,951	0,711	0,806	0,705	0,912	0,738	0,940	0,784	0,992	0,775	1,042	1,074	1,065	1,021	1,105	1,008	1,087	1,057	1,073	1,065	1,196	1,107	1,185	0,801	0,940	0,891	0,866	0,694	0,957	0,958	0,780	0,977	0,898	0,991	1,004	1,186	1,111	1,139	1,041	1,147	1,114	1,180	1,128	1,159	1,190	1,168	1,239	1,047	1,034	0,913	0,911	0,899	1,007	0,952	1,014	0,959	0,992	0,944	1,069	0,929	0,972	0,889	0,925	0,891	0,956	0,956	1,005	0,959	0,967	1,088	1,033	1,094	1,131	1,132	1,050	1,155	1,127	1,179	1,099	1,161	1,123	1,146	1,204
8:18:04	37,0	1,065	0,972	1,032	0,962	1,064	1,028	1,086	1,028	1,080	1,032	1,067	1,043	0,763	0,967	0,715	0,820	0,712	0,919	0,740	0,957	0,791	1,004	0,781	1,051	1,087	1,077	1,032	1,117	1,018	1,097	1,066	1,085	1,079	1,211	1,112	1,194	0,809	0,952	0,908	0,876	0,696	0,975	0,966	0,785	0,988	0,902	0,998	1,014	1,198	1,121	1,155	1,052	1,157	1,129	1,196	1,143	1,173	1,204	1,180	1,248	1,060	1,047	0,927	0,924	0,909	1,016	0,967	1,027	0,971	1,009	0,954	1,082	0,946	0,987	0,897	0,943	0,906	0,966	0,962	1,019	0,968	0,978	1,095	1,045	1,107	1,140	1,146	1,065	1,165	1,138	1,186	1,114	1,174	1,137	1,158	1,218
8:28:04	37,0	1,074	0,981	1,039	0,969	1,069	1,036	1,096	1,040	1,085	1,037	1,067	1,048	0,771	0,978	0,721	0,828	0,717	0,931	0,748	0,964	0,796	1,011	0,790	1,060	1,098	1,087	1,042	1,128	1,030	1,114	1,080	1,098	1,092	1,219	1,128	1,206	0,814	0,963	0,911	0,885	0,699	0,979	0,977	0,791	0,998	0,912	1,009	1,022	1,209	1,131	1,164	1,059	1,169	1,141	1,208	1,147	1,184	1,214	1,191	1,254	1,071	1,056	0,939	0,936	0,930	1,030	0,980	1,036	0,982	1,021	0,968	1,089	0,958	0,995	0,913	0,948	0,913	0,977	0,975	1,033	0,978	0,988	1,105	1,051	1,121	1,152	1,154	1,075	1,171	1,150	1,198	1,125	1,183	1,149	1,165	1,227
8:38:04	37,0	1,081	0,990	1,047	0,981	1,077	1,040	1,104	1,047	1,092	1,043	1,071	1,055	0,774	0,987	0,724	0,835	0,723	0,939	0,753	0,976	0,799	1,019	0,797	1,064	1,106	1,097	1,051	1,136	1,040	1,120	1,091	1,107	1,103	1,228	1,134	1,214	0,818	0,969	0,921	0,895	0,704	0,990	0,985	0,795	1,006	0,916	1,013	1,030	1,218	1,143	1,176	1,067	1,177	1,152	1,217	1,161	1,195	1,224	1,197	1,262	1,079	1,064	0,952	0,946	0,937	1,037	0,994	1,047	0,990	1,031	0,978	1,096	0,967	1,004	0,920	0,953	0,926	0,982	0,989	1,046	0,987	0,996	1,114	1,060	1,133	1,160	1,162	1,088	1,180	1,164	1,204	1,139	1,196	1,158	1,173	1,238
8:48:04	37,0	1,091	1,000	1,057	0,993	1,084	1,053	1,110	1,049	1,104	1,049	1,086	1,063	0,779	0,996	0,729	0,844	0,729	0,946	0,761	0,988	0,804	1,029	0,800	1,071	1,117	1,107	1,064	1,146	1,052	1,130	1,096	1,115	1,119	1,239	1,148	1,222	0,827	0,979	0,928	0,901	0,705	0,995	0,991	0,800	1,015	0,926	1,019	1,037	1,226	1,152	1,185	1,075	1,183	1,164	1,221	1,168	1,200	1,232	1,210	1,271	1,090	1,072	0,967	0,954	0,942	1,043	1,006	1,061	1,001	1,044	0,988	1,107	0,979	1,013	0,929	0,963	0,934	0,994	0,994	1,059	0,996	1,005	1,122	1,073	1,138	1,170	1,174	1,102	1,184	1,180	1,210	1,154	1,202	1,173	1,179	1,251
8:58:04	37,0	1,099	1,007	1,062	0,996	1,091	1,056	1,118	1,059	1,107	1,054	1,085	1,067	0,785	1,008	0,731	0,852	0,733	0,955	0,765	0,995	0,808	1,037	0,807	1,077	1,127	1,117	1,074	1,153	1,062	1,143	1,109	1,125	1,131	1,244	1,155	1,231	0,830	0,985	0,941	0,912	0,712	1,004	1,003	0,804	1,023	0,929	1,035	1,047	1,235	1,161	1,194	1,082	1,190	1,171	1,232	1,177	1,209	1,239	1,215	1,276	1,097	1,079	0,974	0,962	0,952	1,050	1,015	1,067	1,011	1,053	0,996	1,115	0,987	1,021	0,938	0,966	0,943	0,997	1,002	1,069	1,003	1,012	1,130	1,075	1,148	1,179	1,177	1,112	1,192	1,193	1,216	1,173	1,211	1,181	1,183	1,256
9:08:04	37,0	1,103	1,013	1,070	1,005	1,098	1,061	1,123	1,060	1,114	1,059	1,094	1,074	0,789	1,017	0,737	0,864	0,738	0,964	0,771	1,000	0,811	1,044	0,812	1,082	1,136	1,126	1,080	1,161	1,074	1,155	1,117	1,133	1,143	1,251	1,168	1,241	0,835	0,993	0,944	0,918	0,715	1,008	1,012	0,809	1,029	0,934	1,039	1,055	1,241	1,169	1,203	1,088	1,195	1,179	1,237	1,190	1,214	1,244	1,225	1,282	1,105	1,083	0,983	0,971	0,957	1,062	1,025	1,077	1,016	1,064	1,008	1,123	0,997	1,028	0,944	0,973	0,947	1,004	1,008	1,078	1,014	1,014	1,137	1,081	1,156	1,188	1,183	1,121	1,197	1,201	1,224	1,189	1,218	1,192	1,188	1,264
9:18:04	37,0	1,110	1,019	1,074	1,005	1,103	1,065	1,130	1,062	1,117	1,065	1,097	1,075	0,793	1,026	0,741	0,873	0,743	0,970	0,776	0,999	0,814	1,042	0,816	1,086	1,145	1,132	1,089	1,168	1,084	1,167	1,128	1,146	1,153	1,256	1,171	1,247	0,840	1,001	0,952	0,923	0,718	1,016	1,015	0,811	1,037	0,939	1,040	1,059	1,245	1,174	1,206	1,091	1,200	1,185	1,243	1,196	1,222	1,249	1,232	1,286	1,107	1,093	0,995	0,977	0,968	1,065	1,033	1,080	1,022	1,073	1,016	1,128	1,000	1,034	0,952	0,976	0,956	1,009	1,015	1,089	1,017	1,020	1,144	1,086	1,161	1,196	1,191	1,130	1,201	1,211	1,226	1,196	1,222	1,202	1,189	1,269
9:28:04	37,0	1,115	1,023	1,079	1,010	1,109	1,069	1,134	1,069	1,121	1,070	1,103	1,082	0,795	1,033	0,741	0,880	0,747	0,978	0,778	1,005	0,818	1,049	0,813	1,092	1,152	1,139	1,099	1,171	1,093	1,171	1,130	1,150	1,161	1,259	1,177	1,255	0,844	1,008	0,959	0,931	0,723	1,020	1,019	0,818	1,045	0,942	1,049	1,062	1,250	1,181	1,214	1,095	1,206	1,192	1,245	1,199	1,226	1,255	1,235	1,291	1,112	1,097	1,000	0,984	0,980	1,070	1,041	1,089	1,028	1,077	1,020	1,130	1,003	1,037	0,958	0,983	0,965	1,012	1,020	1,095	1,024	1,023	1,150	1,089	1,163	1,203	1,193	1,133	1,202	1,218	1,230	1,204	1,229	1,211	1,194	1,274
9:38:04	37,0	1,121	1,029	1,083	1,012	1,114	1,075	1,140	1,071	1,129	1,073	1,109	1,084	0,797	1,039	0,745	0,885	0,752	0,982	0,784	1,009	0,821	1,052	0,823	1,093	1,159	1,147	1,107	1,179	1,101	1,185	1,142	1,160	1,170	1,268	1,184	1,258	0,844	1,014	0,963	0,936	0,725	1,026	1,023	0,821	1,048	0,946	1,051	1,071	1,254	1,188	1,217	1,098	1,208	1,197	1,247	1,210	1,230	1,259	1,242	1,295	1,115	1,103	1,002	0,990	0,988	1,077	1,047	1,094	1,033	1,084	1,025	1,137	1,009	1,043	0,965	0,988	0,973	1,018	1,037	1,103	1,032	1,030	1,152	1,096	1,169	1,211	1,200	1,141	1,207	1,223	1,234	1,214	1,232	1,220	1,198	1,278
9:48:04	37,0	1,128	1,033	1,092	1,020	1,119	1,085	1,146	1,075	1,135	1,077	1,111	1,091	0,803	1,044	0,750	0,893	0,757	0,988	0,786	1,015	0,824	1,055	0,826	1,098	1,167	1,153	1,113	1,186	1,107	1,196	1,148	1,168	1,181	1,276	1,197	1,266	0,851	1,021	0,969	0,942	0,727	1,032	1,029	0,826	1,053	0,948	1,058	1,077	1,259	1,195	1,226	1,107	1,214	1,207	1,257	1,215	1,234	1,265	1,245	1,299	1,124	1,108	1,011	0,997	0,995	1,078	1,055	1,101	1,039	1,092	1,032	1,140	1,019	1,048	0,973	0,991	0,983	1,026	1,037	1,110	1,038	1,035	1,162	1,101	1,175	1,216	1,204	1,147	1,210	1,230	1,240	1,221	1,238	1,229	1,204	1,284
9:58:04	37,0	1,133	1,037	1,097	1,027	1,127	1,083	1,155	1,080	1,140	1,083	1,116	1,095	0,806	1,050	0,752	0,900	0,760	0,991	0,789	1,022	0,827	1,058	0,832	1,100	1,174	1,161	1,121	1,193	1,115	1,204	1,156	1,177	1,192	1,284	1,202	1,273	0,857	1,026	0,977	0,947	0,729	1,043	1,037	0,829	1,061	0,953	1,067	1,084	1,264	1,197	1,234	1,111	1,222	1,212	1,262	1,222	1,242	1,272	1,252	1,301	1,130	1,116	1,020	1,003	1,003	1,083	1,062	1,101	1,044	1,098	1,039	1,147	1,026	1,056	0,978	0,999	0,991	1,029	1,044	1,119	1,043	1,040	1,168	1,108	1,183	1,221	1,208	1,153	1,216	1,238	1,242	1,226	1,245	1,237	1,206	1,289
10:08:04	37,0	1,139	1,043	1,103	1,033	1,133	1,090	1,160	1,085	1,146	1,087	1,121	1,102	0,809	1,058	0,755	0,909	0,762	0,995	0,793	1,035	0,830	1,063	0,837	1,107	1,180	1,166	1,136	1,201	1,123	1,214	1,162	1,186	1,202	1,293	1,208	1,277	0,861	1,030	0,985	0,955	0,735	1,053	1,043	0,832	1,069	0,955	1,070	1,089	1,269	1,206	1,240	1,118	1,226	1,221	1,268	1,230	1,248	1,278	1,253	1,304	1,139	1,121	1,028	1,010	1,006	1,090	1,069	1,112	1,050	1,105	1,046	1,153	1,036	1,060	0,985	1,010	1,006	1,037	1,050	1,126	1,049	1,048	1,171	1,112	1,183	1,227	1,213	1,159	1,218	1,244	1,248	1,231	1,249	1,245	1,210	1,295
10:18:04	37,0	1,144	1,049	1,112	1,041	1,139	1,097	1,167	1,094	1,152	1,092	1,128	1,113	0,813	1,062	0,757	0,914	0,768	0,998	0,801	1,044	0,834	1,077	0,842	1,114	1,188	1,172	1,141	1,208	1,130	1,217	1,169	1,189	1,214	1,304	1,218	1,284	0,870	1,039	0,995	0,962	0,740	1,054	1,048	0,835	1,076	0,966	1,071	1,093	1,277	1,213	1,245	1,125	1,232	1,228	1,271	1,239	1,254	1,284	1,260	1,309	1,142	1,124	1,033	1,016	1,018	1,098	1,077	1,118	1,056	1,112	1,053	1,157	1,042	1,067	0,993	1,011	1,012	1,044	1,054	1,133	1,055	1,052	1,177	1,120	1,188	1,232	1,219	1,164	1,219	1,253	1,250	1,238	1,253	1,253	1,216	1,300
10:28:04	36,9	1,150	1,054	1,115	1,043	1,145	1,100	1,171	1,093	1,158	1,096	1,134	1,114	0,817	1,065	0,762	0,920	0,773	1,004	0,800	1,053	0,837	1,079	0,847	1,114	1,192	1,177	1,146	1,215	1,136	1,226	1,176	1,198	1,224	1,300	1,224	1,288	0,874	1,042	0,999	0,966	0,740	1,057	1,055	0,841	1,082	0,968	1,080	1,101	1,280	1,218	1,249	1,130	1,235	1,232	1,276	1,243	1,257	1,289	1,264	1,312	1,147	1,127	1,034	1,022	1,022	1,100	1,080	1,121	1,060	1,116	1,059	1,163	1,048	1,071	1,000	1,012	1,016	1,047	1,060	1,141	1,060	1,056	1,185	1,121	1,193	1,240	1,217	1,170	1,223	1,255	1,256	1,242	1,255	1,258	1,218	1,304
10:38:04	37,0	1,155	1,060	1,119	1,044	1,149	1,105	1,176	1,096	1,161	1,101	1,137	1,118	0,821	1,069	0,763	0,925	0,776	1,010	0,804	1,049	0,839	1,077	0,851	1,117	1,198	1,183	1,151	1,217	1,141	1,235	1,179	1,200	1,233	1,306	1,227	1,290	0,875	1,046	1,005	0,971	0,742	1,060	1,058	0,843	1,085	0,969	1,077	1,103	1,282	1,218	1,253	1,129	1,234	1,236	1,278	1,248	1,260	1,289	1,266	1,314	1,147	1,131	1,045	1,024	1,023	1,104	1,087	1,127	1,064	1,121	1,061	1,164	1,049	1,074	1,004	1,015	1,018	1,052	1,063	1,146	1,066	1,060	1,187	1,124	1,194	1,244	1,222	1,171	1,222	1,260	1,254	1,244	1,256	1,263	1,218	1,304
10:48:04	37,0	1,160	1,063	1,126	1,048	1,153	1,107	1,182	1,099	1,164	1,105	1,140	1,121	0,823	1,072	0,765	0,931	0,779	1,015	0,810	1,049	0,839	1,081	0,855	1,119	1,204	1,187	1,155	1,220	1,148	1,237	1,186	1,209	1,237	1,307	1,231	1,294	0,879	1,049	1,007	0,974	0,746	1,064	1,059	0,842	1,089	0,969	1,091	1,109	1,284	1,224	1,256	1,134	1,237	1,240	1,282	1,249	1,263	1,291	1,276	1,315	1,152	1,135	1,048	1,030	1,022	1,109	1,091	1,130	1,067	1,125	1,063	1,170	1,054	1,080	1,007	1,018	1,021	1,057	1,069	1,150	1,073	1,061	1,190	1,129	1,197	1,247	1,220	1,174	1,226	1,261	1,253	1,246	1,258	1,268	1,223	1,306
10:58:04	37,0	1,164	1,065	1,131	1,052	1,158	1,111	1,188	1,103	1,169	1,110	1,145	1,126	0,826	1,076	0,769	0,937	0,781	1,019	0,810	1,056	0,842	1,082	0,858	1,121	1,210	1,191	1,163	1,225	1,154	1,243	1,190	1,214	1,244	1,312	1,237	1,298	0,883	1,053	1,016	0,977	0,748	1,070	1,065	0,848	1,093	0,972	1,099	1,113	1,290	1,228	1,262	1,140	1,239	1,245	1,284	1,254	1,266	1,295	1,277	1,319	1,157	1,139	1,054	1,035	1,024	1,114	1,098	1,135	1,071	1,129	1,068	1,174	1,058	1,084	1,014	1,021	1,024	1,058	1,070	1,157	1,076	1,065	1,193	1,132	1,198	1,254	1,222	1,177	1,229	1,264	1,254	1,249	1,261	1,272	1,224	1,312
11:08:04	37,0	1,170	1,071	1,135	1,053	1,163	1,114	1,190	1,105	1,172	1,113	1,149	1,131	0,829	1,078	0,769	0,941	0,784	1,024	0,812	1,063	0,846	1,086	0,861	1,124	1,214	1,195	1,169	1,229	1,159	1,247	1,195	1,219	1,253	1,315	1,243	1,302	0,885	1,057	1,017	0,981	0,751	1,071	1,068	0,849	1,096	0,973	1,101	1,116	1,292	1,231	1,264	1,144	1,242	1,249	1,285	1,256	1,266	1,297	1,279	1,320	1,159	1,140	1,057	1,036	1,027	1,116	1,099	1,137	1,074	1,135	1,073	1,178	1,061	1,087	1,017	1,024	1,029	1,062	1,074	1,162	1,080	1,066	1,197	1,133	1,198	1,258	1,223	1,181	1,224	1,269	1,254	1,251	1,262	1,278	1,223	1,315
11:18:04	37,0	1,173	1,073	1,140	1,060	1,168	1,115	1,195	1,109	1,177	1,117	1,151	1,135	0,829	1,082	0,772	0,946	0,787	1,026	0,819	1,068	0,849	1,090	0,866	1,127	1,219	1,200	1,176	1,235	1,165	1,255	1,201	1,226	1,259	1,322	1,245	1,304	0,887	1,060	1,023	0,986	0,753	1,080	1,073	0,849	1,101	0,980	1,097	1,119	1,295	1,237	1,269	1,149	1,250	1,253	1,290	1,261	1,272	1,302	1,282	1,321	1,163	1,145	1,062	1,042	1,038	1,117	1,101	1,141	1,078	1,140	1,075	1,180	1,067	1,092	1,021	1,030	1,038	1,064	1,084	1,169	1,084	1,073	1,199	1,137	1,200	1,257	1,227	1,183	1,226	1,270	1,255	1,252	1,263	1,283	1,225	1,318
11:28:04	37,0	1,178	1,079	1,145	1,065	1,171	1,123	1,200	1,111	1,181	1,118	1,155	1,140	0,833	1,085	0,775	0,948	0,791	1,030	0,816	1,074	0,852	1,095	0,870	1,131	1,224	1,203	1,179	1,241	1,169	1,257	1,204	1,231	1,264	1,323	1,255	1,308	0,890	1,064	1,029	0,987	0,752	1,082	1,079	0,855	1,105	0,981	1,099	1,125	1,298	1,239	1,273	1,152	1,251	1,258	1,292	1,265	1,277	1,304	1,283	1,323	1,166	1,149	1,065	1,043	1,046	1,120	1,103	1,144	1,081	1,142	1,077	1,185	1,072	1,094	1,028	1,033	1,044	1,067	1,088	1,172	1,088	1,073	1,202	1,141	1,202	1,262	1,228	1,186	1,232	1,272	1,255	1,256	1,264	1,287	1,226	1,321
11:38:04	37,0	1,183	1,083	1,152	1,073	1,177	1,127	1,206	1,119	1,186	1,125	1,161	1,149	0,836	1,089	0,779	0,954	0,794	1,033	0,824	1,087	0,855	1,108	0,874	1,136	1,229	1,209	1,186	1,246	1,174	1,263	1,208	1,234	1,274	1,333	1,259	1,312	0,893	1,067	1,033	0,991	0,759	1,086	1,078	0,853	1,109	0,989	1,101	1,125	1,301	1,243	1,278	1,156	1,256	1,263	1,294	1,273	1,279	1,308	1,288	1,327	1,171	1,151	1,071	1,049	1,048	1,125	1,108	1,149	1,085	1,148	1,083	1,189	1,078	1,101	1,032	1,038	1,052	1,077	1,092	1,176	1,089	1,078	1,205	1,145	1,202	1,263	1,232	1,190	1,225	1,277	1,260	1,255	1,264	1,294	1,227	1,321
11:48:04	37,0	1,185	1,084	1,154	1,071	1,181	1,127	1,208	1,119	1,188	1,128	1,164	1,149	0,838	1,089	0,780	0,957	0,796	1,039	0,824	1,082	0,856	1,105	0,876	1,138	1,234	1,213	1,187	1,249	1,177	1,270	1,215	1,239	1,278	1,331	1,263	1,311	0,894	1,067	1,035	0,994	0,757	1,089	1,084	0,857	1,113	0,986	1,109	1,131	1,303	1,246	1,280	1,155	1,254	1,265	1,298	1,270	1,278	1,310	1,292	1,325	1,172	1,154	1,072	1,053	1,054	1,126	1,110	1,148	1,086	1,149	1,086	1,192	1,081	1,101	1,036	1,039	1,056	1,079	1,094	1,179	1,093	1,081	1,209	1,147	1,202	1,269	1,228	1,188	1,229	1,278	1,258	1,256	1,262	1,296	1,228	1,324
11:58:04	37,0	1,188	1,089	1,156	1,071	1,179	1,128	1,210	1,120	1,187	1,131	1,167	1,152	0,838	1,091	0,781	0,958	0,798	1,040	0,826	1,082	0,857	1,105	0,876	1,137	1,235	1,216	1,193	1,250	1,181	1,274	1,218	1,241	1,282	1,331	1,263	1,311	0,893	1,070	1,038	0,996	0,759	1,086	1,084	0,858	1,115	0,987	1,104	1,131	1,303	1,245	1,278	1,156	1,254	1,266	1,297	1,272	1,281	1,312	1,294	1,324	1,172	1,156	1,078	1,056	1,051	1,128	1,114	1,156	1,089	1,151	1,086	1,190	1,079	1,104	1,042	1,038	1,058	1,079	1,092	1,182	1,098	1,083	1,206	1,148	1,201	1,271	1,227	1,188	1,221	1,277	1,258	1,257	1,263	1,296	1,225	1,323
12:08:04	37,0	1,193	1,091	1,162	1,076	1,186	1,135	1,214	1,125	1,192	1,132	1,170	1,157	0,842	1,095	0,786	0,964	0,800	1,042	0,831	1,085	0,860	1,107	0,883	1,139	1,240	1,220	1,200	1,254	1,186	1,276	1,221	1,246	1,288	1,341	1,266	1,314	0,898	1,073	1,039	1,000	0,761	1,095	1,086	0,859	1,117	0,991	1,110	1,137	1,306	1,250	1,284	1,162	1,257	1,268	1,298	1,276	1,282	1,314	1,292	1,325	1,177	1,161	1,080	1,059	1,052	1,128	1,118	1,157	1,092	1,156	1,091	1,194	1,087	1,108	1,044	1,044	1,061	1,082	1,097	1,185	1,101	1,084	1,211	1,151	1,200	1,271	1,229	1,189	1,222	1,281	1,260	1,256	1,263	1,302	1,226	1,327
12:18:04	37,0	1,194	1,093	1,165	1,078	1,191	1,135	1,220	1,125	1,193	1,136	1,171	1,157	0,844	1,098	0,788	0,966	0,805	1,045	0,834	1,084	0,862	1,108	0,886	1,140	1,245	1,224	1,203	1,259	1,188	1,282	1,226	1,250	1,292	1,339	1,271	1,315	0,901	1,075	1,044	1,002	0,764	1,095	1,089	0,859	1,120	0,990	1,123	1,141	1,307	1,252	1,286	1,163	1,259	1,272	1,302	1,282	1,285	1,315	1,297	1,325	1,179	1,164	1,085	1,063	1,055	1,130	1,119	1,159	1,095	1,159	1,093	1,199	1,087	1,110	1,052	1,046	1,063	1,085	1,099	1,187	1,103	1,088	1,212	1,155	1,199	1,276	1,226	1,190	1,225	1,281	1,256	1,258	1,261	1,306	1,226	1,328
12:28:04	37,0	1,196	1,096	1,169	1,081	1,196	1,138	1,223	1,125	1,198	1,138	1,173	1,161	0,844	1,099	0,788	0,969	0,806	1,048	0,830	1,084	0,867	1,112	0,890	1,142	1,246	1,226	1,208	1,262	1,191	1,285	1,228	1,259	1,297	1,342	1,275	1,316	0,903	1,079	1,047	1,007	0,761	1,101	1,095	0,866	1,122	0,992	1,122	1,142	1,308	1,255	1,288	1,167	1,261	1,273	1,304	1,280	1,287	1,316	1,296	1,326	1,183	1,168	1,085	1,065	1,059	1,130	1,121	1,163	1,098	1,162	1,096	1,202	1,093	1,113	1,052	1,049	1,072	1,086	1,104	1,189	1,105	1,092	1,214	1,157	1,201	1,277	1,228	1,190	1,224	1,282	1,255	1,257	1,261	1,308	1,225	1,329
12:38:04	37,0	1,201	1,102	1,175	1,087	1,198	1,145	1,228	1,131	1,202	1,143	1,179	1,168	0,849	1,103	0,792	0,972	0,809	1,050	0,838	1,096	0,867	1,116	0,898	1,146	1,251	1,230	1,214	1,266	1,195	1,287	1,233	1,258	1,301	1,343	1,278	1,319	0,908	1,081	1,054	1,007	0,764	1,103	1,095	0,866	1,125	0,997	1,118	1,144	1,310	1,257	1,291	1,169	1,263	1,276	1,303	1,286	1,288	1,319	1,299	1,327	1,186	1,168	1,089	1,067	1,063	1,141	1,127	1,167	1,102	1,166	1,100	1,207	1,097	1,120	1,056	1,056	1,075	1,091	1,107	1,194	1,109	1,093	1,216	1,157	1,202	1,281	1,226	1,194	1,221	1,283	1,260	1,260	1,261	1,312	1,224	1,328
12:48:04	37,0	1,203	1,102	1,178	1,089	1,201	1,143	1,230	1,131	1,204	1,144	1,181	1,169	0,852	1,104	0,792	0,974	0,811	1,054	0,836	1,092	0,869	1,118	0,898	1,149	1,254	1,233	1,217	1,267	1,198	1,292	1,235	1,263	1,304	1,347	1,280	1,318	0,910	1,083	1,053	1,009	0,764	1,103	1,101	0,868	1,128	0,994	1,127	1,147	1,310	1,259	1,292	1,172	1,261	1,277	1,305	1,283	1,288	1,320	1,300	1,326	1,189	1,172	1,091	1,072	1,068	1,139	1,127	1,167	1,105	1,168	1,102	1,206	1,099	1,120	1,061	1,055	1,078	1,093	1,110	1,195	1,110	1,097	1,218	1,159	1,200	1,282	1,221	1,192	1,219	1,284	1,254	1,260	1,257	1,314	1,223	1,330
12:58:04	36,9	1,206	1,104	1,179	1,089	1,204	1,146	1,231	1,131	1,204	1,147	1,182	1,171	0,858	1,105	0,795	0,976	0,813	1,056	0,842	1,096	0,869	1,118	0,899	1,147	1,256	1,235	1,216	1,268	1,200	1,293	1,240	1,266	1,306	1,345	1,282	1,316	0,908	1,084	1,056	1,013	0,765	1,103	1,100	0,865	1,130	0,995	1,120	1,149	1,312	1,258	1,291	1,168	1,260	1,278	1,304	1,282	1,289	1,319	1,298	1,325	1,189	1,174	1,094	1,074	1,074	1,141	1,129	1,167	1,106	1,168	1,104	1,209	1,101	1,121	1,065	1,054	1,080	1,094	1,110	1,196	1,114	1,098	1,219	1,160	1,198	1,284	1,223	1,192	1,216	1,283	1,252	1,261	1,256	1,313	1,220	1,327
13:08:04	37,0	1,207	1,105	1,182	1,090	1,206	1,145	1,233	1,134	1,207	1,148	1,183	1,171	0,858	1,109	0,797	0,980	0,816	1,057	0,847	1,096	0,872	1,121	0,896	1,146	1,258	1,237	1,220	1,271	1,204	1,294	1,244	1,267	1,309	1,349	1,280	1,317	0,909	1,086	1,059	1,014	0,768	1,105	1,101	0,869	1,130	0,995	1,126	1,151	1,309	1,260	1,292	1,171	1,261	1,279	1,303	1,289	1,288	1,320	1,302	1,327	1,191	1,173	1,098	1,078	1,071	1,142	1,133	1,171	1,110	1,171	1,107	1,209	1,103	1,124	1,067	1,058	1,081	1,096	1,109	1,199	1,116	1,099	1,219	1,164	1,197	1,284	1,220	1,192	1,209	1,284	1,252	1,258	1,251	1,316	1,216	1,328
13:18:04	37,0	1,210	1,110	1,188	1,096	1,207	1,149	1,235	1,137	1,211	1,152	1,185	1,174	0,862	1,110	0,798	0,982	0,819	1,058	0,845	1,096	0,873	1,123	0,905	1,151	1,259	1,243	1,225	1,276	1,209	1,300	1,249	1,271	1,311	1,354	1,283	1,317	0,914	1,089	1,061	1,018	0,769	1,110	1,103	0,868	1,132	1,001	1,122	1,152	1,313	1,262	1,295	1,177	1,264	1,279	1,305	1,289	1,286	1,322	1,300	1,323	1,192	1,176	1,099	1,080	1,070	1,145	1,135	1,175	1,112	1,174	1,111	1,211	1,107	1,127	1,068	1,065	1,083	1,095	1,117	1,200	1,121	1,099	1,218	1,165	1,199	1,281	1,221	1,192	1,212	1,284	1,250	1,260	1,253	1,319	1,218	1,328
13:28:04	37,0	1,213	1,109	1,192	1,097	1,212	1,152	1,240	1,139	1,213	1,153	1,188	1,177	0,865	1,111	0,800	0,982	0,820	1,061	0,847	1,099	0,878	1,124	0,907	1,153	1,263	1,241	1,226	1,277	1,209	1,300	1,248	1,272	1,313	1,352	1,284	1,317	0,917	1,092	1,063	1,019	0,770	1,112	1,106	0,870	1,135	1,003	1,129	1,156	1,312	1,264	1,296	1,176	1,265	1,279	1,306	1,290	1,291	1,321	1,302	1,324	1,194	1,177	1,102	1,083	1,073	1,146	1,136	1,175	1,113	1,175	1,114	1,211	1,110	1,128	1,073	1,067	1,088	1,097	1,120	1,202	1,122	1,104	1,219	1,167	1,199	1,284	1,216	1,191	1,207	1,283	1,251	1,263	1,250	1,320	1,212	1,329
13:38:04	37,0	1,214	1,112	1,193	1,099	1,214	1,153	1,242	1,139	1,214	1,156	1,189	1,174	0,868	1,112	0,800	0,984	0,820	1,063	0,849	1,097	0,877	1,125	0,901	1,152	1,265	1,244	1,227	1,276	1,209	1,302	1,250	1,276	1,312	1,349	1,286	1,315	0,916	1,091	1,069	1,020	0,769	1,111	1,107	0,870	1,139	1,000	1,136	1,158	1,312	1,265	1,296	1,176	1,262	1,281	1,306	1,289	1,286	1,317	1,303	1,320	1,194	1,181	1,105	1,086	1,073	1,152	1,136	1,176	1,114	1,178	1,113	1,213	1,111	1,129	1,079	1,065	1,092	1,099	1,118	1,203	1,124	1,104	1,217	1,170	1,192	1,288	1,213	1,190	1,207	1,281	1,247	1,258	1,248	1,321	1,214	1,328
13:48:04	37,0	1,216	1,115	1,197	1,101	1,216	1,156	1,247	1,143	1,218	1,158	1,195	1,178	0,868	1,112	0,802	0,987	0,824	1,063	0,846	1,101	0,883	1,124	0,907	1,152	1,267	1,245	1,230	1,277	1,210	1,305	1,254	1,278	1,313	1,348	1,287	1,315	0,918	1,093	1,067	1,021	0,768	1,111	1,106	0,872	1,139	0,998	1,134	1,159	1,314	1,266	1,295	1,178	1,261	1,281	1,304	1,288	1,286	1,320	1,304	1,321	1,195	1,183	1,111	1,088	1,078	1,146	1,141	1,178	1,119	1,183	1,115	1,213	1,116	1,134	1,080	1,069	1,097	1,105	1,126	1,203	1,127	1,107	1,218	1,171	1,194	1,286	1,215	1,191	1,203	1,280	1,251	1,260	1,249	1,321	1,210	1,328
13:58:04	37,0	1,217	1,118	1,199	1,101	1,216	1,156	1,248	1,142	1,218	1,160	1,195	1,178	0,871	1,112	0,804	0,988	0,825	1,064	0,848	1,101	0,884	1,127	0,905	1,155	1,267	1,247	1,233	1,277	1,211	1,305	1,253	1,280	1,313	1,348	1,287	1,314	0,919	1,094	1,069	1,022	0,768	1,111	1,112	0,872	1,142	0,999	1,138	1,161	1,313	1,265	1,295	1,178	1,261	1,282	1,306	1,288	1,285	1,319	1,303	1,319	1,196	1,185	1,111	1,090	1,078	1,148	1,140	1,178	1,121	1,184	1,117	1,214	1,119	1,135	1,083	1,070	1,101	1,103	1,127	1,199	1,129	1,107	1,217	1,171	1,191	1,286	1,210	1,190	1,200	1,281	1,248	1,258	1,244	1,322	1,209	1,327
14:08:04	37,0	1,219	1,119	1,199	1,102	1,217	1,158	1,246	1,141	1,219	1,160	1,197	1,180	0,871	1,113	0,802	0,989	0,826	1,067	0,853	1,106	0,881	1,128	0,901	1,154	1,268	1,249	1,232	1,278	1,211	1,304	1,256	1,278	1,312	1,347	1,285	1,310	0,917	1,095	1,071	1,024	0,770	1,112	1,109	0,871	1,142	0,998	1,130	1,159	1,309	1,262	1,290	1,176	1,260	1,281	1,302	1,287	1,285	1,318	1,301	1,315	1,197	1,184	1,113	1,091	1,078	1,151	1,143	1,179	1,123	1,184	1,117	1,214	1,119	1,136	1,083	1,069	1,101	1,110	1,125	1,207	1,124	1,115	1,216	1,168	1,188	1,286	1,209	1,188	1,193	1,280	1,244	1,256	1,244	1,320	1,204	1,324
14:18:04	37,0	1,219	1,121	1,200	1,103	1,217	1,156	1,245	1,141	1,218	1,161	1,195	1,180	0,872	1,113	0,802	0,989	0,828	1,067	0,852	1,106	0,882	1,128	0,899	1,153	1,268	1,250	1,234	1,277	1,214	1,304	1,258	1,279	1,311	1,345	1,284	1,307	0,914	1,095	1,071	1,026	0,769	1,113	1,110	0,868	1,142	0,999	1,131	1,159	1,309	1,264	1,291	1,176	1,259	1,280	1,301	1,287	1,282	1,317	1,300	1,314	1,197	1,183	1,113	1,091	1,076	1,155	1,142	1,179	1,122	1,183	1,120	1,214	1,119	1,136	1,085	1,071	1,098	1,110	1,128	1,206	1,128	1,114	1,215	1,170	1,184	1,286	1,206	1,187	1,192	1,278	1,242	1,254	1,236	1,320	1,201	1,322
14:28:04	37,0	1,222	1,123	1,202	1,106	1,219	1,158	1,247	1,142	1,220	1,162	1,197	1,180	0,876	1,113	0,805	0,991	0,828	1,069	0,854	1,105	0,882	1,127	0,897	1,154	1,269	1,250	1,234	1,277	1,216	1,304	1,259	1,279	1,310	1,345	1,281	1,305	0,917	1,096	1,072	1,024	0,770	1,112	1,111	0,871	1,144	0,999	1,131	1,159	1,310	1,263	1,290	1,177	1,260	1,279	1,302	1,285	1,281	1,315	1,299	1,313	1,200	1,184	1,112	1,093	1,079	1,157	1,141	1,178	1,123	1,183	1,119	1,213	1,119	1,139	1,087	1,070	1,099	1,113	1,123	1,206	1,135	1,111	1,212	1,169	1,184	1,288	1,203	1,186	1,188	1,276	1,243	1,255	1,231	1,321	1,199	1,321
14:38:04	37,0	1,221	1,123	1,204	1,107	1,222	1,157	1,249	1,143	1,223	1,163	1,196	1,182	0,874	1,112	0,806	0,993	0,830	1,067	0,854	1,103	0,883	1,128	0,897	1,154	1,270	1,251	1,235	1,278	1,215	1,309	1,257	1,283	1,310	1,344	1,285	1,305	0,919	1,097	1,076	1,025	0,771	1,114	1,110	0,871	1,142	0,998	1,147	1,162	1,308	1,264	1,290	1,179	1,260	1,280	1,300	1,286	1,280	1,314	1,300	1,312	1,199	1,188	1,116	1,097	1,080	1,152	1,143	1,181	1,127	1,184	1,119	1,214	1,122	1,140	1,089	1,073	1,099	1,110	1,126	1,204	1,136	1,110	1,212	1,173	1,182	1,288	1,199	1,185	1,190	1,275	1,235	1,255	1,229	1,320	1,192	1,320
14:48:04	37,0	1,223	1,125	1,204	1,109	1,222	1,162	1,252	1,143	1,226	1,166	1,200	1,182	0,874	1,114	0,807	0,994	0,835	1,071	0,860	1,105	0,882	1,129	0,896	1,158	1,269	1,251	1,236	1,277	1,216	1,307	1,262	1,283	1,309	1,342	1,283	1,303	0,921	1,097	1,078	1,027	0,771	1,115	1,111	0,869	1,144	0,996	1,136	1,163	1,307	1,264	1,288	1,179	1,257	1,280	1,297	1,288	1,278	1,311	1,298	1,313	1,201	1,189	1,121	1,097	1,081	1,156	1,146	1,180	1,129	1,186	1,126	1,216	1,122	1,140	1,092	1,075	1,105	1,112	1,128	1,204	1,135	1,116	1,211	1,172	1,180	1,286	1,198	1,186	1,181	1,273	1,234	1,253	1,228	1,320	1,193	1,320
14:58:04	37,0	1,225	1,127	1,210	1,113	1,224	1,165	1,254	1,145	1,227	1,168	1,199	1,186	0,872	1,115	0,810	0,996	0,835	1,070	0,862	1,107	0,882	1,131	0,899	1,158	1,272	1,252	1,237	1,280	1,217	1,307	1,262	1,284	1,310	1,342	1,280	1,303	0,923	1,100	1,082	1,031	0,773	1,117	1,112	0,869	1,146	1,000	1,137	1,162	1,307	1,266	1,291	1,182	1,257	1,279	1,301	1,293	1,279	1,313	1,298	1,308	1,201	1,192	1,123	1,100	1,086	1,159	1,147	1,182	1,130	1,190	1,129	1,215	1,127	1,145	1,095	1,084	1,108	1,113	1,135	1,205	1,137	1,114	1,213	1,173	1,181	1,288	1,200	1,187	1,184	1,274	1,235	1,254	1,225	1,321	1,190	1,320
15:08:04	37,0	1,226	1,129	1,209	1,112	1,225	1,163	1,256	1,146	1,229	1,167	1,202	1,187	0,873	1,115	0,812	0,997	0,839	1,069	0,865	1,109	0,882	1,132	0,896	1,158	1,271	1,253	1,237	1,278	1,215	1,307	1,263	1,282	1,308	1,345	1,278	1,300	0,925	1,099	1,082	1,032	0,774	1,117	1,116	0,869	1,147	1,002	1,140	1,166	1,304	1,264	1,289	1,181	1,256	1,278	1,297	1,287	1,280	1,312	1,294	1,308	1,200	1,196	1,122	1,101	1,087	1,160	1,147	1,183	1,132	1,191	1,131	1,215	1,128	1,144	1,099	1,086	1,109	1,117	1,133	1,205	1,137	1,120	1,212	1,171	1,180	1,286	1,196	1,186	1,179	1,271	1,234	1,253	1,225	1,319	1,188	1,318
15:18:04	37,0	1,226	1,131	1,209	1,112	1,226	1,164	1,256	1,144	1,227	1,168	1,205	1,186	0,871	1,115	0,810	0,998	0,836	1,072	0,859	1,110	0,882	1,134	0,896	1,157	1,272	1,252	1,234	1,278	1,214	1,306	1,260	1,284	1,306	1,340	1,280	1,300	0,925	1,101	1,083	1,034	0,773	1,116	1,118	0,871	1,148	1,000	1,141	1,166	1,302	1,264	1,287	1,180	1,254	1,277	1,298	1,283	1,277	1,308	1,297	1,303	1,203	1,196	1,123	1,103	1,091	1,160	1,146	1,183	1,131	1,189	1,130	1,215	1,131	1,145	1,102	1,083	1,114	1,119	1,133	1,203	1,139	1,119	1,208	1,173	1,179	1,287	1,195	1,185	1,177	1,270	1,231	1,254	1,221	1,318	1,187	1,318
15:28:04	37,0	1,225	1,130	1,209	1,112	1,226	1,161	1,256	1,145	1,227	1,168	1,204	1,187	0,872	1,115	0,807	0,997	0,837	1,071	0,858	1,106	0,877	1,131	0,891	1,156	1,271	1,250	1,234	1,276	1,211	1,304	1,260	1,279	1,304	1,336	1,277	1,296	0,921	1,099	1,084	1,035	0,769	1,115	1,114	0,867	1,149	1,000	1,144	1,165	1,300	1,260	1,286	1,177	1,252	1,276	1,295	1,282	1,274	1,305	1,295	1,300	1,202	1,197	1,126	1,104	1,098	1,166	1,148	1,181	1,130	1,189	1,127	1,216	1,129	1,143	1,105	1,082	1,112	1,118	1,129	1,203	1,141	1,121	1,207	1,173	1,174	1,285	1,190	1,183	1,173	1,269	1,228	1,251	1,220	1,317	1,183	1,316
15:38:04	37,0	1,226	1,131	1,208	1,111	1,225	1,162	1,254	1,143	1,227	1,168	1,203	1,185	0,869	1,114	0,805	0,996	0,836	1,071	0,859	1,110	0,876	1,132	0,887	1,155	1,268	1,249	1,233	1,274	1,211	1,302	1,258	1,278	1,301	1,333	1,273	1,292	0,922	1,099	1,083	1,032	0,769	1,115	1,112	0,867	1,146	0,998	1,137	1,163	1,300	1,258	1,282	1,174	1,250	1,273	1,290	1,280	1,273	1,303	1,291	1,300	1,202	1,193	1,128	1,104	1,093	1,161	1,149	1,180	1,131	1,189	1,125	1,217	1,128	1,142	1,103	1,080	1,113	1,123	1,131	1,202	1,137	1,121	1,203	1,172	1,170	1,283	1,186	1,180	1,168	1,266	1,225	1,248	1,216	1,315	1,183	1,311
15:48:04	37,0	1,224	1,132	1,210	1,113	1,227	1,161	1,255	1,144	1,227	1,168	1,204	1,185	0,869	1,114	0,807	0,998	0,837	1,070	0,855	1,108	0,876	1,129	0,888	1,154	1,266	1,247	1,231	1,273	1,210	1,300	1,258	1,277	1,300	1,331	1,274	1,291	0,923	1,099	1,082	1,032	0,769	1,113	1,112	0,868	1,147	0,998	1,143	1,166	1,298	1,260	1,281	1,179	1,249	1,273	1,289	1,279	1,268	1,303	1,294	1,298	1,203	1,192	1,130	1,106	1,091	1,167	1,150	1,183	1,131	1,189	1,125	1,215	1,127	1,145	1,105	1,080	1,111	1,122	1,129	1,200	1,139	1,120	1,202	1,170	1,169	1,284	1,183	1,179	1,163	1,265	1,223	1,249	1,213	1,315	1,178	1,312
15:58:04	37,0	1,226	1,132	1,212	1,116	1,228	1,163	1,256	1,143	1,230	1,168	1,205	1,186	0,865	1,114	0,806	0,998	0,837	1,071	0,852	1,107	0,872	1,130	0,885	1,153	1,266	1,247	1,230	1,272	1,209	1,300	1,257	1,277	1,298	1,331	1,271	1,288	0,924	1,100	1,083	1,033	0,770	1,114	1,114	0,867	1,147	0,995	1,145	1,166	1,297	1,260	1,279	1,179	1,248	1,269	1,288	1,280	1,267	1,300	1,293	1,297	1,204	1,195	1,131	1,105	1,090	1,162	1,151	1,183	1,135	1,191	1,128	1,212	1,131	1,145	1,106	1,083	1,115	1,121	1,134	1,199	1,140	1,118	1,201	1,169	1,167	1,284	1,181	1,180	1,162	1,265	1,220	1,251	1,212	1,314	1,175	1,313
16:08:04	37,0	1,226	1,133	1,211	1,113	1,229	1,166	1,256	1,143	1,230	1,171	1,204	1,187	0,863	1,113	0,804	0,997	0,835	1,072	0,853	1,109	0,869	1,130	0,881	1,155	1,262	1,245	1,229	1,270	1,208	1,297	1,258	1,273	1,298	1,326	1,268	1,285	0,926	1,099	1,085	1,034	0,769	1,115	1,112	0,866	1,148	0,997	1,137	1,165	1,295	1,257	1,275	1,175	1,244	1,268	1,285	1,275	1,266	1,299	1,288	1,296	1,206	1,194	1,131	1,107	1,094	1,165	1,151	1,179	1,134	1,190	1,131	1,214	1,127	1,142	1,106	1,081	1,115	1,126	1,133	1,199	1,142	1,118	1,198	1,168	1,165	1,281	1,177	1,179	1,159	1,263	1,222	1,246	1,209	1,313	1,172	1,309
16:18:04	37,0	1,225	1,133	1,211	1,114	1,228	1,164	1,255	1,142	1,230	1,167	1,205	1,186	0,863	1,113	0,804	0,997	0,834	1,070	0,847	1,108	0,867	1,130	0,883	1,154	1,262	1,245	1,228	1,267	1,206	1,295	1,256	1,273	1,296	1,325	1,271	1,283	0,926	1,099	1,083	1,034	0,767	1,115	1,113	0,864	1,143	0,993	1,140	1,166	1,293	1,257	1,275	1,175	1,242	1,266	1,284	1,276	1,262	1,297	1,288	1,294	1,205	1,193	1,131	1,107	1,091	1,162	1,149	1,182	1,133	1,190	1,130	1,212	1,129	1,144	1,109	1,084	1,115	1,121	1,133	1,196	1,141	1,119	1,198	1,169	1,164	1,281	1,176	1,177	1,157	1,262	1,219	1,244	1,208	1,312	1,170	1,308
16:28:04	37,0	1,226	1,132	1,211	1,115	1,230	1,163	1,255	1,140	1,230	1,169	1,204	1,186	0,861	1,113	0,801	0,999	0,833	1,070	0,845	1,108	0,863	1,131	0,876	1,154	1,259	1,242	1,225	1,265	1,204	1,293	1,254	1,271	1,294	1,322	1,266	1,280	0,924	1,097	1,085	1,034	0,767	1,111	1,110	0,864	1,145	0,994	1,141	1,165	1,292	1,254	1,273	1,174	1,240	1,265	1,281	1,274	1,262	1,294	1,282	1,293	1,205	1,192	1,132	1,106	1,092	1,169	1,148	1,183	1,135	1,190	1,130	1,214	1,128	1,146	1,113	1,082	1,113	1,125	1,130	1,194	1,142	1,118	1,195	1,169	1,160	1,278	1,171	1,177	1,156	1,259	1,217	1,244	1,204	1,311	1,168	1,307
16:38:04	37,0	1,226	1,131	1,213	1,115	1,231	1,163	1,256	1,140	1,230	1,169	1,206	1,185	0,858	1,112	0,797	0,999	0,830	1,070	0,847	1,109	0,858	1,129	0,874	1,154	1,257	1,241	1,225	1,263	1,202	1,290	1,252	1,267	1,292	1,319	1,263	1,276	0,924	1,096	1,084	1,035	0,765	1,110	1,111	0,860	1,144	0,994	1,135	1,163	1,288	1,254	1,268	1,173	1,237	1,263	1,279	1,269	1,259	1,292	1,283	1,291	1,205	1,192	1,131	1,108	1,094	1,163	1,153	1,180	1,135	1,191	1,133	1,212	1,129	1,145	1,109	1,084	1,113	1,126	1,132	1,194	1,143	1,117	1,194	1,168	1,159	1,277	1,170	1,176	1,151	1,258	1,215	1,244	1,200	1,310	1,167	1,306
16:48:04	37,0	1,228	1,131	1,213	1,116	1,232	1,165	1,256	1,140	1,231	1,169	1,204	1,188	0,855	1,111	0,795	0,998	0,829	1,067	0,841	1,107	0,858	1,129	0,873	1,153	1,258	1,240	1,225	1,261	1,201	1,289	1,250	1,268	1,292	1,316	1,265	1,277	0,928	1,098	1,083	1,035	0,764	1,113	1,113	0,861	1,142	0,991	1,137	1,166	1,288	1,255	1,269	1,176	1,235	1,260	1,279	1,270	1,259	1,293	1,283	1,291	1,208	1,194	1,132	1,111	1,094	1,161	1,151	1,179	1,135	1,191	1,133	1,212	1,131	1,146	1,112	1,086	1,113	1,125	1,136	1,197	1,143	1,118	1,194	1,167	1,157	1,276	1,171	1,176	1,151	1,260	1,217	1,245	1,203	1,309	1,161	1,306
16:58:04	37,0	1,230	1,133	1,214	1,117	1,234	1,168	1,259	1,141	1,233	1,169	1,206	1,187	0,854	1,111	0,794	0,999	0,827	1,065	0,837	1,102	0,855	1,128	0,871	1,152	1,254	1,239	1,224	1,259	1,199	1,287	1,252	1,265	1,292	1,318	1,260	1,275	0,925	1,096	1,085	1,034	0,765	1,111	1,111	0,856	1,142	0,993	1,138	1,165	1,288	1,254	1,267	1,173	1,234	1,258	1,277	1,270	1,259	1,292	1,275	1,289	1,209	1,194	1,133	1,110	1,092	1,161	1,153	1,182	1,137	1,192	1,135	1,211	1,133	1,147	1,114	1,089	1,116	1,127	1,138	1,192	1,143	1,119	1,192	1,169	1,154	1,277	1,173	1,175	1,151	1,257	1,214	1,245	1,197	1,307	1,161	1,305
17:08:04	37,0	1,227	1,133	1,215	1,118	1,232	1,167	1,258	1,141	1,232	1,169	1,205	1,189	0,852	1,111	0,790	0,998	0,824	1,065	0,832	1,106	0,853	1,128	0,867	1,153	1,253	1,237	1,222	1,258	1,198	1,286	1,250	1,264	1,291	1,314	1,258	1,275	0,923	1,096	1,084	1,036	0,764	1,112	1,112	0,857	1,139	0,989	1,138	1,163	1,286	1,252	1,267	1,171	1,232	1,256	1,276	1,270	1,257	1,290	1,275	1,285	1,209	1,196	1,135	1,110	1,095	1,162	1,153	1,183	1,137	1,192	1,134	1,210	1,134	1,148	1,119	1,089	1,119	1,126	1,136	1,191	1,142	1,118	1,190	1,169	1,153	1,276	1,168	1,174	1,147	1,253	1,211	1,242	1,195	1,305	1,159	1,304
17:18:04	37,0	1,226	1,132	1,212	1,115	1,230	1,165	1,256	1,136	1,229	1,169	1,206	1,186	0,849	1,110	0,786	0,997	0,820	1,067	0,830	1,108	0,849	1,127	0,862	1,152	1,250	1,234	1,220	1,255	1,195	1,280	1,249	1,260	1,290	1,310	1,255	1,270	0,924	1,095	1,084	1,036	0,762	1,109	1,110	0,856	1,140	0,988	1,127	1,161	1,283	1,248	1,264	1,166	1,228	1,253	1,272	1,266	1,255	1,287	1,271	1,284	1,210	1,197	1,135	1,109	1,098	1,162	1,153	1,180	1,137	1,191	1,133	1,211	1,131	1,144	1,118	1,087	1,119	1,131	1,133	1,186	1,141	1,119	1,187	1,166	1,146	1,272	1,160	1,172	1,144	1,249	1,210	1,238	1,192	1,304	1,154	1,301
17:28:04	37,0	1,226	1,133	1,215	1,117	1,230	1,166	1,257	1,136	1,229	1,168	1,206	1,186	0,848	1,109	0,785	0,998	0,818	1,065	0,829	1,106	0,848	1,125	0,862	1,151	1,250	1,234	1,220	1,254	1,195	1,278	1,246	1,258	1,290	1,308	1,253	1,269	0,924	1,095	1,080	1,036	0,760	1,107	1,108	0,855	1,140	0,987	1,128	1,162	1,281	1,248	1,264	1,167	1,228	1,253	1,271	1,262	1,253	1,287	1,277	1,285	1,209	1,197	1,134	1,111	1,096	1,163	1,151	1,180	1,137	1,192	1,133	1,211	1,133	1,145	1,117	1,088	1,119	1,127	1,133	1,185	1,144	1,120	1,187	1,168	1,150	1,273	1,165	1,171	1,142	1,249	1,210	1,239	1,193	1,302	1,157	1,302
17:38:04	37,0	1,228	1,133	1,215	1,119	1,234	1,168	1,258	1,135	1,226	1,168	1,206	1,187	0,843	1,110	0,783	0,999	0,816	1,065	0,823	1,105	0,844	1,126	0,860	1,151	1,248	1,231	1,220	1,254	1,194	1,277	1,244	1,257	1,290	1,307	1,253	1,269	0,923	1,094	1,085	1,034	0,760	1,110	1,108	0,852	1,139	0,991	1,131	1,161	1,280	1,248	1,262	1,170	1,226	1,250	1,271	1,268	1,256	1,285	1,275	1,285	1,211	1,198	1,134	1,111	1,096	1,163	1,155	1,182	1,139	1,194	1,135	1,212	1,137	1,147	1,119	1,092	1,123	1,129	1,137	1,188	1,143	1,119	1,187	1,167	1,146	1,274	1,166	1,172	1,139	1,250	1,208	1,241	1,190	1,302	1,152	1,301
17:48:04	37,0	1,224	1,132	1,214	1,116	1,231	1,165	1,256	1,132	1,225	1,170	1,206	1,185	0,840	1,108	0,777	0,996	0,811	1,066	0,821	1,104	0,840	1,124	0,854	1,152	1,245	1,229	1,216	1,249	1,192	1,274	1,242	1,252	1,288	1,303	1,250	1,263	0,921	1,093	1,081	1,036	0,759	1,105	1,107	0,852	1,139	0,985	1,123	1,157	1,278	1,244	1,258	1,164	1,222	1,249	1,266	1,261	1,253	1,284	1,274	1,284	1,210	1,198	1,135	1,111	1,094	1,164	1,155	1,180	1,138	1,192	1,134	1,209	1,132	1,145	1,120	1,087	1,119	1,131	1,136	1,185	1,142	1,117	1,183	1,167	1,141	1,267	1,162	1,169	1,136	1,246	1,205	1,235	1,185	1,300	1,152	1,296
17:58:04	37,0	1,224	1,131	1,214	1,118	1,230	1,165	1,255	1,131	1,224	1,168	1,206	1,184	0,838	1,106	0,773	0,995	0,809	1,063	0,814	1,102	0,835	1,122	0,852	1,150	1,245	1,228	1,216	1,248	1,191	1,271	1,239	1,251	1,288	1,301	1,250	1,263	0,922	1,093	1,081	1,036	0,754	1,104	1,108	0,848	1,136	0,983	1,126	1,160	1,276	1,245	1,258	1,164	1,221	1,247	1,267	1,260	1,252	1,283	1,273	1,279	1,211	1,196	1,136	1,112	1,095	1,163	1,153	1,180	1,138	1,191	1,133	1,210	1,133	1,145	1,122	1,089	1,120	1,127	1,139	1,183	1,145	1,118	1,183	1,166	1,141	1,267	1,161	1,170	1,132	1,248	1,204	1,234	1,184	1,298	1,151	1,298
18:08:04	37,0	1,223	1,132	1,216	1,120	1,232	1,168	1,255	1,130	1,223	1,167	1,209	1,185	0,835	1,106	0,771	0,997	0,803	1,061	0,808	1,100	0,835	1,121	0,849	1,149	1,241	1,226	1,215	1,246	1,190	1,271	1,239	1,250	1,288	1,300	1,250	1,262	0,921	1,091	1,081	1,035	0,754	1,104	1,106	0,849	1,135	0,985	1,127	1,157	1,276	1,245	1,259	1,165	1,220	1,245	1,267	1,261	1,254	1,281	1,268	1,283	1,212	1,198	1,136	1,113	1,097	1,162	1,153	1,181	1,139	1,192	1,133	1,211	1,137	1,148	1,121	1,091	1,121	1,129	1,137	1,185	1,144	1,118	1,183	1,166	1,140	1,270	1,166	1,170	1,130	1,247	1,202	1,238	1,182	1,298	1,149	1,297
18:18:04	37,0	1,227	1,133	1,218	1,121	1,235	1,168	1,254	1,130	1,224	1,168	1,209	1,184	0,832	1,107	0,767	0,997	0,802	1,062	0,808	1,101	0,832	1,122	0,846	1,151	1,238	1,225	1,214	1,247	1,190	1,268	1,239	1,248	1,289	1,299	1,248	1,260	0,920	1,094	1,084	1,035	0,756	1,107	1,106	0,847	1,133	0,988	1,122	1,155	1,276	1,244	1,259	1,162	1,218	1,247	1,266	1,264	1,254	1,283	1,269	1,284	1,214	1,200	1,136	1,115	1,097	1,165	1,156	1,183	1,142	1,194	1,137	1,212	1,139	1,152	1,124	1,093	1,119	1,133	1,143	1,180	1,146	1,117	1,184	1,164	1,141	1,268	1,163	1,169	1,132	1,246	1,200	1,234	1,183	1,297	1,153	1,296
18:28:04	37,0	1,225	1,134	1,218	1,122	1,232	1,168	1,255	1,129	1,224	1,168	1,210	1,184	0,829	1,107	0,763	0,996	0,797	1,061	0,805	1,100	0,829	1,119	0,846	1,150	1,238	1,224	1,214	1,244	1,188	1,266	1,235	1,246	1,288	1,297	1,247	1,260	0,920	1,092	1,082	1,035	0,753	1,103	1,104	0,846	1,132	0,987	1,125	1,154	1,275	1,243	1,256	1,161	1,216	1,244	1,264	1,265	1,254	1,280	1,269	1,281	1,215	1,200	1,136	1,113	1,097	1,166	1,156	1,182	1,141	1,193	1,135	1,210	1,139	1,151	1,126	1,094	1,122	1,135	1,146	1,182	1,145	1,119	1,182	1,167	1,136	1,267	1,161	1,169	1,129	1,243	1,202	1,235	1,181	1,294	1,150	1,296
18:38:04	37,0	1,223	1,133	1,215	1,121	1,228	1,167	1,255	1,127	1,222	1,165	1,208	1,182	0,825	1,103	0,759	0,994	0,788	1,060	0,799	1,100	0,826	1,121	0,839	1,149	1,236	1,222	1,212	1,242	1,184	1,262	1,233	1,244	1,289	1,294	1,248	1,257	0,917	1,090	1,080	1,035	0,750	1,099	1,105	0,844	1,131	0,979	1,127	1,155	1,272	1,244	1,255	1,157	1,215	1,242	1,264	1,258	1,250	1,279	1,270	1,280	1,215	1,201	1,135	1,114	1,099	1,163	1,153	1,179	1,139	1,191	1,134	1,209	1,139	1,147	1,126	1,092	1,123	1,135	1,142	1,176	1,144	1,117	1,180	1,164	1,137	1,266	1,159	1,169	1,125	1,242	1,198	1,231	1,178	1,293	1,147	1,295
18:48:04	37,0	1,223	1,131	1,213	1,117	1,225	1,166	1,253	1,127	1,223	1,167	1,205	1,181	0,823	1,104	0,754	0,995	0,787	1,059	0,797	1,098	0,823	1,121	0,836	1,147	1,233	1,220	1,211	1,238	1,185	1,260	1,232	1,241	1,288	1,292	1,246	1,255	0,916	1,089	1,083	1,033	0,749	1,099	1,103	0,841	1,129	0,976	1,125	1,152	1,271	1,240	1,253	1,157	1,214	1,242	1,263	1,256	1,251	1,278	1,268	1,281	1,215	1,199	1,137	1,114	1,100	1,163	1,157	1,178	1,140	1,191	1,134	1,206	1,139	1,147	1,129	1,090	1,125	1,132	1,141	1,177	1,145	1,117	1,177	1,164	1,135	1,263	1,155	1,167	1,123	1,240	1,192	1,230	1,174	1,291	1,147	1,294
18:58:04	37,0	1,222	1,131	1,213	1,117	1,228	1,168	1,254	1,125	1,221	1,165	1,206	1,182	0,818	1,102	0,752	0,993	0,787	1,059	0,790	1,093	0,819	1,118	0,833	1,147	1,231	1,218	1,211	1,237	1,184	1,258	1,231	1,241	1,288	1,290	1,242	1,253	0,915	1,089	1,081	1,032	0,744	1,098	1,102	0,841	1,129	0,977	1,120	1,151	1,270	1,240	1,253	1,155	1,212	1,241	1,261	1,255	1,250	1,280	1,266	1,281	1,214	1,199	1,137	1,113	1,096	1,162	1,157	1,178	1,141	1,192	1,135	1,207	1,137	1,147	1,127	1,090	1,123	1,130	1,142	1,174	1,143	1,117	1,178	1,164	1,135	1,263	1,155	1,168	1,120	1,239	1,190	1,229	1,172	1,290	1,145	1,294
19:08:04	37,0	1,222	1,131	1,213	1,117	1,226	1,169	1,250	1,125	1,221	1,164	1,206	1,179	0,816	1,101	0,749	0,994	0,782	1,057	0,787	1,094	0,816	1,117	0,830	1,146	1,229	1,218	1,212	1,236	1,184	1,257	1,229	1,240	1,288	1,290	1,244	1,253	0,915	1,087	1,079	1,031	0,746	1,097	1,103	0,837	1,127	0,978	1,121	1,151	1,269	1,240	1,252	1,155	1,211	1,240	1,261	1,256	1,252	1,278	1,263	1,279	1,216	1,199	1,138	1,115	1,095	1,162	1,157	1,180	1,142	1,191	1,134	1,206	1,140	1,147	1,128	1,091	1,123	1,131	1,143	1,172	1,146	1,119	1,177	1,162	1,131	1,264	1,152	1,169	1,115	1,239	1,189	1,229	1,171	1,289	1,143	1,294
19:18:04	37,0	1,223	1,131	1,212	1,116	1,227	1,170	1,250	1,126	1,218	1,165	1,205	1,180	0,812	1,101	0,746	0,994	0,779	1,057	0,785	1,094	0,813	1,117	0,826	1,147	1,228	1,216	1,210	1,235	1,185	1,254	1,228	1,239	1,289	1,288	1,240	1,252	0,912	1,087	1,077	1,032	0,747	1,101	1,101	0,835	1,126	0,976	1,122	1,149	1,268	1,241	1,256	1,153	1,211	1,241	1,259	1,260	1,253	1,277	1,265	1,281	1,215	1,201	1,139	1,116	1,095	1,163	1,161	1,182	1,143	1,192	1,134	1,206	1,142	1,145	1,130	1,092	1,122	1,133	1,141	1,171	1,146	1,117	1,178	1,163	1,133	1,263	1,151	1,168	1,119	1,240	1,189	1,229	1,170	1,288	1,144	1,294
19:28:04	37,0	1,219	1,129	1,209	1,113	1,223	1,166	1,250	1,122	1,220	1,164	1,203	1,175	0,809	1,100	0,740	0,991	0,774	1,057	0,782	1,095	0,808	1,116	0,822	1,145	1,226	1,214	1,211	1,233	1,183	1,252	1,225	1,235	1,288	1,286	1,242	1,247	0,910	1,086	1,075	1,034	0,741	1,096	1,097	0,833	1,121	0,972	1,119	1,145	1,266	1,238	1,253	1,151	1,209	1,240	1,257	1,255	1,250	1,276	1,262	1,276	1,216	1,199	1,137	1,114	1,097	1,163	1,159	1,178	1,142	1,190	1,133	1,206	1,138	1,144	1,128	1,088	1,120	1,133	1,140	1,169	1,147	1,115	1,174	1,162	1,129	1,258	1,149	1,166	1,119	1,237	1,185	1,225	1,163	1,285	1,140	1,291
19:38:04	37,0	1,219	1,129	1,210	1,113	1,224	1,168	1,248	1,123	1,217	1,162	1,207	1,178	0,806	1,101	0,739	0,992	0,771	1,056	0,780	1,094	0,805	1,113	0,822	1,144	1,224	1,214	1,210	1,233	1,185	1,250	1,224	1,236	1,289	1,285	1,238	1,249	0,910	1,084	1,077	1,032	0,741	1,096	1,096	0,830	1,120	0,976	1,114	1,144	1,265	1,242	1,252	1,151	1,208	1,238	1,256	1,261	1,250	1,276	1,261	1,281	1,214	1,198	1,138	1,116	1,093	1,164	1,160	1,180	1,141	1,190	1,135	1,206	1,142	1,147	1,127	1,089	1,119	1,134	1,149	1,169	1,146	1,114	1,175	1,161	1,128	1,260	1,143	1,164	1,113	1,236	1,184	1,224	1,167	1,284	1,142	1,290
19:48:04	37,0	1,220	1,128	1,211	1,119	1,225	1,169	1,248	1,124	1,220	1,163	1,207	1,176	0,803	1,101	0,735	0,992	0,769	1,054	0,777	1,090	0,803	1,114	0,818	1,145	1,223	1,214	1,210	1,232	1,185	1,250	1,222	1,235	1,290	1,285	1,237	1,248	0,906	1,087	1,074	1,031	0,741	1,095	1,096	0,829	1,120	0,975	1,112	1,143	1,264	1,240	1,253	1,151	1,208	1,238	1,259	1,258	1,251	1,278	1,261	1,281	1,215	1,197	1,137	1,116	1,095	1,165	1,160	1,182	1,143	1,191	1,135	1,206	1,143	1,147	1,129	1,090	1,121	1,132	1,147	1,169	1,146	1,115	1,177	1,163	1,128	1,261	1,147	1,164	1,111	1,235	1,184	1,226	1,165	1,284	1,140	1,290
19:58:04	37,0	1,221	1,130	1,212	1,113	1,224	1,169	1,250	1,123	1,219	1,164	1,206	1,173	0,802	1,101	0,733	0,991	0,767	1,053	0,779	1,090	0,799	1,112	0,816	1,146	1,221	1,213	1,210	1,230	1,185	1,248	1,220	1,233	1,291	1,286	1,236	1,246	0,905	1,085	1,072	1,031	0,740	1,097	1,097	0,830	1,121	0,976	1,114	1,144	1,265	1,239	1,254	1,151	1,206	1,238	1,259	1,263	1,251	1,276	1,260	1,286	1,216	1,199	1,137	1,118	1,095	1,163	1,159	1,181	1,144	1,192	1,139	1,207	1,145	1,148	1,127	1,090	1,121	1,137	1,147	1,170	1,147	1,116	1,175	1,163	1,126	1,259	1,146	1,166	1,113	1,235	1,180	1,225	1,162	1,283	1,142	1,289
20:08:04	37,0	1,218	1,127	1,208	1,113	1,222	1,163	1,247	1,120	1,220	1,164	1,203	1,173	0,797	1,098	0,726	0,990	0,762	1,052	0,769	1,087	0,799	1,111	0,809	1,145	1,220	1,212	1,210	1,230	1,183	1,247	1,217	1,232	1,289	1,283	1,236	1,244	0,906	1,082	1,070	1,032	0,735	1,094	1,098	0,827	1,119	0,968	1,107	1,138	1,264	1,238	1,251	1,148	1,206	1,237	1,258	1,255	1,250	1,275	1,263	1,280	1,215	1,202	1,136	1,115	1,097	1,162	1,158	1,179	1,143	1,189	1,136	1,206	1,144	1,145	1,130	1,092	1,125	1,137	1,141	1,168	1,149	1,115	1,172	1,162	1,125	1,258	1,143	1,164	1,109	1,234	1,177	1,219	1,158	1,281	1,132	1,289
20:18:04	37,0	1,216	1,126	1,206	1,113	1,220	1,165	1,248	1,121	1,220	1,162	1,202	1,172	0,797	1,099	0,723	0,991	0,758	1,052	0,768	1,089	0,794	1,111	0,808	1,143	1,218	1,212	1,209	1,227	1,184	1,245	1,218	1,229	1,289	1,281	1,238	1,242	0,905	1,083	1,068	1,031	0,734	1,091	1,094	0,825	1,118	0,965	1,110	1,136	1,263	1,237	1,252	1,147	1,205	1,237	1,255	1,254	1,250	1,275	1,261	1,280	1,215	1,200	1,138	1,116	1,098	1,164	1,159	1,177	1,142	1,189	1,136	1,204	1,143	1,146	1,131	1,089	1,124	1,132	1,146	1,170	1,147	1,115	1,171	1,162	1,121	1,259	1,138	1,163	1,109	1,232	1,175	1,219	1,155	1,279	1,134	1,288
20:28:04	37,0	1,215	1,126	1,207	1,113	1,222	1,166	1,246	1,121	1,218	1,161	1,204	1,171	0,793	1,099	0,722	0,991	0,755	1,050	0,764	1,088	0,792	1,109	0,808	1,143	1,220	1,210	1,209	1,227	1,184	1,246	1,218	1,232	1,290	1,282	1,237	1,245	0,902	1,083	1,071	1,028	0,734	1,093	1,092	0,822	1,117	0,970	1,112	1,136	1,264	1,240	1,252	1,149	1,206	1,237	1,256	1,264	1,252	1,275	1,261	1,285	1,214	1,196	1,137	1,117	1,095	1,163	1,161	1,180	1,144	1,190	1,137	1,205	1,147	1,147	1,133	1,091	1,122	1,131	1,149	1,167	1,145	1,118	1,174	1,161	1,120	1,260	1,139	1,163	1,106	1,233	1,176	1,221	1,158	1,280	1,139	1,288
20:38:04	37,0	1,215	1,125	1,208	1,111	1,222	1,164	1,243	1,120	1,216	1,163	1,202	1,169	0,793	1,097	0,719	0,991	0,754	1,050	0,762	1,085	0,789	1,107	0,804	1,143	1,217	1,209	1,211	1,225	1,184	1,243	1,216	1,228	1,290	1,281	1,235	1,244	0,900	1,081	1,068	1,029	0,734	1,093	1,093	0,821	1,116	0,970	1,112	1,135	1,262	1,240	1,251	1,147	1,205	1,236	1,253	1,257	1,252	1,277	1,259	1,284	1,217	1,202	1,139	1,118	1,096	1,163	1,162	1,181	1,145	1,191	1,136	1,205	1,146	1,146	1,133	1,093	1,123	1,133	1,149	1,167	1,144	1,116	1,172	1,160	1,119	1,259	1,138	1,161	1,106	1,230	1,170	1,220	1,153	1,279	1,137	1,287
20:48:04	37,0	1,216	1,125	1,207	1,111	1,220	1,162	1,245	1,120	1,216	1,163	1,202	1,170	0,789	1,097	0,717	0,991	0,751	1,048	0,759	1,084	0,789	1,108	0,800	1,141	1,215	1,209	1,211	1,225	1,185	1,245	1,216	1,229	1,291	1,280	1,237	1,242	0,899	1,082	1,066	1,031	0,731	1,089	1,096	0,822	1,115	0,966	1,111	1,133	1,262	1,240	1,252	1,147	1,205	1,236	1,257	1,258	1,251	1,276	1,261	1,284	1,217	1,203	1,137	1,117	1,097	1,162	1,159	1,181	1,145	1,190	1,138	1,205	1,146	1,145	1,132	1,090	1,125	1,132	1,145	1,166	1,147	1,118	1,171	1,160	1,118	1,260	1,137	1,161	1,101	1,231	1,170	1,218	1,154	1,278	1,136	1,286
20:58:04	37,0	1,211	1,121	1,203	1,111	1,217	1,161	1,244	1,116	1,216	1,158	1,197	1,167	0,787	1,097	0,714	0,990	0,746	1,049	0,758	1,086	0,783	1,105	0,794	1,142	1,213	1,208	1,210	1,221	1,184	1,241	1,214	1,226	1,289	1,280	1,234	1,238	0,896	1,079	1,062	1,031	0,729	1,088	1,092	0,821	1,113	0,967	1,101	1,130	1,261	1,237	1,250	1,145	1,205	1,237	1,254	1,253	1,253	1,274	1,259	1,282	1,214	1,199	1,138	1,116	1,097	1,162	1,162	1,178	1,144	1,189	1,136	1,205	1,145	1,144	1,131	1,087	1,126	1,131	1,146	1,166	1,143	1,113	1,168	1,157	1,112	1,256	1,129	1,158	1,104	1,225	1,165	1,214	1,146	1,276	1,124	1,282
21:08:04	37,0	1,208	1,120	1,200	1,109	1,215	1,157	1,241	1,115	1,214	1,156	1,196	1,163	0,786	1,095	0,710	0,988	0,742	1,049	0,757	1,085	0,781	1,105	0,793	1,141	1,211	1,208	1,210	1,222	1,184	1,240	1,212	1,225	1,288	1,279	1,233	1,235	0,895	1,077	1,062	1,028	0,726	1,088	1,089	0,814	1,111	0,966	1,102	1,127	1,260	1,238	1,252	1,144	1,205	1,237	1,253	1,252	1,250	1,273	1,261	1,282	1,212	1,198	1,138	1,113	1,097	1,163	1,163	1,178	1,143	1,188	1,133	1,201	1,142	1,144	1,135	1,085	1,126	1,132	1,146	1,167	1,145	1,115	1,168	1,159	1,107	1,257	1,127	1,157	1,103	1,226	1,166	1,215	1,144	1,274	1,125	1,280
21:18:04	37,0	1,209	1,122	1,203	1,110	1,215	1,160	1,242	1,118	1,213	1,158	1,199	1,165	0,783	1,096	0,709	0,988	0,742	1,047	0,750	1,079	0,780	1,103	0,793	1,141	1,211	1,208	1,211	1,223	1,185	1,239	1,212	1,225	1,289	1,278	1,237	1,237	0,893	1,079	1,063	1,026	0,723	1,088	1,087	0,818	1,109	0,962	1,107	1,127	1,261	1,239	1,251	1,145	1,205	1,238	1,252	1,254	1,253	1,276	1,256	1,285	1,213	1,196	1,139	1,115	1,096	1,162	1,161	1,175	1,143	1,186	1,134	1,203	1,144	1,145	1,136	1,090	1,125	1,133	1,147	1,165	1,145	1,115	1,169	1,158	1,110	1,259	1,129	1,156	1,100	1,227	1,162	1,216	1,144	1,275	1,128	1,283
21:28:04	37,0	1,211	1,120	1,203	1,114	1,214	1,162	1,241	1,117	1,214	1,161	1,201	1,167	0,781	1,095	0,706	0,989	0,738	1,048	0,747	1,080	0,778	1,100	0,792	1,139	1,211	1,206	1,211	1,222	1,186	1,241	1,212	1,224	1,289	1,278	1,237	1,240	0,892	1,079	1,062	1,026	0,723	1,088	1,086	0,816	1,107	0,963	1,108	1,127	1,262	1,239	1,250	1,145	1,205	1,238	1,253	1,256	1,254	1,277	1,257	1,287	1,217	1,196	1,139	1,117	1,096	1,161	1,162	1,178	1,144	1,189	1,136	1,204	1,145	1,146	1,135	1,089	1,124	1,133	1,150	1,165	1,146	1,118	1,172	1,158	1,108	1,260	1,130	1,156	1,099	1,227	1,165	1,217	1,146	1,274	1,132	1,281
21:38:04	37,0	1,212	1,121	1,204	1,113	1,216	1,159	1,239	1,116	1,212	1,157	1,198	1,165	0,781	1,096	0,704	0,989	0,737	1,048	0,746	1,078	0,778	1,103	0,788	1,139	1,211	1,207	1,212	1,221	1,187	1,239	1,211	1,226	1,291	1,278	1,235	1,241	0,892	1,080	1,065	1,025	0,723	1,088	1,089	0,815	1,107	0,964	1,104	1,127	1,261	1,240	1,253	1,145	1,204	1,238	1,253	1,259	1,255	1,276	1,257	1,286	1,217	1,198	1,139	1,118	1,098	1,163	1,164	1,180	1,146	1,190	1,137	1,203	1,148	1,146	1,135	1,090	1,127	1,134	1,151	1,164	1,146	1,117	1,173	1,156	1,108	1,258	1,127	1,156	1,095	1,226	1,161	1,216	1,143	1,272	1,129	1,278
21:48:04	37,0	1,210	1,120	1,202	1,108	1,214	1,160	1,240	1,116	1,212	1,157	1,196	1,163	0,779	1,094	0,700	0,986	0,734	1,047	0,745	1,081	0,774	1,101	0,785	1,140	1,209	1,205	1,213	1,219	1,187	1,237	1,210	1,224	1,290	1,277	1,234	1,235	0,890	1,077	1,062	1,026	0,720	1,088	1,087	0,815	1,107	0,966	1,104	1,124	1,261	1,240	1,252	1,144	1,205	1,238	1,254	1,256	1,251	1,274	1,262	1,285	1,215	1,199	1,138	1,116	1,099	1,160	1,162	1,179	1,145	1,188	1,138	1,203	1,145	1,145	1,135	1,091	1,127	1,136	1,149	1,165	1,147	1,118	1,170	1,159	1,106	1,256	1,124	1,155	1,094	1,226	1,160	1,213	1,139	1,272	1,126	1,280
21:58:04	37,0	1,209	1,118	1,198	1,107	1,213	1,156	1,238	1,116	1,212	1,156	1,195	1,161	0,777	1,093	0,697	0,986	0,730	1,047	0,745	1,079	0,770	1,100	0,782	1,138	1,208	1,206	1,213	1,218	1,187	1,236	1,210	1,222	1,290	1,276	1,234	1,233	0,888	1,079	1,062	1,023	0,717	1,088	1,082	0,811	1,104	0,966	1,098	1,123	1,260	1,240	1,252	1,143	1,205	1,239	1,256	1,255	1,253	1,274	1,262	1,284	1,215	1,196	1,138	1,119	1,098	1,164	1,161	1,177	1,145	1,187	1,136	1,201	1,145	1,145	1,135	1,089	1,129	1,131	1,146	1,165	1,145	1,115	1,171	1,157	1,104	1,256	1,125	1,155	1,093	1,225	1,158	1,212	1,136	1,270	1,120	1,275
22:08:04	37,0	1,206	1,118	1,200	1,110	1,212	1,157	1,238	1,115	1,212	1,156	1,195	1,164	0,776	1,093	0,695	0,988	0,728	1,047	0,739	1,075	0,770	1,100	0,782	1,137	1,208	1,205	1,214	1,220	1,188	1,237	1,210	1,224	1,290	1,278	1,235	1,236	0,888	1,078	1,059	1,023	0,716	1,088	1,084	0,814	1,103	0,960	1,105	1,124	1,261	1,242	1,252	1,145	1,206	1,238	1,253	1,255	1,253	1,277	1,261	1,287	1,215	1,195	1,139	1,119	1,095	1,163	1,162	1,177	1,145	1,187	1,136	1,202	1,144	1,145	1,137	1,091	1,126	1,131	1,148	1,165	1,147	1,117	1,173	1,157	1,104	1,257	1,122	1,153	1,093	1,225	1,157	1,212	1,137	1,269	1,125	1,277

