Time	T∞ Optical Density:600	A1	A2	A3	A4	A5	A6	A7	A8	A9	A10	A11	A12	B1	B2	B3	B4	B5	B6	B7	B8	B9	B10	B11	B12	C1	C2	C3	C4	C5	C6	C7	C8	C9	C10	C11	C12	D1	D2	D3	D4	D5	D6	D7	D8	D9	D10	D11	D12	E1	E2	E3	E4	E5	E6	E7	E8	E9	E10	E11	E12	F1	F2	F3	F4	F5	F6	F7	F8	F9	F10	F11	F12	G1	G2	G3	G4	G5	G6	G7	G8	G9	G10	G11	G12	H1	H2	H3	H4	H5	H6	H7	H8	H9	H10	H11	H12
0:08:04	37,0	0,135	0,140	0,138	0,152	0,152	0,139	0,110	0,118	0,104	0,108	0,105	0,103	0,103	0,123	0,100	0,121	0,103	0,107	0,108	0,104	0,118	0,102	0,111	0,105	0,117	0,131	0,131	0,134	0,136	0,122	0,145	0,114	0,127	0,105	0,153	0,109	0,109	0,118	0,142	0,121	0,104	0,112	0,129	0,115	0,136	0,107	0,144	0,102	0,134	0,113	0,160	0,116	0,153	0,123	0,129	0,118	0,117	0,123	0,253	0,118	0,144	0,127	0,107	0,120	0,102	0,116	0,119	0,112	0,120	0,099	0,166	0,102	0,212	0,095	0,145	0,092	0,120	0,091	0,160	0,091	0,139	0,094	0,174	0,093	0,124	0,153	0,167	0,162	0,131	0,149	0,132	0,123	0,127	0,158	0,143	0,188
0:18:04	37,0	0,137	0,143	0,142	0,152	0,157	0,144	0,111	0,120	0,104	0,108	0,109	0,103	0,105	0,123	0,100	0,123	0,104	0,109	0,109	0,104	0,121	0,102	0,124	0,104	0,120	0,133	0,133	0,138	0,137	0,123	0,142	0,116	0,126	0,107	0,156	0,111	0,107	0,115	0,168	0,120	0,105	0,115	0,128	0,117	0,136	0,109	0,136	0,103	0,132	0,114	0,151	0,116	0,157	0,125	0,133	0,116	0,119	0,127	0,271	0,123	0,142	0,125	0,109	0,119	0,101	0,114	0,120	0,110	0,120	0,099	0,151	0,103	0,228	0,095	0,157	0,091	0,126	0,091	0,162	0,091	0,141	0,094	0,151	0,093	0,125	0,154	0,166	0,164	0,133	0,143	0,134	0,125	0,130	0,165	0,151	0,185
0:28:04	37,0	0,141	0,148	0,146	0,156	0,162	0,150	0,114	0,124	0,106	0,111	0,114	0,105	0,107	0,124	0,102	0,124	0,105	0,110	0,111	0,104	0,125	0,102	0,148	0,103	0,125	0,138	0,137	0,144	0,142	0,128	0,148	0,117	0,128	0,109	0,191	0,114	0,109	0,116	0,180	0,124	0,107	0,117	0,131	0,120	0,138	0,112	0,144	0,105	0,132	0,116	0,148	0,118	0,161	0,128	0,138	0,118	0,122	0,123	0,298	0,126	0,141	0,127	0,112	0,122	0,102	0,116	0,124	0,112	0,122	0,100	0,180	0,104	0,231	0,095	0,159	0,092	0,129	0,091	0,167	0,091	0,146	0,094	0,175	0,092	0,127	0,157	0,155	0,166	0,135	0,144	0,134	0,127	0,133	0,172	0,185	0,187
0:38:04	37,0	0,148	0,157	0,154	0,163	0,167	0,158	0,117	0,131	0,108	0,114	0,123	0,108	0,110	0,126	0,104	0,126	0,107	0,110	0,113	0,104	0,131	0,103	0,169	0,104	0,133	0,146	0,141	0,153	0,147	0,134	0,158	0,126	0,133	0,113	0,209	0,118	0,112	0,119	0,190	0,128	0,110	0,120	0,134	0,123	0,142	0,116	0,142	0,108	0,136	0,119	0,151	0,121	0,165	0,130	0,143	0,122	0,130	0,130	0,308	0,129	0,145	0,130	0,115	0,124	0,105	0,120	0,127	0,115	0,125	0,101	0,203	0,106	0,232	0,094	0,165	0,092	0,136	0,091	0,174	0,091	0,150	0,094	0,239	0,094	0,131	0,164	0,152	0,172	0,137	0,146	0,134	0,130	0,138	0,183	0,231	0,199
0:48:04	37,0	0,159	0,169	0,167	0,173	0,172	0,171	0,122	0,140	0,112	0,119	0,142	0,110	0,113	0,127	0,106	0,128	0,110	0,111	0,116	0,104	0,138	0,103	0,195	0,104	0,142	0,157	0,146	0,165	0,156	0,144	0,170	0,135	0,138	0,118	0,214	0,125	0,117	0,122	0,200	0,134	0,114	0,125	0,139	0,129	0,148	0,122	0,144	0,111	0,144	0,124	0,156	0,125	0,172	0,133	0,150	0,126	0,138	0,131	0,326	0,133	0,152	0,135	0,119	0,128	0,108	0,123	0,133	0,118	0,130	0,103	0,221	0,110	0,239	0,094	0,175	0,092	0,142	0,091	0,181	0,091	0,158	0,093	0,264	0,094	0,137	0,176	0,155	0,181	0,140	0,152	0,135	0,134	0,151	0,198	0,248	0,212
0:58:04	37,0	0,174	0,185	0,185	0,189	0,181	0,189	0,129	0,152	0,118	0,125	0,164	0,117	0,118	0,130	0,109	0,130	0,113	0,113	0,119	0,105	0,148	0,104	0,220	0,106	0,154	0,170	0,153	0,179	0,168	0,155	0,186	0,147	0,146	0,125	0,226	0,135	0,124	0,127	0,209	0,141	0,119	0,132	0,146	0,136	0,155	0,130	0,148	0,115	0,154	0,131	0,165	0,130	0,182	0,138	0,160	0,130	0,144	0,134	0,318	0,138	0,162	0,143	0,125	0,134	0,111	0,128	0,140	0,123	0,138	0,107	0,239	0,115	0,261	0,094	0,186	0,092	0,156	0,091	0,194	0,090	0,170	0,093	0,286	0,093	0,146	0,187	0,159	0,193	0,143	0,158	0,137	0,140	0,163	0,219	0,254	0,227
1:08:04	37,0	0,195	0,208	0,207	0,211	0,198	0,210	0,139	0,172	0,125	0,137	0,187	0,125	0,125	0,133	0,115	0,133	0,119	0,114	0,125	0,107	0,161	0,106	0,239	0,108	0,171	0,189	0,163	0,197	0,181	0,172	0,205	0,163	0,158	0,135	0,245	0,148	0,133	0,134	0,220	0,150	0,127	0,141	0,154	0,144	0,165	0,140	0,155	0,122	0,167	0,142	0,177	0,137	0,195	0,145	0,176	0,136	0,149	0,138	0,327	0,146	0,175	0,155	0,133	0,141	0,116	0,137	0,150	0,132	0,147	0,113	0,257	0,124	0,286	0,094	0,202	0,092	0,171	0,091	0,210	0,091	0,185	0,093	0,314	0,094	0,163	0,203	0,165	0,211	0,149	0,168	0,140	0,148	0,179	0,243	0,260	0,250
1:18:04	37,0	0,217	0,232	0,232	0,232	0,215	0,235	0,155	0,193	0,136	0,151	0,212	0,137	0,136	0,137	0,122	0,138	0,128	0,116	0,134	0,109	0,177	0,107	0,261	0,110	0,190	0,211	0,177	0,221	0,201	0,190	0,228	0,187	0,171	0,149	0,276	0,163	0,146	0,142	0,233	0,161	0,137	0,153	0,164	0,155	0,179	0,155	0,167	0,130	0,186	0,157	0,191	0,147	0,212	0,156	0,197	0,144	0,157	0,143	0,338	0,157	0,192	0,169	0,143	0,153	0,122	0,148	0,163	0,143	0,161	0,120	0,282	0,136	0,310	0,094	0,220	0,091	0,189	0,091	0,230	0,091	0,204	0,093	0,352	0,094	0,180	0,224	0,173	0,231	0,154	0,180	0,145	0,159	0,200	0,269	0,265	0,277
1:28:04	37,0	0,242	0,258	0,258	0,255	0,237	0,260	0,175	0,219	0,153	0,171	0,246	0,154	0,151	0,144	0,134	0,145	0,141	0,121	0,145	0,113	0,198	0,110	0,289	0,115	0,219	0,236	0,196	0,249	0,223	0,215	0,263	0,208	0,189	0,164	0,309	0,185	0,163	0,154	0,250	0,174	0,151	0,170	0,178	0,169	0,196	0,174	0,184	0,143	0,212	0,178	0,208	0,160	0,233	0,169	0,215	0,155	0,169	0,151	0,363	0,172	0,214	0,188	0,157	0,169	0,131	0,162	0,181	0,159	0,177	0,131	0,311	0,152	0,340	0,094	0,241	0,092	0,212	0,091	0,253	0,091	0,229	0,093	0,385	0,094	0,199	0,249	0,184	0,256	0,164	0,195	0,152	0,174	0,225	0,306	0,291	0,308
1:38:04	37,0	0,268	0,287	0,285	0,281	0,262	0,291	0,199	0,244	0,174	0,194	0,281	0,175	0,171	0,154	0,151	0,154	0,160	0,127	0,162	0,117	0,223	0,114	0,324	0,120	0,248	0,263	0,217	0,278	0,249	0,241	0,294	0,239	0,209	0,185	0,346	0,209	0,185	0,170	0,269	0,191	0,170	0,193	0,196	0,186	0,213	0,198	0,205	0,159	0,241	0,204	0,231	0,175	0,259	0,188	0,237	0,171	0,181	0,162	0,387	0,188	0,237	0,211	0,174	0,186	0,143	0,180	0,204	0,178	0,198	0,145	0,342	0,173	0,367	0,094	0,265	0,091	0,236	0,091	0,278	0,090	0,256	0,093	0,417	0,094	0,227	0,274	0,199	0,282	0,178	0,215	0,161	0,195	0,256	0,339	0,326	0,345
1:48:04	37,0	0,295	0,317	0,311	0,309	0,289	0,322	0,223	0,276	0,194	0,216	0,329	0,195	0,193	0,168	0,172	0,168	0,185	0,137	0,182	0,123	0,251	0,121	0,363	0,129	0,286	0,291	0,241	0,307	0,278	0,271	0,319	0,267	0,236	0,207	0,385	0,235	0,212	0,191	0,289	0,209	0,192	0,218	0,216	0,204	0,242	0,226	0,231	0,181	0,273	0,235	0,255	0,195	0,289	0,205	0,266	0,190	0,200	0,175	0,427	0,206	0,264	0,240	0,194	0,210	0,159	0,203	0,228	0,200	0,222	0,163	0,382	0,200	0,391	0,094	0,284	0,091	0,261	0,091	0,303	0,091	0,284	0,093	0,479	0,094	0,255	0,304	0,219	0,311	0,197	0,239	0,173	0,221	0,291	0,364	0,354	0,381
1:58:04	37,0	0,322	0,349	0,339	0,339	0,321	0,356	0,249	0,310	0,218	0,246	0,378	0,220	0,215	0,184	0,199	0,183	0,204	0,149	0,209	0,135	0,287	0,129	0,421	0,141	0,323	0,323	0,270	0,339	0,312	0,302	0,356	0,292	0,268	0,240	0,431	0,265	0,245	0,217	0,309	0,231	0,217	0,245	0,239	0,227	0,269	0,258	0,269	0,207	0,309	0,274	0,286	0,214	0,321	0,227	0,294	0,218	0,220	0,193	0,447	0,229	0,290	0,270	0,217	0,240	0,177	0,232	0,253	0,228	0,248	0,186	0,420	0,228	0,411	0,094	0,306	0,091	0,283	0,091	0,329	0,090	0,313	0,093	0,472	0,093	0,297	0,338	0,246	0,343	0,220	0,267	0,190	0,250	0,331	0,403	0,380	0,416
2:08:04	37,0	0,351	0,381	0,368	0,369	0,349	0,392	0,284	0,346	0,246	0,282	0,427	0,251	0,239	0,203	0,225	0,204	0,235	0,167	0,232	0,149	0,325	0,143	0,482	0,157	0,355	0,360	0,302	0,376	0,341	0,334	0,387	0,323	0,301	0,268	0,473	0,297	0,276	0,247	0,336	0,253	0,253	0,272	0,264	0,255	0,295	0,288	0,309	0,237	0,343	0,309	0,316	0,237	0,366	0,260	0,332	0,246	0,247	0,218	0,478	0,264	0,317	0,300	0,236	0,269	0,200	0,257	0,278	0,255	0,278	0,210	0,462	0,258	0,430	0,094	0,326	0,091	0,307	0,091	0,356	0,090	0,344	0,093	0,492	0,094	0,334	0,369	0,276	0,372	0,248	0,298	0,211	0,284	0,363	0,431	0,438	0,458
2:18:04	37,0	0,382	0,414	0,399	0,401	0,379	0,430	0,314	0,388	0,278	0,323	0,481	0,284	0,268	0,223	0,252	0,225	0,268	0,187	0,259	0,167	0,366	0,158	0,544	0,178	0,395	0,403	0,331	0,418	0,378	0,370	0,426	0,358	0,339	0,301	0,521	0,331	0,312	0,284	0,363	0,284	0,281	0,314	0,290	0,287	0,327	0,320	0,352	0,270	0,389	0,353	0,355	0,265	0,402	0,295	0,369	0,281	0,276	0,245	0,532	0,304	0,347	0,332	0,258	0,301	0,223	0,281	0,304	0,286	0,305	0,234	0,506	0,292	0,446	0,094	0,347	0,092	0,329	0,091	0,380	0,091	0,373	0,093	0,512	0,094	0,375	0,408	0,308	0,410	0,280	0,321	0,236	0,319	0,396	0,463	0,481	0,500
2:28:04	37,0	0,417	0,445	0,429	0,426	0,414	0,474	0,347	0,421	0,312	0,371	0,538	0,318	0,298	0,245	0,272	0,250	0,303	0,207	0,287	0,186	0,408	0,180	0,586	0,204	0,450	0,435	0,368	0,444	0,415	0,412	0,450	0,394	0,374	0,338	0,562	0,368	0,348	0,328	0,389	0,326	0,326	0,354	0,322	0,327	0,359	0,357	0,404	0,303	0,422	0,400	0,403	0,299	0,436	0,333	0,409	0,312	0,303	0,270	0,573	0,325	0,372	0,358	0,277	0,332	0,248	0,309	0,327	0,315	0,328	0,260	0,543	0,325	0,460	0,094	0,368	0,092	0,353	0,091	0,410	0,090	0,401	0,093	0,542	0,094	0,419	0,444	0,340	0,446	0,311	0,357	0,266	0,351	0,431	0,479	0,518	0,546
2:38:04	37,0	0,443	0,477	0,456	0,454	0,448	0,514	0,379	0,452	0,347	0,418	0,590	0,349	0,327	0,273	0,300	0,276	0,338	0,229	0,324	0,208	0,442	0,200	0,611	0,230	0,492	0,456	0,403	0,459	0,443	0,439	0,471	0,422	0,404	0,380	0,599	0,409	0,388	0,366	0,444	0,382	0,374	0,391	0,360	0,366	0,397	0,403	0,451	0,342	0,460	0,457	0,436	0,335	0,479	0,370	0,445	0,348	0,337	0,306	0,614	0,351	0,420	0,402	0,303	0,370	0,273	0,336	0,351	0,349	0,356	0,288	0,570	0,360	0,478	0,094	0,385	0,092	0,372	0,091	0,442	0,090	0,429	0,093	0,592	0,094	0,465	0,474	0,381	0,471	0,349	0,388	0,296	0,393	0,478	0,495	0,549	0,574
2:48:04	37,0	0,477	0,510	0,484	0,476	0,485	0,552	0,416	0,492	0,383	0,463	0,631	0,380	0,367	0,303	0,328	0,305	0,379	0,255	0,361	0,231	0,468	0,226	0,618	0,256	0,521	0,474	0,437	0,472	0,456	0,453	0,477	0,436	0,448	0,417	0,617	0,448	0,424	0,401	0,471	0,386	0,414	0,424	0,394	0,403	0,434	0,435	0,494	0,383	0,491	0,495	0,459	0,378	0,506	0,414	0,483	0,391	0,370	0,354	0,625	0,387	0,461	0,439	0,329	0,399	0,298	0,363	0,371	0,379	0,381	0,315	0,588	0,397	0,492	0,094	0,401	0,091	0,389	0,090	0,470	0,090	0,453	0,093	0,692	0,093	0,490	0,494	0,424	0,496	0,395	0,415	0,331	0,431	0,506	0,508	0,559	0,595
2:58:04	37,0	0,535	0,542	0,510	0,496	0,528	0,577	0,452	0,544	0,431	0,521	0,672	0,420	0,408	0,336	0,369	0,342	0,428	0,284	0,416	0,259	0,491	0,256	0,654	0,290	0,556	0,499	0,464	0,489	0,474	0,472	0,503	0,451	0,463	0,443	0,656	0,475	0,458	0,433	0,486	0,421	0,451	0,451	0,417	0,445	0,465	0,463	0,551	0,441	0,510	0,526	0,484	0,415	0,539	0,429	0,522	0,442	0,408	0,393	0,673	0,411	0,486	0,477	0,353	0,423	0,320	0,388	0,394	0,410	0,412	0,346	0,605	0,432	0,505	0,094	0,424	0,092	0,402	0,091	0,519	0,091	0,483	0,093	0,673	0,094	0,519	0,513	0,466	0,518	0,447	0,447	0,365	0,471	0,530	0,533	0,592	0,620
3:08:04	37,0	0,551	0,566	0,558	0,521	0,555	0,597	0,493	0,580	0,487	0,551	0,700	0,453	0,446	0,372	0,423	0,383	0,470	0,317	0,464	0,292	0,500	0,286	0,675	0,320	0,573	0,519	0,489	0,513	0,496	0,490	0,522	0,467	0,485	0,467	0,681	0,496	0,476	0,483	0,506	0,452	0,472	0,474	0,432	0,463	0,480	0,489	0,584	0,471	0,527	0,558	0,505	0,448	0,561	0,452	0,548	0,465	0,433	0,441	0,691	0,430	0,520	0,498	0,379	0,449	0,342	0,407	0,415	0,438	0,444	0,374	0,621	0,463	0,529	0,094	0,446	0,091	0,421	0,091	0,544	0,090	0,506	0,093	0,689	0,094	0,547	0,533	0,491	0,536	0,491	0,464	0,403	0,499	0,540	0,552	0,604	0,642
3:18:04	37,0	0,566	0,583	0,583	0,542	0,580	0,608	0,529	0,595	0,514	0,580	0,709	0,479	0,466	0,405	0,464	0,424	0,495	0,350	0,486	0,322	0,510	0,316	0,667	0,351	0,600	0,544	0,529	0,529	0,513	0,502	0,521	0,480	0,517	0,487	0,696	0,512	0,487	0,528	0,520	0,476	0,485	0,499	0,447	0,474	0,500	0,503	0,616	0,491	0,561	0,576	0,529	0,472	0,572	0,476	0,588	0,501	0,450	0,462	0,710	0,456	0,554	0,513	0,402	0,466	0,365	0,428	0,433	0,456	0,475	0,395	0,629	0,489	0,546	0,094	0,463	0,092	0,438	0,091	0,582	0,091	0,529	0,093	0,746	0,094	0,569	0,552	0,511	0,554	0,513	0,477	0,447	0,523	0,555	0,560	0,634	0,660
3:28:04	37,0	0,591	0,601	0,608	0,558	0,613	0,625	0,561	0,605	0,551	0,604	0,725	0,510	0,481	0,438	0,482	0,459	0,507	0,391	0,498	0,362	0,518	0,354	0,679	0,389	0,629	0,563	0,546	0,550	0,535	0,520	0,533	0,492	0,540	0,507	0,718	0,526	0,497	0,551	0,530	0,513	0,495	0,534	0,457	0,484	0,522	0,518	0,642	0,511	0,578	0,607	0,545	0,485	0,588	0,500	0,616	0,526	0,464	0,492	0,724	0,466	0,559	0,542	0,426	0,495	0,391	0,441	0,459	0,478	0,509	0,420	0,634	0,515	0,563	0,094	0,488	0,092	0,452	0,091	0,597	0,091	0,553	0,093	0,759	0,094	0,591	0,575	0,530	0,573	0,535	0,492	0,481	0,554	0,568	0,579	0,649	0,684
3:38:04	37,0	0,624	0,618	0,627	0,575	0,632	0,646	0,601	0,616	0,572	0,622	0,720	0,531	0,492	0,466	0,486	0,490	0,520	0,429	0,508	0,404	0,529	0,400	0,682	0,433	0,647	0,581	0,571	0,571	0,552	0,533	0,549	0,507	0,555	0,535	0,732	0,538	0,509	0,568	0,537	0,507	0,504	0,569	0,464	0,489	0,536	0,546	0,663	0,524	0,614	0,637	0,565	0,503	0,600	0,521	0,648	0,556	0,479	0,519	0,738	0,478	0,566	0,561	0,456	0,514	0,413	0,457	0,474	0,498	0,542	0,444	0,636	0,545	0,579	0,094	0,509	0,092	0,470	0,091	0,617	0,090	0,574	0,093	0,780	0,094	0,611	0,595	0,549	0,590	0,555	0,510	0,503	0,583	0,581	0,599	0,673	0,707
3:48:04	37,0	0,657	0,641	0,646	0,591	0,663	0,669	0,624	0,640	0,605	0,645	0,743	0,574	0,505	0,483	0,489	0,502	0,527	0,466	0,515	0,440	0,535	0,442	0,707	0,473	0,669	0,596	0,587	0,590	0,573	0,551	0,568	0,513	0,571	0,557	0,765	0,560	0,517	0,570	0,546	0,511	0,521	0,576	0,474	0,496	0,558	0,560	0,695	0,547	0,637	0,671	0,594	0,528	0,615	0,537	0,658	0,591	0,498	0,547	0,762	0,497	0,576	0,578	0,475	0,523	0,433	0,483	0,507	0,531	0,563	0,470	0,650	0,578	0,589	0,094	0,528	0,091	0,494	0,091	0,633	0,090	0,598	0,093	0,785	0,093	0,637	0,612	0,567	0,618	0,573	0,525	0,520	0,610	0,603	0,624	0,690	0,731
3:58:04	37,0	0,682	0,663	0,661	0,612	0,685	0,692	0,646	0,670	0,647	0,655	0,754	0,608	0,516	0,506	0,498	0,515	0,532	0,496	0,523	0,471	0,544	0,491	0,722	0,505	0,688	0,610	0,606	0,612	0,592	0,570	0,585	0,529	0,596	0,570	0,785	0,598	0,524	0,585	0,555	0,515	0,532	0,597	0,489	0,514	0,578	0,580	0,714	0,562	0,672	0,692	0,615	0,557	0,634	0,554	0,688	0,629	0,518	0,610	0,788	0,517	0,588	0,591	0,498	0,536	0,462	0,509	0,528	0,553	0,580	0,489	0,662	0,601	0,600	0,094	0,549	0,091	0,521	0,091	0,647	0,090	0,609	0,093	0,806	0,093	0,662	0,631	0,584	0,642	0,598	0,546	0,538	0,639	0,614	0,646	0,705	0,752
4:08:04	37,0	0,701	0,683	0,675	0,631	0,710	0,712	0,676	0,686	0,663	0,672	0,756	0,637	0,525	0,519	0,503	0,527	0,540	0,515	0,531	0,497	0,547	0,530	0,716	0,532	0,700	0,631	0,626	0,636	0,603	0,587	0,610	0,545	0,627	0,592	0,799	0,625	0,547	0,612	0,567	0,515	0,549	0,607	0,524	0,518	0,593	0,599	0,730	0,580	0,706	0,716	0,640	0,583	0,650	0,577	0,695	0,666	0,535	0,658	0,799	0,551	0,601	0,609	0,511	0,558	0,490	0,525	0,552	0,572	0,591	0,505	0,660	0,623	0,613	0,094	0,566	0,091	0,537	0,091	0,657	0,090	0,629	0,093	0,825	0,094	0,699	0,647	0,608	0,656	0,615	0,563	0,552	0,665	0,631	0,663	0,728	0,772
4:18:04	37,0	0,723	0,705	0,686	0,649	0,730	0,733	0,709	0,701	0,681	0,688	0,767	0,662	0,533	0,531	0,504	0,542	0,550	0,535	0,541	0,518	0,557	0,556	0,725	0,548	0,700	0,648	0,648	0,658	0,620	0,605	0,631	0,559	0,652	0,615	0,810	0,644	0,568	0,605	0,578	0,524	0,563	0,623	0,535	0,532	0,608	0,616	0,746	0,591	0,757	0,750	0,662	0,605	0,668	0,601	0,715	0,691	0,545	0,676	0,811	0,571	0,611	0,624	0,528	0,579	0,518	0,542	0,576	0,590	0,604	0,525	0,662	0,646	0,625	0,094	0,584	0,091	0,552	0,091	0,674	0,091	0,649	0,093	0,855	0,094	0,724	0,668	0,633	0,678	0,640	0,578	0,572	0,696	0,656	0,682	0,754	0,793
4:28:04	37,0	0,742	0,727	0,706	0,673	0,751	0,753	0,751	0,717	0,706	0,707	0,798	0,694	0,545	0,548	0,511	0,560	0,555	0,552	0,549	0,531	0,563	0,587	0,748	0,562	0,721	0,658	0,667	0,687	0,638	0,621	0,666	0,573	0,673	0,639	0,838	0,666	0,615	0,621	0,591	0,550	0,580	0,625	0,552	0,546	0,625	0,626	0,775	0,613	0,803	0,787	0,686	0,634	0,689	0,619	0,744	0,734	0,567	0,700	0,845	0,593	0,622	0,637	0,541	0,598	0,538	0,572	0,589	0,616	0,616	0,552	0,677	0,668	0,639	0,094	0,598	0,092	0,568	0,091	0,683	0,090	0,668	0,093	0,867	0,094	0,755	0,691	0,653	0,704	0,666	0,591	0,598	0,726	0,694	0,705	0,754	0,817
4:38:04	37,0	0,756	0,745	0,721	0,695	0,767	0,772	0,782	0,727	0,721	0,719	0,799	0,716	0,559	0,563	0,521	0,572	0,561	0,578	0,555	0,543	0,578	0,605	0,747	0,576	0,744	0,680	0,687	0,709	0,663	0,638	0,698	0,583	0,708	0,659	0,842	0,696	0,647	0,626	0,603	0,558	0,603	0,649	0,566	0,566	0,644	0,627	0,787	0,626	0,836	0,824	0,718	0,655	0,712	0,632	0,773	0,758	0,580	0,714	0,861	0,615	0,634	0,650	0,557	0,612	0,554	0,591	0,605	0,627	0,631	0,571	0,680	0,687	0,649	0,094	0,617	0,091	0,585	0,091	0,702	0,090	0,688	0,093	0,880	0,093	0,781	0,706	0,679	0,732	0,686	0,612	0,613	0,747	0,725	0,723	0,785	0,840
4:48:04	37,0	0,773	0,763	0,732	0,719	0,783	0,789	0,814	0,740	0,736	0,737	0,809	0,736	0,571	0,579	0,527	0,589	0,574	0,599	0,572	0,565	0,589	0,620	0,744	0,593	0,767	0,706	0,704	0,732	0,692	0,662	0,738	0,592	0,741	0,685	0,847	0,718	0,674	0,631	0,616	0,559	0,616	0,659	0,597	0,601	0,659	0,632	0,799	0,645	0,869	0,863	0,747	0,680	0,740	0,649	0,791	0,795	0,597	0,735	0,869	0,633	0,645	0,666	0,569	0,632	0,567	0,607	0,619	0,634	0,643	0,588	0,679	0,709	0,661	0,094	0,640	0,092	0,600	0,091	0,725	0,091	0,705	0,093	0,906	0,094	0,803	0,724	0,710	0,742	0,717	0,636	0,638	0,771	0,757	0,743	0,803	0,862
4:58:04	37,0	0,787	0,781	0,741	0,739	0,802	0,809	0,847	0,759	0,749	0,754	0,820	0,750	0,582	0,598	0,535	0,605	0,584	0,627	0,591	0,576	0,603	0,640	0,750	0,618	0,800	0,725	0,720	0,765	0,717	0,682	0,770	0,603	0,770	0,698	0,860	0,735	0,684	0,642	0,632	0,572	0,630	0,665	0,589	0,605	0,669	0,649	0,817	0,661	0,903	0,890	0,781	0,713	0,764	0,675	0,819	0,822	0,611	0,756	0,883	0,648	0,656	0,683	0,585	0,648	0,586	0,625	0,635	0,648	0,655	0,606	0,686	0,732	0,673	0,094	0,656	0,091	0,612	0,091	0,740	0,090	0,725	0,093	0,926	0,093	0,828	0,741	0,741	0,765	0,751	0,653	0,660	0,800	0,787	0,765	0,823	0,881
5:08:04	37,0	0,802	0,802	0,754	0,762	0,820	0,830	0,885	0,775	0,770	0,769	0,837	0,777	0,596	0,617	0,545	0,623	0,596	0,647	0,600	0,580	0,618	0,653	0,759	0,639	0,828	0,750	0,737	0,788	0,739	0,699	0,806	0,619	0,794	0,731	0,879	0,755	0,700	0,661	0,645	0,595	0,636	0,679	0,626	0,604	0,684	0,658	0,838	0,683	0,937	0,925	0,806	0,737	0,790	0,709	0,850	0,844	0,631	0,780	0,902	0,659	0,670	0,703	0,598	0,661	0,602	0,642	0,641	0,662	0,665	0,628	0,696	0,748	0,686	0,094	0,675	0,092	0,629	0,091	0,754	0,090	0,743	0,093	0,937	0,094	0,855	0,764	0,771	0,791	0,773	0,666	0,687	0,823	0,822	0,796	0,839	0,901
5:18:04	37,0	0,818	0,815	0,764	0,782	0,834	0,853	0,912	0,790	0,781	0,786	0,843	0,789	0,610	0,638	0,553	0,641	0,603	0,664	0,612	0,590	0,628	0,661	0,764	0,659	0,852	0,780	0,753	0,813	0,761	0,726	0,829	0,647	0,826	0,760	0,889	0,774	0,714	0,670	0,666	0,639	0,640	0,683	0,643	0,597	0,696	0,665	0,842	0,700	0,967	0,955	0,830	0,761	0,816	0,723	0,878	0,874	0,644	0,802	0,915	0,672	0,683	0,721	0,616	0,682	0,617	0,657	0,654	0,676	0,675	0,642	0,704	0,769	0,702	0,094	0,697	0,092	0,646	0,091	0,772	0,090	0,766	0,093	0,959	0,094	0,882	0,788	0,802	0,820	0,800	0,689	0,729	0,846	0,846	0,819	0,849	0,926
5:28:04	37,0	0,834	0,830	0,778	0,802	0,851	0,872	0,936	0,806	0,799	0,803	0,859	0,808	0,623	0,661	0,566	0,657	0,613	0,680	0,625	0,601	0,640	0,669	0,766	0,680	0,877	0,805	0,771	0,837	0,781	0,744	0,852	0,666	0,846	0,791	0,897	0,795	0,726	0,689	0,686	0,657	0,649	0,672	0,655	0,591	0,710	0,678	0,855	0,726	0,997	0,979	0,854	0,782	0,840	0,746	0,896	0,901	0,667	0,812	0,929	0,687	0,700	0,739	0,629	0,701	0,631	0,668	0,666	0,692	0,684	0,657	0,713	0,787	0,718	0,094	0,715	0,091	0,661	0,091	0,794	0,090	0,782	0,093	0,972	0,093	0,909	0,809	0,831	0,833	0,826	0,712	0,763	0,874	0,867	0,847	0,872	0,952
5:38:04	37,0	0,849	0,845	0,790	0,821	0,864	0,891	0,958	0,821	0,815	0,824	0,872	0,828	0,636	0,690	0,579	0,674	0,624	0,699	0,639	0,611	0,654	0,678	0,774	0,698	0,900	0,832	0,789	0,860	0,799	0,767	0,879	0,688	0,872	0,811	0,906	0,818	0,735	0,714	0,716	0,669	0,665	0,708	0,679	0,597	0,729	0,693	0,871	0,758	1,026	1,006	0,884	0,802	0,863	0,771	0,927	0,912	0,704	0,843	0,945	0,713	0,719	0,760	0,644	0,714	0,650	0,681	0,677	0,703	0,699	0,676	0,726	0,807	0,737	0,094	0,735	0,092	0,680	0,091	0,813	0,090	0,806	0,093	0,982	0,094	0,935	0,837	0,858	0,862	0,854	0,735	0,802	0,902	0,887	0,872	0,893	0,982
5:48:04	37,0	0,859	0,858	0,799	0,838	0,877	0,905	0,973	0,832	0,832	0,840	0,868	0,842	0,644	0,715	0,587	0,696	0,635	0,716	0,649	0,621	0,664	0,683	0,770	0,715	0,918	0,851	0,809	0,876	0,815	0,788	0,888	0,712	0,882	0,835	0,904	0,845	0,750	0,739	0,739	0,685	0,664	0,728	0,702	0,606	0,742	0,711	0,870	0,784	1,052	1,027	0,907	0,817	0,884	0,793	0,935	0,932	0,717	0,864	0,952	0,728	0,740	0,780	0,661	0,728	0,659	0,692	0,688	0,715	0,715	0,682	0,731	0,823	0,755	0,094	0,755	0,092	0,688	0,091	0,820	0,091	0,817	0,093	0,986	0,094	0,957	0,859	0,882	0,883	0,872	0,757	0,833	0,920	0,905	0,895	0,900	1,003
5:58:04	37,0	0,876	0,874	0,813	0,854	0,895	0,927	0,994	0,857	0,850	0,857	0,910	0,866	0,659	0,742	0,601	0,706	0,646	0,732	0,655	0,634	0,674	0,702	0,792	0,739	0,945	0,873	0,826	0,899	0,833	0,828	0,929	0,730	0,897	0,857	0,932	0,867	0,764	0,765	0,755	0,696	0,674	0,741	0,745	0,617	0,757	0,728	0,898	0,817	1,075	1,047	0,933	0,841	0,901	0,821	0,967	0,953	0,755	0,902	0,973	0,745	0,764	0,800	0,675	0,750	0,680	0,709	0,701	0,735	0,726	0,706	0,753	0,844	0,777	0,094	0,775	0,092	0,716	0,091	0,842	0,091	0,835	0,093	1,004	0,094	0,978	0,889	0,904	0,908	0,897	0,785	0,875	0,950	0,931	0,930	0,922	1,032
6:08:04	37,0	0,889	0,885	0,824	0,872	0,908	0,940	1,006	0,861	0,867	0,870	0,919	0,884	0,670	0,757	0,613	0,725	0,657	0,745	0,666	0,649	0,687	0,714	0,802	0,758	0,963	0,900	0,845	0,919	0,851	0,846	0,948	0,752	0,920	0,877	0,942	0,887	0,772	0,789	0,767	0,713	0,690	0,754	0,766	0,619	0,767	0,740	0,908	0,839	1,102	1,072	0,968	0,855	0,921	0,839	0,987	0,972	0,759	0,916	0,990	0,763	0,781	0,814	0,693	0,767	0,693	0,720	0,716	0,750	0,745	0,720	0,768	0,863	0,794	0,094	0,792	0,092	0,731	0,091	0,862	0,090	0,855	0,093	1,019	0,094	1,002	0,913	0,924	0,933	0,918	0,823	0,898	0,969	0,948	0,956	0,934	1,055
6:18:04	37,0	0,902	0,900	0,835	0,891	0,921	0,953	1,022	0,872	0,880	0,884	0,924	0,902	0,679	0,780	0,621	0,747	0,672	0,761	0,678	0,660	0,696	0,725	0,799	0,774	0,977	0,917	0,864	0,937	0,865	0,864	0,959	0,772	0,943	0,897	0,948	0,903	0,783	0,803	0,774	0,713	0,696	0,759	0,787	0,613	0,771	0,749	0,912	0,855	1,122	1,088	0,986	0,875	0,938	0,862	1,003	0,994	0,772	0,940	0,998	0,781	0,802	0,830	0,708	0,789	0,708	0,734	0,730	0,763	0,760	0,734	0,773	0,880	0,809	0,094	0,809	0,092	0,747	0,091	0,879	0,091	0,875	0,093	1,034	0,094	1,023	0,941	0,947	0,959	0,940	0,857	0,927	0,989	0,968	0,982	0,946	1,077
6:28:04	37,0	0,914	0,915	0,847	0,907	0,935	0,965	1,033	0,889	0,895	0,898	0,938	0,916	0,689	0,798	0,628	0,761	0,682	0,777	0,684	0,671	0,704	0,738	0,810	0,791	0,990	0,932	0,884	0,949	0,881	0,880	0,978	0,789	0,954	0,912	0,957	0,924	0,792	0,824	0,783	0,728	0,703	0,776	0,791	0,618	0,780	0,768	0,924	0,873	1,141	1,107	1,013	0,890	0,962	0,891	1,011	1,014	0,796	0,963	1,012	0,802	0,825	0,847	0,720	0,804	0,727	0,748	0,744	0,783	0,779	0,754	0,789	0,902	0,829	0,094	0,827	0,091	0,765	0,091	0,897	0,090	0,891	0,093	1,044	0,094	1,039	0,965	0,968	0,985	0,959	0,883	0,952	1,012	0,984	1,005	0,963	1,095
6:38:04	37,0	0,929	0,928	0,860	0,924	0,946	0,980	1,049	0,899	0,910	0,913	0,942	0,929	0,701	0,822	0,632	0,777	0,685	0,789	0,691	0,681	0,714	0,743	0,811	0,809	1,004	0,951	0,901	0,970	0,893	0,900	0,991	0,807	0,977	0,930	0,967	0,945	0,799	0,844	0,794	0,735	0,713	0,789	0,816	0,623	0,792	0,775	0,927	0,890	1,155	1,121	1,028	0,909	0,978	0,908	1,028	1,030	0,816	0,973	1,023	0,817	0,849	0,864	0,740	0,819	0,742	0,761	0,757	0,793	0,791	0,768	0,797	0,919	0,843	0,094	0,841	0,091	0,785	0,091	0,915	0,091	0,906	0,093	1,054	0,093	1,057	0,990	0,985	1,008	0,980	0,913	0,971	1,033	1,001	1,030	0,973	1,115
6:48:04	37,0	0,944	0,940	0,871	0,938	0,957	0,990	1,060	0,912	0,926	0,926	0,949	0,941	0,711	0,841	0,640	0,791	0,694	0,805	0,696	0,692	0,722	0,766	0,816	0,827	1,018	0,962	0,917	0,981	0,906	0,918	1,010	0,821	0,994	0,948	0,978	0,966	0,808	0,859	0,801	0,749	0,717	0,804	0,834	0,629	0,801	0,788	0,934	0,901	1,170	1,140	1,043	0,924	0,991	0,927	1,045	1,043	0,826	0,993	1,034	0,836	0,868	0,882	0,756	0,834	0,766	0,774	0,774	0,812	0,807	0,785	0,814	0,936	0,861	0,094	0,859	0,091	0,802	0,091	0,934	0,090	0,925	0,093	1,064	0,094	1,080	1,014	1,001	1,030	0,999	0,937	0,992	1,051	1,015	1,053	0,983	1,133
6:58:04	37,0	0,959	0,956	0,884	0,952	0,972	1,008	1,068	0,925	0,943	0,940	0,966	0,957	0,722	0,861	0,645	0,809	0,700	0,820	0,707	0,702	0,732	0,782	0,823	0,844	1,039	0,979	0,931	0,996	0,924	0,935	1,029	0,837	1,008	0,965	0,991	0,991	0,817	0,878	0,814	0,755	0,728	0,806	0,851	0,638	0,815	0,797	0,950	0,919	1,186	1,154	1,067	0,940	1,008	0,942	1,060	1,067	0,836	1,010	1,046	0,854	0,889	0,900	0,773	0,854	0,775	0,788	0,790	0,828	0,828	0,802	0,823	0,954	0,882	0,094	0,878	0,092	0,820	0,091	0,953	0,090	0,938	0,093	1,076	0,094	1,098	1,036	1,019	1,052	1,017	0,963	1,009	1,068	1,030	1,073	1,002	1,151
7:08:04	37,0	0,973	0,969	0,895	0,964	0,982	1,015	1,078	0,937	0,949	0,952	0,961	0,967	0,729	0,882	0,651	0,822	0,708	0,835	0,715	0,715	0,740	0,785	0,820	0,856	1,051	0,993	0,945	1,012	0,934	0,948	1,034	0,856	1,019	0,978	0,989	1,017	0,824	0,888	0,823	0,768	0,734	0,823	0,845	0,645	0,821	0,809	0,944	0,922	1,201	1,173	1,088	0,958	1,026	0,959	1,073	1,071	0,849	1,026	1,050	0,877	0,909	0,917	0,783	0,868	0,791	0,802	0,802	0,846	0,842	0,814	0,824	0,971	0,896	0,094	0,891	0,092	0,833	0,091	0,965	0,091	0,954	0,093	1,080	0,094	1,115	1,055	1,033	1,069	1,034	0,985	1,026	1,081	1,042	1,094	1,010	1,166
7:18:04	37,0	0,987	0,982	0,911	0,977	0,998	1,034	1,089	0,955	0,971	0,974	0,992	0,987	0,741	0,898	0,660	0,833	0,714	0,846	0,719	0,728	0,745	0,805	0,840	0,876	1,068	1,009	0,960	1,028	0,951	0,969	1,063	0,868	1,036	0,992	1,012	1,039	0,834	0,907	0,833	0,777	0,736	0,828	0,867	0,654	0,844	0,821	0,972	0,944	1,212	1,188	1,118	0,968	1,037	0,977	1,095	1,089	0,881	1,044	1,069	0,890	0,929	0,932	0,802	0,884	0,809	0,821	0,818	0,862	0,859	0,842	0,850	0,989	0,916	0,094	0,907	0,091	0,854	0,090	0,983	0,090	0,967	0,093	1,095	0,093	1,129	1,075	1,050	1,085	1,049	1,006	1,047	1,094	1,059	1,110	1,031	1,183
7:28:04	37,0	0,999	0,995	0,924	0,987	1,009	1,042	1,097	0,964	0,989	0,981	0,996	0,997	0,748	0,916	0,665	0,854	0,722	0,864	0,730	0,742	0,755	0,820	0,852	0,889	1,078	1,022	0,973	1,042	0,967	0,994	1,077	0,885	1,047	1,010	1,022	1,056	0,841	0,919	0,842	0,788	0,742	0,839	0,887	0,662	0,850	0,829	0,979	0,955	1,226	1,198	1,132	0,983	1,049	0,992	1,104	1,101	0,896	1,060	1,084	0,908	0,951	0,952	0,819	0,899	0,831	0,839	0,832	0,882	0,877	0,860	0,865	1,010	0,928	0,094	0,922	0,092	0,869	0,091	0,998	0,090	0,979	0,093	1,106	0,094	1,150	1,088	1,064	1,098	1,067	1,025	1,062	1,108	1,072	1,126	1,040	1,196
7:38:04	37,0	1,011	1,006	0,935	1,000	1,021	1,049	1,106	0,975	0,996	0,993	0,996	1,007	0,758	0,929	0,670	0,869	0,729	0,875	0,735	0,750	0,762	0,826	0,847	0,902	1,091	1,032	0,984	1,058	0,981	1,004	1,084	0,899	1,060	1,027	1,024	1,072	0,848	0,931	0,854	0,796	0,751	0,852	0,889	0,664	0,865	0,834	0,982	0,962	1,238	1,211	1,144	0,998	1,062	1,008	1,115	1,118	0,896	1,074	1,089	0,919	0,970	0,968	0,835	0,923	0,846	0,855	0,848	0,898	0,893	0,873	0,863	1,023	0,940	0,094	0,932	0,092	0,885	0,091	1,009	0,090	0,992	0,093	1,111	0,094	1,167	1,101	1,080	1,113	1,083	1,041	1,079	1,120	1,085	1,140	1,052	1,213
7:48:04	37,0	1,021	1,018	0,948	1,010	1,032	1,059	1,112	0,985	1,011	1,002	0,999	1,017	0,766	0,943	0,675	0,880	0,737	0,890	0,741	0,756	0,766	0,834	0,844	0,911	1,103	1,043	0,999	1,070	0,991	1,016	1,098	0,907	1,068	1,038	1,028	1,088	0,857	0,944	0,862	0,804	0,754	0,864	0,897	0,668	0,876	0,841	0,985	0,970	1,247	1,223	1,165	1,012	1,072	1,021	1,127	1,129	0,906	1,089	1,093	0,932	0,986	0,984	0,848	0,938	0,856	0,863	0,863	0,916	0,910	0,888	0,865	1,040	0,952	0,094	0,945	0,092	0,900	0,091	1,020	0,091	1,000	0,093	1,117	0,094	1,178	1,115	1,097	1,124	1,099	1,061	1,097	1,128	1,099	1,154	1,068	1,227
7:58:04	37,0	1,032	1,027	0,959	1,018	1,042	1,064	1,118	0,993	1,017	1,014	1,001	1,023	0,772	0,958	0,678	0,893	0,743	0,902	0,746	0,769	0,772	0,842	0,845	0,921	1,114	1,053	1,010	1,083	1,006	1,026	1,107	0,918	1,079	1,053	1,031	1,101	0,863	0,953	0,867	0,814	0,759	0,867	0,904	0,670	0,882	0,848	0,987	0,976	1,256	1,233	1,174	1,025	1,085	1,037	1,137	1,137	0,921	1,102	1,098	0,945	1,002	0,999	0,856	0,953	0,868	0,876	0,879	0,931	0,924	0,908	0,869	1,051	0,962	0,094	0,955	0,092	0,912	0,091	1,032	0,090	1,008	0,093	1,120	0,094	1,189	1,125	1,109	1,135	1,111	1,072	1,113	1,134	1,110	1,165	1,077	1,237
8:08:04	37,0	1,042	1,039	0,975	1,026	1,055	1,081	1,128	1,008	1,036	1,024	1,030	1,037	0,782	0,972	0,687	0,908	0,747	0,913	0,755	0,781	0,779	0,861	0,868	0,936	1,127	1,071	1,026	1,095	1,021	1,042	1,131	0,934	1,097	1,064	1,054	1,116	0,872	0,967	0,877	0,825	0,760	0,875	0,927	0,676	0,899	0,858	1,011	0,994	1,264	1,242	1,192	1,036	1,097	1,054	1,157	1,151	0,945	1,116	1,115	0,958	1,017	1,016	0,874	0,964	0,891	0,896	0,892	0,943	0,938	0,931	0,892	1,066	0,976	0,094	0,963	0,092	0,925	0,091	1,044	0,090	1,023	0,093	1,133	0,093	1,200	1,137	1,123	1,146	1,122	1,091	1,128	1,144	1,123	1,179	1,091	1,253
8:18:04	37,0	1,052	1,046	0,983	1,034	1,061	1,083	1,135	1,012	1,045	1,029	1,024	1,042	0,786	0,987	0,693	0,920	0,748	0,924	0,755	0,793	0,788	0,873	0,871	0,946	1,138	1,078	1,038	1,107	1,034	1,064	1,138	0,950	1,108	1,080	1,056	1,126	0,878	0,978	0,886	0,832	0,769	0,887	0,949	0,681	0,907	0,865	1,006	0,999	1,275	1,253	1,205	1,049	1,107	1,066	1,164	1,166	0,958	1,131	1,121	0,973	1,031	1,029	0,886	0,982	0,903	0,922	0,904	0,960	0,949	0,944	0,900	1,080	0,984	0,094	0,973	0,092	0,937	0,091	1,054	0,091	1,027	0,093	1,133	0,094	1,213	1,149	1,135	1,153	1,137	1,106	1,143	1,154	1,135	1,192	1,098	1,266
8:28:04	37,0	1,060	1,054	0,995	1,042	1,070	1,089	1,142	1,020	1,055	1,038	1,033	1,049	0,793	0,995	0,696	0,927	0,753	0,934	0,759	0,797	0,793	0,886	0,872	0,958	1,149	1,087	1,049	1,118	1,044	1,075	1,150	0,962	1,119	1,099	1,062	1,137	0,885	0,989	0,892	0,841	0,774	0,892	0,947	0,684	0,917	0,870	1,016	1,010	1,280	1,261	1,214	1,060	1,117	1,081	1,173	1,179	0,965	1,143	1,127	0,985	1,042	1,039	0,896	0,992	0,925	0,935	0,917	0,970	0,964	0,959	0,903	1,090	0,992	0,094	0,981	0,091	0,948	0,090	1,066	0,090	1,033	0,093	1,141	0,093	1,220	1,162	1,151	1,163	1,148	1,121	1,156	1,161	1,145	1,206	1,103	1,278
8:38:04	37,0	1,067	1,060	1,003	1,049	1,078	1,096	1,147	1,026	1,061	1,048	1,034	1,056	0,799	1,004	0,701	0,938	0,758	0,949	0,766	0,808	0,800	0,896	0,872	0,969	1,156	1,098	1,059	1,130	1,056	1,085	1,155	0,971	1,128	1,111	1,065	1,148	0,892	0,998	0,903	0,849	0,777	0,901	0,950	0,688	0,924	0,878	1,016	1,013	1,285	1,269	1,219	1,073	1,127	1,091	1,183	1,188	0,978	1,153	1,129	0,995	1,052	1,049	0,905	1,003	0,927	0,943	0,926	0,981	0,976	0,968	0,903	1,101	1,000	0,094	0,989	0,092	0,958	0,091	1,076	0,091	1,041	0,093	1,141	0,094	1,227	1,174	1,161	1,172	1,157	1,136	1,167	1,171	1,154	1,220	1,113	1,289
8:48:04	37,0	1,075	1,069	1,013	1,056	1,089	1,106	1,155	1,038	1,076	1,056	1,051	1,067	0,806	1,014	0,706	0,947	0,762	0,958	0,772	0,817	0,805	0,907	0,882	0,980	1,167	1,106	1,071	1,140	1,070	1,098	1,173	0,984	1,141	1,118	1,078	1,159	0,900	1,006	0,909	0,856	0,779	0,907	0,962	0,690	0,936	0,882	1,030	1,027	1,291	1,273	1,233	1,084	1,139	1,102	1,196	1,198	0,989	1,167	1,137	1,008	1,063	1,058	0,916	1,012	0,943	0,953	0,938	0,991	0,978	0,985	0,914	1,115	1,010	0,095	1,001	0,092	0,969	0,091	1,087	0,091	1,050	0,093	1,150	0,094	1,232	1,189	1,174	1,183	1,169	1,152	1,177	1,179	1,167	1,235	1,126	1,301
8:58:04	37,0	1,082	1,077	1,022	1,062	1,095	1,112	1,164	1,044	1,082	1,060	1,050	1,071	0,810	1,021	0,710	0,957	0,767	0,967	0,776	0,826	0,811	0,915	0,885	0,987	1,176	1,118	1,082	1,150	1,081	1,113	1,181	0,994	1,151	1,134	1,082	1,168	0,907	1,017	0,917	0,864	0,785	0,915	0,975	0,696	0,942	0,888	1,032	1,034	1,297	1,282	1,238	1,093	1,147	1,117	1,202	1,206	1,000	1,172	1,143	1,018	1,075	1,067	0,928	1,026	0,962	0,971	0,948	1,004	0,991	0,996	0,921	1,122	1,018	0,094	1,007	0,092	0,979	0,091	1,096	0,090	1,054	0,093	1,154	0,094	1,240	1,204	1,185	1,196	1,178	1,168	1,189	1,190	1,177	1,247	1,128	1,308
9:08:04	37,0	1,090	1,082	1,028	1,068	1,102	1,116	1,168	1,048	1,089	1,067	1,051	1,078	0,814	1,026	0,714	0,964	0,774	0,974	0,783	0,835	0,815	0,916	0,880	0,996	1,183	1,128	1,093	1,162	1,092	1,121	1,185	1,004	1,158	1,139	1,083	1,176	0,912	1,025	0,924	0,869	0,788	0,918	0,980	0,698	0,946	0,890	1,032	1,037	1,301	1,289	1,242	1,101	1,153	1,121	1,210	1,209	1,006	1,178	1,142	1,024	1,082	1,075	0,936	1,035	0,962	0,976	0,953	1,016	1,006	1,006	0,913	1,130	1,024	0,094	1,014	0,092	0,985	0,091	1,103	0,091	1,061	0,093	1,153	0,094	1,244	1,216	1,196	1,206	1,185	1,183	1,195	1,196	1,185	1,255	1,136	1,314
9:18:04	37,0	1,097	1,088	1,035	1,076	1,110	1,124	1,176	1,059	1,100	1,076	1,060	1,086	0,818	1,031	0,717	0,970	0,777	0,984	0,787	0,840	0,821	0,925	0,881	1,004	1,192	1,134	1,103	1,173	1,101	1,130	1,196	1,016	1,165	1,148	1,088	1,185	0,918	1,033	0,931	0,875	0,793	0,927	0,985	0,699	0,955	0,897	1,039	1,045	1,307	1,292	1,250	1,109	1,163	1,134	1,218	1,214	1,012	1,185	1,141	1,035	1,090	1,084	0,945	1,041	0,971	0,982	0,965	1,020	1,011	1,013	0,915	1,137	1,032	0,094	1,020	0,091	0,993	0,091	1,110	0,090	1,071	0,093	1,158	0,094	1,248	1,228	1,205	1,211	1,193	1,195	1,204	1,205	1,193	1,263	1,145	1,322
9:28:04	37,0	1,104	1,094	1,041	1,080	1,117	1,127	1,182	1,062	1,101	1,079	1,054	1,090	0,822	1,039	0,720	0,979	0,780	0,993	0,792	0,849	0,825	0,931	0,882	1,010	1,199	1,143	1,116	1,181	1,112	1,137	1,202	1,022	1,175	1,154	1,090	1,194	0,922	1,039	0,939	0,881	0,796	0,934	0,991	0,700	0,962	0,900	1,035	1,051	1,309	1,298	1,254	1,115	1,174	1,141	1,222	1,216	1,024	1,192	1,143	1,043	1,097	1,091	0,951	1,050	0,978	0,991	0,973	1,030	1,020	1,024	0,915	1,145	1,038	0,095	1,029	0,092	0,999	0,091	1,118	0,091	1,074	0,093	1,156	0,094	1,249	1,238	1,210	1,220	1,197	1,207	1,212	1,209	1,200	1,270	1,144	1,326
9:38:04	37,0	1,111	1,102	1,050	1,082	1,124	1,137	1,187	1,070	1,114	1,087	1,077	1,100	0,829	1,046	0,723	0,986	0,782	1,000	0,795	0,860	0,829	0,947	0,902	1,017	1,210	1,149	1,129	1,189	1,122	1,148	1,218	1,039	1,188	1,161	1,106	1,202	0,927	1,048	0,945	0,887	0,799	0,940	1,002	0,707	0,975	0,908	1,057	1,063	1,313	1,301	1,261	1,121	1,181	1,151	1,234	1,227	1,038	1,203	1,152	1,052	1,104	1,097	0,959	1,054	0,991	1,008	0,983	1,036	1,026	1,035	0,930	1,158	1,046	0,094	1,036	0,092	1,008	0,091	1,128	0,090	1,080	0,093	1,165	0,094	1,253	1,247	1,216	1,224	1,202	1,214	1,214	1,214	1,208	1,277	1,155	1,334
9:48:04	37,0	1,118	1,108	1,057	1,088	1,130	1,143	1,193	1,076	1,118	1,092	1,079	1,104	0,832	1,051	0,727	0,994	0,786	1,006	0,796	0,869	0,835	0,956	0,907	1,023	1,216	1,156	1,138	1,197	1,133	1,158	1,223	1,043	1,196	1,182	1,109	1,209	0,933	1,054	0,952	0,894	0,806	0,946	1,013	0,710	0,981	0,915	1,056	1,070	1,318	1,306	1,270	1,130	1,186	1,162	1,236	1,235	1,046	1,206	1,157	1,059	1,111	1,105	0,964	1,064	1,004	1,020	0,991	1,044	1,033	1,043	0,935	1,160	1,051	0,094	1,041	0,091	1,016	0,090	1,135	0,090	1,087	0,093	1,168	0,094	1,259	1,254	1,224	1,229	1,211	1,221	1,223	1,216	1,214	1,282	1,157	1,340
9:58:04	37,0	1,126	1,114	1,064	1,094	1,138	1,150	1,198	1,084	1,131	1,102	1,089	1,111	0,835	1,056	0,730	0,999	0,787	1,014	0,799	0,878	0,839	0,963	0,912	1,029	1,225	1,166	1,147	1,204	1,141	1,167	1,232	1,054	1,206	1,186	1,115	1,216	0,938	1,062	0,962	0,902	0,809	0,955	1,022	0,716	0,992	0,919	1,064	1,079	1,321	1,312	1,271	1,136	1,191	1,167	1,243	1,238	1,052	1,214	1,157	1,067	1,118	1,113	0,973	1,073	1,010	1,026	1,000	1,052	1,043	1,051	0,940	1,169	1,056	0,095	1,046	0,092	1,022	0,091	1,141	0,091	1,091	0,093	1,172	0,094	1,258	1,261	1,229	1,234	1,216	1,227	1,229	1,222	1,222	1,288	1,157	1,345
10:08:04	37,0	1,131	1,119	1,069	1,099	1,142	1,151	1,202	1,088	1,127	1,099	1,076	1,113	0,836	1,059	0,733	1,006	0,796	1,021	0,807	0,880	0,844	0,964	0,900	1,032	1,229	1,172	1,157	1,210	1,147	1,171	1,233	1,060	1,210	1,188	1,107	1,224	0,941	1,065	0,967	0,909	0,815	0,958	1,020	0,717	0,995	0,919	1,052	1,079	1,323	1,316	1,272	1,141	1,197	1,170	1,246	1,237	1,056	1,215	1,154	1,074	1,122	1,117	0,978	1,077	1,014	1,029	1,002	1,055	1,044	1,054	0,929	1,169	1,059	0,095	1,052	0,092	1,028	0,091	1,147	0,091	1,095	0,093	1,164	0,094	1,255	1,266	1,229	1,239	1,219	1,235	1,233	1,223	1,223	1,290	1,154	1,345
10:18:04	37,0	1,139	1,125	1,075	1,102	1,150	1,159	1,208	1,097	1,140	1,111	1,094	1,121	0,842	1,068	0,737	1,013	0,797	1,023	0,807	0,891	0,849	0,970	0,911	1,038	1,238	1,177	1,167	1,219	1,158	1,181	1,246	1,068	1,221	1,198	1,122	1,228	0,946	1,071	0,972	0,916	0,817	0,964	1,028	0,720	1,002	0,929	1,069	1,088	1,326	1,320	1,279	1,146	1,202	1,185	1,252	1,248	1,070	1,219	1,161	1,082	1,127	1,123	0,984	1,080	1,028	1,040	1,011	1,062	1,051	1,062	0,941	1,179	1,066	0,094	1,058	0,092	1,035	0,091	1,154	0,090	1,101	0,093	1,173	0,094	1,256	1,271	1,236	1,242	1,225	1,242	1,236	1,227	1,231	1,295	1,165	1,351
10:28:04	37,0	1,144	1,129	1,082	1,107	1,156	1,163	1,213	1,099	1,146	1,114	1,095	1,127	0,846	1,071	0,739	1,016	0,801	1,030	0,809	0,899	0,853	0,976	0,915	1,042	1,243	1,186	1,176	1,226	1,167	1,186	1,250	1,076	1,228	1,207	1,126	1,235	0,953	1,077	0,979	0,927	0,822	0,971	1,039	0,725	1,012	0,933	1,070	1,091	1,329	1,323	1,283	1,154	1,206	1,191	1,256	1,252	1,081	1,223	1,162	1,089	1,131	1,129	0,992	1,089	1,031	1,046	1,016	1,070	1,058	1,069	0,950	1,180	1,071	0,094	1,066	0,092	1,042	0,091	1,159	0,091	1,106	0,093	1,175	0,094	1,255	1,277	1,236	1,246	1,230	1,246	1,240	1,231	1,236	1,300	1,165	1,355
10:38:04	37,0	1,150	1,135	1,089	1,112	1,162	1,169	1,217	1,106	1,155	1,120	1,101	1,131	0,847	1,075	0,742	1,022	0,804	1,036	0,817	0,902	0,857	0,977	0,912	1,047	1,249	1,189	1,185	1,234	1,173	1,193	1,256	1,081	1,234	1,213	1,128	1,240	0,958	1,082	0,986	0,929	0,827	0,977	1,042	0,728	1,020	0,936	1,074	1,096	1,332	1,327	1,288	1,160	1,210	1,195	1,261	1,254	1,080	1,228	1,165	1,095	1,137	1,133	0,995	1,095	1,037	1,052	1,020	1,075	1,064	1,075	0,950	1,185	1,075	0,094	1,072	0,092	1,048	0,091	1,165	0,090	1,110	0,093	1,177	0,094	1,255	1,282	1,240	1,251	1,234	1,254	1,244	1,232	1,238	1,303	1,166	1,359
10:48:04	37,0	1,156	1,139	1,093	1,113	1,167	1,172	1,222	1,109	1,156	1,124	1,101	1,133	0,850	1,079	0,745	1,027	0,807	1,042	0,819	0,911	0,862	0,985	0,915	1,050	1,254	1,194	1,194	1,240	1,181	1,201	1,260	1,088	1,243	1,214	1,131	1,245	0,960	1,086	0,991	0,935	0,829	0,982	1,045	0,729	1,027	0,942	1,076	1,102	1,334	1,328	1,287	1,165	1,216	1,198	1,262	1,256	1,095	1,234	1,165	1,101	1,141	1,138	1,001	1,101	1,042	1,058	1,026	1,081	1,069	1,080	0,952	1,191	1,077	0,095	1,074	0,092	1,054	0,091	1,171	0,091	1,114	0,093	1,178	0,094	1,254	1,284	1,240	1,252	1,236	1,258	1,248	1,233	1,240	1,306	1,166	1,362
10:58:04	37,0	1,162	1,147	1,100	1,119	1,172	1,180	1,228	1,117	1,167	1,132	1,116	1,144	0,855	1,084	0,747	1,032	0,814	1,046	0,827	0,918	0,862	0,997	0,925	1,055	1,262	1,200	1,204	1,246	1,191	1,209	1,271	1,097	1,252	1,221	1,140	1,253	0,963	1,090	0,997	0,943	0,831	0,989	1,054	0,736	1,040	0,948	1,089	1,109	1,334	1,332	1,292	1,170	1,221	1,202	1,268	1,262	1,101	1,237	1,170	1,108	1,145	1,143	1,005	1,107	1,048	1,064	1,030	1,083	1,073	1,087	0,962	1,196	1,083	0,094	1,081	0,092	1,057	0,091	1,177	0,091	1,119	0,093	1,179	0,094	1,254	1,289	1,242	1,254	1,239	1,263	1,250	1,237	1,246	1,308	1,172	1,365
11:08:04	37,0	1,167	1,151	1,105	1,123	1,179	1,181	1,232	1,119	1,173	1,135	1,119	1,147	0,859	1,087	0,750	1,037	0,812	1,050	0,830	0,926	0,866	1,000	0,931	1,059	1,267	1,207	1,213	1,250	1,198	1,218	1,276	1,105	1,256	1,231	1,144	1,256	0,967	1,096	1,000	0,951	0,835	0,993	1,060	0,741	1,048	0,954	1,090	1,116	1,337	1,337	1,300	1,172	1,226	1,209	1,273	1,269	1,110	1,243	1,170	1,114	1,148	1,148	1,008	1,114	1,055	1,071	1,037	1,088	1,079	1,094	0,971	1,199	1,087	0,094	1,085	0,092	1,063	0,091	1,180	0,090	1,122	0,093	1,182	0,094	1,256	1,291	1,246	1,258	1,244	1,266	1,253	1,238	1,248	1,310	1,174	1,369
11:18:04	37,0	1,170	1,157	1,111	1,128	1,185	1,185	1,235	1,126	1,177	1,139	1,121	1,153	0,863	1,092	0,753	1,042	0,815	1,054	0,829	0,928	0,872	1,003	0,927	1,063	1,271	1,214	1,218	1,254	1,204	1,221	1,280	1,108	1,262	1,240	1,144	1,260	0,972	1,099	1,004	0,953	0,841	0,999	1,064	0,740	1,050	0,956	1,091	1,119	1,338	1,338	1,301	1,177	1,228	1,215	1,275	1,268	1,116	1,245	1,173	1,117	1,152	1,151	1,011	1,119	1,060	1,077	1,041	1,093	1,083	1,095	0,967	1,205	1,090	0,094	1,090	0,092	1,070	0,091	1,185	0,091	1,126	0,093	1,184	0,094	1,253	1,295	1,247	1,261	1,245	1,271	1,255	1,238	1,250	1,312	1,173	1,371
11:28:04	37,0	1,172	1,159	1,115	1,131	1,189	1,188	1,236	1,129	1,177	1,140	1,115	1,153	0,864	1,093	0,755	1,046	0,821	1,057	0,836	0,926	0,873	1,001	0,913	1,063	1,272	1,217	1,226	1,261	1,209	1,226	1,280	1,114	1,265	1,238	1,137	1,262	0,973	1,101	1,007	0,957	0,842	1,000	1,063	0,739	1,054	0,957	1,084	1,120	1,338	1,340	1,299	1,182	1,232	1,215	1,275	1,267	1,117	1,248	1,168	1,121	1,155	1,154	1,018	1,123	1,060	1,078	1,043	1,095	1,087	1,095	0,958	1,203	1,091	0,094	1,093	0,092	1,071	0,091	1,189	0,091	1,131	0,093	1,178	0,094	1,250	1,296	1,246	1,260	1,244	1,274	1,259	1,236	1,251	1,312	1,169	1,370
11:38:04	37,0	1,179	1,165	1,122	1,135	1,195	1,195	1,241	1,138	1,187	1,151	1,134	1,159	0,870	1,095	0,758	1,049	0,822	1,059	0,843	0,935	0,876	1,009	0,928	1,070	1,280	1,222	1,234	1,266	1,217	1,232	1,291	1,119	1,272	1,244	1,152	1,268	0,975	1,105	1,012	0,962	0,843	1,006	1,071	0,744	1,063	0,962	1,100	1,127	1,340	1,343	1,302	1,183	1,237	1,218	1,279	1,276	1,124	1,248	1,173	1,127	1,158	1,159	1,025	1,126	1,068	1,085	1,049	1,099	1,092	1,102	0,973	1,214	1,098	0,094	1,100	0,092	1,082	0,091	1,192	0,090	1,135	0,093	1,187	0,094	1,252	1,297	1,246	1,259	1,245	1,277	1,257	1,239	1,254	1,315	1,179	1,374
11:48:04	37,0	1,183	1,169	1,126	1,140	1,199	1,196	1,247	1,142	1,189	1,149	1,128	1,162	0,874	1,099	0,760	1,055	0,827	1,063	0,844	0,936	0,880	1,007	0,920	1,072	1,284	1,225	1,241	1,271	1,222	1,234	1,293	1,123	1,276	1,253	1,147	1,270	0,977	1,110	1,016	0,966	0,848	1,010	1,074	0,744	1,067	0,966	1,093	1,128	1,341	1,347	1,305	1,190	1,239	1,225	1,281	1,277	1,128	1,254	1,176	1,129	1,161	1,162	1,027	1,130	1,068	1,087	1,053	1,103	1,094	1,106	0,965	1,213	1,101	0,094	1,105	0,092	1,083	0,091	1,199	0,091	1,139	0,093	1,183	0,094	1,249	1,297	1,246	1,262	1,247	1,279	1,260	1,239	1,254	1,314	1,172	1,376
11:58:04	37,0	1,188	1,174	1,132	1,143	1,205	1,200	1,250	1,145	1,194	1,155	1,136	1,167	0,881	1,102	0,763	1,054	0,827	1,067	0,845	0,940	0,883	1,010	0,919	1,075	1,288	1,230	1,246	1,275	1,228	1,241	1,296	1,127	1,281	1,250	1,149	1,274	0,980	1,112	1,022	0,970	0,850	1,012	1,077	0,746	1,071	0,970	1,101	1,133	1,342	1,349	1,306	1,196	1,241	1,228	1,284	1,278	1,131	1,255	1,173	1,134	1,162	1,167	1,030	1,135	1,073	1,095	1,057	1,112	1,103	1,109	0,971	1,218	1,105	0,094	1,109	0,092	1,088	0,091	1,202	0,091	1,145	0,093	1,186	0,094	1,249	1,300	1,248	1,263	1,248	1,281	1,260	1,237	1,254	1,315	1,178	1,378
12:08:04	37,0	1,192	1,178	1,135	1,144	1,208	1,201	1,251	1,147	1,194	1,153	1,127	1,166	0,883	1,104	0,762	1,061	0,834	1,070	0,851	0,940	0,883	1,014	0,903	1,076	1,288	1,236	1,252	1,279	1,230	1,244	1,300	1,131	1,283	1,254	1,141	1,275	0,979	1,113	1,023	0,973	0,850	1,011	1,079	0,744	1,071	0,967	1,090	1,134	1,341	1,346	1,303	1,197	1,245	1,230	1,282	1,273	1,130	1,257	1,169	1,136	1,164	1,169	1,032	1,136	1,074	1,095	1,058	1,108	1,102	1,111	0,964	1,217	1,106	0,095	1,113	0,092	1,092	0,091	1,204	0,091	1,146	0,093	1,179	0,094	1,244	1,300	1,246	1,262	1,242	1,283	1,260	1,234	1,253	1,313	1,171	1,375
12:18:04	37,0	1,197	1,183	1,140	1,148	1,214	1,207	1,257	1,151	1,204	1,162	1,141	1,172	0,890	1,106	0,767	1,062	0,836	1,071	0,856	0,948	0,886	1,021	0,919	1,080	1,294	1,238	1,256	1,285	1,237	1,248	1,307	1,138	1,288	1,261	1,152	1,279	0,981	1,116	1,029	0,978	0,852	1,018	1,083	0,748	1,080	0,970	1,102	1,138	1,341	1,348	1,304	1,199	1,247	1,233	1,284	1,282	1,138	1,257	1,171	1,142	1,167	1,172	1,037	1,140	1,077	1,099	1,063	1,111	1,104	1,116	0,975	1,224	1,112	0,094	1,119	0,092	1,098	0,091	1,206	0,091	1,149	0,093	1,184	0,094	1,247	1,299	1,246	1,262	1,247	1,284	1,259	1,236	1,257	1,315	1,178	1,379
12:28:04	37,0	1,200	1,186	1,145	1,152	1,218	1,209	1,258	1,155	1,208	1,164	1,146	1,176	0,894	1,109	0,769	1,066	0,835	1,074	0,852	0,951	0,891	1,023	0,923	1,084	1,297	1,243	1,262	1,286	1,242	1,253	1,309	1,141	1,291	1,268	1,155	1,280	0,983	1,119	1,031	0,981	0,856	1,021	1,090	0,750	1,083	0,976	1,105	1,143	1,340	1,349	1,307	1,204	1,248	1,238	1,288	1,283	1,146	1,260	1,172	1,145	1,171	1,177	1,042	1,144	1,079	1,104	1,068	1,115	1,108	1,122	0,978	1,224	1,115	0,094	1,122	0,092	1,103	0,091	1,210	0,091	1,153	0,093	1,187	0,094	1,244	1,300	1,244	1,262	1,248	1,285	1,262	1,236	1,256	1,314	1,174	1,381
12:38:04	37,0	1,204	1,190	1,150	1,155	1,223	1,211	1,261	1,159	1,210	1,166	1,146	1,178	0,897	1,111	0,772	1,069	0,838	1,077	0,856	0,955	0,894	1,023	0,922	1,086	1,300	1,247	1,265	1,292	1,247	1,257	1,313	1,149	1,295	1,274	1,154	1,282	0,986	1,124	1,036	0,985	0,857	1,026	1,095	0,752	1,085	0,978	1,105	1,145	1,340	1,351	1,307	1,208	1,250	1,240	1,288	1,282	1,147	1,266	1,173	1,147	1,173	1,180	1,046	1,147	1,084	1,108	1,071	1,120	1,112	1,125	0,980	1,230	1,118	0,094	1,126	0,092	1,108	0,091	1,212	0,091	1,157	0,093	1,185	0,094	1,244	1,298	1,244	1,262	1,247	1,285	1,264	1,235	1,257	1,315	1,173	1,381
12:48:04	37,0	1,205	1,192	1,152	1,155	1,224	1,213	1,262	1,159	1,207	1,165	1,137	1,177	0,896	1,113	0,773	1,069	0,845	1,077	0,861	0,951	0,892	1,025	0,907	1,085	1,301	1,248	1,268	1,294	1,249	1,259	1,313	1,151	1,294	1,268	1,144	1,282	0,984	1,125	1,039	0,986	0,860	1,026	1,093	0,750	1,088	0,975	1,096	1,145	1,338	1,350	1,304	1,208	1,252	1,240	1,288	1,278	1,147	1,265	1,168	1,148	1,173	1,182	1,048	1,148	1,084	1,108	1,072	1,121	1,115	1,125	0,970	1,228	1,119	0,095	1,127	0,092	1,109	0,091	1,215	0,091	1,157	0,093	1,175	0,094	1,239	1,299	1,241	1,261	1,240	1,284	1,259	1,233	1,253	1,312	1,166	1,378
12:58:04	37,0	1,211	1,197	1,157	1,159	1,230	1,219	1,267	1,163	1,218	1,174	1,152	1,183	0,902	1,117	0,777	1,074	0,845	1,079	0,863	0,959	0,895	1,026	0,916	1,090	1,304	1,252	1,273	1,298	1,253	1,263	1,319	1,155	1,298	1,275	1,154	1,284	0,987	1,127	1,041	0,989	0,861	1,032	1,098	0,752	1,092	0,981	1,107	1,152	1,337	1,349	1,304	1,210	1,252	1,243	1,292	1,284	1,152	1,264	1,171	1,154	1,176	1,185	1,051	1,155	1,089	1,112	1,075	1,122	1,116	1,129	0,980	1,234	1,124	0,094	1,131	0,092	1,115	0,091	1,216	0,091	1,163	0,093	1,181	0,094	1,241	1,298	1,242	1,259	1,243	1,285	1,261	1,232	1,255	1,314	1,174	1,381
13:08:04	37,0	1,213	1,200	1,162	1,161	1,234	1,219	1,269	1,169	1,218	1,175	1,157	1,186	0,907	1,119	0,778	1,077	0,848	1,082	0,864	0,958	0,900	1,026	0,919	1,092	1,306	1,256	1,277	1,300	1,257	1,267	1,320	1,159	1,300	1,278	1,156	1,284	0,988	1,129	1,045	0,991	0,863	1,034	1,103	0,754	1,095	0,986	1,107	1,153	1,337	1,351	1,307	1,213	1,253	1,246	1,290	1,284	1,155	1,267	1,169	1,155	1,179	1,188	1,057	1,159	1,094	1,118	1,079	1,128	1,122	1,134	0,984	1,235	1,128	0,094	1,135	0,092	1,117	0,091	1,219	0,091	1,165	0,093	1,181	0,094	1,240	1,297	1,242	1,260	1,244	1,284	1,263	1,232	1,255	1,315	1,171	1,382
13:18:04	37,0	1,215	1,204	1,166	1,165	1,238	1,224	1,271	1,173	1,224	1,179	1,162	1,189	0,908	1,120	0,781	1,077	0,850	1,084	0,867	0,963	0,900	1,029	0,921	1,096	1,310	1,259	1,281	1,303	1,261	1,271	1,323	1,163	1,301	1,280	1,157	1,285	0,989	1,132	1,048	0,995	0,863	1,037	1,108	0,756	1,099	0,986	1,112	1,158	1,335	1,351	1,305	1,213	1,254	1,248	1,292	1,286	1,160	1,264	1,170	1,158	1,181	1,191	1,060	1,163	1,096	1,121	1,082	1,131	1,125	1,137	0,987	1,236	1,133	0,094	1,137	0,092	1,126	0,091	1,220	0,091	1,167	0,093	1,185	0,094	1,237	1,296	1,238	1,260	1,244	1,283	1,263	1,232	1,253	1,315	1,173	1,383
13:28:04	37,0	1,218	1,205	1,169	1,167	1,240	1,226	1,272	1,176	1,225	1,181	1,159	1,192	0,908	1,123	0,781	1,080	0,856	1,085	0,874	0,962	0,903	1,032	0,912	1,097	1,309	1,260	1,282	1,304	1,263	1,274	1,324	1,164	1,301	1,279	1,151	1,284	0,988	1,133	1,050	0,995	0,867	1,036	1,105	0,754	1,098	0,989	1,108	1,157	1,333	1,351	1,303	1,216	1,255	1,250	1,290	1,284	1,156	1,268	1,166	1,160	1,181	1,194	1,063	1,164	1,098	1,120	1,084	1,130	1,125	1,136	0,982	1,236	1,133	0,094	1,140	0,092	1,123	0,091	1,224	0,091	1,171	0,093	1,178	0,094	1,236	1,295	1,239	1,260	1,242	1,283	1,260	1,228	1,252	1,313	1,171	1,382
13:38:04	37,0	1,224	1,212	1,175	1,170	1,246	1,232	1,276	1,178	1,231	1,186	1,177	1,196	0,911	1,125	0,784	1,083	0,860	1,086	0,877	0,963	0,905	1,031	0,921	1,101	1,312	1,263	1,286	1,308	1,267	1,276	1,329	1,169	1,305	1,281	1,163	1,286	0,991	1,135	1,053	0,999	0,871	1,038	1,108	0,756	1,103	0,995	1,120	1,162	1,333	1,351	1,303	1,217	1,256	1,252	1,292	1,289	1,162	1,270	1,171	1,161	1,184	1,199	1,065	1,166	1,102	1,124	1,090	1,136	1,128	1,143	0,993	1,243	1,138	0,094	1,142	0,092	1,128	0,091	1,228	0,091	1,172	0,093	1,187	0,094	1,234	1,296	1,240	1,260	1,242	1,285	1,259	1,229	1,252	1,314	1,176	1,382
13:48:04	37,0	1,222	1,210	1,174	1,172	1,248	1,230	1,276	1,179	1,229	1,183	1,165	1,193	0,908	1,127	0,785	1,084	0,861	1,088	0,879	0,966	0,904	1,032	0,914	1,100	1,313	1,265	1,288	1,309	1,267	1,278	1,326	1,172	1,304	1,280	1,151	1,283	0,990	1,137	1,055	1,002	0,871	1,042	1,109	0,754	1,104	0,995	1,105	1,161	1,331	1,349	1,301	1,220	1,256	1,253	1,290	1,286	1,161	1,269	1,163	1,163	1,185	1,200	1,067	1,170	1,101	1,125	1,091	1,135	1,131	1,144	0,985	1,239	1,139	0,095	1,144	0,092	1,129	0,091	1,227	0,091	1,172	0,093	1,176	0,094	1,232	1,292	1,235	1,260	1,238	1,282	1,258	1,228	1,249	1,312	1,163	1,378
13:58:04	37,0	1,225	1,214	1,180	1,176	1,251	1,239	1,279	1,183	1,238	1,191	1,181	1,199	0,911	1,128	0,789	1,085	0,866	1,089	0,886	0,975	0,908	1,042	0,932	1,104	1,316	1,268	1,289	1,310	1,269	1,283	1,331	1,179	1,304	1,283	1,159	1,284	0,991	1,139	1,060	1,004	0,870	1,044	1,114	0,761	1,111	0,996	1,122	1,165	1,330	1,346	1,299	1,220	1,257	1,252	1,290	1,289	1,168	1,269	1,165	1,168	1,188	1,203	1,074	1,173	1,107	1,129	1,093	1,139	1,135	1,148	0,996	1,241	1,143	0,094	1,147	0,092	1,136	0,091	1,229	0,091	1,174	0,093	1,185	0,094	1,230	1,293	1,233	1,258	1,241	1,282	1,257	1,227	1,251	1,312	1,172	1,379
14:08:04	37,0	1,226	1,217	1,183	1,177	1,254	1,234	1,282	1,186	1,236	1,189	1,175	1,199	0,909	1,129	0,790	1,088	0,866	1,092	0,882	0,974	0,911	1,036	0,927	1,106	1,316	1,269	1,289	1,311	1,270	1,283	1,331	1,181	1,306	1,293	1,157	1,283	0,992	1,141	1,061	1,004	0,873	1,046	1,116	0,762	1,111	1,000	1,116	1,166	1,327	1,348	1,300	1,222	1,258	1,253	1,290	1,290	1,168	1,270	1,166	1,168	1,190	1,204	1,078	1,176	1,111	1,129	1,098	1,139	1,135	1,150	0,990	1,237	1,144	0,095	1,149	0,092	1,140	0,091	1,230	0,091	1,175	0,093	1,177	0,094	1,229	1,290	1,234	1,259	1,237	1,282	1,258	1,227	1,249	1,315	1,162	1,379
14:18:04	37,0	1,227	1,218	1,186	1,177	1,257	1,237	1,282	1,187	1,236	1,192	1,179	1,200	0,909	1,131	0,793	1,091	0,866	1,092	0,886	0,975	0,909	1,038	0,926	1,106	1,315	1,269	1,291	1,311	1,271	1,286	1,332	1,181	1,305	1,289	1,154	1,281	0,992	1,142	1,063	1,006	0,872	1,048	1,123	0,762	1,112	0,999	1,113	1,167	1,326	1,346	1,299	1,220	1,256	1,252	1,288	1,283	1,169	1,268	1,161	1,169	1,189	1,206	1,079	1,178	1,114	1,135	1,100	1,144	1,139	1,151	0,997	1,241	1,144	0,095	1,150	0,092	1,143	0,091	1,228	0,091	1,178	0,093	1,182	0,094	1,228	1,288	1,230	1,256	1,237	1,277	1,256	1,226	1,246	1,313	1,161	1,379
14:28:04	37,0	1,228	1,219	1,187	1,179	1,259	1,240	1,283	1,190	1,238	1,193	1,173	1,201	0,911	1,132	0,795	1,090	0,875	1,093	0,890	0,971	0,912	1,037	0,912	1,109	1,315	1,269	1,292	1,313	1,271	1,285	1,330	1,182	1,305	1,281	1,149	1,278	0,991	1,141	1,064	1,006	0,873	1,050	1,118	0,761	1,109	1,000	1,107	1,166	1,323	1,345	1,295	1,221	1,256	1,252	1,286	1,280	1,166	1,270	1,157	1,168	1,190	1,207	1,081	1,178	1,115	1,134	1,102	1,143	1,140	1,151	0,987	1,243	1,146	0,095	1,153	0,092	1,143	0,091	1,229	0,091	1,179	0,093	1,173	0,094	1,224	1,288	1,228	1,257	1,234	1,279	1,253	1,220	1,244	1,312	1,155	1,377
14:38:04	37,0	1,228	1,221	1,189	1,180	1,260	1,241	1,284	1,190	1,240	1,194	1,173	1,202	0,907	1,134	0,796	1,090	0,875	1,093	0,891	0,974	0,908	1,040	0,903	1,107	1,315	1,269	1,291	1,313	1,270	1,286	1,328	1,183	1,303	1,281	1,144	1,276	0,989	1,141	1,065	1,008	0,873	1,050	1,120	0,759	1,109	1,000	1,105	1,166	1,321	1,343	1,295	1,220	1,255	1,251	1,284	1,276	1,166	1,269	1,152	1,168	1,190	1,209	1,081	1,178	1,116	1,135	1,104	1,144	1,141	1,154	0,985	1,241	1,145	0,094	1,155	0,092	1,142	0,091	1,229	0,091	1,180	0,093	1,173	0,094	1,223	1,287	1,225	1,255	1,229	1,276	1,252	1,221	1,240	1,312	1,155	1,379
14:48:04	37,0	1,233	1,225	1,193	1,183	1,264	1,247	1,284	1,195	1,246	1,200	1,188	1,205	0,910	1,136	0,800	1,093	0,880	1,094	0,896	0,983	0,908	1,048	0,926	1,112	1,317	1,270	1,294	1,313	1,272	1,291	1,333	1,188	1,302	1,284	1,157	1,276	0,988	1,141	1,069	1,013	0,873	1,053	1,125	0,765	1,119	1,005	1,118	1,172	1,321	1,340	1,293	1,220	1,254	1,252	1,286	1,282	1,173	1,271	1,154	1,173	1,193	1,210	1,086	1,181	1,120	1,141	1,106	1,145	1,145	1,157	0,997	1,244	1,150	0,095	1,157	0,092	1,146	0,091	1,231	0,091	1,181	0,093	1,176	0,094	1,221	1,287	1,226	1,256	1,232	1,276	1,254	1,221	1,242	1,310	1,162	1,377
14:58:04	37,0	1,232	1,226	1,195	1,184	1,265	1,245	1,288	1,195	1,243	1,197	1,185	1,207	0,909	1,137	0,803	1,095	0,875	1,097	0,889	0,979	0,911	1,040	0,920	1,111	1,318	1,271	1,293	1,312	1,272	1,289	1,332	1,188	1,302	1,289	1,152	1,272	0,988	1,142	1,071	1,012	0,876	1,055	1,125	0,762	1,116	1,006	1,110	1,169	1,317	1,341	1,293	1,222	1,252	1,252	1,282	1,279	1,174	1,272	1,156	1,171	1,195	1,212	1,088	1,182	1,120	1,142	1,110	1,143	1,144	1,157	0,996	1,243	1,150	0,095	1,158	0,092	1,145	0,091	1,231	0,090	1,180	0,093	1,171	0,094	1,222	1,287	1,224	1,254	1,231	1,276	1,251	1,222	1,240	1,310	1,152	1,375
15:08:04	37,0	1,233	1,228	1,196	1,185	1,269	1,247	1,287	1,197	1,245	1,201	1,189	1,208	0,910	1,138	0,805	1,095	0,874	1,096	0,890	0,981	0,909	1,041	0,918	1,113	1,317	1,270	1,293	1,311	1,271	1,288	1,330	1,189	1,301	1,286	1,151	1,270	0,990	1,141	1,071	1,012	0,875	1,056	1,131	0,764	1,117	1,007	1,113	1,171	1,315	1,338	1,290	1,221	1,250	1,252	1,281	1,278	1,174	1,269	1,151	1,173	1,194	1,214	1,091	1,185	1,123	1,145	1,114	1,148	1,148	1,159	0,999	1,242	1,151	0,095	1,159	0,092	1,150	0,091	1,228	0,091	1,181	0,093	1,177	0,094	1,219	1,284	1,223	1,254	1,228	1,276	1,249	1,221	1,238	1,311	1,151	1,375
15:18:04	37,0	1,233	1,230	1,197	1,184	1,268	1,247	1,289	1,196	1,243	1,198	1,176	1,207	0,909	1,139	0,804	1,096	0,877	1,097	0,891	0,978	0,906	1,043	0,900	1,113	1,315	1,268	1,293	1,310	1,268	1,287	1,326	1,188	1,299	1,278	1,139	1,267	0,986	1,141	1,071	1,011	0,875	1,056	1,126	0,762	1,112	1,005	1,101	1,168	1,313	1,335	1,288	1,220	1,249	1,248	1,278	1,272	1,167	1,268	1,146	1,171	1,194	1,215	1,091	1,184	1,125	1,145	1,114	1,147	1,149	1,159	0,985	1,240	1,151	0,095	1,159	0,092	1,151	0,091	1,228	0,091	1,181	0,093	1,165	0,094	1,215	1,282	1,217	1,252	1,222	1,273	1,246	1,218	1,232	1,309	1,143	1,373
15:28:04	37,0	1,235	1,230	1,200	1,190	1,269	1,252	1,288	1,202	1,252	1,203	1,188	1,212	0,908	1,140	0,807	1,095	0,875	1,097	0,890	0,984	0,905	1,042	0,911	1,115	1,315	1,268	1,292	1,310	1,270	1,286	1,329	1,189	1,297	1,280	1,147	1,267	0,985	1,141	1,073	1,012	0,874	1,059	1,130	0,763	1,116	1,008	1,111	1,172	1,312	1,333	1,288	1,218	1,246	1,248	1,280	1,276	1,172	1,268	1,148	1,175	1,194	1,215	1,094	1,186	1,128	1,149	1,116	1,147	1,149	1,160	0,994	1,242	1,153	0,095	1,164	0,092	1,151	0,091	1,230	0,091	1,183	0,093	1,170	0,094	1,211	1,284	1,217	1,254	1,225	1,273	1,246	1,213	1,234	1,308	1,151	1,373
15:38:04	36,9	1,235	1,231	1,200	1,189	1,269	1,249	1,290	1,200	1,247	1,200	1,186	1,209	0,905	1,140	0,806	1,096	0,875	1,097	0,888	0,980	0,904	1,040	0,906	1,114	1,314	1,268	1,293	1,309	1,267	1,285	1,323	1,189	1,296	1,276	1,144	1,263	0,984	1,141	1,074	1,014	0,876	1,057	1,127	0,762	1,114	1,010	1,102	1,169	1,309	1,330	1,285	1,220	1,244	1,248	1,273	1,274	1,169	1,266	1,143	1,172	1,196	1,216	1,096	1,186	1,126	1,149	1,117	1,145	1,150	1,162	0,989	1,237	1,153	0,095	1,163	0,092	1,151	0,091	1,229	0,091	1,183	0,093	1,165	0,094	1,212	1,283	1,215	1,251	1,223	1,274	1,242	1,214	1,229	1,306	1,140	1,370
15:48:04	37,0	1,237	1,233	1,203	1,191	1,272	1,253	1,290	1,204	1,247	1,203	1,192	1,212	0,905	1,141	0,807	1,099	0,873	1,098	0,885	0,982	0,904	1,040	0,908	1,114	1,313	1,266	1,292	1,308	1,267	1,284	1,323	1,191	1,295	1,275	1,145	1,261	0,985	1,141	1,076	1,015	0,877	1,060	1,130	0,762	1,116	1,014	1,108	1,172	1,309	1,331	1,285	1,218	1,242	1,248	1,275	1,273	1,169	1,265	1,142	1,173	1,197	1,217	1,099	1,189	1,131	1,151	1,121	1,152	1,154	1,163	0,997	1,241	1,155	0,095	1,165	0,092	1,152	0,091	1,225	0,091	1,184	0,093	1,171	0,094	1,208	1,280	1,215	1,251	1,220	1,273	1,243	1,215	1,227	1,308	1,140	1,372
15:58:04	37,0	1,235	1,232	1,200	1,190	1,274	1,253	1,293	1,201	1,247	1,202	1,183	1,210	0,903	1,141	0,806	1,097	0,875	1,096	0,887	0,979	0,899	1,040	0,897	1,114	1,312	1,266	1,290	1,308	1,265	1,281	1,320	1,187	1,293	1,270	1,136	1,258	0,983	1,141	1,075	1,014	0,875	1,060	1,129	0,760	1,113	1,010	1,099	1,169	1,306	1,327	1,283	1,216	1,240	1,244	1,271	1,265	1,166	1,263	1,139	1,171	1,196	1,217	1,098	1,190	1,130	1,150	1,121	1,151	1,156	1,161	0,988	1,241	1,154	0,095	1,163	0,092	1,152	0,091	1,223	0,091	1,184	0,093	1,162	0,094	1,206	1,278	1,210	1,249	1,217	1,273	1,238	1,212	1,224	1,304	1,135	1,368
16:08:04	37,0	1,237	1,235	1,202	1,193	1,276	1,253	1,291	1,204	1,249	1,205	1,200	1,214	0,902	1,141	0,805	1,099	0,873	1,097	0,885	0,981	0,899	1,041	0,904	1,116	1,310	1,264	1,289	1,306	1,264	1,282	1,321	1,188	1,292	1,271	1,146	1,256	0,981	1,141	1,076	1,014	0,877	1,061	1,129	0,760	1,116	1,013	1,107	1,170	1,305	1,326	1,280	1,214	1,238	1,244	1,268	1,263	1,163	1,260	1,139	1,171	1,196	1,218	1,101	1,190	1,135	1,153	1,123	1,151	1,158	1,164	0,998	1,244	1,154	0,094	1,164	0,092	1,156	0,091	1,226	0,091	1,187	0,093	1,172	0,094	1,204	1,277	1,210	1,248	1,215	1,270	1,234	1,212	1,220	1,305	1,143	1,369
16:18:04	37,0	1,238	1,234	1,205	1,195	1,277	1,258	1,292	1,208	1,253	1,208	1,205	1,215	0,902	1,141	0,806	1,100	0,874	1,096	0,885	0,987	0,896	1,045	0,914	1,119	1,312	1,264	1,291	1,305	1,264	1,281	1,320	1,189	1,287	1,272	1,145	1,255	0,981	1,140	1,076	1,017	0,874	1,063	1,132	0,763	1,117	1,016	1,110	1,175	1,304	1,323	1,277	1,212	1,237	1,241	1,266	1,266	1,168	1,260	1,139	1,175	1,198	1,220	1,104	1,191	1,136	1,153	1,123	1,150	1,156	1,166	1,003	1,245	1,157	0,094	1,165	0,092	1,158	0,091	1,224	0,091	1,183	0,093	1,170	0,094	1,204	1,277	1,208	1,247	1,212	1,269	1,235	1,209	1,221	1,304	1,142	1,367
16:28:04	37,0	1,237	1,235	1,207	1,193	1,276	1,255	1,293	1,205	1,248	1,206	1,196	1,215	0,901	1,141	0,806	1,101	0,867	1,097	0,882	0,988	0,892	1,044	0,907	1,118	1,309	1,263	1,290	1,302	1,263	1,279	1,318	1,187	1,286	1,270	1,139	1,251	0,980	1,142	1,075	1,016	0,873	1,063	1,132	0,763	1,118	1,015	1,101	1,169	1,302	1,322	1,280	1,211	1,234	1,240	1,264	1,265	1,168	1,256	1,135	1,173	1,199	1,220	1,105	1,192	1,134	1,154	1,127	1,147	1,157	1,165	0,996	1,240	1,156	0,094	1,165	0,092	1,154	0,091	1,224	0,090	1,182	0,093	1,162	0,094	1,201	1,277	1,206	1,247	1,213	1,268	1,232	1,208	1,219	1,306	1,137	1,366
16:38:04	37,0	1,237	1,236	1,207	1,194	1,278	1,255	1,293	1,206	1,248	1,206	1,195	1,215	0,900	1,141	0,803	1,098	0,864	1,098	0,877	0,988	0,892	1,043	0,908	1,118	1,306	1,262	1,289	1,300	1,262	1,277	1,316	1,188	1,286	1,269	1,139	1,250	0,978	1,140	1,078	1,017	0,874	1,063	1,132	0,762	1,117	1,016	1,101	1,170	1,300	1,321	1,279	1,211	1,232	1,240	1,264	1,265	1,170	1,254	1,133	1,173	1,200	1,219	1,107	1,193	1,134	1,155	1,129	1,148	1,157	1,165	0,998	1,241	1,156	0,095	1,166	0,092	1,154	0,091	1,223	0,091	1,183	0,093	1,167	0,094	1,200	1,275	1,206	1,244	1,212	1,269	1,229	1,207	1,217	1,302	1,132	1,365
16:48:04	37,0	1,237	1,237	1,207	1,196	1,279	1,255	1,294	1,206	1,248	1,205	1,196	1,214	0,898	1,141	0,801	1,099	0,863	1,097	0,874	0,985	0,888	1,041	0,904	1,117	1,306	1,259	1,288	1,299	1,258	1,276	1,314	1,186	1,283	1,268	1,138	1,246	0,976	1,140	1,077	1,017	0,876	1,065	1,132	0,761	1,115	1,015	1,097	1,167	1,299	1,319	1,278	1,208	1,231	1,237	1,260	1,261	1,167	1,251	1,130	1,169	1,200	1,220	1,107	1,194	1,137	1,156	1,128	1,149	1,157	1,166	0,996	1,238	1,157	0,094	1,166	0,092	1,156	0,091	1,219	0,091	1,182	0,093	1,164	0,094	1,198	1,274	1,203	1,244	1,210	1,266	1,227	1,207	1,216	1,303	1,129	1,365
16:58:04	37,0	1,237	1,236	1,207	1,195	1,278	1,256	1,294	1,206	1,247	1,206	1,192	1,214	0,894	1,141	0,799	1,098	0,861	1,097	0,874	0,984	0,887	1,039	0,898	1,118	1,304	1,256	1,287	1,297	1,256	1,273	1,312	1,183	1,282	1,263	1,133	1,244	0,974	1,139	1,077	1,017	0,875	1,062	1,131	0,760	1,113	1,015	1,094	1,167	1,298	1,316	1,276	1,206	1,229	1,233	1,258	1,258	1,165	1,250	1,129	1,169	1,200	1,219	1,108	1,193	1,138	1,156	1,129	1,148	1,157	1,165	0,990	1,239	1,157	0,094	1,165	0,092	1,156	0,091	1,219	0,091	1,180	0,093	1,162	0,094	1,194	1,273	1,202	1,242	1,208	1,265	1,224	1,204	1,214	1,302	1,128	1,364
17:08:04	37,0	1,238	1,238	1,207	1,198	1,277	1,254	1,295	1,207	1,248	1,204	1,196	1,218	0,892	1,142	0,795	1,093	0,859	1,096	0,871	0,983	0,878	1,042	0,885	1,116	1,304	1,257	1,288	1,295	1,256	1,269	1,308	1,179	1,280	1,256	1,130	1,242	0,973	1,138	1,076	1,016	0,870	1,060	1,128	0,755	1,110	1,016	1,092	1,165	1,297	1,315	1,272	1,204	1,227	1,232	1,255	1,253	1,161	1,249	1,127	1,168	1,200	1,221	1,108	1,191	1,139	1,157	1,131	1,150	1,158	1,167	0,988	1,239	1,157	0,095	1,166	0,092	1,154	0,091	1,216	0,091	1,182	0,093	1,160	0,094	1,189	1,274	1,198	1,245	1,205	1,266	1,218	1,202	1,211	1,301	1,132	1,363
17:18:04	37,0	1,238	1,238	1,210	1,196	1,279	1,252	1,296	1,207	1,246	1,205	1,195	1,217	0,890	1,140	0,795	1,099	0,858	1,096	0,867	0,984	0,882	1,039	0,895	1,117	1,301	1,254	1,287	1,293	1,255	1,268	1,306	1,179	1,278	1,260	1,132	1,239	0,971	1,137	1,075	1,016	0,873	1,060	1,130	0,756	1,111	1,018	1,092	1,166	1,295	1,314	1,273	1,200	1,225	1,229	1,255	1,252	1,159	1,246	1,127	1,168	1,199	1,220	1,109	1,192	1,139	1,158	1,132	1,147	1,160	1,166	0,992	1,238	1,158	0,095	1,167	0,092	1,154	0,091	1,214	0,091	1,180	0,093	1,157	0,094	1,189	1,274	1,195	1,244	1,201	1,265	1,216	1,200	1,208	1,298	1,124	1,361
17:28:04	37,0	1,236	1,236	1,206	1,197	1,279	1,252	1,295	1,207	1,244	1,204	1,196	1,215	0,887	1,139	0,790	1,095	0,856	1,096	0,863	0,981	0,876	1,038	0,884	1,114	1,300	1,253	1,286	1,292	1,252	1,265	1,302	1,176	1,277	1,250	1,124	1,235	0,969	1,135	1,075	1,016	0,874	1,059	1,127	0,754	1,110	1,018	1,088	1,165	1,294	1,315	1,272	1,202	1,223	1,229	1,253	1,248	1,157	1,247	1,124	1,167	1,200	1,219	1,112	1,188	1,140	1,155	1,132	1,150	1,160	1,164	0,988	1,239	1,158	0,094	1,168	0,092	1,155	0,091	1,211	0,091	1,180	0,093	1,158	0,094	1,184	1,272	1,192	1,240	1,197	1,265	1,211	1,202	1,204	1,297	1,123	1,361
17:38:04	37,0	1,235	1,237	1,208	1,199	1,280	1,254	1,295	1,209	1,245	1,208	1,197	1,217	0,886	1,141	0,788	1,096	0,849	1,095	0,861	0,986	0,872	1,039	0,892	1,117	1,298	1,252	1,287	1,289	1,252	1,263	1,303	1,176	1,274	1,254	1,128	1,235	0,968	1,136	1,076	1,015	0,871	1,059	1,127	0,754	1,110	1,018	1,091	1,163	1,294	1,313	1,270	1,196	1,221	1,225	1,252	1,249	1,161	1,242	1,121	1,168	1,200	1,221	1,113	1,190	1,141	1,159	1,130	1,146	1,159	1,165	0,990	1,238	1,158	0,095	1,169	0,092	1,153	0,091	1,212	0,091	1,178	0,093	1,159	0,094	1,181	1,272	1,188	1,241	1,196	1,264	1,213	1,198	1,205	1,299	1,125	1,361
17:48:04	37,0	1,235	1,238	1,208	1,198	1,280	1,252	1,295	1,208	1,246	1,205	1,197	1,217	0,881	1,139	0,785	1,095	0,844	1,094	0,857	0,986	0,868	1,039	0,895	1,116	1,297	1,250	1,286	1,286	1,251	1,263	1,300	1,175	1,273	1,253	1,128	1,232	0,966	1,136	1,076	1,015	0,871	1,061	1,127	0,754	1,110	1,019	1,090	1,163	1,292	1,310	1,269	1,195	1,219	1,224	1,249	1,250	1,163	1,242	1,120	1,167	1,200	1,221	1,114	1,191	1,139	1,157	1,134	1,145	1,160	1,166	0,994	1,236	1,157	0,095	1,167	0,092	1,153	0,091	1,211	0,091	1,178	0,093	1,157	0,094	1,180	1,270	1,189	1,239	1,193	1,262	1,207	1,200	1,201	1,296	1,121	1,358
17:58:04	37,0	1,234	1,238	1,209	1,198	1,280	1,252	1,296	1,208	1,247	1,204	1,197	1,214	0,879	1,138	0,783	1,095	0,843	1,093	0,855	0,985	0,864	1,039	0,892	1,115	1,295	1,247	1,285	1,284	1,250	1,261	1,298	1,174	1,272	1,250	1,126	1,230	0,965	1,135	1,074	1,014	0,871	1,060	1,126	0,753	1,109	1,017	1,084	1,158	1,292	1,308	1,272	1,193	1,217	1,222	1,249	1,248	1,160	1,237	1,120	1,165	1,199	1,219	1,115	1,192	1,142	1,156	1,136	1,146	1,162	1,165	0,992	1,235	1,157	0,095	1,167	0,092	1,152	0,091	1,212	0,091	1,177	0,093	1,158	0,094	1,177	1,268	1,186	1,237	1,190	1,262	1,205	1,199	1,197	1,297	1,119	1,358
18:08:04	37,0	1,235	1,237	1,210	1,196	1,279	1,251	1,295	1,207	1,247	1,206	1,199	1,215	0,878	1,137	0,780	1,094	0,841	1,093	0,852	0,987	0,862	1,039	0,897	1,115	1,294	1,247	1,287	1,283	1,249	1,257	1,299	1,172	1,271	1,247	1,127	1,229	0,964	1,135	1,075	1,015	0,870	1,060	1,124	0,753	1,111	1,019	1,086	1,160	1,292	1,308	1,268	1,192	1,217	1,221	1,247	1,250	1,162	1,236	1,123	1,165	1,201	1,220	1,116	1,191	1,145	1,156	1,137	1,146	1,161	1,165	0,995	1,238	1,158	0,095	1,167	0,092	1,153	0,091	1,207	0,091	1,175	0,093	1,157	0,094	1,175	1,268	1,182	1,238	1,188	1,260	1,201	1,198	1,192	1,295	1,118	1,357
18:18:04	37,0	1,232	1,234	1,208	1,199	1,278	1,249	1,296	1,205	1,243	1,204	1,192	1,213	0,875	1,136	0,775	1,092	0,838	1,092	0,845	0,982	0,860	1,035	0,878	1,111	1,290	1,245	1,285	1,280	1,246	1,254	1,293	1,167	1,270	1,241	1,116	1,224	0,961	1,134	1,071	1,013	0,869	1,057	1,121	0,746	1,105	1,017	1,075	1,154	1,289	1,304	1,268	1,192	1,214	1,218	1,243	1,242	1,157	1,240	1,117	1,161	1,200	1,219	1,115	1,188	1,143	1,154	1,135	1,143	1,160	1,163	0,983	1,235	1,157	0,095	1,165	0,092	1,154	0,091	1,204	0,091	1,174	0,093	1,149	0,094	1,167	1,267	1,176	1,236	1,183	1,262	1,198	1,195	1,191	1,291	1,122	1,356
18:28:04	37,0	1,236	1,237	1,209	1,201	1,279	1,252	1,295	1,208	1,249	1,207	1,205	1,214	0,875	1,136	0,775	1,095	0,839	1,091	0,848	0,993	0,858	1,048	0,910	1,116	1,291	1,242	1,287	1,279	1,247	1,253	1,296	1,172	1,268	1,242	1,132	1,226	0,961	1,135	1,075	1,016	0,869	1,057	1,122	0,755	1,107	1,021	1,090	1,158	1,291	1,304	1,267	1,189	1,214	1,218	1,246	1,246	1,165	1,243	1,132	1,165	1,201	1,220	1,117	1,190	1,145	1,161	1,136	1,145	1,162	1,164	1,005	1,235	1,158	0,095	1,165	0,092	1,154	0,091	1,206	0,091	1,176	0,093	1,161	0,094	1,171	1,264	1,178	1,234	1,183	1,258	1,200	1,197	1,189	1,292	1,114	1,356
18:38:04	37,0	1,234	1,235	1,209	1,201	1,280	1,252	1,295	1,207	1,245	1,205	1,201	1,214	0,870	1,133	0,769	1,093	0,830	1,092	0,841	0,986	0,853	1,040	0,896	1,115	1,288	1,242	1,285	1,276	1,246	1,253	1,294	1,169	1,269	1,244	1,124	1,224	0,961	1,134	1,073	1,013	0,867	1,059	1,120	0,750	1,105	1,018	1,083	1,157	1,290	1,303	1,268	1,187	1,214	1,217	1,243	1,244	1,160	1,236	1,123	1,161	1,201	1,221	1,119	1,191	1,146	1,159	1,139	1,143	1,163	1,166	0,995	1,234	1,159	0,095	1,166	0,092	1,153	0,091	1,203	0,091	1,175	0,093	1,157	0,094	1,167	1,265	1,176	1,234	1,182	1,258	1,196	1,198	1,186	1,292	1,113	1,354
18:48:04	37,0	1,230	1,236	1,208	1,198	1,278	1,250	1,294	1,202	1,244	1,203	1,196	1,211	0,865	1,133	0,765	1,091	0,828	1,090	0,836	0,982	0,849	1,038	0,877	1,111	1,288	1,240	1,285	1,274	1,244	1,249	1,289	1,163	1,266	1,234	1,116	1,220	0,957	1,132	1,071	1,011	0,865	1,053	1,116	0,745	1,101	1,018	1,075	1,150	1,286	1,302	1,266	1,186	1,212	1,215	1,241	1,241	1,154	1,237	1,117	1,159	1,201	1,220	1,117	1,189	1,146	1,157	1,137	1,141	1,160	1,162	0,984	1,233	1,156	0,095	1,165	0,092	1,151	0,091	1,198	0,091	1,174	0,093	1,151	0,094	1,161	1,266	1,173	1,232	1,176	1,258	1,188	1,191	1,182	1,287	1,115	1,351
18:58:04	37,0	1,231	1,234	1,209	1,200	1,278	1,249	1,295	1,204	1,243	1,203	1,198	1,212	0,863	1,134	0,763	1,092	0,821	1,089	0,832	0,982	0,844	1,037	0,881	1,112	1,285	1,238	1,287	1,270	1,245	1,247	1,289	1,162	1,265	1,238	1,119	1,219	0,955	1,131	1,070	1,011	0,864	1,052	1,114	0,743	1,100	1,016	1,075	1,149	1,287	1,300	1,268	1,185	1,211	1,213	1,238	1,237	1,157	1,232	1,119	1,162	1,200	1,217	1,116	1,188	1,146	1,157	1,138	1,139	1,159	1,162	0,991	1,233	1,157	0,095	1,166	0,092	1,152	0,091	1,201	0,091	1,174	0,093	1,153	0,094	1,160	1,269	1,168	1,233	1,175	1,258	1,189	1,191	1,180	1,286	1,115	1,353
19:08:04	37,0	1,232	1,236	1,209	1,201	1,280	1,251	1,296	1,207	1,245	1,204	1,202	1,212	0,863	1,135	0,758	1,089	0,820	1,089	0,829	0,981	0,845	1,034	0,886	1,114	1,284	1,237	1,286	1,269	1,244	1,249	1,288	1,161	1,267	1,239	1,120	1,221	0,956	1,132	1,069	1,014	0,863	1,054	1,117	0,743	1,100	1,020	1,077	1,151	1,286	1,300	1,268	1,183	1,211	1,214	1,239	1,241	1,155	1,232	1,119	1,160	1,202	1,217	1,119	1,187	1,145	1,156	1,140	1,139	1,163	1,164	0,991	1,230	1,159	0,095	1,165	0,092	1,152	0,091	1,199	0,091	1,173	0,093	1,154	0,095	1,159	1,269	1,170	1,232	1,173	1,257	1,189	1,192	1,180	1,288	1,113	1,353
19:18:04	37,0	1,231	1,236	1,208	1,201	1,276	1,247	1,294	1,204	1,244	1,203	1,199	1,212	0,857	1,134	0,752	1,091	0,818	1,088	0,827	0,979	0,840	1,034	0,877	1,109	1,282	1,236	1,285	1,269	1,245	1,243	1,284	1,158	1,266	1,235	1,116	1,218	0,955	1,132	1,067	1,012	0,863	1,054	1,113	0,739	1,097	1,019	1,071	1,147	1,285	1,300	1,268	1,183	1,209	1,214	1,236	1,242	1,153	1,234	1,116	1,158	1,200	1,218	1,119	1,189	1,143	1,155	1,139	1,136	1,160	1,162	0,987	1,230	1,158	0,095	1,167	0,092	1,149	0,091	1,198	0,091	1,173	0,093	1,152	0,094	1,153	1,268	1,165	1,231	1,170	1,256	1,186	1,187	1,177	1,288	1,113	1,350
19:28:04	37,0	1,230	1,235	1,210	1,202	1,279	1,248	1,294	1,204	1,243	1,202	1,200	1,212	0,856	1,133	0,751	1,089	0,812	1,086	0,821	0,979	0,837	1,033	0,876	1,111	1,281	1,235	1,286	1,266	1,245	1,242	1,282	1,156	1,265	1,230	1,115	1,217	0,953	1,131	1,065	1,013	0,861	1,053	1,111	0,739	1,098	1,019	1,069	1,145	1,287	1,301	1,269	1,181	1,208	1,214	1,236	1,236	1,153	1,229	1,116	1,157	1,202	1,216	1,118	1,187	1,144	1,154	1,139	1,138	1,159	1,160	0,988	1,230	1,157	0,095	1,167	0,092	1,149	0,091	1,195	0,091	1,172	0,093	1,153	0,094	1,152	1,265	1,162	1,230	1,167	1,255	1,180	1,188	1,174	1,285	1,108	1,349
19:38:04	37,0	1,230	1,235	1,209	1,203	1,279	1,253	1,295	1,207	1,246	1,205	1,207	1,213	0,853	1,133	0,747	1,088	0,808	1,085	0,819	0,981	0,832	1,033	0,880	1,114	1,281	1,233	1,285	1,264	1,243	1,240	1,285	1,152	1,264	1,233	1,118	1,218	0,954	1,131	1,064	1,013	0,857	1,051	1,111	0,736	1,097	1,018	1,073	1,147	1,284	1,300	1,267	1,179	1,207	1,211	1,238	1,241	1,153	1,229	1,115	1,160	1,204	1,216	1,117	1,186	1,144	1,154	1,139	1,136	1,160	1,160	0,990	1,229	1,158	0,094	1,166	0,092	1,151	0,091	1,198	0,091	1,171	0,093	1,157	0,094	1,151	1,264	1,160	1,228	1,166	1,255	1,180	1,185	1,174	1,285	1,116	1,349
19:48:04	37,0	1,227	1,232	1,208	1,200	1,277	1,246	1,294	1,203	1,241	1,202	1,201	1,211	0,850	1,134	0,743	1,085	0,807	1,085	0,818	0,977	0,832	1,033	0,870	1,110	1,280	1,233	1,286	1,264	1,243	1,237	1,281	1,150	1,264	1,225	1,111	1,213	0,954	1,131	1,061	1,013	0,859	1,050	1,107	0,733	1,093	1,017	1,064	1,143	1,284	1,300	1,268	1,179	1,206	1,210	1,235	1,235	1,151	1,230	1,111	1,157	1,203	1,215	1,117	1,183	1,143	1,152	1,138	1,135	1,157	1,159	0,984	1,228	1,157	0,095	1,165	0,092	1,148	0,091	1,192	0,091	1,170	0,093	1,150	0,094	1,146	1,264	1,160	1,228	1,162	1,253	1,177	1,186	1,170	1,282	1,113	1,347
19:58:04	37,0	1,227	1,232	1,209	1,202	1,278	1,246	1,292	1,205	1,242	1,200	1,204	1,210	0,846	1,133	0,741	1,087	0,805	1,084	0,813	0,977	0,828	1,033	0,870	1,111	1,277	1,232	1,286	1,261	1,243	1,236	1,282	1,148	1,265	1,226	1,111	1,214	0,950	1,130	1,061	1,009	0,856	1,050	1,107	0,732	1,094	1,018	1,066	1,140	1,286	1,300	1,269	1,179	1,206	1,211	1,233	1,232	1,152	1,231	1,113	1,157	1,201	1,216	1,118	1,182	1,146	1,155	1,139	1,135	1,159	1,157	0,985	1,230	1,157	0,095	1,165	0,092	1,150	0,091	1,192	0,091	1,169	0,093	1,151	0,094	1,145	1,264	1,157	1,227	1,163	1,253	1,173	1,185	1,168	1,281	1,115	1,346
20:08:04	37,0	1,225	1,230	1,207	1,200	1,275	1,244	1,293	1,201	1,241	1,197	1,196	1,209	0,844	1,131	0,734	1,084	0,800	1,081	0,809	0,975	0,819	1,032	0,854	1,108	1,275	1,230	1,286	1,260	1,242	1,232	1,278	1,146	1,264	1,222	1,103	1,212	0,949	1,129	1,059	1,009	0,855	1,047	1,104	0,727	1,091	1,016	1,056	1,139	1,283	1,298	1,267	1,178	1,206	1,210	1,233	1,231	1,149	1,229	1,108	1,154	1,202	1,213	1,117	1,179	1,146	1,152	1,138	1,135	1,160	1,156	0,978	1,227	1,156	0,094	1,164	0,092	1,149	0,091	1,190	0,091	1,169	0,093	1,142	0,094	1,141	1,262	1,150	1,224	1,155	1,250	1,170	1,181	1,163	1,279	1,114	1,343
20:18:04	37,0	1,224	1,231	1,207	1,201	1,276	1,244	1,293	1,201	1,240	1,196	1,199	1,209	0,843	1,131	0,733	1,083	0,797	1,081	0,806	0,977	0,822	1,031	0,860	1,110	1,274	1,228	1,286	1,258	1,242	1,231	1,278	1,145	1,263	1,221	1,107	1,210	0,948	1,129	1,059	1,010	0,854	1,047	1,103	0,727	1,090	1,017	1,060	1,137	1,285	1,298	1,267	1,177	1,205	1,209	1,234	1,232	1,149	1,229	1,109	1,156	1,200	1,214	1,118	1,180	1,146	1,153	1,139	1,133	1,157	1,156	0,984	1,226	1,155	0,094	1,164	0,092	1,149	0,091	1,189	0,091	1,168	0,093	1,146	0,094	1,142	1,259	1,149	1,223	1,155	1,250	1,168	1,182	1,161	1,276	1,110	1,343
20:28:04	37,0	1,224	1,231	1,208	1,201	1,276	1,244	1,294	1,203	1,241	1,196	1,204	1,208	0,840	1,129	0,730	1,083	0,795	1,081	0,804	0,976	0,819	1,033	0,859	1,111	1,274	1,228	1,286	1,256	1,243	1,230	1,277	1,144	1,263	1,220	1,107	1,212	0,949	1,129	1,058	1,007	0,851	1,046	1,102	0,724	1,091	1,018	1,063	1,136	1,286	1,299	1,269	1,176	1,205	1,210	1,231	1,232	1,152	1,230	1,110	1,155	1,201	1,215	1,120	1,182	1,145	1,154	1,139	1,132	1,158	1,156	0,985	1,229	1,156	0,095	1,165	0,092	1,148	0,091	1,189	0,091	1,169	0,093	1,149	0,094	1,140	1,261	1,151	1,221	1,155	1,249	1,167	1,180	1,161	1,275	1,111	1,342
20:38:04	37,0	1,220	1,231	1,206	1,200	1,275	1,244	1,294	1,201	1,238	1,197	1,205	1,207	0,837	1,130	0,726	1,082	0,791	1,080	0,799	0,976	0,813	1,036	0,853	1,109	1,272	1,227	1,286	1,255	1,243	1,229	1,278	1,143	1,264	1,220	1,101	1,212	0,947	1,131	1,057	1,007	0,851	1,043	1,101	0,722	1,089	1,017	1,056	1,136	1,285	1,298	1,268	1,177	1,205	1,209	1,232	1,228	1,147	1,230	1,106	1,154	1,200	1,214	1,118	1,182	1,144	1,151	1,137	1,130	1,159	1,154	0,978	1,226	1,155	0,095	1,164	0,092	1,147	0,091	1,188	0,091	1,167	0,093	1,142	0,094	1,138	1,259	1,143	1,221	1,149	1,246	1,162	1,179	1,158	1,274	1,120	1,340
20:48:04	37,0	1,221	1,231	1,207	1,200	1,275	1,244	1,295	1,202	1,238	1,195	1,210	1,207	0,837	1,129	0,724	1,082	0,790	1,080	0,797	0,976	0,814	1,030	0,857	1,109	1,273	1,228	1,287	1,255	1,244	1,228	1,276	1,142	1,264	1,219	1,103	1,210	0,946	1,131	1,055	1,004	0,849	1,042	1,099	0,721	1,089	1,016	1,058	1,135	1,284	1,298	1,270	1,176	1,205	1,209	1,233	1,231	1,152	1,228	1,107	1,156	1,202	1,213	1,119	1,183	1,145	1,151	1,140	1,129	1,157	1,153	0,980	1,227	1,155	0,095	1,165	0,092	1,146	0,091	1,186	0,091	1,166	0,093	1,145	0,094	1,136	1,258	1,143	1,220	1,144	1,245	1,162	1,176	1,156	1,270	1,108	1,338
20:58:04	37,0	1,218	1,228	1,206	1,200	1,272	1,243	1,295	1,202	1,238	1,192	1,210	1,207	0,833	1,128	0,722	1,082	0,787	1,079	0,795	0,974	0,811	1,032	0,855	1,108	1,271	1,226	1,288	1,253	1,244	1,227	1,276	1,141	1,263	1,221	1,101	1,207	0,947	1,132	1,055	1,006	0,847	1,042	1,098	0,721	1,088	1,015	1,055	1,132	1,284	1,298	1,271	1,175	1,204	1,210	1,233	1,231	1,151	1,230	1,106	1,155	1,201	1,213	1,120	1,180	1,144	1,151	1,139	1,128	1,156	1,154	0,980	1,226	1,155	0,095	1,163	0,092	1,147	0,091	1,185	0,091	1,165	0,093	1,142	0,094	1,134	1,255	1,143	1,218	1,147	1,245	1,159	1,177	1,155	1,269	1,111	1,335
21:08:04	37,0	1,219	1,227	1,206	1,201	1,273	1,242	1,295	1,202	1,239	1,192	1,214	1,207	0,831	1,127	0,719	1,080	0,783	1,080	0,790	0,974	0,808	1,030	0,859	1,108	1,269	1,226	1,287	1,250	1,245	1,227	1,276	1,141	1,264	1,222	1,103	1,207	0,945	1,132	1,054	1,008	0,845	1,042	1,099	0,719	1,089	1,014	1,056	1,132	1,284	1,297	1,269	1,174	1,205	1,210	1,230	1,231	1,151	1,227	1,108	1,154	1,202	1,212	1,121	1,182	1,145	1,151	1,141	1,127	1,156	1,153	0,983	1,222	1,155	0,094	1,165	0,092	1,147	0,091	1,185	0,091	1,167	0,093	1,141	0,094	1,131	1,255	1,143	1,216	1,143	1,242	1,158	1,177	1,153	1,270	1,109	1,337
21:18:04	37,0	1,218	1,226	1,204	1,201	1,272	1,241	1,293	1,202	1,238	1,192	1,214	1,206	0,829	1,126	0,717	1,081	0,781	1,079	0,788	0,973	0,802	1,030	0,850	1,107	1,268	1,226	1,287	1,250	1,244	1,225	1,274	1,138	1,263	1,217	1,099	1,206	0,945	1,132	1,051	1,006	0,841	1,041	1,096	0,716	1,085	1,014	1,056	1,126	1,285	1,298	1,271	1,175	1,205	1,209	1,230	1,230	1,153	1,228	1,106	1,155	1,200	1,213	1,120	1,177	1,145	1,150	1,138	1,126	1,154	1,153	0,980	1,222	1,155	0,095	1,165	0,092	1,145	0,091	1,185	0,091	1,165	0,093	1,141	0,094	1,131	1,254	1,138	1,216	1,139	1,241	1,156	1,175	1,153	1,268	1,111	1,334
21:28:04	37,0	1,219	1,228	1,206	1,200	1,272	1,243	1,290	1,202	1,237	1,192	1,214	1,207	0,830	1,125	0,711	1,082	0,780	1,080	0,785	0,975	0,802	1,031	0,858	1,109	1,270	1,226	1,288	1,250	1,246	1,227	1,277	1,139	1,264	1,222	1,101	1,207	0,943	1,133	1,051	1,008	0,842	1,041	1,098	0,716	1,085	1,018	1,058	1,130	1,286	1,297	1,270	1,175	1,205	1,212	1,230	1,236	1,153	1,231	1,109	1,155	1,201	1,213	1,120	1,180	1,144	1,150	1,138	1,125	1,156	1,152	0,984	1,225	1,154	0,095	1,163	0,092	1,148	0,091	1,184	0,091	1,166	0,093	1,140	0,094	1,129	1,255	1,141	1,214	1,140	1,239	1,153	1,173	1,148	1,267	1,109	1,332
21:38:04	37,0	1,219	1,225	1,203	1,199	1,270	1,242	1,289	1,199	1,236	1,190	1,211	1,205	0,826	1,124	0,712	1,079	0,778	1,079	0,783	0,976	0,801	1,032	0,852	1,107	1,267	1,226	1,288	1,249	1,246	1,225	1,275	1,138	1,264	1,218	1,098	1,207	0,944	1,132	1,050	1,007	0,840	1,041	1,094	0,716	1,083	1,017	1,053	1,127	1,285	1,298	1,272	1,176	1,206	1,210	1,230	1,232	1,152	1,230	1,109	1,156	1,203	1,215	1,119	1,177	1,145	1,150	1,138	1,126	1,154	1,152	0,980	1,223	1,154	0,095	1,165	0,092	1,149	0,091	1,184	0,091	1,166	0,093	1,138	0,094	1,128	1,252	1,134	1,214	1,137	1,240	1,152	1,173	1,147	1,264	1,110	1,331
21:48:04	37,0	1,217	1,224	1,204	1,199	1,270	1,240	1,287	1,201	1,237	1,188	1,210	1,206	0,825	1,125	0,710	1,077	0,773	1,079	0,781	0,974	0,798	1,030	0,850	1,107	1,266	1,225	1,288	1,248	1,245	1,224	1,275	1,137	1,264	1,216	1,096	1,206	0,943	1,132	1,048	1,006	0,839	1,041	1,094	0,713	1,084	1,015	1,051	1,125	1,285	1,298	1,275	1,175	1,205	1,211	1,230	1,231	1,155	1,230	1,109	1,156	1,202	1,214	1,121	1,179	1,144	1,150	1,140	1,126	1,154	1,150	0,977	1,222	1,154	0,095	1,165	0,092	1,147	0,091	1,184	0,091	1,166	0,093	1,136	0,094	1,125	1,250	1,134	1,214	1,135	1,237	1,150	1,172	1,146	1,263	1,109	1,329
21:58:04	37,0	1,219	1,225	1,205	1,203	1,269	1,243	1,285	1,202	1,236	1,193	1,221	1,209	0,825	1,125	0,708	1,079	0,770	1,081	0,777	0,975	0,797	1,028	0,862	1,111	1,267	1,225	1,287	1,248	1,248	1,226	1,278	1,137	1,265	1,224	1,104	1,207	0,945	1,134	1,048	1,008	0,839	1,040	1,095	0,713	1,084	1,017	1,060	1,130	1,286	1,297	1,272	1,175	1,206	1,212	1,232	1,237	1,154	1,230	1,114	1,159	1,202	1,212	1,119	1,179	1,146	1,151	1,138	1,126	1,157	1,152	0,983	1,224	1,155	0,094	1,168	0,092	1,148	0,091	1,186	0,091	1,164	0,093	1,143	0,094	1,129	1,251	1,135	1,212	1,136	1,236	1,151	1,173	1,149	1,266	1,109	1,332
22:08:04	37,0	1,217	1,223	1,204	1,199	1,270	1,240	1,284	1,203	1,236	1,192	1,215	1,207	0,823	1,125	0,705	1,078	0,770	1,081	0,778	0,974	0,796	1,030	0,851	1,109	1,267	1,226	1,289	1,248	1,247	1,225	1,277	1,135	1,265	1,216	1,098	1,206	0,943	1,133	1,047	1,008	0,838	1,038	1,093	0,711	1,081	1,016	1,053	1,124	1,287	1,300	1,275	1,175	1,206	1,212	1,231	1,233	1,155	1,232	1,109	1,158	1,202	1,212	1,118	1,181	1,143	1,150	1,140	1,123	1,154	1,149	0,977	1,222	1,155	0,095	1,167	0,092	1,148	0,091	1,184	0,091	1,163	0,093	1,137	0,094	1,124	1,248	1,131	1,214	1,133	1,235	1,151	1,171	1,145	1,261	1,115	1,328

