Time	T∞ Optical Density:600	A1	A2	A3	A4	A5	A6	A7	A8	A9	A10	A11	A12	B1	B2	B3	B4	B5	B6	B7	B8	B9	B10	B11	B12	C1	C2	C3	C4	C5	C6	C7	C8	C9	C10	C11	C12	D1	D2	D3	D4	D5	D6	D7	D8	D9	D10	D11	D12	E1	E2	E3	E4	E5	E6	E7	E8	E9	E10	E11	E12	F1	F2	F3	F4	F5	F6	F7	F8	F9	F10	F11	F12	G1	G2	G3	G4	G5	G6	G7	G8	G9	G10	G11	G12	H1	H2	H3	H4	H5	H6	H7	H8	H9	H10	H11	H12
0:08:04	37,0	0,127	0,130	0,146	0,122	0,123	0,135	0,137	0,151	0,120	0,150	0,110	0,128	0,118	0,124	0,120	0,111	0,129	0,111	0,159	0,105	0,101	0,106	0,102	0,104	0,135	0,126	0,140	0,127	0,122	0,114	0,128	0,109	0,150	0,126	0,117	0,106	0,121	0,112	0,121	0,136	0,126	0,148	0,152	0,141	0,124	0,140	0,114	0,122	0,116	0,106	0,114	0,106	0,113	0,106	0,150	0,117	0,124	0,156	0,132	0,122	0,115	0,126	0,119	0,132	0,115	0,148	0,125	0,124	0,128	0,172	0,121	0,110	0,112	0,111	0,133	0,132	0,126	0,127	0,129	0,137	0,124	0,132	0,115	0,135	0,118	0,115	0,122	0,121	0,100	0,140	0,116	0,155	0,116	0,160	0,116	0,135
0:18:04	37,0	0,133	0,138	0,143	0,127	0,125	0,141	0,139	0,156	0,121	0,158	0,110	0,131	0,122	0,130	0,128	0,111	0,137	0,112	0,162	0,106	0,102	0,107	0,103	0,104	0,134	0,131	0,142	0,127	0,121	0,115	0,127	0,108	0,146	0,128	0,119	0,107	0,126	0,114	0,123	0,138	0,129	0,145	0,156	0,143	0,125	0,150	0,114	0,129	0,118	0,108	0,115	0,109	0,115	0,108	0,164	0,118	0,124	0,158	0,133	0,124	0,123	0,132	0,123	0,135	0,118	0,145	0,126	0,124	0,128	0,155	0,125	0,112	0,114	0,113	0,136	0,130	0,130	0,129	0,136	0,133	0,129	0,133	0,119	0,134	0,118	0,116	0,122	0,124	0,100	0,139	0,117	0,160	0,120	0,167	0,118	0,136
0:28:04	37,0	0,138	0,140	0,146	0,129	0,126	0,144	0,144	0,160	0,122	0,164	0,112	0,133	0,124	0,135	0,131	0,111	0,141	0,112	0,167	0,106	0,102	0,107	0,103	0,104	0,130	0,135	0,144	0,129	0,123	0,116	0,128	0,110	0,149	0,131	0,121	0,108	0,129	0,116	0,126	0,141	0,132	0,148	0,161	0,147	0,127	0,168	0,116	0,131	0,121	0,108	0,118	0,110	0,116	0,110	0,172	0,120	0,131	0,162	0,139	0,127	0,126	0,131	0,124	0,137	0,119	0,148	0,128	0,125	0,130	0,147	0,128	0,114	0,117	0,115	0,139	0,133	0,133	0,132	0,136	0,137	0,134	0,135	0,122	0,137	0,119	0,118	0,125	0,127	0,101	0,141	0,118	0,168	0,121	0,173	0,118	0,140
0:38:04	37,0	0,144	0,147	0,151	0,132	0,129	0,149	0,150	0,165	0,124	0,171	0,114	0,137	0,128	0,139	0,135	0,112	0,145	0,113	0,174	0,106	0,103	0,107	0,104	0,104	0,141	0,139	0,146	0,133	0,124	0,118	0,131	0,111	0,152	0,134	0,123	0,110	0,134	0,118	0,129	0,145	0,138	0,153	0,165	0,153	0,127	0,185	0,117	0,133	0,124	0,110	0,120	0,112	0,119	0,112	0,183	0,123	0,140	0,171	0,145	0,129	0,130	0,134	0,128	0,141	0,123	0,151	0,133	0,129	0,135	0,151	0,131	0,117	0,119	0,118	0,142	0,137	0,137	0,136	0,140	0,140	0,138	0,139	0,125	0,141	0,123	0,120	0,126	0,132	0,101	0,145	0,121	0,177	0,124	0,182	0,121	0,146
0:48:04	37,0	0,154	0,159	0,159	0,135	0,134	0,156	0,159	0,174	0,129	0,179	0,117	0,145	0,134	0,143	0,141	0,113	0,153	0,114	0,187	0,106	0,106	0,107	0,106	0,105	0,152	0,145	0,147	0,139	0,127	0,121	0,135	0,114	0,155	0,138	0,125	0,113	0,140	0,119	0,133	0,149	0,147	0,157	0,172	0,163	0,129	0,198	0,121	0,137	0,129	0,112	0,122	0,115	0,123	0,115	0,193	0,126	0,146	0,179	0,154	0,133	0,135	0,139	0,134	0,147	0,127	0,158	0,140	0,136	0,142	0,163	0,137	0,122	0,125	0,122	0,149	0,144	0,142	0,143	0,149	0,144	0,146	0,144	0,130	0,149	0,128	0,124	0,131	0,139	0,102	0,151	0,126	0,191	0,128	0,193	0,124	0,156
0:58:04	37,0	0,169	0,172	0,171	0,139	0,142	0,166	0,170	0,188	0,136	0,196	0,122	0,156	0,142	0,148	0,149	0,114	0,163	0,115	0,206	0,106	0,109	0,108	0,108	0,106	0,163	0,151	0,150	0,144	0,130	0,124	0,139	0,119	0,156	0,143	0,131	0,119	0,149	0,123	0,138	0,154	0,159	0,162	0,181	0,176	0,133	0,204	0,125	0,141	0,136	0,116	0,126	0,119	0,128	0,119	0,203	0,130	0,148	0,188	0,161	0,140	0,143	0,145	0,141	0,154	0,135	0,169	0,149	0,144	0,150	0,177	0,145	0,128	0,132	0,128	0,157	0,152	0,149	0,151	0,160	0,149	0,156	0,152	0,137	0,160	0,135	0,129	0,137	0,149	0,103	0,160	0,130	0,210	0,134	0,211	0,129	0,168
1:08:04	37,0	0,188	0,192	0,188	0,147	0,155	0,179	0,187	0,206	0,146	0,216	0,131	0,173	0,155	0,157	0,161	0,116	0,176	0,118	0,234	0,107	0,114	0,109	0,113	0,109	0,177	0,159	0,154	0,150	0,135	0,130	0,144	0,124	0,162	0,152	0,138	0,124	0,161	0,127	0,145	0,161	0,175	0,170	0,191	0,196	0,138	0,214	0,131	0,149	0,145	0,121	0,131	0,126	0,136	0,125	0,215	0,135	0,153	0,199	0,171	0,150	0,154	0,154	0,151	0,165	0,144	0,182	0,162	0,156	0,163	0,195	0,156	0,139	0,142	0,138	0,169	0,163	0,160	0,164	0,173	0,157	0,171	0,164	0,146	0,173	0,147	0,136	0,146	0,162	0,104	0,171	0,138	0,229	0,142	0,226	0,137	0,184
1:18:04	37,0	0,211	0,216	0,208	0,156	0,170	0,198	0,209	0,227	0,160	0,241	0,142	0,194	0,170	0,168	0,175	0,118	0,194	0,122	0,261	0,108	0,121	0,111	0,119	0,112	0,197	0,170	0,161	0,158	0,141	0,137	0,152	0,133	0,169	0,161	0,146	0,134	0,178	0,133	0,153	0,168	0,197	0,178	0,203	0,218	0,144	0,228	0,139	0,158	0,160	0,129	0,138	0,135	0,145	0,134	0,234	0,141	0,162	0,214	0,186	0,164	0,168	0,166	0,164	0,179	0,156	0,200	0,179	0,172	0,177	0,216	0,170	0,153	0,154	0,149	0,183	0,177	0,173	0,179	0,190	0,166	0,189	0,179	0,157	0,191	0,161	0,146	0,159	0,179	0,105	0,186	0,147	0,254	0,154	0,248	0,149	0,204
1:28:04	37,0	0,234	0,246	0,234	0,169	0,190	0,222	0,242	0,256	0,180	0,269	0,157	0,220	0,191	0,182	0,196	0,122	0,215	0,127	0,289	0,109	0,132	0,114	0,128	0,116	0,220	0,185	0,169	0,169	0,150	0,147	0,163	0,143	0,179	0,175	0,158	0,148	0,198	0,141	0,164	0,178	0,226	0,190	0,216	0,246	0,152	0,243	0,149	0,170	0,180	0,141	0,149	0,147	0,159	0,146	0,257	0,153	0,174	0,234	0,204	0,181	0,186	0,182	0,180	0,198	0,172	0,222	0,199	0,193	0,197	0,246	0,189	0,171	0,170	0,165	0,200	0,196	0,189	0,199	0,211	0,181	0,210	0,196	0,175	0,214	0,180	0,160	0,177	0,200	0,107	0,205	0,163	0,284	0,169	0,281	0,164	0,227
1:38:04	37,0	0,260	0,273	0,260	0,186	0,210	0,245	0,279	0,288	0,202	0,299	0,178	0,249	0,212	0,200	0,221	0,127	0,239	0,135	0,314	0,111	0,148	0,118	0,142	0,123	0,244	0,205	0,180	0,183	0,162	0,160	0,176	0,157	0,193	0,193	0,175	0,164	0,221	0,151	0,178	0,192	0,253	0,203	0,232	0,276	0,164	0,263	0,164	0,186	0,205	0,158	0,163	0,163	0,177	0,161	0,285	0,166	0,189	0,261	0,229	0,206	0,206	0,201	0,200	0,219	0,193	0,249	0,222	0,217	0,218	0,276	0,213	0,195	0,190	0,183	0,221	0,218	0,207	0,222	0,233	0,200	0,235	0,219	0,197	0,240	0,204	0,176	0,199	0,224	0,110	0,226	0,180	0,312	0,189	0,317	0,183	0,256
1:48:04	37,0	0,286	0,299	0,292	0,205	0,238	0,272	0,321	0,320	0,230	0,328	0,203	0,283	0,236	0,217	0,247	0,136	0,266	0,145	0,339	0,113	0,169	0,124	0,160	0,132	0,274	0,230	0,194	0,200	0,177	0,177	0,193	0,174	0,210	0,212	0,198	0,184	0,248	0,164	0,195	0,208	0,287	0,221	0,252	0,308	0,177	0,288	0,183	0,208	0,233	0,182	0,181	0,183	0,200	0,182	0,318	0,189	0,205	0,288	0,251	0,235	0,229	0,222	0,223	0,243	0,217	0,280	0,249	0,247	0,245	0,310	0,240	0,221	0,210	0,205	0,241	0,242	0,229	0,249	0,257	0,224	0,259	0,242	0,225	0,268	0,231	0,198	0,227	0,253	0,114	0,253	0,203	0,343	0,213	0,346	0,205	0,287
1:58:04	37,0	0,312	0,325	0,329	0,226	0,263	0,303	0,365	0,346	0,267	0,361	0,233	0,322	0,265	0,237	0,276	0,147	0,294	0,159	0,364	0,117	0,194	0,132	0,184	0,144	0,311	0,256	0,213	0,220	0,196	0,200	0,212	0,198	0,232	0,234	0,225	0,209	0,276	0,180	0,217	0,229	0,319	0,240	0,269	0,339	0,193	0,313	0,209	0,235	0,264	0,211	0,203	0,208	0,225	0,209	0,356	0,213	0,225	0,320	0,277	0,267	0,254	0,248	0,244	0,269	0,240	0,315	0,274	0,279	0,270	0,341	0,263	0,248	0,233	0,229	0,260	0,267	0,251	0,275	0,281	0,251	0,283	0,267	0,256	0,295	0,263	0,222	0,258	0,286	0,118	0,282	0,226	0,369	0,242	0,376	0,236	0,317
2:08:04	37,0	0,339	0,352	0,359	0,250	0,291	0,333	0,411	0,376	0,311	0,393	0,268	0,364	0,292	0,266	0,303	0,160	0,318	0,178	0,392	0,122	0,218	0,142	0,208	0,160	0,357	0,291	0,236	0,247	0,221	0,224	0,237	0,228	0,257	0,270	0,252	0,237	0,307	0,198	0,241	0,253	0,358	0,264	0,293	0,367	0,216	0,341	0,240	0,261	0,294	0,244	0,230	0,237	0,257	0,247	0,394	0,242	0,255	0,360	0,308	0,297	0,277	0,273	0,267	0,294	0,264	0,349	0,302	0,313	0,298	0,376	0,292	0,275	0,253	0,250	0,284	0,294	0,276	0,299	0,304	0,280	0,309	0,292	0,289	0,322	0,292	0,251	0,286	0,317	0,125	0,314	0,254	0,403	0,275	0,410	0,270	0,350
2:18:04	37,0	0,367	0,389	0,394	0,274	0,321	0,365	0,456	0,423	0,350	0,428	0,315	0,406	0,319	0,296	0,331	0,178	0,346	0,200	0,430	0,129	0,249	0,157	0,236	0,182	0,398	0,326	0,264	0,272	0,248	0,251	0,262	0,260	0,287	0,288	0,281	0,265	0,340	0,220	0,272	0,283	0,390	0,290	0,325	0,405	0,242	0,379	0,273	0,294	0,327	0,278	0,260	0,271	0,295	0,277	0,442	0,268	0,279	0,401	0,344	0,337	0,302	0,299	0,293	0,318	0,291	0,373	0,327	0,348	0,325	0,420	0,318	0,305	0,278	0,277	0,305	0,323	0,299	0,326	0,328	0,316	0,333	0,320	0,324	0,353	0,330	0,281	0,321	0,353	0,134	0,346	0,281	0,433	0,312	0,443	0,303	0,387
2:28:04	37,0	0,393	0,425	0,446	0,301	0,353	0,398	0,500	0,458	0,390	0,460	0,354	0,461	0,352	0,322	0,364	0,200	0,376	0,223	0,481	0,139	0,279	0,175	0,263	0,204	0,438	0,363	0,289	0,307	0,279	0,279	0,291	0,293	0,319	0,320	0,311	0,296	0,376	0,245	0,299	0,316	0,439	0,321	0,361	0,448	0,267	0,429	0,308	0,326	0,364	0,314	0,294	0,300	0,331	0,313	0,467	0,300	0,311	0,448	0,385	0,375	0,329	0,323	0,323	0,346	0,319	0,411	0,361	0,382	0,353	0,460	0,344	0,336	0,301	0,303	0,329	0,348	0,323	0,351	0,350	0,357	0,358	0,341	0,358	0,381	0,372	0,314	0,357	0,391	0,146	0,379	0,312	0,454	0,353	0,461	0,343	0,419
2:38:04	37,0	0,425	0,465	0,493	0,330	0,383	0,429	0,536	0,497	0,433	0,494	0,396	0,513	0,390	0,354	0,394	0,225	0,410	0,249	0,518	0,152	0,308	0,196	0,297	0,230	0,474	0,400	0,320	0,343	0,308	0,306	0,318	0,324	0,350	0,356	0,353	0,328	0,409	0,271	0,328	0,351	0,471	0,366	0,392	0,469	0,294	0,479	0,344	0,364	0,413	0,352	0,325	0,339	0,371	0,354	0,502	0,333	0,346	0,484	0,426	0,422	0,356	0,349	0,354	0,370	0,345	0,444	0,388	0,417	0,381	0,508	0,371	0,367	0,325	0,329	0,350	0,373	0,342	0,375	0,372	0,395	0,382	0,362	0,402	0,407	0,421	0,346	0,406	0,429	0,163	0,414	0,343	0,469	0,399	0,480	0,389	0,439
2:48:04	37,0	0,453	0,497	0,551	0,363	0,415	0,460	0,578	0,545	0,481	0,539	0,441	0,563	0,433	0,384	0,424	0,251	0,439	0,275	0,548	0,169	0,341	0,222	0,328	0,257	0,499	0,426	0,358	0,378	0,342	0,341	0,357	0,360	0,383	0,391	0,402	0,366	0,429	0,299	0,359	0,384	0,490	0,415	0,419	0,489	0,323	0,519	0,383	0,405	0,454	0,398	0,359	0,385	0,417	0,402	0,535	0,370	0,383	0,532	0,458	0,463	0,379	0,371	0,383	0,393	0,371	0,468	0,424	0,444	0,412	0,549	0,400	0,398	0,348	0,354	0,372	0,394	0,360	0,397	0,391	0,440	0,404	0,387	0,447	0,430	0,466	0,384	0,456	0,459	0,186	0,446	0,386	0,483	0,451	0,496	0,437	0,454
2:58:04	37,0	0,480	0,565	0,604	0,395	0,445	0,482	0,615	0,611	0,526	0,593	0,480	0,613	0,461	0,411	0,447	0,281	0,462	0,308	0,566	0,191	0,378	0,250	0,363	0,285	0,537	0,454	0,394	0,410	0,380	0,376	0,391	0,408	0,417	0,414	0,435	0,410	0,447	0,331	0,388	0,416	0,506	0,447	0,458	0,503	0,358	0,546	0,424	0,442	0,474	0,442	0,389	0,438	0,448	0,451	0,554	0,407	0,419	0,560	0,487	0,488	0,399	0,392	0,414	0,412	0,400	0,495	0,469	0,469	0,446	0,580	0,429	0,418	0,367	0,379	0,393	0,413	0,381	0,418	0,409	0,480	0,422	0,407	0,479	0,452	0,492	0,416	0,480	0,484	0,213	0,469	0,425	0,500	0,474	0,514	0,477	0,469
3:08:04	37,0	0,512	0,616	0,636	0,426	0,483	0,516	0,641	0,638	0,583	0,632	0,544	0,656	0,479	0,435	0,459	0,320	0,479	0,347	0,576	0,214	0,421	0,279	0,405	0,315	0,568	0,475	0,430	0,431	0,417	0,402	0,419	0,444	0,445	0,438	0,465	0,452	0,463	0,364	0,406	0,441	0,536	0,469	0,488	0,516	0,390	0,595	0,468	0,463	0,500	0,463	0,413	0,489	0,466	0,486	0,570	0,434	0,443	0,588	0,519	0,519	0,420	0,411	0,445	0,430	0,426	0,517	0,498	0,492	0,464	0,618	0,451	0,454	0,386	0,398	0,409	0,435	0,399	0,440	0,424	0,525	0,444	0,435	0,499	0,471	0,514	0,434	0,499	0,509	0,245	0,484	0,443	0,516	0,497	0,529	0,501	0,485
3:18:04	37,0	0,554	0,644	0,670	0,462	0,548	0,577	0,652	0,667	0,625	0,655	0,591	0,677	0,492	0,454	0,472	0,367	0,492	0,398	0,586	0,243	0,459	0,310	0,447	0,351	0,609	0,496	0,464	0,449	0,453	0,423	0,443	0,466	0,466	0,464	0,487	0,473	0,479	0,387	0,422	0,463	0,561	0,495	0,503	0,527	0,418	0,612	0,493	0,486	0,525	0,487	0,434	0,524	0,487	0,510	0,587	0,453	0,466	0,620	0,538	0,543	0,439	0,430	0,463	0,449	0,449	0,535	0,544	0,517	0,484	0,620	0,476	0,481	0,401	0,417	0,426	0,451	0,419	0,461	0,443	0,550	0,460	0,470	0,521	0,484	0,538	0,451	0,523	0,531	0,279	0,499	0,459	0,534	0,520	0,545	0,518	0,500
3:28:04	37,0	0,600	0,666	0,692	0,500	0,598	0,607	0,661	0,688	0,640	0,681	0,630	0,694	0,504	0,471	0,481	0,414	0,506	0,448	0,600	0,268	0,491	0,345	0,481	0,395	0,634	0,519	0,486	0,469	0,476	0,445	0,467	0,488	0,488	0,489	0,508	0,504	0,495	0,406	0,441	0,472	0,584	0,503	0,514	0,536	0,434	0,644	0,513	0,507	0,544	0,506	0,458	0,549	0,512	0,535	0,603	0,464	0,489	0,644	0,576	0,568	0,462	0,446	0,487	0,466	0,472	0,559	0,561	0,547	0,506	0,641	0,507	0,531	0,416	0,436	0,450	0,466	0,441	0,480	0,457	0,579	0,477	0,480	0,542	0,499	0,557	0,466	0,542	0,549	0,316	0,512	0,471	0,549	0,542	0,559	0,541	0,512
3:38:04	37,0	0,635	0,681	0,702	0,522	0,631	0,633	0,675	0,708	0,650	0,703	0,654	0,712	0,514	0,488	0,489	0,461	0,519	0,487	0,612	0,295	0,510	0,386	0,502	0,438	0,653	0,544	0,511	0,496	0,497	0,462	0,489	0,509	0,516	0,521	0,539	0,527	0,511	0,424	0,462	0,484	0,605	0,511	0,526	0,549	0,449	0,665	0,539	0,523	0,566	0,531	0,478	0,577	0,542	0,552	0,616	0,478	0,510	0,666	0,603	0,587	0,480	0,464	0,508	0,484	0,497	0,571	0,567	0,561	0,526	0,653	0,549	0,564	0,430	0,453	0,467	0,486	0,466	0,494	0,475	0,610	0,495	0,497	0,562	0,512	0,578	0,481	0,559	0,566	0,368	0,524	0,488	0,567	0,571	0,578	0,555	0,525
3:48:04	37,0	0,663	0,701	0,722	0,540	0,660	0,659	0,697	0,725	0,668	0,723	0,668	0,731	0,527	0,506	0,497	0,503	0,533	0,527	0,625	0,327	0,527	0,430	0,518	0,488	0,670	0,569	0,523	0,519	0,520	0,480	0,506	0,529	0,535	0,554	0,578	0,544	0,529	0,442	0,471	0,496	0,621	0,523	0,539	0,556	0,465	0,690	0,554	0,535	0,587	0,570	0,501	0,611	0,570	0,584	0,633	0,494	0,533	0,707	0,623	0,616	0,497	0,486	0,523	0,503	0,523	0,590	0,567	0,580	0,548	0,660	0,575	0,576	0,445	0,470	0,486	0,510	0,512	0,511	0,489	0,642	0,526	0,509	0,587	0,533	0,606	0,499	0,579	0,583	0,427	0,537	0,511	0,583	0,589	0,591	0,579	0,539
3:58:04	37,0	0,685	0,713	0,737	0,554	0,690	0,679	0,714	0,740	0,688	0,742	0,683	0,741	0,539	0,523	0,505	0,536	0,549	0,546	0,638	0,363	0,545	0,478	0,532	0,540	0,686	0,595	0,547	0,547	0,541	0,501	0,533	0,552	0,559	0,580	0,612	0,566	0,547	0,462	0,483	0,510	0,640	0,538	0,562	0,567	0,481	0,716	0,571	0,552	0,608	0,601	0,523	0,633	0,604	0,612	0,651	0,511	0,554	0,722	0,646	0,644	0,522	0,520	0,540	0,527	0,536	0,607	0,574	0,597	0,562	0,669	0,595	0,602	0,459	0,489	0,500	0,524	0,542	0,535	0,504	0,678	0,543	0,534	0,611	0,553	0,629	0,516	0,599	0,606	0,467	0,551	0,543	0,599	0,608	0,611	0,598	0,553
4:08:04	37,0	0,705	0,730	0,750	0,569	0,713	0,701	0,732	0,757	0,710	0,758	0,702	0,757	0,550	0,539	0,514	0,557	0,561	0,580	0,651	0,408	0,559	0,524	0,545	0,589	0,703	0,624	0,559	0,578	0,560	0,523	0,555	0,574	0,585	0,614	0,638	0,592	0,566	0,480	0,491	0,527	0,648	0,556	0,588	0,580	0,497	0,735	0,589	0,576	0,629	0,631	0,549	0,657	0,631	0,641	0,677	0,530	0,583	0,747	0,675	0,666	0,545	0,550	0,548	0,546	0,550	0,623	0,585	0,611	0,581	0,679	0,613	0,625	0,476	0,513	0,513	0,539	0,566	0,558	0,519	0,694	0,557	0,544	0,636	0,573	0,659	0,531	0,620	0,622	0,490	0,567	0,568	0,618	0,625	0,631	0,623	0,565
4:18:04	37,0	0,725	0,745	0,764	0,590	0,735	0,720	0,750	0,770	0,724	0,775	0,727	0,778	0,564	0,564	0,523	0,581	0,575	0,608	0,662	0,456	0,576	0,557	0,557	0,632	0,725	0,650	0,582	0,603	0,580	0,545	0,576	0,594	0,617	0,645	0,676	0,632	0,580	0,495	0,502	0,542	0,652	0,579	0,620	0,600	0,517	0,759	0,612	0,604	0,650	0,656	0,574	0,672	0,658	0,662	0,700	0,560	0,616	0,862	0,716	0,700	0,561	0,572	0,558	0,563	0,565	0,636	0,597	0,629	0,599	0,690	0,628	0,646	0,490	0,530	0,526	0,553	0,585	0,575	0,532	0,698	0,571	0,560	0,674	0,596	0,691	0,545	0,640	0,640	0,513	0,584	0,593	0,636	0,656	0,647	0,662	0,582
4:28:04	37,0	0,741	0,758	0,777	0,613	0,757	0,737	0,765	0,785	0,743	0,788	0,747	0,793	0,577	0,590	0,542	0,602	0,589	0,628	0,673	0,502	0,588	0,581	0,569	0,661	0,764	0,677	0,602	0,627	0,610	0,570	0,602	0,618	0,635	0,679	0,700	0,669	0,591	0,513	0,515	0,558	0,683	0,609	0,638	0,637	0,533	0,783	0,635	0,628	0,676	0,680	0,597	0,692	0,694	0,691	0,722	0,580	0,651	0,894	0,753	0,732	0,578	0,591	0,570	0,580	0,577	0,650	0,607	0,645	0,612	0,699	0,643	0,660	0,506	0,548	0,536	0,568	0,605	0,590	0,545	0,723	0,585	0,576	0,702	0,612	0,722	0,561	0,666	0,655	0,535	0,599	0,614	0,654	0,707	0,671	0,697	0,594
4:38:04	37,0	0,757	0,774	0,793	0,634	0,779	0,754	0,780	0,800	0,760	0,803	0,767	0,808	0,591	0,626	0,562	0,617	0,601	0,650	0,682	0,530	0,599	0,615	0,581	0,680	0,790	0,701	0,630	0,655	0,636	0,596	0,626	0,641	0,667	0,722	0,725	0,696	0,611	0,531	0,525	0,574	0,701	0,632	0,657	0,635	0,550	0,796	0,657	0,655	0,700	0,704	0,623	0,712	0,729	0,717	0,754	0,613	0,684	0,928	0,798	0,770	0,592	0,610	0,582	0,595	0,592	0,664	0,617	0,662	0,625	0,709	0,655	0,675	0,522	0,563	0,548	0,584	0,621	0,606	0,558	0,744	0,600	0,592	0,726	0,629	0,754	0,576	0,693	0,670	0,553	0,614	0,639	0,671	0,737	0,697	0,732	0,610
4:48:04	37,0	0,777	0,788	0,809	0,656	0,799	0,770	0,797	0,816	0,777	0,820	0,781	0,824	0,604	0,656	0,578	0,632	0,613	0,667	0,689	0,568	0,613	0,642	0,592	0,697	0,812	0,734	0,647	0,685	0,663	0,615	0,654	0,664	0,698	0,756	0,756	0,726	0,637	0,547	0,536	0,592	0,710	0,659	0,685	0,640	0,564	0,810	0,686	0,682	0,727	0,726	0,655	0,731	0,757	0,733	0,785	0,656	0,723	0,958	0,833	0,802	0,607	0,626	0,595	0,611	0,606	0,678	0,627	0,679	0,638	0,722	0,672	0,687	0,536	0,578	0,561	0,598	0,634	0,622	0,576	0,767	0,615	0,607	0,750	0,648	0,788	0,592	0,719	0,688	0,577	0,629	0,661	0,692	0,761	0,725	0,760	0,625
4:58:04	36,9	0,793	0,803	0,823	0,677	0,818	0,783	0,813	0,831	0,793	0,835	0,801	0,839	0,621	0,679	0,595	0,647	0,623	0,683	0,696	0,610	0,625	0,672	0,609	0,717	0,829	0,768	0,668	0,709	0,688	0,635	0,680	0,688	0,724	0,799	0,786	0,758	0,648	0,565	0,545	0,605	0,724	0,684	0,699	0,651	0,582	0,822	0,711	0,714	0,763	0,753	0,687	0,749	0,792	0,756	0,816	0,702	0,765	0,992	0,864	0,835	0,627	0,642	0,606	0,631	0,621	0,693	0,639	0,697	0,652	0,734	0,682	0,703	0,554	0,591	0,574	0,613	0,646	0,640	0,589	0,791	0,628	0,622	0,782	0,665	0,820	0,611	0,745	0,703	0,608	0,644	0,683	0,724	0,785	0,745	0,786	0,647
5:08:04	37,0	0,811	0,818	0,836	0,698	0,837	0,800	0,829	0,847	0,811	0,849	0,819	0,852	0,636	0,709	0,611	0,664	0,635	0,703	0,702	0,634	0,637	0,687	0,626	0,740	0,849	0,803	0,694	0,745	0,719	0,668	0,708	0,713	0,766	0,832	0,816	0,782	0,668	0,587	0,556	0,624	0,740	0,711	0,719	0,661	0,599	0,833	0,736	0,747	0,798	0,780	0,722	0,771	0,834	0,773	0,840	0,745	0,800	1,014	0,893	0,869	0,641	0,661	0,621	0,646	0,635	0,710	0,652	0,712	0,665	0,752	0,696	0,719	0,569	0,605	0,587	0,629	0,660	0,657	0,605	0,815	0,648	0,639	0,810	0,681	0,840	0,635	0,768	0,723	0,650	0,659	0,710	0,748	0,809	0,776	0,809	0,668
5:18:04	37,0	0,828	0,834	0,853	0,719	0,856	0,814	0,845	0,863	0,830	0,864	0,836	0,868	0,650	0,734	0,625	0,681	0,643	0,726	0,708	0,665	0,646	0,701	0,643	0,759	0,868	0,836	0,725	0,779	0,747	0,704	0,744	0,737	0,795	0,866	0,842	0,829	0,689	0,604	0,570	0,650	0,748	0,734	0,746	0,675	0,610	0,843	0,762	0,775	0,831	0,808	0,757	0,789	0,866	0,803	0,861	0,790	0,832	1,034	0,922	0,896	0,656	0,676	0,636	0,664	0,649	0,724	0,666	0,729	0,679	0,767	0,710	0,737	0,581	0,618	0,602	0,645	0,675	0,672	0,617	0,839	0,660	0,655	0,832	0,698	0,861	0,656	0,790	0,745	0,693	0,686	0,736	0,773	0,827	0,801	0,834	0,696
5:28:04	37,0	0,842	0,846	0,863	0,738	0,874	0,827	0,859	0,876	0,848	0,874	0,854	0,880	0,664	0,757	0,640	0,703	0,651	0,751	0,714	0,670	0,655	0,720	0,662	0,782	0,884	0,862	0,755	0,814	0,782	0,740	0,778	0,763	0,833	0,897	0,869	0,851	0,705	0,633	0,581	0,669	0,769	0,749	0,764	0,686	0,628	0,854	0,785	0,805	0,860	0,842	0,793	0,807	0,897	0,835	0,887	0,823	0,864	1,052	0,948	0,927	0,671	0,691	0,649	0,684	0,663	0,741	0,680	0,751	0,694	0,786	0,727	0,752	0,597	0,633	0,617	0,662	0,691	0,690	0,637	0,862	0,678	0,675	0,852	0,716	0,887	0,682	0,814	0,770	0,726	0,716	0,766	0,802	0,846	0,833	0,852	0,722
5:38:04	37,0	0,857	0,864	0,878	0,758	0,894	0,841	0,875	0,889	0,868	0,885	0,870	0,895	0,678	0,783	0,655	0,723	0,661	0,775	0,720	0,688	0,667	0,744	0,678	0,805	0,905	0,886	0,788	0,846	0,818	0,779	0,809	0,791	0,868	0,921	0,897	0,875	0,722	0,660	0,602	0,690	0,786	0,769	0,778	0,694	0,660	0,866	0,803	0,826	0,896	0,872	0,824	0,826	0,924	0,859	0,911	0,854	0,892	1,073	0,973	0,956	0,691	0,708	0,664	0,702	0,677	0,750	0,692	0,765	0,709	0,801	0,739	0,774	0,612	0,648	0,631	0,677	0,703	0,709	0,657	0,885	0,694	0,690	0,871	0,730	0,913	0,711	0,835	0,795	0,747	0,749	0,797	0,834	0,866	0,866	0,872	0,759
5:48:04	37,0	0,871	0,876	0,890	0,778	0,910	0,852	0,891	0,902	0,883	0,897	0,885	0,910	0,690	0,798	0,668	0,738	0,669	0,795	0,726	0,700	0,677	0,765	0,692	0,825	0,926	0,912	0,812	0,873	0,841	0,811	0,839	0,821	0,889	0,948	0,917	0,904	0,738	0,688	0,630	0,719	0,802	0,784	0,802	0,704	0,663	0,881	0,829	0,845	0,924	0,900	0,849	0,843	0,947	0,884	0,935	0,884	0,923	1,092	0,998	0,982	0,707	0,724	0,681	0,719	0,693	0,767	0,706	0,788	0,721	0,819	0,760	0,789	0,630	0,664	0,648	0,693	0,718	0,728	0,675	0,901	0,713	0,709	0,893	0,748	0,938	0,740	0,861	0,826	0,770	0,780	0,826	0,863	0,884	0,895	0,894	0,800
5:58:04	37,0	0,882	0,887	0,900	0,796	0,925	0,866	0,905	0,913	0,900	0,907	0,901	0,922	0,702	0,821	0,680	0,759	0,676	0,820	0,732	0,716	0,687	0,778	0,706	0,855	0,944	0,940	0,837	0,903	0,870	0,841	0,868	0,855	0,917	0,969	0,939	0,928	0,753	0,711	0,656	0,740	0,818	0,805	0,818	0,712	0,682	0,892	0,850	0,863	0,952	0,927	0,872	0,862	0,975	0,910	0,957	0,917	0,950	1,107	1,018	1,005	0,727	0,740	0,694	0,739	0,712	0,783	0,719	0,800	0,736	0,835	0,773	0,809	0,647	0,681	0,664	0,710	0,736	0,744	0,693	0,923	0,730	0,727	0,916	0,764	0,961	0,768	0,884	0,856	0,791	0,810	0,848	0,894	0,907	0,922	0,913	0,839
6:08:04	36,9	0,894	0,897	0,910	0,809	0,937	0,874	0,919	0,924	0,911	0,917	0,912	0,935	0,714	0,835	0,689	0,777	0,684	0,838	0,737	0,728	0,697	0,812	0,715	0,869	0,960	0,958	0,858	0,924	0,895	0,865	0,898	0,877	0,943	1,004	0,958	0,956	0,768	0,743	0,680	0,763	0,829	0,819	0,838	0,720	0,704	0,908	0,867	0,878	0,978	0,949	0,903	0,879	0,995	0,932	0,981	0,941	0,970	1,124	1,040	1,027	0,745	0,755	0,711	0,759	0,733	0,796	0,733	0,821	0,755	0,855	0,793	0,822	0,663	0,697	0,683	0,728	0,756	0,761	0,713	0,945	0,747	0,749	0,938	0,783	0,984	0,803	0,904	0,884	0,808	0,840	0,872	0,921	0,924	0,946	0,931	0,871
6:18:04	37,0	0,905	0,908	0,921	0,824	0,949	0,884	0,932	0,936	0,925	0,927	0,925	0,946	0,724	0,852	0,700	0,792	0,689	0,859	0,742	0,746	0,704	0,826	0,725	0,888	0,974	0,977	0,881	0,949	0,919	0,890	0,922	0,906	0,960	1,022	0,979	0,979	0,781	0,772	0,709	0,794	0,842	0,829	0,853	0,729	0,732	0,922	0,885	0,893	1,001	0,974	0,930	0,896	1,018	0,960	1,000	0,967	0,997	1,141	1,060	1,049	0,763	0,771	0,726	0,777	0,752	0,816	0,751	0,840	0,769	0,870	0,803	0,843	0,680	0,714	0,701	0,745	0,778	0,782	0,731	0,966	0,765	0,769	0,959	0,803	1,008	0,830	0,928	0,910	0,826	0,867	0,890	0,948	0,942	0,970	0,951	0,904
6:28:04	37,0	0,916	0,919	0,931	0,837	0,961	0,894	0,943	0,946	0,935	0,937	0,935	0,960	0,734	0,871	0,710	0,809	0,695	0,877	0,746	0,763	0,711	0,852	0,735	0,905	0,989	0,993	0,902	0,980	0,943	0,916	0,948	0,929	0,983	1,045	0,994	1,008	0,794	0,799	0,735	0,825	0,853	0,843	0,871	0,738	0,762	0,938	0,901	0,908	1,028	0,997	0,959	0,916	1,037	0,977	1,020	0,985	1,021	1,153	1,079	1,068	0,784	0,786	0,741	0,796	0,765	0,833	0,766	0,859	0,785	0,888	0,822	0,858	0,696	0,730	0,719	0,762	0,790	0,799	0,755	0,987	0,783	0,791	0,979	0,819	1,032	0,864	0,951	0,931	0,841	0,892	0,911	0,970	0,958	0,990	0,968	0,929
6:38:04	37,0	0,928	0,929	0,942	0,850	0,972	0,904	0,954	0,957	0,947	0,945	0,948	0,971	0,744	0,885	0,717	0,825	0,700	0,890	0,751	0,780	0,720	0,868	0,743	0,921	1,004	1,008	0,923	1,006	0,964	0,943	0,974	0,952	1,000	1,063	1,012	1,035	0,806	0,826	0,760	0,844	0,865	0,856	0,886	0,748	0,787	0,949	0,916	0,922	1,053	1,018	0,974	0,931	1,055	1,000	1,037	1,006	1,034	1,165	1,096	1,087	0,804	0,803	0,756	0,815	0,780	0,851	0,780	0,876	0,805	0,901	0,833	0,874	0,712	0,748	0,738	0,782	0,809	0,817	0,781	1,004	0,798	0,811	0,993	0,837	1,053	0,885	0,973	0,953	0,855	0,913	0,929	0,991	0,973	1,013	0,981	0,953
6:48:04	37,0	0,938	0,941	0,954	0,862	0,983	0,913	0,965	0,966	0,960	0,955	0,958	0,981	0,754	0,901	0,725	0,843	0,705	0,906	0,756	0,798	0,725	0,884	0,752	0,936	1,017	1,023	0,944	1,030	0,986	0,964	1,001	0,972	1,017	1,088	1,030	1,061	0,817	0,851	0,781	0,866	0,875	0,871	0,905	0,753	0,808	0,961	0,931	0,934	1,073	1,038	1,000	0,947	1,072	1,019	1,055	1,025	1,057	1,184	1,105	1,105	0,821	0,823	0,769	0,835	0,797	0,869	0,796	0,892	0,818	0,919	0,851	0,892	0,729	0,770	0,754	0,800	0,827	0,834	0,807	1,019	0,814	0,831	1,010	0,855	1,073	0,909	0,994	0,971	0,870	0,938	0,944	1,009	0,988	1,030	0,998	0,976
6:58:04	37,0	0,951	0,953	0,964	0,874	0,995	0,924	0,975	0,974	0,972	0,966	0,969	0,992	0,763	0,920	0,733	0,864	0,711	0,918	0,762	0,814	0,734	0,901	0,760	0,950	1,035	1,035	0,963	1,053	1,010	0,988	1,028	0,994	1,035	1,104	1,047	1,083	0,828	0,872	0,806	0,886	0,884	0,885	0,925	0,760	0,836	0,974	0,946	0,946	1,091	1,056	1,032	0,960	1,090	1,037	1,070	1,045	1,075	1,198	1,126	1,121	0,838	0,838	0,788	0,851	0,815	0,888	0,813	0,910	0,838	0,935	0,869	0,909	0,746	0,790	0,770	0,820	0,844	0,851	0,829	1,034	0,833	0,854	1,028	0,873	1,093	0,937	1,016	0,991	0,886	0,964	0,962	1,026	1,005	1,050	1,009	0,995
7:08:04	37,0	0,962	0,964	0,974	0,887	1,006	0,934	0,986	0,987	0,985	0,975	0,981	1,003	0,773	0,933	0,741	0,881	0,715	0,930	0,766	0,829	0,740	0,914	0,768	0,966	1,051	1,049	0,982	1,068	1,026	1,011	1,045	1,013	1,052	1,118	1,065	1,094	0,838	0,893	0,825	0,906	0,894	0,898	0,943	0,764	0,856	0,985	0,962	0,959	1,108	1,073	1,054	0,973	1,108	1,056	1,085	1,065	1,095	1,210	1,140	1,137	0,856	0,854	0,803	0,865	0,833	0,905	0,824	0,928	0,855	0,952	0,885	0,925	0,766	0,806	0,787	0,838	0,863	0,866	0,845	1,047	0,847	0,874	1,042	0,889	1,109	0,950	1,037	1,012	0,902	0,979	0,979	1,042	1,021	1,071	1,024	1,016
7:18:04	37,0	0,974	0,976	0,986	0,899	1,018	0,947	0,996	0,997	0,998	0,985	0,994	1,014	0,780	0,947	0,749	0,894	0,723	0,944	0,773	0,849	0,749	0,928	0,775	0,983	1,068	1,064	1,002	1,089	1,043	1,034	1,064	1,031	1,075	1,129	1,086	1,107	0,852	0,909	0,846	0,924	0,907	0,911	0,957	0,771	0,877	0,995	0,976	0,970	1,126	1,092	1,069	0,989	1,126	1,075	1,101	1,084	1,111	1,229	1,154	1,153	0,871	0,871	0,819	0,883	0,849	0,922	0,840	0,942	0,866	0,970	0,903	0,941	0,785	0,822	0,809	0,857	0,874	0,887	0,862	1,059	0,864	0,891	1,054	0,903	1,128	0,969	1,056	1,027	0,921	1,004	0,994	1,058	1,034	1,094	1,037	1,036
7:28:04	37,0	0,985	0,985	0,997	0,911	1,027	0,956	1,005	1,006	1,008	0,993	1,002	1,021	0,788	0,961	0,757	0,908	0,729	0,957	0,779	0,863	0,756	0,939	0,781	0,995	1,082	1,076	1,015	1,103	1,062	1,055	1,082	1,049	1,086	1,141	1,099	1,120	0,863	0,926	0,860	0,942	0,915	0,921	0,971	0,778	0,900	1,006	0,991	0,984	1,142	1,109	1,094	1,003	1,138	1,091	1,116	1,100	1,129	1,237	1,167	1,166	0,888	0,884	0,834	0,899	0,865	0,942	0,852	0,959	0,880	0,980	0,920	0,959	0,806	0,840	0,828	0,873	0,892	0,901	0,877	1,075	0,879	0,907	1,068	0,923	1,141	0,987	1,074	1,044	0,935	1,019	1,010	1,070	1,046	1,114	1,047	1,055
7:38:04	37,0	0,994	0,998	1,006	0,921	1,036	0,965	1,013	1,014	1,019	1,001	1,015	1,031	0,795	0,976	0,762	0,924	0,734	0,968	0,784	0,874	0,763	0,954	0,790	1,008	1,095	1,089	1,029	1,115	1,077	1,078	1,098	1,064	1,099	1,153	1,111	1,134	0,873	0,943	0,874	0,960	0,924	0,931	0,982	0,784	0,927	1,016	1,000	0,993	1,157	1,123	1,110	1,015	1,154	1,108	1,128	1,118	1,144	1,250	1,180	1,177	0,907	0,900	0,847	0,915	0,881	0,957	0,866	0,974	0,899	0,994	0,933	0,975	0,826	0,856	0,847	0,888	0,908	0,913	0,890	1,088	0,894	0,919	1,080	0,937	1,156	1,002	1,092	1,057	0,950	1,035	1,024	1,083	1,059	1,126	1,059	1,070
7:48:04	37,0	1,001	1,004	1,014	0,932	1,044	0,974	1,021	1,023	1,027	1,006	1,023	1,035	0,801	0,985	0,770	0,934	0,739	0,980	0,789	0,887	0,768	0,964	0,796	1,018	1,106	1,100	1,044	1,126	1,091	1,093	1,112	1,079	1,109	1,165	1,122	1,144	0,884	0,958	0,888	0,973	0,932	0,942	0,990	0,789	0,934	1,025	1,012	1,002	1,168	1,137	1,124	1,030	1,167	1,127	1,140	1,135	1,157	1,261	1,192	1,188	0,919	0,917	0,860	0,931	0,897	0,976	0,880	0,985	0,911	1,008	0,943	0,987	0,843	0,870	0,858	0,903	0,924	0,923	0,901	1,100	0,904	0,932	1,091	0,951	1,167	1,016	1,112	1,066	0,965	1,051	1,037	1,093	1,067	1,141	1,071	1,089
7:58:04	37,0	1,009	1,013	1,021	0,945	1,051	0,981	1,029	1,029	1,034	1,013	1,030	1,041	0,806	0,997	0,774	0,945	0,743	0,989	0,794	0,898	0,775	0,974	0,802	1,029	1,117	1,111	1,057	1,141	1,104	1,108	1,125	1,091	1,121	1,176	1,134	1,156	0,893	0,973	0,901	0,991	0,941	0,952	1,000	0,794	0,952	1,036	1,022	1,009	1,180	1,151	1,140	1,041	1,175	1,143	1,151	1,150	1,172	1,271	1,201	1,198	0,935	0,929	0,872	0,943	0,907	0,988	0,892	0,996	0,927	1,020	0,956	0,999	0,860	0,882	0,874	0,912	0,930	0,934	0,913	1,111	0,914	0,945	1,101	0,960	1,178	1,030	1,129	1,077	0,977	1,072	1,052	1,104	1,081	1,158	1,079	1,107
8:08:04	37,0	1,017	1,020	1,029	0,953	1,058	0,989	1,036	1,037	1,041	1,018	1,040	1,045	0,813	1,009	0,780	0,960	0,747	1,000	0,797	0,909	0,782	0,986	0,807	1,038	1,128	1,121	1,069	1,152	1,122	1,123	1,137	1,105	1,131	1,183	1,145	1,169	0,899	0,987	0,915	1,003	0,950	0,962	1,006	0,801	0,968	1,045	1,032	1,017	1,190	1,163	1,151	1,052	1,188	1,155	1,161	1,167	1,182	1,279	1,212	1,206	0,948	0,939	0,885	0,955	0,920	0,999	0,901	1,006	0,939	1,031	0,963	1,009	0,872	0,893	0,885	0,924	0,941	0,942	0,922	1,122	0,921	0,955	1,111	0,970	1,187	1,046	1,143	1,087	0,989	1,090	1,064	1,116	1,084	1,172	1,090	1,128
8:18:04	37,0	1,024	1,027	1,037	0,961	1,065	0,995	1,043	1,044	1,050	1,025	1,048	1,052	0,820	1,020	0,786	0,969	0,752	1,010	0,802	0,921	0,787	0,996	0,814	1,046	1,138	1,130	1,083	1,165	1,129	1,134	1,150	1,118	1,143	1,193	1,157	1,179	0,907	0,999	0,922	1,018	0,959	0,972	1,015	0,808	0,987	1,054	1,042	1,025	1,201	1,175	1,165	1,062	1,203	1,165	1,171	1,184	1,193	1,288	1,221	1,214	0,962	0,954	0,897	0,973	0,933	1,008	0,912	1,018	0,949	1,038	0,971	1,020	0,884	0,905	0,896	0,934	0,950	0,951	0,934	1,132	0,931	0,965	1,120	0,980	1,197	1,066	1,159	1,097	1,002	1,110	1,075	1,127	1,097	1,192	1,098	1,149
8:28:04	37,0	1,032	1,035	1,044	0,971	1,073	1,004	1,051	1,049	1,058	1,031	1,054	1,059	0,825	1,031	0,791	0,980	0,757	1,019	0,806	0,934	0,794	1,003	0,820	1,053	1,149	1,139	1,097	1,177	1,146	1,145	1,159	1,129	1,151	1,204	1,164	1,189	0,915	1,010	0,938	1,031	0,967	0,983	1,024	0,815	0,992	1,063	1,048	1,032	1,210	1,185	1,176	1,073	1,215	1,182	1,180	1,199	1,205	1,297	1,228	1,221	0,973	0,960	0,910	0,983	0,942	1,016	0,920	1,029	0,956	1,046	0,982	1,030	0,896	0,916	0,908	0,942	0,959	0,959	0,945	1,143	0,939	0,975	1,131	0,987	1,205	1,085	1,172	1,110	1,014	1,128	1,086	1,139	1,104	1,210	1,106	1,167
8:38:04	37,0	1,038	1,040	1,050	0,978	1,079	1,010	1,058	1,054	1,067	1,037	1,063	1,064	0,830	1,040	0,796	0,991	0,761	1,028	0,811	0,941	0,799	1,012	0,825	1,059	1,157	1,148	1,107	1,186	1,156	1,158	1,167	1,138	1,161	1,213	1,171	1,197	0,922	1,019	0,950	1,044	0,975	0,992	1,032	0,819	1,005	1,071	1,058	1,040	1,219	1,193	1,187	1,084	1,223	1,190	1,190	1,211	1,212	1,308	1,234	1,229	0,983	0,970	0,920	0,990	0,949	1,025	0,927	1,038	0,966	1,052	0,992	1,041	0,903	0,922	0,916	0,952	0,968	0,967	0,954	1,150	0,946	0,983	1,138	0,993	1,215	1,103	1,185	1,119	1,025	1,140	1,094	1,153	1,113	1,226	1,114	1,178
8:48:04	37,0	1,046	1,046	1,055	0,983	1,084	1,014	1,064	1,060	1,074	1,042	1,067	1,070	0,835	1,047	0,800	0,996	0,765	1,036	0,815	0,951	0,802	1,018	0,831	1,067	1,167	1,154	1,116	1,196	1,165	1,166	1,176	1,148	1,170	1,221	1,178	1,205	0,929	1,028	0,958	1,058	0,984	1,000	1,040	0,822	1,015	1,078	1,066	1,048	1,227	1,201	1,198	1,093	1,231	1,199	1,197	1,220	1,226	1,314	1,242	1,234	0,992	0,979	0,934	0,995	0,959	1,032	0,934	1,046	0,972	1,061	0,999	1,049	0,913	0,929	0,929	0,958	0,974	0,972	0,962	1,158	0,953	0,994	1,148	0,999	1,222	1,121	1,197	1,131	1,032	1,152	1,102	1,169	1,119	1,242	1,120	1,188
8:58:04	37,0	1,050	1,053	1,063	0,990	1,089	1,020	1,071	1,065	1,081	1,047	1,075	1,075	0,838	1,054	0,805	1,007	0,771	1,043	0,819	0,962	0,808	1,026	0,837	1,074	1,175	1,164	1,127	1,203	1,174	1,174	1,184	1,158	1,176	1,229	1,186	1,211	0,935	1,038	0,972	1,071	0,991	1,008	1,049	0,827	1,029	1,085	1,073	1,056	1,234	1,209	1,202	1,103	1,239	1,208	1,203	1,229	1,231	1,321	1,250	1,242	1,003	0,988	0,943	1,005	0,965	1,047	0,942	1,052	0,979	1,067	1,006	1,058	0,922	0,935	0,939	0,965	0,982	0,978	0,972	1,164	0,960	1,000	1,152	1,007	1,228	1,136	1,208	1,143	1,043	1,162	1,112	1,182	1,125	1,253	1,131	1,199
9:08:04	37,0	1,060	1,058	1,068	0,996	1,095	1,026	1,079	1,072	1,087	1,053	1,080	1,081	0,843	1,060	0,809	1,015	0,774	1,050	0,822	0,972	0,813	1,034	0,840	1,080	1,183	1,171	1,138	1,210	1,184	1,183	1,192	1,167	1,184	1,236	1,193	1,218	0,940	1,047	0,987	1,084	0,999	1,015	1,055	0,832	1,041	1,093	1,080	1,062	1,241	1,218	1,212	1,109	1,246	1,218	1,209	1,238	1,238	1,329	1,259	1,246	1,011	0,995	0,951	1,016	0,974	1,056	0,949	1,062	0,986	1,074	1,015	1,065	0,932	0,942	0,944	0,971	0,989	0,986	0,980	1,172	0,967	1,007	1,159	1,011	1,231	1,149	1,217	1,152	1,052	1,169	1,116	1,192	1,133	1,260	1,135	1,203
9:18:04	37,0	1,067	1,066	1,075	1,003	1,102	1,035	1,086	1,079	1,096	1,059	1,088	1,087	0,848	1,067	0,814	1,022	0,778	1,056	0,828	0,988	0,820	1,041	0,847	1,086	1,192	1,178	1,147	1,217	1,191	1,194	1,200	1,178	1,193	1,244	1,202	1,224	0,945	1,056	0,995	1,095	1,006	1,023	1,063	0,837	1,049	1,100	1,091	1,070	1,247	1,225	1,217	1,116	1,261	1,230	1,220	1,246	1,246	1,338	1,264	1,254	1,021	1,002	0,959	1,023	0,983	1,066	0,956	1,069	0,993	1,083	1,026	1,074	0,940	0,950	0,955	0,985	0,997	0,996	0,989	1,177	0,977	1,016	1,164	1,019	1,236	1,163	1,227	1,163	1,061	1,178	1,125	1,202	1,139	1,270	1,141	1,212
9:28:04	37,0	1,071	1,070	1,079	1,008	1,107	1,037	1,092	1,083	1,102	1,063	1,093	1,092	0,852	1,075	0,818	1,029	0,781	1,061	0,831	0,991	0,823	1,046	0,853	1,091	1,198	1,186	1,156	1,226	1,202	1,202	1,207	1,187	1,200	1,248	1,208	1,234	0,950	1,062	1,004	1,106	1,012	1,027	1,069	0,842	1,058	1,105	1,096	1,075	1,252	1,230	1,224	1,124	1,265	1,237	1,228	1,252	1,251	1,342	1,268	1,256	1,028	1,008	0,965	1,027	0,991	1,073	0,962	1,075	0,999	1,087	1,030	1,079	0,948	0,954	0,960	0,989	1,003	0,998	0,997	1,187	0,981	1,021	1,169	1,024	1,236	1,177	1,233	1,168	1,068	1,184	1,132	1,209	1,146	1,277	1,146	1,221
9:38:04	37,0	1,076	1,075	1,083	1,012	1,113	1,042	1,097	1,088	1,108	1,066	1,099	1,095	0,857	1,081	0,822	1,038	0,786	1,068	0,835	0,998	0,829	1,051	0,858	1,092	1,204	1,192	1,165	1,233	1,210	1,211	1,214	1,194	1,205	1,254	1,214	1,238	0,954	1,069	1,014	1,114	1,019	1,034	1,072	0,846	1,067	1,111	1,101	1,079	1,258	1,238	1,230	1,130	1,268	1,240	1,230	1,259	1,258	1,348	1,270	1,258	1,034	1,015	0,972	1,033	0,997	1,080	0,967	1,083	1,005	1,092	1,034	1,086	0,956	0,961	0,971	0,991	1,010	1,000	1,002	1,191	0,986	1,026	1,177	1,030	1,239	1,184	1,240	1,173	1,077	1,190	1,139	1,215	1,151	1,282	1,151	1,227
9:48:04	37,0	1,083	1,081	1,087	1,019	1,117	1,047	1,105	1,094	1,115	1,071	1,104	1,099	0,862	1,085	0,825	1,045	0,790	1,071	0,841	1,008	0,834	1,057	0,864	1,101	1,211	1,198	1,173	1,240	1,217	1,216	1,219	1,203	1,214	1,260	1,219	1,242	0,959	1,075	1,021	1,123	1,024	1,041	1,079	0,850	1,079	1,117	1,111	1,087	1,262	1,242	1,233	1,137	1,278	1,252	1,236	1,264	1,264	1,356	1,280	1,265	1,043	1,019	0,980	1,042	1,001	1,088	0,972	1,089	1,012	1,102	1,048	1,092	0,967	0,967	0,978	0,997	1,016	1,009	1,010	1,195	0,996	1,034	1,181	1,034	1,241	1,191	1,243	1,179	1,082	1,194	1,143	1,222	1,155	1,289	1,157	1,232
9:58:04	37,0	1,087	1,084	1,091	1,022	1,121	1,051	1,111	1,098	1,120	1,075	1,109	1,106	0,866	1,090	0,829	1,051	0,794	1,077	0,841	1,010	0,838	1,060	0,868	1,103	1,216	1,204	1,179	1,247	1,224	1,224	1,224	1,208	1,220	1,265	1,225	1,249	0,963	1,080	1,029	1,128	1,031	1,046	1,085	0,853	1,085	1,119	1,115	1,091	1,266	1,247	1,241	1,142	1,280	1,254	1,238	1,268	1,269	1,356	1,284	1,263	1,048	1,024	0,986	1,045	1,008	1,094	0,975	1,093	1,015	1,104	1,049	1,096	0,970	0,971	0,984	1,002	1,024	1,010	1,015	1,201	0,997	1,040	1,189	1,040	1,238	1,200	1,244	1,184	1,086	1,198	1,145	1,224	1,156	1,294	1,161	1,238
10:08:04	37,0	1,096	1,092	1,098	1,029	1,126	1,056	1,115	1,103	1,128	1,081	1,115	1,109	0,868	1,094	0,833	1,056	0,796	1,081	0,848	1,021	0,842	1,066	0,873	1,109	1,222	1,210	1,188	1,252	1,232	1,227	1,226	1,216	1,226	1,272	1,231	1,255	0,966	1,086	1,035	1,138	1,036	1,052	1,089	0,854	1,092	1,126	1,123	1,097	1,270	1,251	1,244	1,149	1,285	1,260	1,242	1,274	1,271	1,369	1,289	1,271	1,054	1,031	0,994	1,051	1,014	1,102	0,980	1,099	1,023	1,112	1,060	1,101	0,979	0,975	0,990	1,011	1,029	1,019	1,022	1,204	1,009	1,048	1,193	1,044	1,240	1,208	1,247	1,187	1,092	1,207	1,149	1,229	1,164	1,299	1,166	1,241
10:18:04	37,0	1,099	1,094	1,103	1,033	1,131	1,059	1,122	1,107	1,132	1,083	1,120	1,113	0,873	1,099	0,836	1,060	0,802	1,084	0,850	1,022	0,846	1,071	0,878	1,112	1,228	1,215	1,193	1,256	1,238	1,236	1,233	1,220	1,230	1,276	1,236	1,259	0,972	1,090	1,042	1,145	1,040	1,056	1,092	0,858	1,098	1,130	1,124	1,101	1,276	1,255	1,251	1,154	1,292	1,266	1,246	1,278	1,275	1,367	1,289	1,271	1,059	1,032	0,998	1,056	1,016	1,105	0,982	1,106	1,028	1,113	1,062	1,106	0,983	0,980	0,995	1,014	1,034	1,022	1,028	1,211	1,011	1,051	1,196	1,048	1,239	1,214	1,247	1,192	1,097	1,210	1,152	1,232	1,166	1,302	1,168	1,246
10:28:04	37,0	1,105	1,098	1,107	1,037	1,135	1,063	1,126	1,112	1,136	1,087	1,125	1,118	0,877	1,101	0,839	1,068	0,804	1,089	0,853	1,026	0,847	1,073	0,882	1,116	1,232	1,220	1,197	1,260	1,242	1,240	1,238	1,224	1,235	1,279	1,238	1,264	0,975	1,095	1,046	1,151	1,045	1,060	1,095	0,860	1,104	1,134	1,128	1,105	1,278	1,260	1,254	1,158	1,295	1,271	1,250	1,281	1,282	1,371	1,293	1,272	1,065	1,037	1,004	1,059	1,022	1,110	0,987	1,111	1,033	1,120	1,069	1,111	0,993	0,982	1,000	1,018	1,040	1,024	1,034	1,215	1,016	1,054	1,200	1,050	1,238	1,218	1,245	1,195	1,101	1,212	1,155	1,235	1,170	1,305	1,172	1,250
10:38:04	37,0	1,110	1,103	1,111	1,042	1,139	1,068	1,131	1,115	1,143	1,091	1,130	1,121	0,879	1,104	0,842	1,073	0,807	1,092	0,857	1,032	0,852	1,077	0,887	1,120	1,238	1,225	1,203	1,266	1,249	1,244	1,240	1,232	1,240	1,284	1,246	1,268	0,978	1,099	1,051	1,159	1,048	1,063	1,099	0,863	1,107	1,139	1,135	1,108	1,282	1,263	1,260	1,163	1,298	1,275	1,251	1,285	1,284	1,372	1,295	1,274	1,071	1,042	1,011	1,063	1,030	1,116	0,992	1,113	1,038	1,121	1,071	1,116	0,997	0,984	1,008	1,020	1,045	1,027	1,040	1,218	1,020	1,057	1,202	1,055	1,236	1,222	1,247	1,199	1,105	1,217	1,158	1,238	1,174	1,308	1,176	1,254
10:48:04	37,0	1,118	1,107	1,115	1,047	1,142	1,072	1,136	1,120	1,148	1,095	1,134	1,126	0,883	1,107	0,846	1,075	0,812	1,093	0,861	1,040	0,857	1,081	0,892	1,122	1,241	1,228	1,207	1,272	1,251	1,248	1,246	1,238	1,241	1,288	1,249	1,272	0,981	1,103	1,057	1,164	1,052	1,067	1,106	0,865	1,113	1,143	1,139	1,114	1,283	1,266	1,266	1,168	1,302	1,277	1,257	1,290	1,287	1,377	1,300	1,277	1,075	1,046	1,014	1,068	1,034	1,122	0,995	1,120	1,040	1,130	1,075	1,119	1,003	0,988	1,014	1,026	1,049	1,034	1,045	1,220	1,025	1,062	1,206	1,059	1,236	1,226	1,247	1,200	1,110	1,222	1,159	1,241	1,175	1,312	1,180	1,256
10:58:04	37,0	1,120	1,109	1,119	1,050	1,146	1,074	1,141	1,123	1,152	1,097	1,139	1,129	0,887	1,110	0,850	1,080	0,814	1,098	0,864	1,042	0,859	1,083	0,895	1,125	1,244	1,234	1,211	1,274	1,257	1,254	1,249	1,243	1,246	1,292	1,254	1,276	0,985	1,107	1,060	1,169	1,055	1,069	1,105	0,867	1,117	1,145	1,141	1,115	1,284	1,270	1,267	1,170	1,302	1,284	1,259	1,293	1,289	1,377	1,300	1,276	1,078	1,048	1,018	1,069	1,037	1,124	0,997	1,124	1,045	1,133	1,078	1,124	1,007	0,992	1,018	1,028	1,054	1,036	1,050	1,226	1,027	1,063	1,209	1,062	1,233	1,230	1,246	1,202	1,113	1,223	1,161	1,240	1,176	1,312	1,182	1,260
11:08:04	37,0	1,126	1,115	1,123	1,054	1,150	1,077	1,146	1,127	1,159	1,101	1,144	1,134	0,890	1,113	0,853	1,084	0,817	1,100	0,866	1,045	0,864	1,088	0,900	1,127	1,248	1,237	1,214	1,278	1,260	1,259	1,251	1,248	1,248	1,296	1,257	1,279	0,987	1,110	1,064	1,174	1,058	1,073	1,108	0,869	1,121	1,150	1,145	1,117	1,286	1,271	1,271	1,173	1,305	1,283	1,260	1,295	1,292	1,378	1,302	1,278	1,083	1,052	1,023	1,076	1,040	1,131	1,002	1,127	1,049	1,138	1,081	1,128	1,011	0,995	1,024	1,030	1,059	1,039	1,054	1,226	1,031	1,067	1,214	1,065	1,229	1,233	1,246	1,204	1,113	1,226	1,164	1,242	1,179	1,316	1,185	1,262
11:18:04	37,0	1,132	1,119	1,127	1,059	1,153	1,081	1,151	1,131	1,163	1,105	1,148	1,138	0,892	1,115	0,856	1,087	0,821	1,104	0,869	1,050	0,868	1,091	0,904	1,130	1,250	1,242	1,216	1,281	1,261	1,262	1,254	1,254	1,250	1,300	1,262	1,281	0,989	1,113	1,068	1,179	1,060	1,076	1,111	0,871	1,125	1,154	1,150	1,121	1,286	1,275	1,272	1,177	1,306	1,286	1,261	1,298	1,293	1,380	1,303	1,280	1,087	1,056	1,026	1,079	1,043	1,136	1,004	1,133	1,054	1,141	1,089	1,132	1,014	0,999	1,029	1,032	1,061	1,040	1,058	1,230	1,036	1,072	1,215	1,068	1,227	1,235	1,247	1,205	1,118	1,228	1,165	1,242	1,179	1,318	1,185	1,264
11:28:04	37,0	1,133	1,121	1,130	1,062	1,156	1,085	1,154	1,133	1,166	1,106	1,152	1,141	0,896	1,119	0,859	1,091	0,823	1,106	0,872	1,052	0,871	1,094	0,909	1,131	1,253	1,245	1,218	1,286	1,264	1,266	1,255	1,256	1,253	1,303	1,264	1,284	0,991	1,116	1,072	1,182	1,063	1,078	1,115	0,872	1,126	1,157	1,150	1,124	1,287	1,276	1,274	1,182	1,306	1,288	1,263	1,299	1,296	1,381	1,308	1,280	1,090	1,058	1,032	1,081	1,048	1,139	1,007	1,134	1,058	1,140	1,091	1,134	1,020	0,998	1,035	1,036	1,065	1,043	1,061	1,234	1,039	1,074	1,217	1,072	1,224	1,235	1,242	1,205	1,120	1,230	1,165	1,242	1,180	1,317	1,188	1,265
11:38:04	37,0	1,140	1,125	1,133	1,065	1,159	1,087	1,159	1,137	1,171	1,109	1,156	1,145	0,897	1,120	0,861	1,094	0,826	1,109	0,874	1,054	0,875	1,097	0,912	1,134	1,257	1,248	1,221	1,288	1,266	1,271	1,257	1,261	1,254	1,306	1,267	1,286	0,993	1,119	1,074	1,186	1,065	1,082	1,118	0,873	1,129	1,159	1,154	1,127	1,287	1,278	1,278	1,183	1,307	1,290	1,264	1,301	1,297	1,383	1,307	1,282	1,093	1,061	1,036	1,087	1,050	1,143	1,010	1,136	1,061	1,146	1,097	1,138	1,021	1,004	1,040	1,038	1,067	1,045	1,067	1,237	1,043	1,078	1,220	1,076	1,224	1,236	1,243	1,206	1,121	1,232	1,165	1,243	1,181	1,319	1,189	1,267
11:48:04	37,0	1,142	1,128	1,134	1,068	1,161	1,091	1,162	1,139	1,175	1,111	1,159	1,147	0,902	1,122	0,866	1,095	0,828	1,111	0,876	1,058	0,878	1,100	0,917	1,137	1,258	1,251	1,223	1,290	1,269	1,273	1,258	1,265	1,255	1,308	1,268	1,288	0,993	1,121	1,079	1,190	1,066	1,083	1,119	0,874	1,134	1,163	1,157	1,128	1,288	1,280	1,279	1,186	1,308	1,291	1,264	1,302	1,299	1,382	1,309	1,279	1,097	1,065	1,040	1,091	1,053	1,147	1,013	1,140	1,065	1,150	1,099	1,141	1,025	1,007	1,044	1,039	1,072	1,048	1,070	1,238	1,046	1,081	1,223	1,077	1,220	1,237	1,239	1,208	1,123	1,233	1,164	1,243	1,180	1,320	1,192	1,269
11:58:04	37,0	1,145	1,130	1,138	1,071	1,162	1,093	1,166	1,141	1,179	1,112	1,162	1,150	0,903	1,125	0,867	1,099	0,832	1,112	0,878	1,059	0,882	1,103	0,919	1,138	1,262	1,252	1,223	1,292	1,270	1,276	1,258	1,268	1,254	1,311	1,270	1,288	0,995	1,123	1,082	1,192	1,069	1,085	1,123	0,875	1,134	1,163	1,160	1,130	1,287	1,280	1,280	1,187	1,310	1,293	1,263	1,303	1,301	1,382	1,308	1,279	1,100	1,069	1,043	1,093	1,055	1,151	1,017	1,139	1,068	1,149	1,101	1,144	1,026	1,007	1,049	1,041	1,075	1,051	1,073	1,240	1,049	1,084	1,224	1,079	1,218	1,236	1,239	1,206	1,123	1,235	1,165	1,243	1,180	1,320	1,190	1,270
12:08:04	36,9	1,150	1,134	1,142	1,075	1,165	1,097	1,170	1,144	1,181	1,115	1,167	1,153	0,906	1,127	0,869	1,100	0,835	1,115	0,881	1,062	0,885	1,105	0,926	1,139	1,265	1,256	1,225	1,293	1,270	1,279	1,259	1,273	1,256	1,312	1,274	1,291	0,996	1,125	1,083	1,196	1,071	1,088	1,124	0,876	1,139	1,167	1,164	1,132	1,287	1,281	1,280	1,189	1,307	1,296	1,264	1,303	1,300	1,382	1,313	1,276	1,103	1,071	1,046	1,096	1,059	1,153	1,020	1,144	1,071	1,153	1,109	1,147	1,030	1,012	1,053	1,042	1,078	1,054	1,075	1,238	1,053	1,087	1,226	1,081	1,216	1,235	1,237	1,207	1,125	1,235	1,163	1,242	1,181	1,321	1,190	1,271
12:18:04	37,0	1,153	1,138	1,145	1,079	1,168	1,099	1,173	1,147	1,187	1,118	1,171	1,155	0,910	1,130	0,873	1,104	0,839	1,114	0,886	1,067	0,890	1,108	0,933	1,142	1,268	1,257	1,227	1,295	1,268	1,280	1,259	1,277	1,255	1,316	1,276	1,289	0,996	1,127	1,085	1,197	1,073	1,091	1,127	0,879	1,142	1,171	1,167	1,137	1,287	1,281	1,281	1,192	1,307	1,298	1,262	1,303	1,300	1,383	1,308	1,277	1,105	1,074	1,050	1,099	1,063	1,159	1,023	1,148	1,074	1,159	1,113	1,149	1,033	1,013	1,058	1,048	1,082	1,059	1,078	1,242	1,057	1,092	1,229	1,085	1,214	1,232	1,234	1,206	1,125	1,237	1,165	1,240	1,181	1,321	1,191	1,271
12:28:04	37,0	1,156	1,141	1,147	1,081	1,170	1,101	1,176	1,150	1,190	1,121	1,172	1,157	0,913	1,131	0,875	1,109	0,841	1,116	0,891	1,069	0,896	1,110	0,938	1,145	1,270	1,259	1,227	1,298	1,269	1,283	1,258	1,281	1,255	1,317	1,277	1,290	0,997	1,129	1,089	1,201	1,073	1,092	1,129	0,879	1,145	1,173	1,170	1,138	1,286	1,282	1,282	1,193	1,306	1,299	1,266	1,304	1,300	1,383	1,312	1,278	1,109	1,075	1,052	1,100	1,066	1,160	1,026	1,150	1,077	1,162	1,114	1,153	1,036	1,013	1,062	1,055	1,084	1,063	1,083	1,243	1,059	1,092	1,230	1,087	1,211	1,233	1,234	1,206	1,126	1,237	1,163	1,241	1,181	1,321	1,190	1,273
12:38:04	37,0	1,158	1,144	1,148	1,083	1,172	1,103	1,179	1,152	1,192	1,122	1,176	1,159	0,918	1,132	0,877	1,111	0,843	1,118	0,893	1,070	0,900	1,111	0,945	1,147	1,270	1,260	1,228	1,297	1,269	1,286	1,258	1,282	1,255	1,319	1,277	1,291	0,998	1,130	1,090	1,202	1,075	1,093	1,131	0,882	1,147	1,174	1,170	1,139	1,285	1,281	1,281	1,194	1,305	1,300	1,262	1,302	1,300	1,379	1,313	1,274	1,112	1,078	1,055	1,101	1,066	1,162	1,028	1,153	1,080	1,163	1,116	1,156	1,037	1,015	1,068	1,054	1,087	1,062	1,085	1,244	1,063	1,093	1,231	1,088	1,207	1,231	1,232	1,205	1,124	1,234	1,162	1,240	1,180	1,321	1,188	1,270
12:48:04	37,0	1,160	1,146	1,152	1,085	1,174	1,107	1,181	1,154	1,196	1,125	1,177	1,163	0,923	1,135	0,881	1,113	0,847	1,121	0,897	1,074	0,905	1,113	0,947	1,148	1,273	1,262	1,228	1,298	1,269	1,287	1,257	1,286	1,254	1,320	1,280	1,290	0,997	1,131	1,093	1,200	1,077	1,094	1,132	0,880	1,146	1,176	1,172	1,142	1,283	1,281	1,282	1,197	1,303	1,300	1,261	1,303	1,298	1,381	1,312	1,272	1,114	1,079	1,059	1,103	1,069	1,165	1,031	1,153	1,084	1,166	1,120	1,160	1,041	1,020	1,072	1,056	1,092	1,064	1,086	1,246	1,066	1,095	1,233	1,091	1,205	1,229	1,230	1,206	1,124	1,235	1,162	1,240	1,181	1,321	1,188	1,271
12:58:04	37,0	1,163	1,147	1,154	1,087	1,175	1,107	1,184	1,156	1,200	1,125	1,180	1,165	0,925	1,134	0,882	1,115	0,848	1,121	0,897	1,075	0,910	1,115	0,948	1,149	1,274	1,264	1,227	1,297	1,269	1,288	1,255	1,287	1,254	1,320	1,280	1,291	0,999	1,131	1,094	1,202	1,076	1,095	1,133	0,882	1,148	1,178	1,173	1,142	1,280	1,280	1,279	1,196	1,300	1,300	1,261	1,302	1,298	1,377	1,311	1,269	1,117	1,081	1,060	1,104	1,071	1,171	1,033	1,154	1,085	1,170	1,122	1,161	1,042	1,020	1,075	1,056	1,093	1,066	1,087	1,245	1,068	1,099	1,234	1,091	1,202	1,229	1,228	1,204	1,123	1,232	1,160	1,239	1,180	1,319	1,185	1,272
13:08:04	37,0	1,164	1,150	1,157	1,088	1,178	1,109	1,186	1,159	1,202	1,127	1,183	1,165	0,930	1,137	0,886	1,117	0,853	1,122	0,900	1,078	0,914	1,117	0,952	1,151	1,274	1,265	1,228	1,297	1,268	1,288	1,255	1,291	1,254	1,322	1,281	1,290	0,999	1,131	1,096	1,204	1,079	1,096	1,134	0,883	1,149	1,180	1,175	1,144	1,281	1,280	1,280	1,196	1,299	1,300	1,260	1,302	1,297	1,377	1,310	1,270	1,117	1,084	1,064	1,107	1,074	1,171	1,036	1,158	1,090	1,173	1,125	1,163	1,045	1,024	1,080	1,063	1,096	1,069	1,088	1,247	1,072	1,101	1,235	1,095	1,200	1,228	1,226	1,203	1,123	1,233	1,158	1,238	1,178	1,319	1,185	1,271
13:18:04	37,0	1,166	1,151	1,158	1,090	1,178	1,111	1,188	1,159	1,205	1,128	1,186	1,167	0,932	1,138	0,890	1,120	0,856	1,124	0,898	1,080	0,917	1,118	0,952	1,151	1,276	1,266	1,226	1,297	1,267	1,289	1,252	1,290	1,252	1,321	1,283	1,290	1,000	1,132	1,097	1,204	1,079	1,096	1,133	0,883	1,150	1,182	1,174	1,146	1,277	1,279	1,278	1,199	1,296	1,298	1,258	1,301	1,294	1,373	1,308	1,265	1,122	1,085	1,067	1,111	1,077	1,172	1,036	1,160	1,091	1,175	1,127	1,165	1,047	1,025	1,083	1,066	1,099	1,069	1,089	1,247	1,071	1,103	1,234	1,097	1,195	1,226	1,221	1,201	1,120	1,229	1,157	1,237	1,176	1,317	1,182	1,271
13:28:04	37,0	1,167	1,152	1,159	1,090	1,181	1,111	1,190	1,161	1,206	1,129	1,188	1,168	0,934	1,140	0,892	1,119	0,858	1,125	0,898	1,079	0,915	1,119	0,954	1,152	1,277	1,266	1,225	1,296	1,264	1,290	1,250	1,291	1,250	1,319	1,282	1,289	0,999	1,132	1,098	1,203	1,079	1,098	1,133	0,883	1,149	1,182	1,176	1,143	1,276	1,277	1,276	1,198	1,294	1,297	1,255	1,299	1,293	1,370	1,304	1,265	1,124	1,086	1,070	1,111	1,077	1,174	1,040	1,159	1,094	1,174	1,129	1,167	1,047	1,028	1,085	1,065	1,101	1,070	1,092	1,247	1,073	1,106	1,234	1,097	1,195	1,225	1,219	1,200	1,120	1,229	1,156	1,235	1,176	1,315	1,180	1,269
13:38:04	37,0	1,169	1,154	1,161	1,090	1,181	1,112	1,195	1,161	1,208	1,129	1,190	1,170	0,937	1,140	0,894	1,119	0,860	1,126	0,896	1,081	0,918	1,121	0,956	1,153	1,277	1,266	1,224	1,294	1,265	1,290	1,248	1,292	1,248	1,319	1,281	1,289	0,998	1,133	1,097	1,202	1,079	1,099	1,133	0,883	1,150	1,182	1,178	1,144	1,273	1,276	1,272	1,197	1,291	1,295	1,252	1,296	1,291	1,367	1,303	1,262	1,126	1,090	1,071	1,112	1,081	1,176	1,043	1,159	1,096	1,178	1,132	1,168	1,050	1,030	1,088	1,065	1,102	1,071	1,091	1,248	1,077	1,108	1,232	1,098	1,192	1,223	1,217	1,200	1,117	1,227	1,155	1,235	1,173	1,313	1,179	1,268
13:48:04	37,0	1,169	1,155	1,162	1,092	1,182	1,113	1,194	1,163	1,210	1,129	1,191	1,171	0,937	1,140	0,895	1,120	0,861	1,126	0,896	1,083	0,917	1,121	0,956	1,154	1,278	1,264	1,223	1,294	1,261	1,290	1,245	1,292	1,246	1,319	1,280	1,287	0,997	1,133	1,098	1,201	1,080	1,099	1,133	0,880	1,150	1,183	1,178	1,143	1,270	1,276	1,271	1,197	1,288	1,296	1,249	1,297	1,290	1,366	1,301	1,258	1,129	1,093	1,073	1,113	1,083	1,177	1,045	1,162	1,099	1,180	1,134	1,171	1,051	1,033	1,089	1,066	1,103	1,073	1,093	1,246	1,081	1,109	1,233	1,101	1,189	1,221	1,214	1,200	1,117	1,225	1,150	1,233	1,170	1,312	1,176	1,268
13:58:04	37,0	1,172	1,157	1,163	1,093	1,182	1,115	1,195	1,166	1,212	1,131	1,193	1,173	0,936	1,142	0,895	1,121	0,864	1,127	0,898	1,085	0,919	1,124	0,952	1,156	1,277	1,264	1,222	1,293	1,259	1,288	1,246	1,293	1,246	1,320	1,282	1,285	0,997	1,133	1,099	1,200	1,081	1,099	1,133	0,880	1,152	1,183	1,178	1,147	1,270	1,273	1,272	1,195	1,286	1,295	1,245	1,294	1,287	1,367	1,301	1,260	1,131	1,094	1,073	1,116	1,085	1,179	1,047	1,164	1,101	1,181	1,137	1,174	1,052	1,034	1,092	1,069	1,105	1,076	1,094	1,246	1,083	1,110	1,232	1,103	1,185	1,219	1,213	1,199	1,115	1,224	1,151	1,233	1,169	1,311	1,174	1,266
14:08:04	37,0	1,172	1,156	1,164	1,093	1,183	1,115	1,196	1,166	1,214	1,130	1,193	1,174	0,936	1,142	0,896	1,124	0,861	1,128	0,896	1,086	0,919	1,124	0,957	1,156	1,278	1,264	1,219	1,290	1,258	1,288	1,242	1,293	1,243	1,318	1,280	1,285	0,997	1,131	1,099	1,200	1,080	1,098	1,131	0,880	1,153	1,182	1,178	1,144	1,266	1,272	1,268	1,196	1,284	1,292	1,246	1,293	1,285	1,360	1,295	1,253	1,133	1,096	1,077	1,117	1,085	1,180	1,046	1,162	1,103	1,181	1,140	1,173	1,055	1,034	1,093	1,072	1,108	1,079	1,094	1,245	1,085	1,111	1,232	1,102	1,182	1,220	1,208	1,197	1,114	1,222	1,146	1,231	1,168	1,308	1,173	1,267
14:18:04	37,0	1,173	1,157	1,165	1,094	1,184	1,116	1,198	1,167	1,215	1,131	1,196	1,175	0,936	1,143	0,895	1,123	0,861	1,129	0,894	1,086	0,918	1,125	0,956	1,158	1,276	1,262	1,219	1,289	1,257	1,286	1,240	1,292	1,241	1,316	1,279	1,282	0,995	1,130	1,098	1,198	1,081	1,098	1,130	0,881	1,151	1,183	1,179	1,143	1,264	1,270	1,267	1,195	1,281	1,292	1,241	1,291	1,284	1,359	1,296	1,253	1,136	1,097	1,077	1,117	1,086	1,180	1,048	1,163	1,106	1,181	1,141	1,173	1,056	1,035	1,099	1,074	1,108	1,081	1,093	1,245	1,088	1,113	1,230	1,104	1,179	1,216	1,207	1,195	1,113	1,222	1,146	1,230	1,166	1,308	1,170	1,264
14:28:04	37,0	1,174	1,159	1,166	1,093	1,185	1,117	1,199	1,168	1,216	1,132	1,198	1,177	0,936	1,143	0,895	1,124	0,861	1,130	0,892	1,087	0,918	1,127	0,957	1,158	1,275	1,261	1,217	1,287	1,255	1,287	1,236	1,291	1,238	1,315	1,278	1,283	0,994	1,129	1,099	1,198	1,081	1,100	1,130	0,879	1,151	1,183	1,180	1,144	1,262	1,270	1,264	1,193	1,278	1,289	1,240	1,290	1,281	1,357	1,294	1,252	1,138	1,100	1,079	1,121	1,085	1,181	1,053	1,166	1,109	1,183	1,140	1,176	1,056	1,034	1,099	1,075	1,109	1,080	1,093	1,242	1,090	1,114	1,229	1,105	1,176	1,215	1,206	1,196	1,113	1,221	1,145	1,230	1,164	1,306	1,167	1,263
14:38:04	37,0	1,174	1,159	1,166	1,093	1,185	1,117	1,200	1,166	1,215	1,133	1,200	1,177	0,936	1,142	0,894	1,123	0,860	1,129	0,890	1,089	0,915	1,127	0,955	1,159	1,276	1,259	1,215	1,284	1,253	1,284	1,234	1,292	1,237	1,313	1,275	1,279	0,994	1,128	1,097	1,198	1,082	1,097	1,130	0,879	1,147	1,183	1,179	1,143	1,261	1,268	1,262	1,190	1,274	1,286	1,236	1,289	1,277	1,355	1,290	1,248	1,138	1,101	1,083	1,121	1,089	1,179	1,051	1,166	1,108	1,182	1,142	1,175	1,058	1,036	1,100	1,074	1,110	1,081	1,095	1,242	1,090	1,116	1,226	1,106	1,173	1,214	1,202	1,193	1,112	1,219	1,141	1,229	1,160	1,305	1,167	1,262
14:48:04	37,0	1,178	1,161	1,167	1,094	1,186	1,118	1,199	1,169	1,217	1,132	1,200	1,177	0,934	1,143	0,894	1,123	0,859	1,129	0,889	1,091	0,915	1,129	0,956	1,159	1,274	1,258	1,214	1,281	1,250	1,280	1,233	1,290	1,235	1,312	1,274	1,279	0,993	1,128	1,096	1,197	1,081	1,095	1,130	0,877	1,149	1,183	1,181	1,142	1,257	1,266	1,262	1,190	1,271	1,284	1,235	1,286	1,276	1,355	1,287	1,247	1,139	1,105	1,085	1,120	1,091	1,180	1,050	1,167	1,111	1,183	1,144	1,178	1,061	1,038	1,100	1,079	1,110	1,084	1,092	1,238	1,093	1,117	1,226	1,109	1,169	1,211	1,200	1,193	1,109	1,219	1,140	1,226	1,159	1,305	1,163	1,261
14:58:04	37,0	1,178	1,161	1,167	1,094	1,186	1,117	1,202	1,168	1,219	1,132	1,202	1,179	0,934	1,143	0,892	1,126	0,858	1,129	0,887	1,093	0,916	1,131	0,955	1,159	1,273	1,256	1,212	1,280	1,250	1,278	1,230	1,289	1,231	1,309	1,273	1,278	0,991	1,127	1,097	1,195	1,081	1,096	1,129	0,875	1,149	1,183	1,180	1,142	1,254	1,264	1,260	1,190	1,269	1,282	1,232	1,285	1,274	1,351	1,283	1,243	1,142	1,106	1,088	1,121	1,090	1,180	1,050	1,167	1,113	1,185	1,145	1,179	1,062	1,040	1,103	1,082	1,111	1,087	1,092	1,237	1,093	1,118	1,222	1,110	1,166	1,208	1,196	1,191	1,108	1,217	1,138	1,225	1,156	1,303	1,162	1,259
15:08:04	37,0	1,178	1,159	1,165	1,093	1,187	1,117	1,201	1,167	1,217	1,132	1,201	1,179	0,933	1,143	0,891	1,125	0,856	1,129	0,886	1,092	0,913	1,132	0,954	1,160	1,271	1,253	1,209	1,278	1,248	1,277	1,227	1,287	1,229	1,306	1,272	1,275	0,988	1,125	1,096	1,193	1,079	1,096	1,126	0,875	1,147	1,182	1,179	1,141	1,252	1,262	1,257	1,190	1,266	1,279	1,232	1,282	1,270	1,347	1,279	1,240	1,144	1,105	1,088	1,120	1,093	1,179	1,053	1,165	1,115	1,186	1,146	1,179	1,063	1,040	1,105	1,081	1,112	1,087	1,092	1,234	1,095	1,115	1,220	1,109	1,163	1,207	1,196	1,190	1,108	1,215	1,136	1,224	1,154	1,301	1,161	1,259
15:18:04	37,0	1,179	1,161	1,167	1,093	1,187	1,116	1,200	1,168	1,217	1,131	1,202	1,179	0,932	1,144	0,887	1,125	0,855	1,130	0,883	1,093	0,913	1,132	0,953	1,159	1,270	1,252	1,208	1,275	1,246	1,274	1,226	1,284	1,227	1,303	1,272	1,273	0,989	1,125	1,094	1,190	1,079	1,094	1,124	0,874	1,145	1,183	1,178	1,139	1,248	1,259	1,255	1,187	1,264	1,277	1,226	1,279	1,269	1,348	1,282	1,239	1,145	1,107	1,091	1,123	1,095	1,182	1,054	1,165	1,116	1,186	1,147	1,179	1,065	1,042	1,107	1,082	1,111	1,087	1,091	1,232	1,095	1,116	1,219	1,109	1,160	1,205	1,193	1,189	1,104	1,213	1,132	1,223	1,151	1,299	1,159	1,257
15:28:04	37,0	1,179	1,161	1,166	1,093	1,187	1,115	1,201	1,167	1,218	1,132	1,202	1,180	0,931	1,144	0,886	1,124	0,852	1,131	0,880	1,094	0,908	1,133	0,951	1,161	1,268	1,250	1,206	1,272	1,245	1,272	1,224	1,283	1,225	1,301	1,271	1,271	0,987	1,123	1,094	1,191	1,078	1,093	1,124	0,874	1,145	1,182	1,177	1,139	1,245	1,256	1,253	1,184	1,261	1,275	1,225	1,277	1,265	1,345	1,280	1,235	1,146	1,107	1,092	1,123	1,098	1,179	1,056	1,164	1,116	1,187	1,151	1,179	1,067	1,043	1,109	1,081	1,111	1,090	1,093	1,231	1,098	1,116	1,217	1,107	1,159	1,205	1,191	1,188	1,105	1,212	1,130	1,221	1,149	1,298	1,156	1,258
15:38:04	37,0	1,176	1,159	1,164	1,090	1,184	1,114	1,201	1,165	1,216	1,130	1,200	1,179	0,928	1,143	0,883	1,120	0,850	1,131	0,876	1,093	0,907	1,131	0,948	1,158	1,265	1,248	1,204	1,270	1,241	1,268	1,221	1,281	1,222	1,298	1,267	1,268	0,986	1,121	1,093	1,188	1,077	1,092	1,122	0,871	1,142	1,179	1,174	1,137	1,242	1,254	1,251	1,182	1,258	1,271	1,223	1,274	1,262	1,340	1,273	1,231	1,146	1,110	1,091	1,122	1,097	1,178	1,053	1,162	1,117	1,184	1,155	1,177	1,068	1,043	1,109	1,079	1,109	1,091	1,090	1,230	1,097	1,119	1,214	1,106	1,156	1,203	1,187	1,184	1,099	1,208	1,127	1,219	1,146	1,295	1,155	1,255
15:48:04	37,0	1,179	1,161	1,164	1,091	1,186	1,113	1,201	1,166	1,216	1,130	1,203	1,180	0,927	1,142	0,881	1,122	0,847	1,129	0,874	1,094	0,907	1,132	0,947	1,156	1,264	1,245	1,203	1,269	1,240	1,265	1,218	1,279	1,219	1,296	1,266	1,267	0,984	1,120	1,091	1,187	1,077	1,091	1,119	0,868	1,141	1,179	1,174	1,136	1,240	1,252	1,250	1,181	1,255	1,271	1,220	1,275	1,261	1,337	1,276	1,233	1,147	1,111	1,096	1,122	1,098	1,177	1,057	1,164	1,119	1,184	1,151	1,178	1,072	1,045	1,112	1,082	1,110	1,092	1,091	1,224	1,102	1,116	1,213	1,109	1,152	1,202	1,185	1,185	1,099	1,208	1,127	1,218	1,145	1,294	1,149	1,253
15:58:04	37,0	1,180	1,161	1,163	1,090	1,187	1,114	1,202	1,165	1,216	1,131	1,203	1,182	0,926	1,144	0,879	1,122	0,845	1,129	0,872	1,095	0,904	1,134	0,945	1,158	1,263	1,244	1,201	1,267	1,237	1,265	1,217	1,277	1,219	1,295	1,263	1,264	0,984	1,119	1,091	1,186	1,077	1,089	1,118	0,869	1,139	1,181	1,176	1,137	1,237	1,250	1,250	1,177	1,254	1,267	1,220	1,271	1,258	1,339	1,270	1,230	1,147	1,111	1,098	1,121	1,100	1,177	1,057	1,165	1,121	1,185	1,153	1,179	1,074	1,045	1,111	1,084	1,111	1,096	1,089	1,224	1,102	1,115	1,211	1,108	1,150	1,200	1,181	1,183	1,099	1,207	1,124	1,216	1,144	1,293	1,147	1,253
16:08:04	37,0	1,178	1,160	1,162	1,088	1,185	1,114	1,201	1,167	1,216	1,129	1,202	1,181	0,923	1,143	0,876	1,120	0,842	1,129	0,867	1,091	0,901	1,133	0,943	1,157	1,260	1,241	1,200	1,263	1,237	1,261	1,214	1,275	1,215	1,290	1,262	1,262	0,982	1,117	1,088	1,180	1,076	1,087	1,116	0,867	1,135	1,176	1,171	1,134	1,234	1,248	1,247	1,176	1,251	1,266	1,216	1,270	1,256	1,337	1,269	1,229	1,146	1,110	1,098	1,121	1,099	1,172	1,055	1,164	1,119	1,182	1,151	1,177	1,072	1,045	1,111	1,082	1,111	1,095	1,090	1,221	1,100	1,115	1,208	1,105	1,146	1,199	1,180	1,180	1,093	1,204	1,120	1,216	1,140	1,289	1,149	1,250
16:18:04	37,0	1,178	1,161	1,159	1,087	1,184	1,112	1,199	1,165	1,215	1,130	1,204	1,182	0,922	1,142	0,872	1,118	0,837	1,128	0,864	1,091	0,899	1,132	0,941	1,156	1,258	1,239	1,199	1,261	1,234	1,257	1,211	1,272	1,214	1,286	1,260	1,258	0,979	1,116	1,087	1,178	1,075	1,086	1,115	0,864	1,133	1,177	1,170	1,132	1,232	1,246	1,247	1,174	1,248	1,262	1,215	1,267	1,254	1,332	1,264	1,226	1,148	1,111	1,098	1,123	1,100	1,171	1,054	1,162	1,119	1,182	1,155	1,177	1,074	1,048	1,112	1,081	1,111	1,095	1,089	1,218	1,103	1,118	1,208	1,104	1,144	1,196	1,177	1,178	1,095	1,204	1,117	1,214	1,138	1,288	1,147	1,249
16:28:04	37,0	1,179	1,161	1,159	1,085	1,184	1,112	1,201	1,167	1,215	1,129	1,204	1,182	0,921	1,142	0,869	1,118	0,836	1,128	0,861	1,092	0,896	1,131	0,940	1,155	1,256	1,238	1,198	1,259	1,234	1,255	1,208	1,270	1,212	1,284	1,258	1,257	0,978	1,115	1,086	1,176	1,073	1,084	1,113	0,863	1,133	1,176	1,171	1,131	1,230	1,244	1,245	1,174	1,247	1,262	1,212	1,266	1,253	1,334	1,263	1,226	1,151	1,116	1,101	1,123	1,099	1,173	1,055	1,163	1,121	1,183	1,154	1,178	1,077	1,050	1,113	1,087	1,111	1,094	1,089	1,214	1,104	1,115	1,205	1,107	1,140	1,195	1,172	1,178	1,093	1,201	1,115	1,212	1,136	1,287	1,144	1,248
16:38:04	37,0	1,179	1,160	1,159	1,083	1,183	1,112	1,201	1,163	1,214	1,129	1,203	1,182	0,920	1,142	0,866	1,116	0,832	1,128	0,858	1,089	0,892	1,132	0,938	1,154	1,254	1,236	1,197	1,256	1,232	1,253	1,207	1,269	1,211	1,282	1,254	1,255	0,976	1,115	1,084	1,173	1,072	1,084	1,111	0,861	1,130	1,175	1,168	1,129	1,227	1,243	1,244	1,170	1,245	1,258	1,210	1,263	1,251	1,331	1,260	1,223	1,149	1,112	1,101	1,121	1,100	1,172	1,055	1,161	1,121	1,182	1,156	1,177	1,077	1,048	1,111	1,084	1,111	1,095	1,087	1,214	1,101	1,115	1,203	1,103	1,139	1,194	1,173	1,175	1,089	1,198	1,112	1,211	1,133	1,284	1,144	1,246
16:48:04	37,0	1,179	1,161	1,159	1,083	1,184	1,113	1,201	1,165	1,213	1,129	1,205	1,183	0,915	1,141	0,862	1,117	0,830	1,128	0,854	1,089	0,891	1,132	0,934	1,156	1,252	1,235	1,197	1,256	1,231	1,250	1,206	1,267	1,210	1,281	1,254	1,253	0,975	1,114	1,083	1,173	1,072	1,082	1,109	0,859	1,130	1,175	1,166	1,128	1,227	1,242	1,245	1,169	1,243	1,257	1,207	1,263	1,250	1,331	1,259	1,225	1,149	1,113	1,103	1,122	1,102	1,173	1,056	1,165	1,123	1,184	1,156	1,178	1,078	1,051	1,113	1,081	1,110	1,093	1,085	1,210	1,104	1,113	1,203	1,103	1,134	1,192	1,169	1,176	1,089	1,198	1,110	1,211	1,130	1,284	1,141	1,245
16:58:04	37,0	1,178	1,160	1,157	1,080	1,183	1,112	1,199	1,164	1,212	1,127	1,203	1,181	0,913	1,138	0,859	1,115	0,827	1,126	0,852	1,089	0,887	1,133	0,933	1,156	1,250	1,232	1,195	1,253	1,229	1,246	1,204	1,261	1,208	1,278	1,251	1,249	0,973	1,113	1,080	1,169	1,070	1,081	1,107	0,856	1,127	1,174	1,165	1,125	1,224	1,240	1,243	1,165	1,242	1,256	1,206	1,262	1,248	1,329	1,259	1,222	1,150	1,113	1,104	1,120	1,101	1,172	1,058	1,164	1,125	1,182	1,154	1,178	1,079	1,054	1,112	1,081	1,108	1,095	1,085	1,207	1,106	1,111	1,198	1,102	1,131	1,190	1,166	1,173	1,087	1,197	1,111	1,207	1,129	1,281	1,139	1,243
17:08:04	37,0	1,177	1,159	1,156	1,080	1,183	1,110	1,200	1,163	1,212	1,127	1,202	1,180	0,909	1,138	0,854	1,113	0,823	1,125	0,847	1,086	0,883	1,131	0,928	1,153	1,247	1,230	1,195	1,250	1,228	1,243	1,201	1,261	1,208	1,276	1,251	1,247	0,970	1,112	1,079	1,166	1,071	1,079	1,106	0,856	1,126	1,173	1,162	1,123	1,222	1,238	1,242	1,166	1,238	1,252	1,205	1,259	1,247	1,329	1,257	1,221	1,149	1,111	1,103	1,119	1,102	1,169	1,056	1,159	1,122	1,181	1,156	1,177	1,077	1,051	1,111	1,079	1,108	1,097	1,085	1,206	1,103	1,114	1,198	1,100	1,129	1,188	1,163	1,170	1,083	1,193	1,103	1,207	1,127	1,280	1,137	1,242
17:18:04	37,0	1,178	1,159	1,156	1,082	1,181	1,109	1,198	1,162	1,211	1,127	1,203	1,179	0,907	1,137	0,850	1,114	0,818	1,124	0,844	1,088	0,879	1,132	0,925	1,154	1,246	1,228	1,193	1,248	1,227	1,240	1,199	1,258	1,206	1,274	1,249	1,245	0,969	1,111	1,077	1,165	1,070	1,078	1,102	0,853	1,125	1,172	1,160	1,122	1,220	1,237	1,242	1,161	1,238	1,252	1,205	1,259	1,247	1,327	1,252	1,221	1,149	1,113	1,108	1,119	1,102	1,168	1,060	1,161	1,124	1,180	1,155	1,177	1,079	1,051	1,112	1,081	1,109	1,100	1,085	1,204	1,106	1,112	1,196	1,101	1,127	1,187	1,159	1,170	1,085	1,193	1,102	1,206	1,125	1,278	1,137	1,242
17:28:04	37,0	1,177	1,156	1,154	1,078	1,182	1,107	1,197	1,160	1,210	1,123	1,201	1,177	0,904	1,135	0,847	1,113	0,816	1,123	0,839	1,083	0,875	1,126	0,923	1,150	1,242	1,226	1,192	1,245	1,225	1,236	1,197	1,256	1,204	1,270	1,244	1,243	0,966	1,110	1,076	1,160	1,069	1,075	1,100	0,850	1,121	1,169	1,159	1,119	1,217	1,236	1,240	1,162	1,237	1,250	1,201	1,256	1,245	1,328	1,252	1,218	1,148	1,112	1,106	1,117	1,100	1,167	1,053	1,158	1,123	1,179	1,156	1,175	1,080	1,050	1,110	1,079	1,109	1,099	1,084	1,203	1,105	1,112	1,192	1,098	1,125	1,185	1,159	1,167	1,078	1,189	1,100	1,203	1,123	1,274	1,136	1,238
17:38:04	37,0	1,176	1,157	1,154	1,078	1,182	1,106	1,197	1,160	1,207	1,124	1,201	1,178	0,899	1,135	0,843	1,109	0,812	1,122	0,836	1,085	0,872	1,128	0,919	1,151	1,241	1,225	1,192	1,244	1,225	1,232	1,196	1,252	1,203	1,269	1,243	1,239	0,964	1,109	1,075	1,158	1,069	1,075	1,098	0,848	1,119	1,169	1,159	1,118	1,216	1,234	1,241	1,159	1,235	1,249	1,198	1,256	1,244	1,328	1,251	1,218	1,149	1,110	1,107	1,117	1,102	1,168	1,059	1,157	1,124	1,179	1,153	1,176	1,081	1,051	1,111	1,079	1,107	1,099	1,083	1,199	1,109	1,110	1,191	1,100	1,119	1,183	1,155	1,168	1,077	1,190	1,097	1,201	1,121	1,274	1,133	1,239
17:48:04	37,0	1,176	1,158	1,153	1,078	1,180	1,106	1,196	1,159	1,208	1,124	1,202	1,178	0,897	1,135	0,839	1,112	0,809	1,121	0,834	1,084	0,869	1,128	0,918	1,151	1,238	1,224	1,191	1,244	1,223	1,229	1,196	1,250	1,203	1,268	1,241	1,238	0,963	1,109	1,073	1,158	1,068	1,074	1,098	0,845	1,117	1,168	1,157	1,116	1,215	1,234	1,241	1,159	1,235	1,250	1,198	1,254	1,243	1,327	1,249	1,219	1,148	1,111	1,108	1,117	1,104	1,167	1,063	1,160	1,125	1,178	1,151	1,176	1,083	1,053	1,111	1,086	1,108	1,098	1,082	1,199	1,109	1,110	1,191	1,098	1,119	1,182	1,153	1,167	1,077	1,189	1,095	1,200	1,119	1,272	1,132	1,238
17:58:04	37,0	1,175	1,157	1,153	1,075	1,181	1,105	1,195	1,157	1,207	1,123	1,201	1,177	0,892	1,134	0,836	1,111	0,805	1,121	0,831	1,083	0,866	1,128	0,913	1,149	1,235	1,223	1,191	1,242	1,222	1,226	1,196	1,248	1,202	1,266	1,240	1,236	0,962	1,108	1,073	1,155	1,066	1,073	1,096	0,845	1,114	1,167	1,157	1,115	1,214	1,233	1,241	1,158	1,234	1,249	1,198	1,256	1,240	1,331	1,251	1,218	1,146	1,111	1,107	1,118	1,103	1,169	1,064	1,157	1,125	1,178	1,151	1,176	1,083	1,053	1,112	1,092	1,109	1,100	1,083	1,197	1,109	1,110	1,191	1,099	1,114	1,181	1,151	1,165	1,075	1,188	1,093	1,200	1,118	1,270	1,131	1,238
18:08:04	37,0	1,177	1,156	1,152	1,076	1,180	1,106	1,194	1,157	1,208	1,122	1,201	1,175	0,889	1,133	0,832	1,110	0,801	1,120	0,828	1,083	0,864	1,130	0,908	1,152	1,234	1,222	1,191	1,240	1,224	1,226	1,194	1,248	1,202	1,266	1,240	1,235	0,961	1,107	1,069	1,155	1,064	1,072	1,095	0,843	1,115	1,165	1,156	1,113	1,214	1,232	1,240	1,155	1,234	1,247	1,195	1,254	1,241	1,330	1,252	1,220	1,147	1,110	1,109	1,120	1,103	1,167	1,062	1,157	1,126	1,178	1,156	1,176	1,083	1,053	1,112	1,087	1,109	1,102	1,080	1,196	1,109	1,106	1,189	1,099	1,114	1,179	1,152	1,163	1,075	1,188	1,092	1,200	1,118	1,270	1,129	1,238
18:18:04	37,0	1,173	1,156	1,151	1,072	1,179	1,105	1,195	1,154	1,205	1,122	1,200	1,174	0,884	1,133	0,828	1,109	0,798	1,119	0,823	1,084	0,859	1,126	0,905	1,149	1,233	1,221	1,189	1,240	1,222	1,224	1,192	1,245	1,200	1,261	1,237	1,233	0,958	1,107	1,068	1,151	1,064	1,070	1,093	0,841	1,111	1,164	1,152	1,111	1,212	1,231	1,241	1,155	1,233	1,246	1,198	1,254	1,240	1,328	1,250	1,218	1,149	1,112	1,109	1,118	1,102	1,167	1,061	1,156	1,124	1,178	1,152	1,175	1,086	1,053	1,114	1,093	1,108	1,100	1,082	1,196	1,109	1,108	1,188	1,097	1,112	1,179	1,148	1,164	1,074	1,188	1,089	1,198	1,116	1,268	1,132	1,238
18:28:04	37,0	1,173	1,155	1,149	1,071	1,177	1,103	1,194	1,154	1,204	1,120	1,199	1,170	0,881	1,131	0,825	1,107	0,794	1,119	0,820	1,082	0,854	1,126	0,901	1,148	1,229	1,220	1,189	1,239	1,222	1,222	1,191	1,242	1,201	1,260	1,236	1,229	0,958	1,107	1,064	1,151	1,061	1,067	1,090	0,838	1,111	1,163	1,153	1,108	1,211	1,230	1,242	1,154	1,232	1,246	1,197	1,252	1,240	1,325	1,249	1,216	1,148	1,111	1,110	1,118	1,101	1,166	1,060	1,155	1,125	1,175	1,151	1,174	1,085	1,054	1,112	1,091	1,107	1,100	1,080	1,195	1,110	1,108	1,187	1,096	1,110	1,176	1,147	1,162	1,072	1,187	1,088	1,196	1,114	1,266	1,127	1,233
18:38:04	37,0	1,173	1,154	1,149	1,072	1,175	1,101	1,193	1,153	1,204	1,120	1,199	1,170	0,876	1,131	0,820	1,105	0,790	1,118	0,816	1,080	0,852	1,123	0,897	1,146	1,228	1,218	1,188	1,236	1,221	1,222	1,190	1,240	1,199	1,258	1,236	1,226	0,954	1,106	1,063	1,149	1,061	1,066	1,090	0,836	1,109	1,160	1,147	1,105	1,208	1,230	1,241	1,153	1,231	1,244	1,194	1,252	1,239	1,322	1,244	1,217	1,146	1,112	1,108	1,116	1,102	1,165	1,057	1,152	1,123	1,175	1,152	1,174	1,083	1,056	1,113	1,089	1,108	1,099	1,079	1,193	1,110	1,110	1,187	1,097	1,110	1,174	1,146	1,161	1,067	1,185	1,083	1,194	1,111	1,263	1,124	1,233
18:48:04	37,0	1,173	1,155	1,147	1,071	1,176	1,102	1,192	1,153	1,205	1,121	1,201	1,170	0,874	1,131	0,818	1,106	0,788	1,117	0,815	1,079	0,848	1,124	0,893	1,145	1,226	1,218	1,188	1,236	1,219	1,220	1,191	1,239	1,199	1,259	1,233	1,225	0,953	1,107	1,062	1,149	1,061	1,069	1,087	0,834	1,107	1,161	1,151	1,103	1,207	1,229	1,242	1,153	1,232	1,246	1,191	1,251	1,239	1,331	1,246	1,217	1,147	1,111	1,109	1,116	1,104	1,162	1,059	1,155	1,125	1,177	1,151	1,174	1,085	1,056	1,114	1,090	1,109	1,099	1,081	1,193	1,110	1,107	1,185	1,099	1,105	1,175	1,145	1,158	1,067	1,187	1,082	1,194	1,109	1,263	1,125	1,232
18:58:04	37,0	1,174	1,153	1,148	1,070	1,176	1,100	1,192	1,153	1,202	1,119	1,199	1,169	0,871	1,131	0,815	1,103	0,785	1,117	0,813	1,080	0,844	1,125	0,891	1,145	1,226	1,218	1,188	1,235	1,220	1,218	1,189	1,237	1,200	1,257	1,233	1,224	0,953	1,106	1,061	1,147	1,061	1,067	1,085	0,832	1,106	1,159	1,147	1,101	1,207	1,229	1,244	1,152	1,232	1,246	1,192	1,251	1,238	1,327	1,247	1,219	1,148	1,112	1,109	1,115	1,102	1,164	1,063	1,154	1,125	1,175	1,151	1,174	1,083	1,055	1,114	1,093	1,108	1,101	1,079	1,192	1,112	1,106	1,185	1,098	1,103	1,174	1,143	1,159	1,066	1,186	1,083	1,194	1,109	1,262	1,122	1,230
19:08:04	37,0	1,172	1,153	1,148	1,069	1,173	1,099	1,191	1,154	1,202	1,118	1,199	1,167	0,866	1,129	0,811	1,103	0,782	1,115	0,809	1,079	0,841	1,124	0,888	1,145	1,224	1,216	1,187	1,233	1,220	1,216	1,190	1,236	1,198	1,256	1,232	1,220	0,951	1,105	1,059	1,144	1,059	1,067	1,085	0,830	1,104	1,158	1,147	1,101	1,204	1,229	1,243	1,153	1,231	1,243	1,192	1,249	1,238	1,327	1,246	1,219	1,148	1,112	1,112	1,116	1,104	1,163	1,062	1,153	1,125	1,174	1,149	1,173	1,085	1,054	1,113	1,094	1,108	1,099	1,077	1,192	1,112	1,105	1,183	1,096	1,101	1,171	1,141	1,155	1,062	1,183	1,078	1,191	1,106	1,260	1,122	1,229
19:18:04	37,0	1,171	1,152	1,147	1,068	1,171	1,097	1,189	1,152	1,200	1,116	1,198	1,166	0,866	1,128	0,809	1,101	0,779	1,115	0,806	1,077	0,839	1,122	0,883	1,144	1,221	1,216	1,185	1,234	1,219	1,215	1,187	1,234	1,198	1,255	1,229	1,220	0,948	1,105	1,058	1,144	1,059	1,067	1,085	0,829	1,102	1,156	1,144	1,098	1,205	1,228	1,243	1,151	1,231	1,243	1,191	1,250	1,238	1,326	1,245	1,217	1,148	1,112	1,111	1,115	1,104	1,163	1,062	1,153	1,124	1,173	1,152	1,174	1,083	1,055	1,113	1,092	1,108	1,100	1,078	1,191	1,111	1,106	1,182	1,097	1,100	1,170	1,139	1,155	1,063	1,182	1,078	1,191	1,103	1,257	1,122	1,228
19:28:04	37,0	1,170	1,151	1,145	1,067	1,170	1,097	1,189	1,151	1,198	1,115	1,194	1,165	0,862	1,127	0,805	1,100	0,776	1,115	0,804	1,075	0,833	1,122	0,881	1,143	1,221	1,217	1,185	1,231	1,219	1,214	1,186	1,232	1,198	1,253	1,230	1,218	0,947	1,105	1,058	1,142	1,059	1,065	1,082	0,826	1,101	1,157	1,144	1,096	1,205	1,228	1,245	1,151	1,231	1,244	1,192	1,249	1,237	1,326	1,243	1,217	1,145	1,110	1,114	1,114	1,102	1,162	1,059	1,151	1,122	1,172	1,154	1,172	1,084	1,056	1,113	1,091	1,107	1,099	1,076	1,191	1,111	1,108	1,181	1,095	1,099	1,169	1,139	1,154	1,062	1,181	1,075	1,189	1,102	1,254	1,120	1,225
19:38:04	37,0	1,169	1,150	1,145	1,067	1,167	1,096	1,187	1,149	1,197	1,114	1,196	1,163	0,858	1,126	0,803	1,099	0,773	1,113	0,800	1,075	0,829	1,121	0,879	1,139	1,219	1,216	1,185	1,232	1,219	1,211	1,185	1,231	1,198	1,253	1,228	1,215	0,946	1,105	1,057	1,141	1,060	1,064	1,080	0,825	1,099	1,156	1,146	1,094	1,203	1,228	1,244	1,150	1,230	1,242	1,188	1,250	1,238	1,326	1,243	1,218	1,147	1,109	1,113	1,114	1,101	1,163	1,056	1,151	1,122	1,171	1,152	1,172	1,085	1,054	1,113	1,093	1,109	1,101	1,077	1,190	1,112	1,107	1,181	1,096	1,096	1,167	1,136	1,153	1,056	1,179	1,072	1,188	1,101	1,253	1,118	1,223
19:48:04	37,0	1,169	1,150	1,144	1,066	1,167	1,097	1,188	1,148	1,198	1,114	1,195	1,162	0,855	1,125	0,801	1,097	0,771	1,112	0,798	1,075	0,827	1,120	0,875	1,141	1,219	1,216	1,184	1,230	1,219	1,207	1,187	1,228	1,197	1,251	1,227	1,215	0,944	1,106	1,055	1,141	1,060	1,065	1,079	0,823	1,098	1,155	1,142	1,093	1,201	1,228	1,246	1,149	1,231	1,243	1,190	1,249	1,237	1,328	1,244	1,219	1,144	1,111	1,112	1,112	1,103	1,164	1,060	1,152	1,123	1,171	1,149	1,171	1,084	1,053	1,112	1,091	1,109	1,101	1,075	1,189	1,114	1,106	1,181	1,094	1,094	1,166	1,138	1,153	1,055	1,179	1,071	1,187	1,100	1,252	1,117	1,222
19:58:04	37,0	1,170	1,150	1,143	1,066	1,166	1,095	1,187	1,148	1,197	1,113	1,194	1,162	0,854	1,123	0,798	1,095	0,767	1,111	0,797	1,072	0,826	1,120	0,872	1,140	1,216	1,216	1,184	1,231	1,217	1,208	1,186	1,228	1,198	1,253	1,227	1,214	0,943	1,106	1,055	1,139	1,059	1,064	1,079	0,821	1,099	1,155	1,143	1,091	1,201	1,227	1,246	1,150	1,231	1,244	1,188	1,249	1,238	1,327	1,246	1,218	1,146	1,111	1,113	1,113	1,103	1,163	1,063	1,152	1,124	1,171	1,149	1,170	1,084	1,055	1,113	1,090	1,109	1,103	1,074	1,189	1,115	1,103	1,182	1,094	1,093	1,166	1,137	1,152	1,056	1,178	1,071	1,188	1,097	1,251	1,115	1,221
20:08:04	37,0	1,167	1,149	1,142	1,065	1,165	1,095	1,187	1,148	1,196	1,113	1,193	1,159	0,852	1,123	0,795	1,096	0,766	1,111	0,795	1,074	0,822	1,117	0,869	1,140	1,215	1,216	1,183	1,230	1,218	1,206	1,185	1,229	1,197	1,252	1,226	1,213	0,943	1,106	1,053	1,139	1,059	1,063	1,078	0,820	1,098	1,153	1,141	1,091	1,201	1,227	1,247	1,149	1,232	1,243	1,188	1,250	1,239	1,326	1,243	1,220	1,147	1,112	1,114	1,115	1,103	1,159	1,062	1,151	1,124	1,170	1,149	1,171	1,083	1,054	1,115	1,093	1,109	1,102	1,074	1,192	1,112	1,100	1,181	1,094	1,090	1,165	1,136	1,151	1,053	1,175	1,067	1,185	1,097	1,248	1,114	1,219
20:18:04	37,0	1,167	1,147	1,143	1,066	1,164	1,094	1,187	1,147	1,194	1,112	1,192	1,159	0,847	1,122	0,793	1,094	0,764	1,111	0,792	1,071	0,819	1,118	0,865	1,141	1,214	1,215	1,183	1,230	1,218	1,205	1,185	1,226	1,198	1,253	1,226	1,212	0,942	1,107	1,051	1,138	1,059	1,062	1,077	0,819	1,097	1,153	1,138	1,089	1,201	1,228	1,247	1,148	1,232	1,244	1,188	1,249	1,239	1,329	1,248	1,222	1,147	1,112	1,115	1,113	1,102	1,159	1,063	1,151	1,123	1,170	1,147	1,169	1,084	1,055	1,114	1,091	1,109	1,101	1,074	1,191	1,116	1,103	1,182	1,095	1,089	1,164	1,134	1,152	1,054	1,175	1,067	1,185	1,094	1,247	1,114	1,219
20:28:04	37,0	1,167	1,147	1,141	1,066	1,164	1,091	1,185	1,146	1,192	1,111	1,190	1,157	0,846	1,120	0,789	1,092	0,761	1,111	0,790	1,072	0,815	1,119	0,862	1,139	1,212	1,216	1,182	1,229	1,218	1,204	1,184	1,226	1,197	1,251	1,226	1,210	0,940	1,106	1,051	1,137	1,058	1,063	1,075	0,819	1,093	1,153	1,136	1,089	1,201	1,228	1,250	1,150	1,232	1,244	1,191	1,251	1,239	1,329	1,246	1,219	1,148	1,113	1,115	1,114	1,100	1,161	1,064	1,151	1,123	1,169	1,145	1,170	1,085	1,054	1,114	1,093	1,108	1,101	1,075	1,190	1,115	1,104	1,181	1,094	1,088	1,163	1,132	1,151	1,051	1,174	1,064	1,183	1,092	1,246	1,113	1,216
20:38:04	37,0	1,165	1,146	1,141	1,066	1,162	1,091	1,184	1,145	1,192	1,109	1,190	1,157	0,843	1,120	0,788	1,090	0,759	1,110	0,787	1,071	0,815	1,117	0,860	1,138	1,211	1,215	1,181	1,228	1,217	1,203	1,184	1,225	1,196	1,251	1,226	1,208	0,938	1,106	1,050	1,138	1,058	1,062	1,076	0,816	1,092	1,151	1,137	1,087	1,199	1,228	1,250	1,150	1,232	1,243	1,189	1,250	1,238	1,329	1,247	1,221	1,146	1,112	1,114	1,114	1,100	1,160	1,063	1,146	1,122	1,169	1,148	1,168	1,084	1,054	1,114	1,095	1,109	1,103	1,072	1,191	1,115	1,105	1,181	1,092	1,087	1,160	1,131	1,150	1,051	1,174	1,061	1,184	1,091	1,244	1,111	1,216
20:48:04	37,0	1,165	1,145	1,141	1,064	1,160	1,090	1,183	1,143	1,190	1,108	1,190	1,156	0,842	1,118	0,785	1,091	0,756	1,109	0,785	1,070	0,810	1,116	0,857	1,135	1,212	1,216	1,181	1,228	1,218	1,201	1,184	1,224	1,196	1,250	1,224	1,207	0,938	1,107	1,050	1,137	1,060	1,063	1,075	0,815	1,091	1,151	1,138	1,085	1,198	1,228	1,251	1,150	1,232	1,243	1,188	1,250	1,240	1,330	1,246	1,221	1,147	1,111	1,116	1,113	1,101	1,159	1,059	1,148	1,122	1,168	1,147	1,168	1,082	1,053	1,115	1,092	1,108	1,105	1,074	1,191	1,112	1,105	1,183	1,091	1,085	1,159	1,129	1,148	1,048	1,172	1,062	1,181	1,091	1,241	1,109	1,213
20:58:04	37,0	1,162	1,145	1,139	1,064	1,159	1,087	1,181	1,142	1,189	1,107	1,187	1,155	0,840	1,118	0,783	1,089	0,753	1,107	0,784	1,070	0,808	1,114	0,854	1,135	1,210	1,215	1,180	1,228	1,217	1,201	1,183	1,223	1,195	1,250	1,225	1,207	0,937	1,105	1,050	1,137	1,060	1,062	1,073	0,814	1,089	1,151	1,134	1,084	1,198	1,228	1,251	1,150	1,232	1,243	1,190	1,250	1,240	1,328	1,248	1,224	1,147	1,113	1,114	1,112	1,101	1,158	1,060	1,147	1,122	1,167	1,146	1,168	1,083	1,053	1,115	1,091	1,107	1,102	1,071	1,192	1,113	1,105	1,180	1,092	1,085	1,158	1,127	1,148	1,048	1,172	1,059	1,181	1,088	1,239	1,108	1,212
21:08:04	37,0	1,162	1,143	1,138	1,065	1,159	1,087	1,178	1,141	1,188	1,106	1,186	1,155	0,837	1,117	0,780	1,087	0,752	1,107	0,782	1,071	0,805	1,113	0,850	1,134	1,210	1,216	1,179	1,228	1,217	1,200	1,183	1,223	1,196	1,250	1,225	1,206	0,937	1,106	1,048	1,137	1,060	1,062	1,072	0,814	1,089	1,151	1,135	1,082	1,197	1,229	1,252	1,150	1,233	1,244	1,190	1,250	1,240	1,329	1,249	1,224	1,146	1,113	1,114	1,112	1,101	1,157	1,060	1,147	1,124	1,168	1,147	1,167	1,082	1,055	1,115	1,089	1,107	1,103	1,071	1,191	1,113	1,105	1,181	1,092	1,083	1,159	1,127	1,148	1,045	1,170	1,055	1,179	1,087	1,238	1,107	1,212
21:18:04	37,0	1,162	1,143	1,138	1,065	1,158	1,087	1,177	1,141	1,186	1,107	1,186	1,154	0,836	1,116	0,779	1,087	0,750	1,107	0,780	1,070	0,802	1,112	0,848	1,134	1,209	1,217	1,178	1,228	1,216	1,201	1,182	1,223	1,196	1,251	1,225	1,203	0,937	1,107	1,047	1,137	1,060	1,062	1,072	0,815	1,088	1,152	1,137	1,082	1,197	1,229	1,253	1,151	1,233	1,245	1,192	1,249	1,239	1,330	1,248	1,224	1,146	1,112	1,114	1,112	1,100	1,157	1,063	1,149	1,125	1,168	1,145	1,166	1,082	1,054	1,116	1,088	1,110	1,103	1,069	1,191	1,115	1,105	1,181	1,090	1,080	1,157	1,126	1,148	1,047	1,170	1,057	1,180	1,088	1,238	1,106	1,212
21:28:04	37,0	1,161	1,142	1,139	1,065	1,157	1,086	1,176	1,141	1,187	1,106	1,186	1,153	0,833	1,116	0,777	1,086	0,748	1,107	0,779	1,071	0,801	1,113	0,846	1,133	1,208	1,218	1,178	1,228	1,216	1,200	1,183	1,223	1,195	1,252	1,224	1,204	0,936	1,106	1,046	1,137	1,061	1,062	1,072	0,815	1,089	1,152	1,135	1,081	1,197	1,229	1,255	1,151	1,234	1,247	1,192	1,252	1,241	1,331	1,252	1,226	1,145	1,113	1,116	1,113	1,101	1,156	1,064	1,150	1,125	1,168	1,144	1,167	1,082	1,054	1,117	1,090	1,109	1,103	1,071	1,191	1,114	1,103	1,182	1,091	1,078	1,157	1,123	1,148	1,045	1,169	1,053	1,178	1,085	1,236	1,103	1,210
21:38:04	37,0	1,159	1,141	1,136	1,064	1,155	1,085	1,173	1,138	1,183	1,102	1,183	1,152	0,832	1,116	0,775	1,084	0,746	1,107	0,775	1,067	0,799	1,111	0,843	1,133	1,208	1,217	1,176	1,228	1,216	1,200	1,183	1,222	1,194	1,250	1,225	1,202	0,935	1,106	1,047	1,136	1,060	1,061	1,071	0,814	1,087	1,151	1,134	1,080	1,197	1,231	1,254	1,153	1,235	1,246	1,191	1,252	1,241	1,330	1,245	1,227	1,145	1,113	1,115	1,112	1,101	1,155	1,060	1,146	1,123	1,167	1,146	1,165	1,081	1,053	1,118	1,089	1,109	1,103	1,072	1,193	1,114	1,103	1,183	1,089	1,080	1,156	1,122	1,147	1,042	1,167	1,051	1,177	1,084	1,234	1,103	1,207
21:48:04	37,0	1,160	1,141	1,135	1,065	1,155	1,084	1,173	1,138	1,185	1,104	1,182	1,151	0,830	1,115	0,773	1,083	0,744	1,106	0,775	1,070	0,796	1,113	0,842	1,131	1,207	1,220	1,177	1,228	1,216	1,200	1,182	1,222	1,195	1,252	1,225	1,202	0,935	1,107	1,046	1,137	1,061	1,062	1,070	0,814	1,086	1,152	1,136	1,080	1,197	1,230	1,258	1,153	1,236	1,248	1,193	1,253	1,242	1,333	1,251	1,229	1,145	1,112	1,118	1,113	1,102	1,156	1,064	1,149	1,124	1,167	1,142	1,165	1,083	1,054	1,118	1,087	1,111	1,104	1,070	1,194	1,117	1,103	1,183	1,090	1,076	1,156	1,122	1,148	1,043	1,167	1,051	1,178	1,085	1,234	1,104	1,207
21:58:04	37,0	1,158	1,141	1,133	1,066	1,154	1,083	1,171	1,137	1,182	1,102	1,181	1,151	0,828	1,115	0,771	1,082	0,743	1,105	0,772	1,069	0,793	1,110	0,837	1,130	1,207	1,218	1,176	1,228	1,215	1,198	1,182	1,222	1,194	1,252	1,224	1,201	0,933	1,107	1,045	1,138	1,062	1,061	1,070	0,814	1,086	1,152	1,134	1,079	1,197	1,231	1,258	1,153	1,236	1,247	1,191	1,254	1,242	1,331	1,250	1,229	1,145	1,113	1,115	1,112	1,103	1,153	1,063	1,148	1,124	1,166	1,145	1,166	1,082	1,053	1,121	1,089	1,111	1,104	1,069	1,194	1,117	1,104	1,183	1,089	1,075	1,154	1,121	1,146	1,041	1,165	1,049	1,176	1,083	1,232	1,102	1,206
22:08:04	37,0	1,158	1,140	1,134	1,066	1,154	1,083	1,169	1,137	1,182	1,101	1,181	1,150	0,825	1,114	0,769	1,081	0,741	1,105	0,772	1,068	0,791	1,111	0,838	1,129	1,207	1,219	1,176	1,228	1,214	1,198	1,183	1,222	1,195	1,252	1,224	1,202	0,934	1,107	1,047	1,137	1,063	1,060	1,069	0,814	1,086	1,152	1,135	1,080	1,198	1,232	1,260	1,153	1,238	1,248	1,193	1,255	1,243	1,333	1,253	1,229	1,147	1,113	1,115	1,113	1,102	1,154	1,062	1,148	1,126	1,167	1,145	1,165	1,080	1,054	1,120	1,091	1,111	1,106	1,071	1,196	1,115	1,104	1,184	1,091	1,073	1,153	1,118	1,146	1,040	1,163	1,048	1,175	1,083	1,231	1,102	1,203

