Time	T∞ Optical Density:600	A1	A2	A3	A4	A5	A6	A7	A8	A9	A10	A11	A12	B1	B2	B3	B4	B5	B6	B7	B8	B9	B10	B11	B12	C1	C2	C3	C4	C5	C6	C7	C8	C9	C10	C11	C12	D1	D2	D3	D4	D5	D6	D7	D8	D9	D10	D11	D12	E1	E2	E3	E4	E5	E6	E7	E8	E9	E10	E11	E12	F1	F2	F3	F4	F5	F6	F7	F8	F9	F10	F11	F12	G1	G2	G3	G4	G5	G6	G7	G8	G9	G10	G11	G12	H1	H2	H3	H4	H5	H6	H7	H8	H9	H10	H11	H12
0:08:04	37,0	0,164	0,124	0,164	0,143	0,142	0,144	0,179	0,175	0,148	0,124	0,144	0,105	0,110	0,175	0,126	0,148	0,113	0,132	0,112	0,139	0,097	0,120	0,095	0,102	0,124	0,120	0,122	0,136	0,123	0,110	0,130	0,120	0,116	0,102	0,136	0,107	0,125	0,111	0,120	0,123	0,115	0,121	0,121	0,139	0,114	0,146	0,106	0,121	0,194	0,203	0,244	0,217	0,216	0,177	0,206	0,219	0,185	0,244	0,144	0,167	0,095	0,094	0,096	0,094	0,093	0,092	0,093	0,096	0,092	0,093	0,093	0,092	0,154	0,129	0,125	0,124	0,115	0,114	0,106	0,134	0,103	0,105	0,102	0,103	0,123	0,129	0,122	0,140	0,114	0,131	0,117	0,151	0,115	0,165	0,114	0,158
0:18:04	37,0	0,173	0,129	0,171	0,147	0,151	0,155	0,185	0,175	0,155	0,129	0,147	0,106	0,111	0,187	0,129	0,155	0,115	0,142	0,114	0,146	0,097	0,127	0,094	0,102	0,130	0,127	0,140	0,137	0,128	0,111	0,135	0,120	0,121	0,104	0,136	0,108	0,131	0,112	0,121	0,130	0,117	0,124	0,120	0,142	0,118	0,147	0,109	0,117	0,197	0,221	0,225	0,230	0,224	0,181	0,196	0,231	0,187	0,244	0,153	0,164	0,094	0,094	0,095	0,093	0,093	0,092	0,092	0,095	0,092	0,092	0,093	0,092	0,159	0,135	0,127	0,128	0,117	0,118	0,106	0,140	0,104	0,106	0,102	0,104	0,126	0,129	0,125	0,144	0,118	0,135	0,120	0,155	0,117	0,171	0,113	0,162
0:28:04	37,0	0,184	0,138	0,184	0,155	0,161	0,166	0,194	0,182	0,163	0,140	0,155	0,108	0,113	0,192	0,137	0,164	0,121	0,150	0,121	0,154	0,097	0,135	0,094	0,103	0,140	0,134	0,156	0,146	0,135	0,116	0,142	0,126	0,140	0,106	0,142	0,111	0,136	0,118	0,126	0,139	0,121	0,131	0,126	0,152	0,123	0,152	0,112	0,119	0,204	0,235	0,238	0,236	0,229	0,191	0,195	0,228	0,191	0,262	0,158	0,171	0,094	0,094	0,095	0,093	0,092	0,091	0,092	0,095	0,092	0,092	0,093	0,092	0,168	0,137	0,131	0,133	0,120	0,122	0,109	0,146	0,105	0,108	0,104	0,106	0,128	0,133	0,135	0,150	0,120	0,144	0,123	0,165	0,118	0,178	0,115	0,173
0:38:04	37,0	0,199	0,148	0,201	0,168	0,176	0,182	0,210	0,200	0,176	0,157	0,168	0,113	0,117	0,202	0,147	0,176	0,131	0,160	0,132	0,166	0,098	0,144	0,095	0,104	0,149	0,141	0,169	0,156	0,144	0,121	0,153	0,135	0,134	0,110	0,149	0,115	0,145	0,124	0,133	0,151	0,128	0,140	0,134	0,167	0,132	0,166	0,117	0,124	0,218	0,247	0,255	0,234	0,239	0,199	0,210	0,240	0,203	0,272	0,170	0,183	0,094	0,094	0,095	0,093	0,092	0,091	0,092	0,095	0,092	0,092	0,093	0,092	0,181	0,143	0,138	0,140	0,126	0,127	0,112	0,154	0,107	0,110	0,106	0,108	0,133	0,141	0,138	0,160	0,122	0,154	0,127	0,179	0,121	0,193	0,118	0,191
0:48:04	37,0	0,218	0,164	0,222	0,188	0,195	0,207	0,233	0,223	0,196	0,180	0,188	0,118	0,121	0,219	0,158	0,191	0,141	0,174	0,142	0,182	0,100	0,157	0,096	0,108	0,163	0,154	0,179	0,173	0,156	0,130	0,170	0,146	0,144	0,115	0,162	0,121	0,158	0,133	0,145	0,166	0,138	0,154	0,147	0,183	0,145	0,183	0,124	0,132	0,235	0,258	0,275	0,254	0,250	0,214	0,231	0,261	0,220	0,284	0,182	0,199	0,094	0,094	0,096	0,093	0,093	0,092	0,092	0,095	0,092	0,092	0,093	0,092	0,199	0,153	0,148	0,150	0,134	0,135	0,116	0,165	0,111	0,115	0,110	0,112	0,141	0,152	0,145	0,176	0,128	0,169	0,133	0,197	0,128	0,216	0,125	0,212
0:58:04	37,0	0,240	0,186	0,247	0,211	0,216	0,234	0,262	0,250	0,221	0,205	0,211	0,127	0,127	0,241	0,173	0,210	0,150	0,194	0,148	0,202	0,100	0,174	0,096	0,112	0,180	0,169	0,192	0,193	0,170	0,141	0,188	0,161	0,157	0,123	0,178	0,129	0,174	0,145	0,159	0,184	0,151	0,174	0,163	0,204	0,160	0,203	0,133	0,144	0,254	0,271	0,303	0,278	0,274	0,234	0,250	0,285	0,240	0,320	0,198	0,218	0,094	0,094	0,095	0,093	0,093	0,091	0,092	0,095	0,092	0,092	0,092	0,091	0,215	0,161	0,159	0,161	0,143	0,145	0,122	0,178	0,116	0,121	0,114	0,118	0,152	0,164	0,156	0,196	0,135	0,188	0,141	0,220	0,137	0,241	0,132	0,243
1:08:04	37,0	0,268	0,210	0,282	0,239	0,245	0,264	0,294	0,283	0,247	0,234	0,239	0,140	0,132	0,268	0,194	0,235	0,160	0,217	0,158	0,226	0,102	0,196	0,097	0,119	0,201	0,186	0,206	0,216	0,188	0,154	0,209	0,179	0,174	0,134	0,198	0,140	0,193	0,160	0,177	0,205	0,168	0,195	0,183	0,229	0,179	0,227	0,146	0,160	0,280	0,291	0,342	0,305	0,302	0,259	0,275	0,313	0,269	0,360	0,219	0,244	0,094	0,094	0,095	0,093	0,093	0,091	0,092	0,095	0,092	0,092	0,093	0,092	0,236	0,177	0,173	0,176	0,155	0,159	0,130	0,197	0,122	0,128	0,121	0,125	0,168	0,180	0,172	0,219	0,146	0,206	0,155	0,250	0,148	0,267	0,144	0,274
1:18:04	37,0	0,297	0,232	0,310	0,267	0,275	0,297	0,326	0,315	0,280	0,264	0,267	0,159	0,141	0,298	0,218	0,265	0,176	0,246	0,168	0,255	0,102	0,223	0,097	0,128	0,224	0,207	0,226	0,246	0,209	0,172	0,233	0,203	0,198	0,148	0,224	0,158	0,216	0,179	0,196	0,227	0,187	0,219	0,203	0,259	0,203	0,254	0,162	0,181	0,309	0,315	0,374	0,335	0,325	0,287	0,307	0,346	0,301	0,395	0,245	0,277	0,094	0,094	0,095	0,093	0,092	0,091	0,092	0,095	0,092	0,092	0,092	0,091	0,261	0,195	0,191	0,198	0,170	0,176	0,141	0,221	0,131	0,139	0,130	0,135	0,187	0,205	0,191	0,247	0,162	0,235	0,171	0,281	0,166	0,301	0,159	0,313
1:28:04	37,0	0,322	0,260	0,337	0,296	0,303	0,333	0,352	0,348	0,308	0,290	0,295	0,181	0,151	0,331	0,237	0,296	0,189	0,279	0,179	0,290	0,104	0,261	0,098	0,141	0,253	0,236	0,249	0,279	0,234	0,195	0,261	0,227	0,225	0,165	0,259	0,180	0,242	0,203	0,220	0,256	0,213	0,246	0,227	0,290	0,235	0,287	0,184	0,208	0,349	0,346	0,410	0,369	0,353	0,319	0,340	0,381	0,334	0,433	0,275	0,310	0,094	0,094	0,095	0,093	0,093	0,091	0,092	0,095	0,092	0,092	0,092	0,092	0,286	0,216	0,214	0,219	0,190	0,196	0,155	0,248	0,142	0,154	0,141	0,148	0,211	0,235	0,213	0,279	0,181	0,264	0,193	0,320	0,188	0,338	0,180	0,356
1:38:04	37,0	0,348	0,290	0,365	0,323	0,330	0,367	0,380	0,370	0,336	0,319	0,320	0,202	0,162	0,368	0,261	0,331	0,209	0,307	0,193	0,325	0,107	0,303	0,098	0,159	0,285	0,263	0,272	0,311	0,257	0,221	0,288	0,256	0,254	0,190	0,293	0,207	0,269	0,226	0,241	0,282	0,242	0,275	0,256	0,322	0,268	0,325	0,210	0,236	0,380	0,385	0,441	0,402	0,385	0,349	0,376	0,419	0,364	0,466	0,305	0,341	0,094	0,094	0,095	0,093	0,093	0,091	0,092	0,095	0,091	0,092	0,093	0,092	0,308	0,241	0,237	0,247	0,211	0,221	0,172	0,276	0,157	0,173	0,155	0,165	0,242	0,271	0,244	0,316	0,204	0,295	0,221	0,357	0,215	0,375	0,208	0,398
1:48:04	37,0	0,375	0,318	0,394	0,350	0,361	0,401	0,403	0,400	0,366	0,346	0,349	0,228	0,176	0,404	0,286	0,364	0,227	0,339	0,210	0,361	0,110	0,343	0,099	0,182	0,316	0,292	0,299	0,341	0,284	0,246	0,317	0,282	0,282	0,220	0,332	0,240	0,299	0,256	0,270	0,308	0,274	0,304	0,282	0,361	0,305	0,372	0,239	0,271	0,408	0,418	0,472	0,436	0,427	0,381	0,416	0,463	0,398	0,502	0,336	0,376	0,094	0,094	0,095	0,093	0,093	0,091	0,092	0,095	0,092	0,092	0,093	0,092	0,332	0,261	0,261	0,269	0,236	0,241	0,191	0,301	0,177	0,196	0,173	0,185	0,278	0,314	0,281	0,360	0,230	0,324	0,250	0,397	0,247	0,414	0,242	0,475
1:58:04	37,0	0,400	0,346	0,419	0,379	0,392	0,442	0,425	0,425	0,397	0,374	0,377	0,259	0,191	0,440	0,313	0,396	0,254	0,372	0,231	0,398	0,114	0,393	0,100	0,209	0,353	0,322	0,327	0,371	0,310	0,279	0,349	0,313	0,315	0,252	0,372	0,270	0,331	0,290	0,297	0,336	0,309	0,332	0,311	0,396	0,343	0,428	0,272	0,306	0,442	0,468	0,518	0,472	0,469	0,412	0,460	0,508	0,438	0,544	0,374	0,414	0,094	0,095	0,095	0,093	0,093	0,091	0,092	0,095	0,091	0,092	0,093	0,092	0,351	0,284	0,283	0,293	0,255	0,264	0,213	0,322	0,198	0,221	0,193	0,209	0,319	0,359	0,313	0,406	0,262	0,356	0,283	0,447	0,282	0,456	0,280	0,516
2:08:04	37,0	0,424	0,374	0,444	0,404	0,428	0,475	0,447	0,449	0,425	0,402	0,403	0,290	0,210	0,485	0,343	0,425	0,275	0,401	0,249	0,437	0,117	0,454	0,102	0,239	0,393	0,357	0,358	0,400	0,342	0,311	0,381	0,346	0,354	0,285	0,419	0,303	0,360	0,324	0,327	0,366	0,352	0,364	0,344	0,431	0,374	0,462	0,304	0,337	0,480	0,496	0,566	0,528	0,502	0,447	0,495	0,549	0,502	0,587	0,415	0,464	0,094	0,094	0,095	0,093	0,092	0,091	0,092	0,095	0,092	0,092	0,093	0,092	0,370	0,306	0,305	0,318	0,278	0,288	0,232	0,348	0,218	0,244	0,216	0,231	0,357	0,407	0,349	0,449	0,294	0,402	0,321	0,499	0,317	0,494	0,317	0,574
2:18:04	37,0	0,443	0,401	0,466	0,428	0,448	0,527	0,470	0,473	0,457	0,427	0,429	0,322	0,230	0,532	0,369	0,455	0,305	0,431	0,270	0,470	0,123	0,494	0,103	0,273	0,437	0,381	0,391	0,428	0,372	0,352	0,403	0,380	0,397	0,324	0,466	0,338	0,394	0,368	0,374	0,397	0,397	0,388	0,377	0,453	0,411	0,496	0,333	0,373	0,503	0,531	0,629	0,578	0,535	0,482	0,520	0,590	0,530	0,594	0,465	0,521	0,094	0,094	0,095	0,093	0,093	0,091	0,092	0,095	0,091	0,092	0,092	0,092	0,386	0,325	0,326	0,337	0,302	0,310	0,256	0,367	0,240	0,270	0,239	0,256	0,405	0,445	0,388	0,479	0,326	0,446	0,356	0,539	0,360	0,523	0,353	0,620
2:28:04	37,0	0,460	0,425	0,488	0,449	0,469	0,568	0,503	0,491	0,496	0,450	0,453	0,353	0,249	0,571	0,401	0,480	0,329	0,459	0,290	0,496	0,130	0,533	0,105	0,305	0,457	0,398	0,416	0,449	0,388	0,397	0,414	0,399	0,431	0,363	0,502	0,379	0,418	0,412	0,416	0,415	0,438	0,401	0,389	0,473	0,441	0,512	0,370	0,417	0,559	0,552	0,649	0,613	0,577	0,499	0,544	0,617	0,547	0,630	0,513	0,566	0,094	0,094	0,095	0,093	0,092	0,091	0,092	0,095	0,091	0,092	0,092	0,092	0,400	0,346	0,347	0,359	0,324	0,331	0,279	0,387	0,265	0,297	0,263	0,287	0,462	0,485	0,436	0,498	0,365	0,486	0,399	0,561	0,412	0,555	0,402	0,648
2:38:04	37,0	0,477	0,448	0,510	0,479	0,496	0,611	0,549	0,519	0,548	0,474	0,476	0,387	0,270	0,606	0,425	0,502	0,358	0,489	0,313	0,523	0,139	0,584	0,108	0,340	0,479	0,412	0,432	0,462	0,401	0,418	0,424	0,420	0,455	0,412	0,548	0,427	0,431	0,442	0,427	0,427	0,463	0,414	0,401	0,471	0,465	0,520	0,402	0,458	0,586	0,572	0,643	0,631	0,599	0,518	0,564	0,643	0,567	0,635	0,563	0,601	0,094	0,094	0,095	0,093	0,092	0,091	0,092	0,095	0,092	0,092	0,093	0,092	0,414	0,364	0,363	0,380	0,343	0,348	0,301	0,399	0,289	0,324	0,287	0,313	0,501	0,509	0,468	0,515	0,413	0,518	0,453	0,579	0,465	0,583	0,458	0,672
2:48:04	37,0	0,495	0,470	0,530	0,503	0,539	0,613	0,594	0,542	0,592	0,499	0,508	0,416	0,298	0,632	0,451	0,521	0,374	0,507	0,334	0,535	0,149	0,611	0,112	0,383	0,486	0,428	0,446	0,482	0,409	0,432	0,436	0,439	0,483	0,459	0,574	0,468	0,446	0,458	0,436	0,438	0,493	0,424	0,412	0,476	0,476	0,537	0,432	0,486	0,625	0,595	0,650	0,646	0,598	0,532	0,600	0,680	0,583	0,658	0,598	0,631	0,094	0,094	0,095	0,093	0,092	0,091	0,091	0,095	0,091	0,092	0,092	0,091	0,425	0,377	0,380	0,395	0,359	0,366	0,322	0,417	0,316	0,352	0,314	0,335	0,525	0,526	0,489	0,533	0,451	0,538	0,477	0,601	0,502	0,613	0,503	0,690
2:58:04	37,0	0,508	0,494	0,550	0,532	0,579	0,630	0,614	0,569	0,626	0,529	0,553	0,443	0,321	0,643	0,465	0,537	0,398	0,524	0,354	0,545	0,162	0,617	0,118	0,426	0,508	0,443	0,464	0,496	0,422	0,449	0,463	0,457	0,504	0,478	0,604	0,484	0,461	0,473	0,444	0,450	0,516	0,433	0,420	0,475	0,499	0,546	0,444	0,507	0,667	0,610	0,658	0,663	0,618	0,549	0,617	0,713	0,596	0,676	0,634	0,662	0,094	0,094	0,095	0,093	0,093	0,091	0,092	0,095	0,092	0,092	0,092	0,092	0,438	0,391	0,396	0,411	0,377	0,382	0,341	0,434	0,341	0,376	0,340	0,362	0,549	0,539	0,509	0,553	0,474	0,565	0,495	0,618	0,531	0,635	0,529	0,704
3:08:04	37,0	0,523	0,508	0,569	0,555	0,604	0,643	0,636	0,594	0,649	0,557	0,591	0,472	0,343	0,658	0,478	0,555	0,415	0,570	0,372	0,551	0,179	0,636	0,124	0,475	0,533	0,454	0,475	0,530	0,433	0,460	0,492	0,470	0,531	0,492	0,617	0,502	0,477	0,485	0,452	0,459	0,541	0,445	0,428	0,474	0,516	0,553	0,454	0,530	0,696	0,621	0,675	0,675	0,629	0,562	0,635	0,728	0,623	0,677	0,677	0,694	0,094	0,094	0,095	0,093	0,092	0,091	0,091	0,095	0,091	0,092	0,092	0,092	0,447	0,404	0,411	0,421	0,391	0,396	0,360	0,455	0,363	0,397	0,361	0,383	0,564	0,553	0,525	0,569	0,494	0,585	0,513	0,634	0,552	0,660	0,553	0,714
3:18:04	37,0	0,538	0,519	0,590	0,580	0,628	0,657	0,654	0,616	0,671	0,577	0,620	0,505	0,365	0,669	0,493	0,577	0,422	0,608	0,387	0,553	0,195	0,649	0,133	0,522	0,544	0,466	0,492	0,538	0,450	0,477	0,516	0,497	0,552	0,505	0,637	0,519	0,489	0,495	0,464	0,469	0,560	0,454	0,436	0,478	0,546	0,561	0,464	0,552	0,718	0,657	0,696	0,679	0,638	0,577	0,638	0,737	0,650	0,678	0,700	0,714	0,094	0,094	0,095	0,093	0,092	0,091	0,092	0,095	0,092	0,092	0,092	0,091	0,458	0,416	0,427	0,433	0,404	0,408	0,374	0,478	0,380	0,418	0,381	0,403	0,582	0,567	0,539	0,586	0,521	0,604	0,532	0,652	0,571	0,685	0,581	0,729
3:28:04	37,0	0,562	0,533	0,611	0,605	0,649	0,673	0,667	0,636	0,690	0,599	0,642	0,543	0,386	0,675	0,504	0,587	0,429	0,631	0,393	0,564	0,215	0,663	0,143	0,538	0,566	0,480	0,505	0,574	0,465	0,489	0,541	0,514	0,573	0,524	0,644	0,531	0,501	0,503	0,476	0,479	0,552	0,464	0,442	0,484	0,555	0,572	0,475	0,571	0,728	0,673	0,707	0,679	0,657	0,599	0,650	0,749	0,665	0,691	0,715	0,733	0,094	0,094	0,095	0,093	0,093	0,092	0,092	0,095	0,092	0,092	0,093	0,092	0,467	0,432	0,444	0,443	0,418	0,420	0,388	0,497	0,398	0,435	0,401	0,419	0,594	0,579	0,559	0,606	0,544	0,627	0,550	0,670	0,590	0,706	0,608	0,753
3:38:04	37,0	0,585	0,553	0,630	0,626	0,663	0,682	0,678	0,657	0,703	0,616	0,660	0,573	0,406	0,683	0,507	0,596	0,435	0,654	0,400	0,585	0,239	0,672	0,156	0,559	0,590	0,492	0,524	0,573	0,477	0,496	0,564	0,534	0,596	0,543	0,662	0,539	0,516	0,511	0,488	0,488	0,539	0,476	0,450	0,494	0,577	0,580	0,482	0,586	0,734	0,695	0,722	0,682	0,665	0,637	0,660	0,770	0,680	0,702	0,726	0,747	0,094	0,094	0,095	0,093	0,093	0,091	0,092	0,095	0,092	0,092	0,093	0,092	0,478	0,448	0,458	0,455	0,431	0,432	0,401	0,506	0,413	0,451	0,418	0,438	0,616	0,593	0,580	0,623	0,565	0,649	0,573	0,688	0,605	0,726	0,630	0,768
3:48:04	37,0	0,607	0,579	0,647	0,646	0,677	0,694	0,686	0,673	0,718	0,631	0,674	0,588	0,418	0,689	0,510	0,611	0,442	0,676	0,406	0,607	0,263	0,679	0,171	0,583	0,615	0,507	0,563	0,594	0,496	0,508	0,569	0,548	0,620	0,562	0,680	0,553	0,536	0,517	0,495	0,498	0,540	0,494	0,458	0,509	0,572	0,593	0,489	0,607	0,745	0,707	0,732	0,691	0,679	0,670	0,672	0,792	0,696	0,716	0,746	0,763	0,094	0,094	0,095	0,093	0,092	0,091	0,092	0,095	0,091	0,092	0,092	0,092	0,488	0,461	0,473	0,465	0,446	0,443	0,413	0,517	0,427	0,467	0,433	0,467	0,636	0,608	0,613	0,641	0,582	0,671	0,600	0,703	0,624	0,744	0,645	0,776
3:58:04	37,0	0,625	0,604	0,661	0,665	0,688	0,704	0,694	0,684	0,730	0,644	0,686	0,602	0,430	0,697	0,514	0,628	0,450	0,694	0,412	0,627	0,289	0,691	0,191	0,601	0,631	0,521	0,581	0,600	0,509	0,517	0,564	0,576	0,642	0,578	0,698	0,566	0,557	0,523	0,505	0,508	0,540	0,511	0,470	0,529	0,586	0,603	0,499	0,623	0,750	0,721	0,744	0,702	0,699	0,691	0,684	0,806	0,712	0,730	0,760	0,779	0,094	0,094	0,095	0,093	0,092	0,091	0,092	0,095	0,092	0,092	0,092	0,092	0,500	0,469	0,484	0,476	0,457	0,458	0,425	0,530	0,441	0,483	0,453	0,485	0,657	0,625	0,625	0,657	0,593	0,685	0,623	0,718	0,645	0,763	0,663	0,788
4:08:04	37,0	0,638	0,623	0,673	0,680	0,697	0,710	0,700	0,693	0,741	0,655	0,694	0,619	0,438	0,706	0,518	0,643	0,456	0,709	0,421	0,645	0,315	0,704	0,211	0,623	0,637	0,539	0,597	0,615	0,528	0,532	0,568	0,584	0,662	0,588	0,720	0,581	0,575	0,530	0,514	0,518	0,544	0,527	0,477	0,541	0,579	0,616	0,506	0,640	0,757	0,729	0,758	0,715	0,708	0,719	0,692	0,821	0,727	0,746	0,768	0,796	0,094	0,094	0,095	0,093	0,092	0,091	0,091	0,095	0,091	0,092	0,092	0,091	0,512	0,484	0,493	0,486	0,472	0,470	0,437	0,541	0,461	0,504	0,470	0,514	0,674	0,640	0,641	0,671	0,613	0,695	0,648	0,735	0,669	0,782	0,683	0,795
4:18:04	37,0	0,651	0,643	0,685	0,697	0,712	0,719	0,705	0,705	0,754	0,665	0,703	0,635	0,448	0,714	0,526	0,655	0,463	0,721	0,428	0,663	0,345	0,718	0,234	0,643	0,663	0,558	0,622	0,623	0,552	0,546	0,572	0,604	0,688	0,610	0,747	0,604	0,593	0,537	0,521	0,528	0,565	0,552	0,490	0,557	0,578	0,628	0,514	0,655	0,765	0,746	0,773	0,729	0,716	0,742	0,702	0,839	0,742	0,757	0,781	0,812	0,094	0,094	0,095	0,093	0,092	0,091	0,092	0,095	0,091	0,092	0,092	0,091	0,525	0,493	0,507	0,495	0,484	0,488	0,449	0,554	0,487	0,524	0,490	0,539	0,694	0,655	0,660	0,686	0,641	0,711	0,664	0,751	0,691	0,800	0,696	0,808
4:28:04	37,0	0,663	0,662	0,695	0,712	0,719	0,727	0,710	0,715	0,762	0,676	0,711	0,647	0,460	0,722	0,534	0,668	0,473	0,732	0,434	0,680	0,376	0,730	0,263	0,656	0,663	0,575	0,659	0,642	0,579	0,556	0,588	0,616	0,711	0,620	0,778	0,626	0,615	0,544	0,530	0,538	0,599	0,577	0,500	0,567	0,578	0,631	0,527	0,667	0,777	0,755	0,785	0,737	0,725	0,756	0,708	0,854	0,752	0,767	0,790	0,825	0,094	0,094	0,095	0,093	0,093	0,091	0,092	0,095	0,092	0,092	0,092	0,091	0,541	0,503	0,520	0,504	0,498	0,502	0,463	0,565	0,512	0,542	0,508	0,557	0,727	0,667	0,683	0,700	0,657	0,719	0,687	0,766	0,711	0,820	0,717	0,823
4:38:04	37,0	0,674	0,677	0,705	0,722	0,729	0,734	0,714	0,722	0,772	0,687	0,718	0,661	0,469	0,735	0,536	0,680	0,479	0,743	0,440	0,697	0,404	0,742	0,289	0,668	0,688	0,589	0,696	0,650	0,608	0,570	0,634	0,636	0,743	0,645	0,797	0,654	0,633	0,550	0,536	0,547	0,610	0,601	0,509	0,573	0,581	0,650	0,532	0,678	0,785	0,771	0,804	0,747	0,739	0,775	0,722	0,872	0,769	0,781	0,805	0,842	0,094	0,094	0,095	0,093	0,092	0,091	0,092	0,095	0,091	0,092	0,092	0,091	0,555	0,515	0,534	0,513	0,510	0,514	0,475	0,577	0,533	0,561	0,525	0,578	0,732	0,683	0,695	0,716	0,675	0,724	0,701	0,780	0,722	0,841	0,733	0,834
4:48:04	37,0	0,687	0,694	0,714	0,734	0,742	0,742	0,721	0,731	0,782	0,696	0,725	0,673	0,479	0,745	0,541	0,691	0,487	0,756	0,449	0,710	0,435	0,752	0,318	0,681	0,709	0,617	0,711	0,662	0,641	0,587	0,653	0,644	0,777	0,649	0,816	0,674	0,650	0,558	0,543	0,557	0,619	0,620	0,519	0,583	0,587	0,670	0,542	0,689	0,798	0,788	0,816	0,756	0,748	0,796	0,729	0,886	0,782	0,793	0,816	0,858	0,094	0,094	0,095	0,093	0,093	0,091	0,092	0,095	0,092	0,092	0,092	0,092	0,567	0,527	0,546	0,523	0,520	0,530	0,495	0,587	0,555	0,580	0,545	0,599	0,749	0,702	0,708	0,734	0,688	0,737	0,717	0,796	0,736	0,862	0,752	0,848
4:58:04	37,0	0,696	0,706	0,723	0,748	0,749	0,749	0,728	0,739	0,793	0,707	0,729	0,682	0,489	0,749	0,546	0,700	0,494	0,762	0,453	0,723	0,453	0,760	0,345	0,696	0,715	0,643	0,724	0,673	0,676	0,601	0,663	0,651	0,803	0,676	0,832	0,698	0,664	0,568	0,550	0,566	0,622	0,639	0,530	0,595	0,590	0,682	0,553	0,704	0,808	0,797	0,830	0,769	0,758	0,814	0,740	0,900	0,801	0,804	0,829	0,875	0,094	0,094	0,095	0,093	0,092	0,091	0,092	0,095	0,091	0,092	0,092	0,092	0,576	0,539	0,556	0,533	0,529	0,541	0,505	0,598	0,571	0,597	0,563	0,616	0,766	0,723	0,719	0,754	0,701	0,755	0,731	0,812	0,752	0,885	0,769	0,863
5:08:04	37,0	0,706	0,717	0,730	0,758	0,756	0,756	0,735	0,745	0,801	0,717	0,737	0,694	0,499	0,759	0,551	0,711	0,501	0,774	0,460	0,735	0,459	0,773	0,378	0,711	0,726	0,663	0,742	0,680	0,711	0,623	0,675	0,665	0,826	0,694	0,848	0,734	0,681	0,579	0,557	0,574	0,631	0,651	0,539	0,610	0,596	0,700	0,565	0,714	0,821	0,812	0,842	0,780	0,771	0,825	0,747	0,915	0,814	0,820	0,840	0,890	0,094	0,094	0,095	0,093	0,092	0,091	0,092	0,095	0,091	0,092	0,092	0,091	0,586	0,546	0,566	0,544	0,540	0,553	0,517	0,611	0,587	0,613	0,580	0,632	0,776	0,741	0,728	0,774	0,714	0,774	0,745	0,828	0,766	0,910	0,789	0,876
5:18:04	37,0	0,716	0,730	0,736	0,768	0,765	0,762	0,742	0,757	0,810	0,728	0,745	0,704	0,506	0,769	0,556	0,723	0,508	0,784	0,467	0,746	0,469	0,782	0,408	0,724	0,735	0,684	0,752	0,693	0,730	0,644	0,685	0,681	0,849	0,717	0,862	0,762	0,700	0,586	0,564	0,584	0,644	0,656	0,549	0,616	0,602	0,706	0,579	0,723	0,832	0,825	0,853	0,792	0,780	0,840	0,761	0,925	0,834	0,831	0,853	0,902	0,094	0,094	0,095	0,093	0,092	0,091	0,092	0,095	0,091	0,092	0,093	0,091	0,599	0,554	0,575	0,553	0,550	0,566	0,530	0,624	0,603	0,631	0,597	0,646	0,788	0,762	0,738	0,792	0,723	0,790	0,757	0,845	0,782	0,930	0,805	0,897
5:28:04	37,0	0,723	0,740	0,743	0,775	0,772	0,767	0,745	0,761	0,818	0,737	0,753	0,709	0,517	0,775	0,560	0,730	0,514	0,792	0,472	0,755	0,479	0,793	0,436	0,737	0,741	0,700	0,765	0,705	0,746	0,660	0,696	0,693	0,864	0,730	0,878	0,779	0,724	0,596	0,575	0,596	0,659	0,660	0,553	0,622	0,611	0,713	0,588	0,729	0,843	0,836	0,864	0,809	0,792	0,860	0,764	0,944	0,840	0,845	0,870	0,918	0,094	0,094	0,095	0,093	0,093	0,091	0,092	0,095	0,091	0,092	0,092	0,092	0,609	0,566	0,585	0,564	0,560	0,579	0,539	0,638	0,616	0,648	0,613	0,662	0,801	0,780	0,750	0,805	0,735	0,806	0,768	0,863	0,796	0,948	0,821	0,911
5:38:04	37,0	0,731	0,748	0,749	0,783	0,780	0,772	0,754	0,768	0,829	0,744	0,763	0,718	0,528	0,783	0,566	0,742	0,521	0,802	0,479	0,766	0,486	0,803	0,458	0,752	0,752	0,717	0,780	0,715	0,761	0,677	0,710	0,704	0,882	0,743	0,895	0,795	0,746	0,605	0,581	0,609	0,665	0,665	0,573	0,638	0,620	0,717	0,600	0,740	0,853	0,846	0,876	0,819	0,806	0,874	0,779	0,955	0,861	0,858	0,884	0,934	0,094	0,094	0,095	0,093	0,092	0,091	0,092	0,095	0,091	0,092	0,092	0,092	0,621	0,574	0,595	0,577	0,570	0,593	0,550	0,649	0,631	0,666	0,629	0,679	0,813	0,796	0,760	0,820	0,745	0,820	0,782	0,879	0,813	0,965	0,835	0,925
5:48:04	37,0	0,741	0,758	0,757	0,790	0,789	0,779	0,760	0,776	0,840	0,752	0,771	0,729	0,538	0,792	0,572	0,752	0,529	0,816	0,485	0,777	0,498	0,814	0,468	0,772	0,764	0,731	0,798	0,728	0,775	0,689	0,721	0,715	0,899	0,756	0,913	0,814	0,759	0,617	0,592	0,621	0,666	0,669	0,602	0,649	0,641	0,729	0,611	0,750	0,868	0,857	0,887	0,829	0,820	0,886	0,789	0,973	0,874	0,872	0,903	0,950	0,094	0,094	0,095	0,093	0,092	0,091	0,091	0,095	0,091	0,092	0,092	0,091	0,632	0,587	0,604	0,593	0,583	0,605	0,563	0,662	0,648	0,685	0,644	0,697	0,823	0,817	0,774	0,839	0,757	0,840	0,795	0,899	0,829	0,982	0,852	0,942
5:58:04	37,0	0,747	0,767	0,763	0,797	0,795	0,784	0,766	0,781	0,850	0,758	0,779	0,742	0,549	0,800	0,576	0,760	0,535	0,827	0,491	0,785	0,509	0,824	0,482	0,787	0,775	0,741	0,811	0,739	0,790	0,705	0,733	0,723	0,912	0,772	0,923	0,828	0,772	0,630	0,603	0,634	0,667	0,671	0,624	0,657	0,659	0,737	0,639	0,763	0,878	0,870	0,899	0,841	0,831	0,904	0,801	0,989	0,884	0,888	0,910	0,964	0,094	0,094	0,095	0,093	0,092	0,091	0,092	0,095	0,091	0,092	0,092	0,091	0,644	0,598	0,616	0,608	0,593	0,617	0,575	0,677	0,658	0,702	0,659	0,716	0,838	0,838	0,783	0,855	0,768	0,861	0,807	0,915	0,844	0,998	0,867	0,954
6:08:04	37,0	0,752	0,778	0,771	0,806	0,804	0,792	0,774	0,789	0,861	0,767	0,788	0,750	0,559	0,809	0,583	0,769	0,544	0,836	0,501	0,796	0,515	0,834	0,497	0,801	0,788	0,755	0,825	0,748	0,804	0,722	0,748	0,732	0,924	0,783	0,940	0,843	0,781	0,644	0,615	0,651	0,667	0,673	0,637	0,666	0,670	0,745	0,660	0,767	0,890	0,882	0,911	0,857	0,840	0,917	0,815	1,001	0,894	0,901	0,926	0,979	0,094	0,094	0,095	0,093	0,092	0,091	0,092	0,095	0,091	0,092	0,092	0,092	0,656	0,607	0,628	0,621	0,606	0,632	0,588	0,686	0,678	0,721	0,676	0,734	0,850	0,856	0,796	0,874	0,780	0,877	0,821	0,932	0,859	1,013	0,886	0,967
6:18:04	37,0	0,760	0,785	0,778	0,814	0,812	0,801	0,779	0,795	0,869	0,775	0,798	0,760	0,569	0,815	0,586	0,777	0,550	0,846	0,505	0,803	0,525	0,845	0,506	0,813	0,797	0,767	0,836	0,758	0,817	0,731	0,760	0,741	0,938	0,799	0,949	0,857	0,793	0,660	0,624	0,664	0,667	0,679	0,653	0,674	0,675	0,748	0,672	0,773	0,903	0,897	0,921	0,873	0,854	0,931	0,822	1,011	0,909	0,912	0,939	0,990	0,094	0,094	0,095	0,093	0,093	0,091	0,092	0,095	0,092	0,092	0,093	0,092	0,669	0,617	0,637	0,637	0,616	0,646	0,599	0,703	0,690	0,736	0,693	0,753	0,862	0,876	0,807	0,891	0,790	0,892	0,833	0,944	0,872	1,028	0,899	0,979
6:28:04	37,0	0,763	0,794	0,785	0,820	0,821	0,807	0,784	0,801	0,878	0,782	0,807	0,766	0,582	0,822	0,590	0,786	0,556	0,855	0,515	0,811	0,529	0,852	0,516	0,825	0,808	0,779	0,850	0,768	0,831	0,742	0,770	0,751	0,949	0,811	0,960	0,874	0,800	0,675	0,633	0,676	0,667	0,683	0,667	0,686	0,681	0,753	0,687	0,775	0,915	0,907	0,934	0,885	0,863	0,949	0,828	1,022	0,921	0,927	0,952	1,002	0,094	0,094	0,095	0,093	0,092	0,091	0,091	0,095	0,091	0,092	0,092	0,091	0,681	0,628	0,650	0,648	0,627	0,662	0,610	0,713	0,704	0,755	0,712	0,771	0,876	0,893	0,819	0,905	0,803	0,907	0,844	0,956	0,886	1,042	0,914	0,990
6:38:04	37,0	0,772	0,804	0,792	0,828	0,828	0,815	0,792	0,808	0,890	0,793	0,817	0,775	0,590	0,832	0,594	0,793	0,561	0,864	0,517	0,822	0,541	0,861	0,529	0,836	0,819	0,791	0,867	0,779	0,842	0,751	0,783	0,762	0,956	0,823	0,971	0,888	0,807	0,686	0,642	0,686	0,666	0,689	0,679	0,692	0,692	0,756	0,694	0,783	0,926	0,919	0,941	0,897	0,879	0,963	0,847	1,036	0,935	0,941	0,963	1,018	0,094	0,094	0,095	0,093	0,092	0,091	0,091	0,095	0,091	0,092	0,092	0,091	0,694	0,640	0,661	0,661	0,640	0,674	0,621	0,727	0,718	0,770	0,730	0,788	0,886	0,911	0,831	0,920	0,816	0,922	0,858	0,967	0,901	1,059	0,930	1,003
6:48:04	37,0	0,780	0,813	0,802	0,835	0,836	0,822	0,802	0,817	0,900	0,802	0,824	0,784	0,601	0,840	0,602	0,801	0,572	0,877	0,528	0,831	0,547	0,873	0,538	0,848	0,830	0,806	0,877	0,793	0,858	0,766	0,796	0,773	0,969	0,834	0,983	0,902	0,815	0,700	0,652	0,695	0,670	0,697	0,687	0,706	0,702	0,762	0,699	0,789	0,941	0,933	0,953	0,911	0,889	0,974	0,854	1,045	0,949	0,954	0,978	1,032	0,094	0,094	0,095	0,093	0,093	0,091	0,092	0,095	0,091	0,092	0,093	0,092	0,708	0,650	0,675	0,677	0,656	0,694	0,635	0,745	0,738	0,788	0,746	0,808	0,902	0,928	0,844	0,934	0,829	0,937	0,871	0,981	0,917	1,073	0,946	1,018
6:58:04	37,0	0,788	0,823	0,810	0,843	0,844	0,829	0,811	0,823	0,911	0,810	0,833	0,795	0,610	0,849	0,606	0,809	0,578	0,886	0,533	0,841	0,558	0,882	0,547	0,861	0,841	0,816	0,890	0,803	0,873	0,775	0,804	0,784	0,980	0,847	0,996	0,915	0,824	0,711	0,660	0,701	0,672	0,705	0,695	0,712	0,712	0,765	0,707	0,796	0,954	0,949	0,966	0,924	0,906	0,986	0,872	1,061	0,960	0,969	0,991	1,045	0,094	0,094	0,095	0,093	0,093	0,091	0,092	0,095	0,092	0,092	0,092	0,091	0,723	0,664	0,689	0,693	0,673	0,713	0,651	0,762	0,747	0,808	0,761	0,825	0,914	0,939	0,857	0,948	0,842	0,950	0,888	0,993	0,932	1,087	0,962	1,030
7:08:04	37,0	0,798	0,831	0,817	0,852	0,853	0,837	0,819	0,833	0,922	0,820	0,844	0,804	0,622	0,858	0,610	0,818	0,586	0,893	0,540	0,850	0,566	0,891	0,556	0,872	0,853	0,829	0,899	0,813	0,883	0,785	0,814	0,795	0,992	0,863	1,006	0,926	0,832	0,724	0,668	0,707	0,677	0,712	0,705	0,718	0,721	0,771	0,716	0,801	0,968	0,962	0,977	0,941	0,918	0,999	0,887	1,070	0,977	0,983	1,003	1,058	0,094	0,094	0,095	0,093	0,092	0,091	0,092	0,095	0,092	0,092	0,092	0,091	0,739	0,680	0,705	0,707	0,689	0,725	0,667	0,772	0,763	0,825	0,781	0,843	0,926	0,953	0,871	0,960	0,859	0,961	0,901	1,006	0,949	1,101	0,975	1,042
7:18:04	37,0	0,806	0,840	0,824	0,860	0,860	0,842	0,826	0,840	0,930	0,829	0,851	0,815	0,630	0,867	0,617	0,826	0,594	0,904	0,549	0,856	0,578	0,900	0,566	0,883	0,866	0,840	0,914	0,825	0,892	0,794	0,826	0,803	1,002	0,873	1,016	0,935	0,838	0,734	0,675	0,711	0,680	0,721	0,711	0,724	0,727	0,776	0,721	0,806	0,981	0,976	0,987	0,954	0,929	1,009	0,903	1,080	0,982	0,998	1,014	1,067	0,094	0,094	0,095	0,093	0,092	0,091	0,091	0,095	0,091	0,092	0,092	0,092	0,753	0,693	0,719	0,725	0,706	0,741	0,678	0,791	0,783	0,842	0,799	0,858	0,938	0,966	0,883	0,972	0,873	0,972	0,914	1,018	0,962	1,114	0,989	1,054
7:28:04	37,0	0,812	0,848	0,831	0,869	0,869	0,850	0,834	0,849	0,942	0,838	0,862	0,825	0,638	0,875	0,619	0,834	0,597	0,913	0,551	0,867	0,586	0,910	0,576	0,894	0,876	0,850	0,924	0,834	0,904	0,803	0,835	0,814	1,010	0,884	1,027	0,947	0,845	0,743	0,682	0,716	0,683	0,725	0,716	0,730	0,735	0,780	0,730	0,814	0,996	0,987	0,996	0,965	0,943	1,019	0,912	1,087	0,997	1,008	1,025	1,078	0,094	0,094	0,095	0,093	0,093	0,091	0,092	0,095	0,092	0,092	0,092	0,092	0,766	0,712	0,735	0,738	0,722	0,758	0,695	0,805	0,797	0,857	0,813	0,872	0,948	0,977	0,894	0,985	0,887	0,985	0,928	1,029	0,975	1,125	1,004	1,065
7:38:04	37,0	0,820	0,856	0,838	0,875	0,878	0,855	0,838	0,855	0,946	0,842	0,870	0,832	0,648	0,882	0,628	0,840	0,607	0,920	0,559	0,874	0,598	0,917	0,587	0,901	0,887	0,858	0,931	0,841	0,914	0,813	0,846	0,823	1,015	0,893	1,033	0,955	0,851	0,750	0,687	0,723	0,684	0,730	0,723	0,736	0,741	0,783	0,737	0,816	1,006	0,996	1,003	0,976	0,954	1,026	0,911	1,095	1,001	1,016	1,036	1,083	0,094	0,094	0,095	0,093	0,092	0,091	0,091	0,095	0,091	0,092	0,092	0,091	0,779	0,725	0,746	0,756	0,732	0,769	0,707	0,814	0,812	0,870	0,830	0,886	0,956	0,986	0,902	0,993	0,899	0,990	0,938	1,038	0,985	1,135	1,013	1,075
7:48:04	37,0	0,830	0,864	0,847	0,885	0,888	0,863	0,849	0,864	0,959	0,851	0,878	0,842	0,658	0,890	0,632	0,848	0,612	0,930	0,566	0,884	0,606	0,926	0,596	0,914	0,897	0,869	0,947	0,850	0,924	0,828	0,855	0,831	1,030	0,904	1,046	0,963	0,856	0,755	0,692	0,725	0,688	0,734	0,730	0,740	0,745	0,789	0,744	0,821	1,018	1,009	1,010	0,987	0,968	1,034	0,922	1,104	1,015	1,028	1,042	1,093	0,094	0,094	0,094	0,093	0,092	0,091	0,091	0,095	0,091	0,092	0,092	0,091	0,790	0,740	0,763	0,773	0,753	0,785	0,727	0,830	0,827	0,889	0,851	0,902	0,968	0,997	0,915	1,003	0,911	1,004	0,948	1,048	0,998	1,142	1,028	1,083
7:58:04	37,0	0,839	0,873	0,855	0,892	0,896	0,870	0,855	0,872	0,969	0,857	0,889	0,849	0,662	0,898	0,634	0,857	0,611	0,938	0,574	0,893	0,612	0,936	0,603	0,923	0,908	0,877	0,958	0,858	0,936	0,835	0,864	0,842	1,042	0,913	1,054	0,974	0,863	0,762	0,697	0,729	0,693	0,740	0,734	0,748	0,751	0,795	0,753	0,827	1,028	1,020	1,018	0,999	0,978	1,044	0,938	1,111	1,030	1,038	1,052	1,102	0,094	0,094	0,095	0,093	0,092	0,091	0,092	0,095	0,092	0,092	0,092	0,092	0,806	0,755	0,778	0,792	0,770	0,800	0,743	0,843	0,846	0,904	0,870	0,917	0,978	1,006	0,923	1,013	0,923	1,014	0,957	1,060	1,011	1,154	1,040	1,095
8:08:04	37,0	0,848	0,881	0,864	0,900	0,904	0,878	0,863	0,882	0,979	0,864	0,897	0,859	0,669	0,907	0,637	0,864	0,620	0,946	0,575	0,902	0,619	0,945	0,608	0,932	0,918	0,886	0,969	0,868	0,945	0,847	0,872	0,850	1,054	0,921	1,066	0,984	0,868	0,767	0,702	0,735	0,697	0,747	0,739	0,752	0,760	0,802	0,759	0,834	1,040	1,029	1,026	1,009	0,988	1,050	0,943	1,119	1,032	1,046	1,063	1,112	0,094	0,094	0,095	0,093	0,093	0,091	0,092	0,095	0,091	0,092	0,092	0,092	0,819	0,768	0,792	0,803	0,783	0,814	0,762	0,858	0,859	0,918	0,884	0,931	0,989	1,017	0,935	1,025	0,935	1,025	0,971	1,073	1,024	1,164	1,054	1,107
8:18:04	37,0	0,854	0,888	0,871	0,906	0,913	0,885	0,871	0,889	0,987	0,872	0,903	0,865	0,676	0,914	0,640	0,870	0,625	0,955	0,580	0,909	0,625	0,952	0,617	0,941	0,925	0,894	0,981	0,876	0,955	0,851	0,882	0,859	1,061	0,930	1,073	0,996	0,873	0,772	0,707	0,740	0,701	0,752	0,744	0,755	0,765	0,805	0,766	0,837	1,050	1,035	1,036	1,017	0,996	1,058	0,948	1,123	1,040	1,057	1,070	1,117	0,094	0,094	0,095	0,093	0,092	0,091	0,091	0,095	0,092	0,092	0,092	0,092	0,834	0,780	0,804	0,814	0,801	0,828	0,779	0,872	0,872	0,931	0,901	0,943	0,998	1,026	0,943	1,036	0,946	1,034	0,980	1,081	1,034	1,174	1,063	1,118
8:28:04	37,0	0,860	0,894	0,877	0,911	0,922	0,894	0,877	0,896	0,994	0,878	0,909	0,870	0,679	0,922	0,641	0,879	0,627	0,958	0,582	0,916	0,632	0,958	0,625	0,947	0,933	0,902	0,989	0,884	0,963	0,856	0,889	0,867	1,067	0,939	1,081	1,001	0,879	0,776	0,711	0,740	0,702	0,756	0,746	0,759	0,770	0,807	0,770	0,841	1,058	1,044	1,040	1,024	1,006	1,065	0,958	1,129	1,049	1,063	1,077	1,122	0,094	0,094	0,095	0,093	0,092	0,091	0,092	0,095	0,091	0,092	0,092	0,092	0,844	0,792	0,815	0,820	0,810	0,841	0,792	0,880	0,885	0,939	0,915	0,953	1,006	1,036	0,952	1,043	0,957	1,045	0,988	1,089	1,044	1,184	1,072	1,123
8:38:04	37,0	0,868	0,902	0,885	0,919	0,931	0,899	0,883	0,903	1,001	0,885	0,918	0,876	0,688	0,929	0,647	0,885	0,635	0,952	0,587	0,921	0,640	0,964	0,636	0,955	0,942	0,912	0,997	0,891	0,974	0,867	0,898	0,875	1,077	0,947	1,090	1,011	0,882	0,782	0,715	0,744	0,705	0,763	0,751	0,763	0,773	0,813	0,775	0,845	1,068	1,054	1,046	1,032	1,016	1,071	0,968	1,134	1,054	1,070	1,083	1,130	0,094	0,094	0,095	0,093	0,092	0,091	0,092	0,095	0,092	0,092	0,092	0,092	0,857	0,804	0,825	0,831	0,826	0,851	0,806	0,891	0,898	0,950	0,927	0,964	1,014	1,047	0,961	1,052	0,966	1,055	1,000	1,097	1,057	1,192	1,084	1,134
8:48:04	37,0	0,877	0,909	0,893	0,926	0,941	0,906	0,892	0,909	1,012	0,892	0,927	0,885	0,696	0,937	0,651	0,890	0,641	0,964	0,595	0,928	0,653	0,970	0,644	0,965	0,951	0,923	1,008	0,900	0,984	0,876	0,906	0,885	1,086	0,957	1,099	1,019	0,888	0,787	0,719	0,752	0,709	0,767	0,755	0,772	0,777	0,816	0,781	0,852	1,076	1,063	1,055	1,041	1,026	1,077	0,975	1,143	1,062	1,078	1,091	1,139	0,095	0,094	0,095	0,093	0,093	0,091	0,092	0,095	0,092	0,092	0,092	0,092	0,869	0,817	0,834	0,842	0,836	0,858	0,821	0,897	0,908	0,958	0,936	0,972	1,026	1,058	0,971	1,063	0,979	1,065	1,011	1,108	1,068	1,199	1,096	1,143
8:58:04	37,0	0,881	0,915	0,899	0,930	0,948	0,910	0,897	0,916	1,015	0,896	0,933	0,889	0,699	0,943	0,655	0,897	0,645	0,969	0,602	0,935	0,656	0,976	0,650	0,969	0,958	0,928	1,019	0,908	0,992	0,882	0,912	0,889	1,095	0,964	1,107	1,027	0,892	0,791	0,723	0,754	0,712	0,770	0,760	0,775	0,780	0,819	0,786	0,854	1,083	1,067	1,060	1,047	1,033	1,084	0,984	1,148	1,069	1,085	1,097	1,144	0,094	0,094	0,095	0,093	0,092	0,091	0,091	0,095	0,092	0,092	0,092	0,092	0,877	0,828	0,846	0,851	0,846	0,869	0,833	0,905	0,919	0,967	0,947	0,980	1,032	1,066	0,979	1,071	0,987	1,072	1,018	1,114	1,077	1,208	1,103	1,151
9:08:04	37,0	0,888	0,922	0,905	0,936	0,956	0,914	0,903	0,921	1,020	0,901	0,940	0,895	0,704	0,949	0,656	0,903	0,647	0,980	0,602	0,940	0,663	0,979	0,653	0,975	0,967	0,938	1,027	0,916	1,002	0,889	0,923	0,896	1,103	0,971	1,115	1,036	0,896	0,795	0,727	0,759	0,718	0,775	0,766	0,782	0,786	0,823	0,793	0,859	1,091	1,073	1,067	1,054	1,041	1,089	0,988	1,155	1,079	1,093	1,105	1,150	0,094	0,094	0,095	0,093	0,093	0,091	0,092	0,095	0,091	0,092	0,092	0,092	0,887	0,836	0,855	0,860	0,860	0,876	0,844	0,912	0,929	0,974	0,957	0,988	1,041	1,073	0,989	1,077	0,996	1,080	1,028	1,123	1,086	1,216	1,111	1,158
9:18:04	37,0	0,896	0,927	0,913	0,940	0,964	0,922	0,911	0,928	1,028	0,905	0,949	0,902	0,710	0,955	0,658	0,910	0,650	0,987	0,609	0,946	0,667	0,986	0,662	0,980	0,975	0,946	1,037	0,924	1,010	0,894	0,930	0,905	1,112	0,979	1,124	1,044	0,900	0,799	0,731	0,763	0,722	0,779	0,771	0,784	0,790	0,827	0,799	0,864	1,099	1,079	1,073	1,060	1,049	1,094	0,999	1,162	1,087	1,101	1,111	1,156	0,094	0,094	0,095	0,093	0,092	0,091	0,091	0,095	0,091	0,092	0,092	0,092	0,898	0,844	0,864	0,865	0,872	0,885	0,856	0,921	0,935	0,980	0,969	0,994	1,048	1,083	0,998	1,086	1,006	1,089	1,038	1,133	1,095	1,226	1,118	1,165
9:28:04	37,0	0,902	0,934	0,918	0,942	0,969	0,925	0,916	0,932	1,029	0,909	0,956	0,906	0,713	0,959	0,660	0,915	0,653	0,993	0,610	0,951	0,668	0,991	0,670	0,984	0,983	0,952	1,046	0,931	1,017	0,902	0,936	0,912	1,118	0,987	1,130	1,051	0,904	0,804	0,734	0,766	0,725	0,781	0,772	0,788	0,792	0,829	0,802	0,867	1,106	1,085	1,077	1,066	1,054	1,102	1,003	1,163	1,091	1,105	1,117	1,159	0,094	0,094	0,095	0,093	0,092	0,091	0,092	0,095	0,092	0,092	0,092	0,092	0,907	0,853	0,873	0,871	0,878	0,892	0,864	0,928	0,944	0,985	0,978	1,001	1,053	1,089	1,007	1,093	1,015	1,096	1,045	1,136	1,103	1,231	1,123	1,173
9:38:04	37,0	0,908	0,940	0,926	0,948	0,976	0,932	0,923	0,937	1,037	0,916	0,962	0,910	0,715	0,966	0,663	0,920	0,657	0,999	0,615	0,956	0,676	0,995	0,673	0,990	0,991	0,962	1,053	0,938	1,028	0,910	0,946	0,921	1,126	0,995	1,140	1,060	0,907	0,807	0,737	0,770	0,729	0,785	0,777	0,792	0,798	0,835	0,808	0,872	1,113	1,091	1,081	1,073	1,059	1,106	1,009	1,171	1,096	1,111	1,124	1,167	0,094	0,094	0,095	0,093	0,093	0,091	0,092	0,095	0,091	0,092	0,092	0,092	0,915	0,859	0,877	0,877	0,887	0,899	0,874	0,934	0,956	0,992	0,985	1,007	1,064	1,096	1,015	1,103	1,023	1,103	1,055	1,145	1,110	1,238	1,130	1,180
9:48:04	37,0	0,914	0,946	0,932	0,952	0,981	0,936	0,930	0,940	1,040	0,921	0,967	0,915	0,720	0,971	0,662	0,926	0,658	1,002	0,619	0,959	0,678	1,000	0,679	0,993	0,998	0,968	1,062	0,946	1,036	0,916	0,954	0,929	1,132	1,001	1,147	1,068	0,913	0,811	0,741	0,774	0,732	0,790	0,783	0,796	0,803	0,839	0,813	0,877	1,120	1,096	1,088	1,079	1,066	1,110	1,014	1,174	1,102	1,118	1,129	1,171	0,094	0,094	0,095	0,093	0,093	0,091	0,092	0,095	0,091	0,092	0,092	0,092	0,923	0,869	0,885	0,884	0,897	0,906	0,885	0,941	0,961	0,997	0,993	1,013	1,069	1,104	1,021	1,110	1,032	1,112	1,063	1,154	1,115	1,245	1,133	1,188
9:58:04	37,0	0,921	0,954	0,940	0,958	0,987	0,941	0,935	0,946	1,046	0,928	0,974	0,919	0,725	0,977	0,664	0,931	0,660	1,008	0,622	0,966	0,679	1,004	0,679	0,999	1,006	0,976	1,070	0,954	1,044	0,923	0,960	0,935	1,140	1,009	1,154	1,074	0,916	0,816	0,746	0,777	0,736	0,793	0,786	0,800	0,806	0,842	0,818	0,881	1,126	1,105	1,094	1,085	1,072	1,116	1,020	1,183	1,110	1,124	1,134	1,179	0,094	0,094	0,095	0,093	0,093	0,091	0,092	0,095	0,091	0,092	0,092	0,091	0,932	0,875	0,894	0,889	0,905	0,917	0,894	0,947	0,968	1,003	0,999	1,019	1,075	1,112	1,031	1,117	1,040	1,123	1,072	1,161	1,123	1,250	1,141	1,193
10:08:04	37,0	0,927	0,956	0,945	0,964	0,992	0,945	0,942	0,950	1,049	0,930	0,976	0,923	0,730	0,981	0,668	0,935	0,666	1,011	0,626	0,968	0,684	1,007	0,685	1,001	1,013	0,982	1,075	0,960	1,050	0,929	0,967	0,939	1,145	1,015	1,161	1,081	0,921	0,819	0,748	0,779	0,739	0,796	0,789	0,801	0,810	0,845	0,825	0,885	1,132	1,109	1,097	1,091	1,077	1,120	1,026	1,185	1,112	1,130	1,139	1,182	0,094	0,094	0,095	0,093	0,093	0,091	0,092	0,095	0,091	0,092	0,093	0,092	0,938	0,882	0,901	0,894	0,912	0,920	0,900	0,952	0,976	1,008	1,006	1,022	1,080	1,118	1,037	1,124	1,047	1,127	1,079	1,168	1,126	1,257	1,146	1,200
10:18:04	37,0	0,933	0,958	0,949	0,965	0,994	0,949	0,948	0,951	1,052	0,933	0,978	0,926	0,731	0,985	0,667	0,939	0,667	1,013	0,625	0,972	0,684	1,011	0,690	1,005	1,019	0,989	1,083	0,966	1,058	0,935	0,974	0,945	1,153	1,022	1,167	1,087	0,925	0,822	0,752	0,781	0,742	0,800	0,792	0,806	0,812	0,845	0,824	0,890	1,136	1,113	1,101	1,096	1,083	1,125	1,031	1,187	1,117	1,134	1,144	1,185	0,094	0,094	0,095	0,093	0,093	0,091	0,092	0,095	0,091	0,092	0,092	0,092	0,946	0,887	0,908	0,898	0,920	0,925	0,908	0,955	0,979	1,012	1,012	1,027	1,083	1,125	1,039	1,129	1,053	1,133	1,080	1,171	1,130	1,261	1,148	1,207
10:28:04	37,0	0,940	0,964	0,955	0,969	1,000	0,954	0,954	0,956	1,057	0,940	0,982	0,927	0,731	0,989	0,669	0,943	0,663	1,016	0,625	0,978	0,689	1,014	0,692	1,009	1,027	0,996	1,090	0,972	1,064	0,941	0,979	0,952	1,159	1,030	1,174	1,093	0,927	0,826	0,755	0,784	0,744	0,804	0,793	0,809	0,816	0,851	0,830	0,894	1,142	1,118	1,106	1,103	1,089	1,131	1,039	1,191	1,130	1,140	1,150	1,190	0,094	0,094	0,095	0,093	0,093	0,091	0,092	0,095	0,092	0,092	0,093	0,092	0,950	0,893	0,917	0,905	0,924	0,929	0,915	0,962	0,984	1,017	1,018	1,031	1,090	1,132	1,048	1,135	1,059	1,141	1,084	1,177	1,135	1,266	1,151	1,212
10:38:04	37,0	0,944	0,962	0,959	0,971	1,001	0,957	0,959	0,958	1,060	0,943	0,985	0,928	0,737	0,991	0,670	0,945	0,668	1,018	0,627	0,978	0,691	1,016	0,697	1,013	1,032	1,002	1,096	0,977	1,069	0,945	0,984	0,957	1,163	1,034	1,180	1,098	0,931	0,828	0,758	0,786	0,747	0,807	0,796	0,810	0,817	0,851	0,828	0,897	1,147	1,123	1,109	1,108	1,094	1,133	1,042	1,195	1,131	1,144	1,154	1,192	0,094	0,094	0,095	0,093	0,092	0,091	0,092	0,095	0,092	0,092	0,092	0,092	0,957	0,898	0,922	0,909	0,929	0,933	0,922	0,967	0,990	1,021	1,020	1,035	1,093	1,137	1,052	1,138	1,063	1,145	1,089	1,185	1,137	1,272	1,151	1,219
10:48:04	37,0	0,950	0,967	0,961	0,975	1,006	0,962	0,962	0,964	1,064	0,947	0,988	0,932	0,738	0,995	0,670	0,950	0,670	1,023	0,632	0,982	0,693	1,020	0,699	1,015	1,039	1,009	1,101	0,984	1,077	0,953	0,993	0,964	1,172	1,040	1,189	1,107	0,936	0,831	0,761	0,790	0,751	0,810	0,801	0,816	0,824	0,856	0,836	0,903	1,153	1,127	1,116	1,115	1,098	1,138	1,046	1,202	1,136	1,148	1,159	1,197	0,094	0,094	0,095	0,093	0,093	0,091	0,092	0,095	0,091	0,092	0,093	0,092	0,963	0,902	0,925	0,912	0,935	0,942	0,930	0,970	0,995	1,026	1,026	1,039	1,097	1,143	1,056	1,144	1,068	1,151	1,093	1,190	1,141	1,275	1,155	1,224
10:58:04	37,0	0,954	0,967	0,965	0,977	1,005	0,961	0,963	0,963	1,065	0,946	0,987	0,929	0,743	0,997	0,672	0,952	0,673	1,023	0,634	0,982	0,695	1,021	0,705	1,018	1,046	1,015	1,103	0,988	1,082	0,956	0,997	0,968	1,175	1,047	1,191	1,108	0,936	0,833	0,764	0,792	0,754	0,811	0,802	0,816	0,825	0,855	0,837	0,901	1,156	1,130	1,118	1,117	1,103	1,141	1,045	1,204	1,134	1,151	1,161	1,199	0,094	0,094	0,095	0,093	0,092	0,091	0,092	0,095	0,092	0,092	0,093	0,092	0,967	0,907	0,930	0,915	0,940	0,945	0,931	0,973	0,994	1,027	1,028	1,041	1,099	1,147	1,062	1,148	1,071	1,156	1,097	1,193	1,141	1,276	1,157	1,224
11:08:04	37,0	0,958	0,972	0,970	0,982	1,013	0,970	0,970	0,971	1,072	0,953	0,996	0,933	0,746	1,001	0,675	0,955	0,672	1,031	0,637	0,988	0,699	1,025	0,705	1,022	1,053	1,022	1,111	0,996	1,091	0,964	1,006	0,977	1,184	1,053	1,200	1,119	0,942	0,838	0,767	0,796	0,759	0,816	0,808	0,819	0,831	0,862	0,844	0,911	1,163	1,138	1,123	1,123	1,109	1,146	1,059	1,211	1,147	1,159	1,168	1,204	0,094	0,094	0,095	0,093	0,093	0,091	0,092	0,095	0,092	0,092	0,093	0,092	0,971	0,912	0,934	0,922	0,946	0,951	0,939	0,978	1,002	1,033	1,034	1,044	1,104	1,156	1,067	1,155	1,076	1,161	1,102	1,202	1,146	1,283	1,162	1,230
11:18:04	37,0	0,960	0,976	0,972	0,985	1,017	0,972	0,971	0,974	1,076	0,955	0,999	0,938	0,744	1,005	0,674	0,960	0,674	1,033	0,638	0,991	0,703	1,028	0,707	1,025	1,058	1,027	1,117	1,001	1,095	0,971	1,010	0,982	1,189	1,057	1,204	1,126	0,946	0,841	0,770	0,799	0,763	0,818	0,810	0,824	0,834	0,866	0,848	0,914	1,169	1,142	1,129	1,129	1,112	1,149	1,061	1,214	1,150	1,163	1,173	1,210	0,094	0,094	0,095	0,093	0,092	0,091	0,092	0,095	0,091	0,092	0,092	0,092	0,975	0,917	0,940	0,925	0,951	0,957	0,947	0,986	1,005	1,039	1,036	1,049	1,108	1,159	1,070	1,162	1,081	1,169	1,105	1,209	1,149	1,287	1,164	1,237
11:28:04	37,0	0,963	0,976	0,975	0,987	1,020	0,975	0,975	0,977	1,079	0,960	1,000	0,939	0,745	1,008	0,674	0,962	0,677	1,035	0,639	0,994	0,702	1,031	0,711	1,029	1,065	1,032	1,125	1,004	1,101	0,974	1,013	0,988	1,194	1,063	1,211	1,132	0,951	0,843	0,774	0,801	0,765	0,820	0,812	0,826	0,835	0,865	0,853	0,918	1,174	1,144	1,132	1,134	1,118	1,154	1,072	1,218	1,155	1,169	1,177	1,214	0,094	0,095	0,095	0,093	0,092	0,091	0,092	0,095	0,092	0,092	0,093	0,092	0,981	0,921	0,945	0,928	0,958	0,961	0,949	0,990	1,009	1,043	1,040	1,054	1,110	1,167	1,075	1,165	1,084	1,175	1,109	1,213	1,153	1,291	1,166	1,242
11:38:04	37,0	0,965	0,977	0,976	0,989	1,022	0,975	0,979	0,978	1,082	0,960	1,001	0,940	0,744	1,009	0,675	0,964	0,673	1,036	0,637	0,996	0,700	1,034	0,710	1,031	1,069	1,038	1,130	1,010	1,107	0,979	1,020	0,991	1,197	1,068	1,214	1,136	0,954	0,846	0,777	0,804	0,768	0,823	0,814	0,828	0,838	0,869	0,856	0,923	1,178	1,149	1,134	1,138	1,121	1,157	1,067	1,221	1,156	1,174	1,179	1,215	0,095	0,094	0,095	0,093	0,093	0,091	0,092	0,095	0,092	0,092	0,092	0,092	0,985	0,924	0,948	0,931	0,961	0,964	0,953	0,992	1,014	1,048	1,046	1,057	1,113	1,171	1,079	1,170	1,088	1,179	1,114	1,219	1,155	1,294	1,166	1,245
11:48:04	37,0	0,967	0,980	0,981	0,990	1,024	0,977	0,981	0,976	1,083	0,960	1,003	0,941	0,749	1,011	0,674	0,967	0,672	1,036	0,640	0,999	0,700	1,035	0,713	1,035	1,075	1,043	1,135	1,014	1,111	0,983	1,025	0,996	1,202	1,075	1,221	1,140	0,957	0,848	0,779	0,806	0,770	0,825	0,814	0,831	0,838	0,873	0,854	0,925	1,181	1,154	1,137	1,145	1,124	1,159	1,067	1,223	1,158	1,175	1,183	1,218	0,094	0,094	0,095	0,093	0,093	0,091	0,092	0,095	0,091	0,092	0,093	0,092	0,989	0,928	0,951	0,936	0,965	0,965	0,957	0,998	1,017	1,051	1,046	1,058	1,114	1,176	1,081	1,174	1,091	1,187	1,115	1,222	1,156	1,300	1,167	1,249
11:58:04	37,0	0,968	0,979	0,982	0,991	1,026	0,978	0,984	0,974	1,086	0,960	1,004	0,943	0,752	1,013	0,673	0,969	0,677	1,041	0,639	1,000	0,702	1,037	0,715	1,036	1,080	1,047	1,139	1,018	1,116	0,988	1,028	0,999	1,205	1,078	1,225	1,144	0,960	0,851	0,781	0,807	0,772	0,826	0,816	0,830	0,842	0,873	0,853	0,929	1,185	1,159	1,142	1,149	1,129	1,163	1,077	1,223	1,163	1,179	1,187	1,220	0,094	0,094	0,095	0,093	0,092	0,091	0,091	0,095	0,091	0,092	0,093	0,092	0,992	0,932	0,955	0,939	0,966	0,968	0,960	1,004	1,018	1,052	1,050	1,060	1,117	1,182	1,083	1,179	1,094	1,192	1,118	1,226	1,157	1,301	1,164	1,251
12:08:04	37,0	0,971	0,979	0,983	0,993	1,028	0,980	0,986	0,975	1,090	0,962	1,006	0,942	0,755	1,016	0,674	0,970	0,680	1,043	0,644	1,003	0,706	1,040	0,716	1,038	1,086	1,053	1,144	1,022	1,122	0,992	1,033	1,003	1,210	1,083	1,230	1,149	0,964	0,854	0,783	0,810	0,775	0,830	0,819	0,834	0,845	0,874	0,860	0,933	1,189	1,162	1,145	1,153	1,135	1,167	1,080	1,227	1,169	1,184	1,191	1,225	0,095	0,095	0,095	0,093	0,093	0,091	0,092	0,095	0,092	0,092	0,093	0,092	0,996	0,936	0,958	0,943	0,970	0,974	0,965	1,004	1,021	1,054	1,054	1,062	1,118	1,187	1,087	1,185	1,097	1,196	1,119	1,231	1,158	1,304	1,168	1,255
12:18:04	37,0	0,975	0,979	0,985	0,995	1,032	0,984	0,989	0,980	1,093	0,966	1,007	0,943	0,751	1,018	0,674	0,972	0,680	1,044	0,642	1,006	0,707	1,042	0,720	1,042	1,090	1,058	1,150	1,027	1,126	0,998	1,038	1,009	1,217	1,089	1,236	1,155	0,965	0,856	0,786	0,812	0,778	0,832	0,822	0,840	0,849	0,877	0,863	0,938	1,193	1,166	1,148	1,156	1,137	1,170	1,084	1,231	1,177	1,188	1,195	1,226	0,095	0,094	0,095	0,093	0,092	0,091	0,092	0,095	0,092	0,092	0,093	0,092	0,999	0,938	0,962	0,947	0,977	0,978	0,971	1,007	1,025	1,058	1,055	1,064	1,120	1,191	1,089	1,189	1,099	1,199	1,121	1,234	1,161	1,307	1,168	1,262
12:28:04	37,0	0,978	0,981	0,987	0,997	1,034	0,983	0,992	0,978	1,096	0,965	1,010	0,944	0,757	1,020	0,676	0,973	0,680	1,047	0,644	1,007	0,708	1,045	0,721	1,043	1,096	1,062	1,154	1,032	1,132	1,002	1,042	1,013	1,222	1,092	1,240	1,158	0,969	0,858	0,789	0,814	0,781	0,834	0,825	0,841	0,851	0,882	0,871	0,939	1,197	1,171	1,151	1,159	1,141	1,175	1,089	1,234	1,177	1,192	1,198	1,228	0,094	0,094	0,095	0,093	0,093	0,092	0,092	0,095	0,092	0,092	0,093	0,092	1,003	0,940	0,965	0,952	0,979	0,983	0,972	1,011	1,028	1,059	1,058	1,065	1,121	1,197	1,091	1,194	1,102	1,206	1,125	1,239	1,161	1,311	1,167	1,263
12:38:04	37,0	0,979	0,981	0,989	0,999	1,036	0,984	0,994	0,979	1,097	0,966	1,012	0,944	0,754	1,023	0,676	0,976	0,680	1,048	0,647	1,009	0,708	1,047	0,720	1,044	1,100	1,067	1,157	1,036	1,136	1,006	1,047	1,018	1,228	1,097	1,246	1,164	0,970	0,861	0,792	0,817	0,783	0,837	0,826	0,843	0,854	0,883	0,871	0,942	1,200	1,173	1,155	1,164	1,145	1,177	1,092	1,237	1,180	1,196	1,202	1,230	0,095	0,095	0,095	0,093	0,093	0,091	0,092	0,095	0,092	0,092	0,093	0,092	1,005	0,944	0,967	0,954	0,982	0,987	0,976	1,015	1,030	1,062	1,058	1,067	1,122	1,200	1,094	1,197	1,104	1,211	1,126	1,243	1,163	1,313	1,167	1,267
12:48:04	37,0	0,981	0,982	0,991	1,002	1,040	0,987	0,995	0,981	1,102	0,968	1,014	0,948	0,756	1,024	0,677	0,977	0,679	1,050	0,645	1,012	0,708	1,051	0,723	1,048	1,105	1,071	1,161	1,039	1,141	1,010	1,052	1,021	1,232	1,102	1,250	1,169	0,973	0,863	0,793	0,818	0,785	0,839	0,829	0,844	0,856	0,885	0,875	0,946	1,204	1,177	1,158	1,167	1,149	1,180	1,097	1,239	1,183	1,200	1,204	1,235	0,094	0,094	0,095	0,093	0,093	0,091	0,092	0,095	0,092	0,092	0,093	0,092	1,008	0,945	0,970	0,956	0,985	0,989	0,978	1,019	1,032	1,063	1,062	1,069	1,124	1,206	1,097	1,203	1,107	1,214	1,129	1,250	1,165	1,315	1,167	1,271
12:58:04	37,0	0,981	0,984	0,993	1,002	1,042	0,989	0,998	0,983	1,104	0,970	1,016	0,947	0,758	1,026	0,676	0,980	0,683	1,053	0,649	1,014	0,709	1,052	0,729	1,050	1,111	1,075	1,166	1,045	1,146	1,016	1,058	1,026	1,236	1,105	1,254	1,174	0,976	0,867	0,797	0,822	0,789	0,843	0,833	0,847	0,858	0,888	0,877	0,948	1,209	1,179	1,163	1,171	1,153	1,182	1,101	1,243	1,189	1,204	1,207	1,236	0,094	0,094	0,095	0,093	0,092	0,091	0,092	0,095	0,091	0,092	0,092	0,092	1,011	0,950	0,974	0,961	0,990	0,995	0,984	1,022	1,034	1,066	1,063	1,071	1,126	1,209	1,100	1,208	1,108	1,220	1,129	1,251	1,165	1,319	1,168	1,275
13:08:04	37,0	0,984	0,985	0,995	1,005	1,044	0,989	1,000	0,982	1,107	0,973	1,018	0,950	0,757	1,029	0,680	0,983	0,684	1,056	0,644	1,016	0,709	1,054	0,727	1,052	1,114	1,079	1,171	1,049	1,150	1,018	1,061	1,031	1,239	1,110	1,259	1,177	0,979	0,868	0,798	0,824	0,791	0,843	0,832	0,848	0,861	0,890	0,880	0,950	1,212	1,184	1,166	1,173	1,158	1,185	1,102	1,245	1,190	1,206	1,210	1,237	0,094	0,094	0,095	0,093	0,093	0,091	0,092	0,095	0,092	0,092	0,093	0,092	1,015	0,954	0,978	0,964	0,994	0,996	0,986	1,029	1,037	1,068	1,064	1,071	1,127	1,214	1,101	1,212	1,111	1,223	1,133	1,256	1,166	1,321	1,167	1,279
13:18:04	37,0	0,987	0,985	0,996	1,006	1,046	0,991	1,003	0,987	1,110	0,973	1,019	0,951	0,757	1,030	0,675	0,984	0,678	1,056	0,650	1,018	0,708	1,054	0,730	1,054	1,120	1,084	1,175	1,053	1,155	1,024	1,066	1,036	1,244	1,114	1,263	1,182	0,981	0,870	0,801	0,827	0,792	0,845	0,836	0,853	0,864	0,892	0,882	0,952	1,216	1,187	1,170	1,178	1,160	1,188	1,108	1,249	1,193	1,209	1,214	1,242	0,094	0,094	0,095	0,093	0,093	0,091	0,092	0,095	0,092	0,092	0,093	0,092	1,018	0,957	0,981	0,966	0,996	1,000	0,990	1,029	1,037	1,069	1,066	1,071	1,128	1,218	1,104	1,217	1,114	1,228	1,135	1,261	1,168	1,323	1,168	1,283
13:28:04	37,0	0,990	0,987	0,997	1,008	1,049	0,993	1,005	0,987	1,113	0,974	1,022	0,950	0,759	1,033	0,679	0,986	0,684	1,058	0,653	1,019	0,713	1,055	0,732	1,056	1,125	1,089	1,178	1,056	1,159	1,028	1,069	1,040	1,248	1,119	1,267	1,187	0,983	0,873	0,803	0,829	0,797	0,848	0,839	0,856	0,865	0,894	0,884	0,955	1,220	1,191	1,171	1,181	1,163	1,191	1,110	1,252	1,197	1,213	1,216	1,243	0,094	0,094	0,095	0,093	0,093	0,091	0,092	0,095	0,092	0,092	0,093	0,092	1,020	0,961	0,984	0,971	0,999	1,003	0,993	1,031	1,039	1,070	1,067	1,072	1,129	1,223	1,105	1,220	1,115	1,232	1,134	1,262	1,169	1,326	1,168	1,284
13:38:04	37,0	0,993	0,988	0,999	1,009	1,052	0,992	1,006	0,989	1,116	0,974	1,024	0,950	0,761	1,034	0,675	0,988	0,682	1,060	0,650	1,020	0,715	1,058	0,733	1,058	1,129	1,093	1,182	1,060	1,164	1,031	1,073	1,042	1,252	1,124	1,272	1,192	0,986	0,875	0,805	0,831	0,798	0,848	0,841	0,855	0,868	0,896	0,887	0,957	1,221	1,193	1,175	1,184	1,167	1,192	1,117	1,254	1,201	1,215	1,219	1,244	0,095	0,094	0,095	0,093	0,093	0,091	0,092	0,095	0,092	0,092	0,093	0,092	1,023	0,965	0,987	0,974	1,002	1,004	0,994	1,032	1,038	1,073	1,069	1,073	1,129	1,228	1,107	1,224	1,117	1,236	1,135	1,266	1,169	1,328	1,168	1,287
13:48:04	37,0	0,993	0,988	0,998	1,006	1,048	0,989	1,002	0,981	1,114	0,973	1,022	0,946	0,766	1,034	0,678	0,988	0,685	1,061	0,651	1,019	0,716	1,059	0,731	1,056	1,132	1,096	1,185	1,063	1,166	1,033	1,074	1,044	1,253	1,125	1,273	1,191	0,987	0,875	0,805	0,831	0,799	0,849	0,841	0,855	0,867	0,894	0,886	0,950	1,224	1,193	1,177	1,184	1,167	1,194	1,111	1,252	1,198	1,214	1,219	1,243	0,094	0,094	0,095	0,093	0,093	0,091	0,092	0,095	0,091	0,092	0,093	0,092	1,025	0,966	0,989	0,975	1,001	1,004	0,992	1,033	1,037	1,071	1,068	1,072	1,127	1,230	1,105	1,227	1,110	1,239	1,137	1,267	1,165	1,325	1,162	1,285
13:58:04	37,0	0,993	0,989	1,002	1,010	1,052	0,994	1,010	0,985	1,116	0,974	1,024	0,948	0,760	1,035	0,676	0,989	0,683	1,059	0,648	1,020	0,711	1,060	0,731	1,059	1,137	1,100	1,189	1,067	1,171	1,038	1,078	1,048	1,256	1,129	1,277	1,196	0,991	0,877	0,807	0,833	0,801	0,851	0,844	0,858	0,870	0,900	0,888	0,956	1,226	1,198	1,179	1,189	1,172	1,196	1,116	1,255	1,200	1,220	1,224	1,246	0,094	0,094	0,095	0,093	0,093	0,091	0,092	0,095	0,092	0,092	0,093	0,092	1,028	0,969	0,993	0,978	1,005	1,006	0,994	1,037	1,040	1,073	1,071	1,072	1,128	1,232	1,107	1,230	1,114	1,242	1,135	1,273	1,165	1,328	1,165	1,287
14:08:04	37,0	0,997	0,991	1,002	1,009	1,055	0,994	1,011	0,987	1,120	0,976	1,026	0,947	0,760	1,036	0,675	0,991	0,684	1,061	0,650	1,024	0,714	1,062	0,733	1,061	1,141	1,104	1,193	1,070	1,174	1,043	1,083	1,052	1,260	1,134	1,281	1,201	0,992	0,879	0,809	0,836	0,804	0,853	0,845	0,859	0,872	0,902	0,890	0,960	1,229	1,203	1,182	1,193	1,173	1,198	1,121	1,259	1,204	1,224	1,226	1,248	0,094	0,095	0,095	0,093	0,093	0,091	0,092	0,095	0,092	0,092	0,093	0,092	1,030	0,971	0,994	0,980	1,008	1,008	0,997	1,039	1,044	1,073	1,072	1,074	1,128	1,236	1,109	1,235	1,115	1,246	1,139	1,276	1,167	1,329	1,165	1,289
14:18:04	37,0	0,996	0,992	1,002	1,010	1,055	0,994	1,009	0,985	1,118	0,974	1,026	0,947	0,758	1,037	0,673	0,991	0,684	1,062	0,650	1,024	0,713	1,064	0,729	1,060	1,145	1,106	1,196	1,073	1,177	1,042	1,085	1,054	1,262	1,137	1,284	1,204	0,993	0,880	0,809	0,836	0,804	0,854	0,844	0,856	0,872	0,901	0,892	0,959	1,232	1,203	1,184	1,195	1,177	1,200	1,120	1,259	1,206	1,225	1,227	1,248	0,094	0,094	0,095	0,093	0,093	0,091	0,092	0,095	0,091	0,092	0,093	0,092	1,031	0,973	0,994	0,981	1,008	1,006	0,998	1,040	1,042	1,075	1,072	1,074	1,128	1,238	1,107	1,239	1,114	1,248	1,139	1,278	1,166	1,331	1,163	1,290
14:28:04	37,0	0,998	0,993	1,004	1,012	1,056	0,996	1,012	0,986	1,124	0,977	1,027	0,949	0,762	1,040	0,674	0,992	0,683	1,065	0,647	1,025	0,709	1,065	0,731	1,063	1,150	1,111	1,199	1,077	1,182	1,045	1,090	1,058	1,264	1,141	1,287	1,210	0,995	0,882	0,811	0,837	0,807	0,855	0,847	0,861	0,875	0,902	0,892	0,962	1,235	1,206	1,185	1,198	1,179	1,202	1,126	1,262	1,210	1,230	1,232	1,250	0,095	0,095	0,095	0,093	0,093	0,092	0,092	0,095	0,092	0,092	0,093	0,092	1,033	0,975	0,997	0,983	1,010	1,010	0,999	1,041	1,046	1,076	1,073	1,075	1,129	1,242	1,109	1,242	1,116	1,251	1,139	1,281	1,167	1,333	1,162	1,293
14:38:04	37,0	1,001	0,992	1,005	1,012	1,058	0,996	1,014	0,985	1,125	0,977	1,029	0,948	0,760	1,041	0,674	0,992	0,680	1,066	0,650	1,027	0,711	1,067	0,736	1,063	1,153	1,115	1,203	1,080	1,185	1,049	1,094	1,060	1,268	1,145	1,289	1,211	0,998	0,884	0,812	0,840	0,809	0,857	0,849	0,861	0,877	0,904	0,895	0,963	1,238	1,210	1,188	1,201	1,183	1,206	1,129	1,264	1,213	1,231	1,234	1,252	0,095	0,095	0,095	0,093	0,093	0,091	0,092	0,095	0,092	0,092	0,093	0,092	1,037	0,977	0,998	0,985	1,013	1,012	1,002	1,042	1,046	1,078	1,075	1,075	1,130	1,243	1,112	1,245	1,116	1,254	1,142	1,285	1,167	1,334	1,161	1,294
14:48:04	37,0	1,003	0,993	1,006	1,012	1,059	0,997	1,017	0,988	1,127	0,979	1,030	0,948	0,761	1,042	0,675	0,994	0,683	1,069	0,648	1,029	0,715	1,068	0,733	1,065	1,158	1,118	1,206	1,083	1,189	1,052	1,098	1,063	1,271	1,148	1,292	1,216	0,998	0,885	0,814	0,839	0,810	0,858	0,851	0,864	0,877	0,905	0,897	0,966	1,240	1,213	1,191	1,203	1,184	1,208	1,130	1,267	1,218	1,234	1,234	1,252	0,094	0,095	0,095	0,093	0,092	0,091	0,092	0,095	0,092	0,092	0,093	0,092	1,038	0,980	0,998	0,987	1,015	1,013	1,002	1,043	1,046	1,077	1,075	1,075	1,131	1,246	1,111	1,246	1,116	1,256	1,139	1,287	1,166	1,335	1,162	1,297
14:58:04	37,0	1,001	0,994	1,006	1,012	1,062	0,996	1,018	0,988	1,127	0,979	1,030	0,947	0,760	1,043	0,670	0,995	0,683	1,068	0,645	1,030	0,713	1,069	0,735	1,067	1,162	1,122	1,210	1,085	1,192	1,056	1,101	1,066	1,275	1,151	1,294	1,218	1,001	0,886	0,816	0,843	0,812	0,859	0,854	0,864	0,876	0,906	0,898	0,968	1,240	1,214	1,193	1,205	1,187	1,208	1,134	1,267	1,222	1,236	1,236	1,254	0,094	0,094	0,095	0,093	0,092	0,091	0,092	0,095	0,092	0,092	0,092	0,092	1,039	0,982	1,000	0,989	1,016	1,012	1,003	1,044	1,046	1,079	1,075	1,076	1,129	1,249	1,112	1,251	1,116	1,259	1,140	1,290	1,167	1,335	1,160	1,298
15:08:04	37,0	1,004	0,996	1,009	1,014	1,064	0,998	1,020	0,989	1,129	0,980	1,031	0,948	0,761	1,045	0,674	0,997	0,685	1,070	0,650	1,032	0,714	1,070	0,738	1,069	1,167	1,126	1,214	1,089	1,196	1,059	1,106	1,071	1,278	1,156	1,298	1,222	1,002	0,890	0,818	0,845	0,814	0,860	0,856	0,868	0,879	0,906	0,900	0,971	1,244	1,217	1,196	1,209	1,189	1,212	1,137	1,270	1,224	1,238	1,238	1,255	0,095	0,095	0,095	0,094	0,093	0,091	0,092	0,095	0,092	0,092	0,093	0,092	1,040	0,983	1,003	0,991	1,020	1,016	1,006	1,044	1,047	1,080	1,077	1,078	1,129	1,251	1,115	1,255	1,117	1,262	1,139	1,292	1,168	1,335	1,161	1,299
15:18:04	37,0	1,005	0,996	1,010	1,013	1,064	0,996	1,020	0,986	1,129	0,978	1,029	0,945	0,756	1,045	0,673	0,997	0,677	1,070	0,648	1,033	0,709	1,071	0,729	1,067	1,170	1,129	1,215	1,093	1,199	1,061	1,107	1,074	1,277	1,158	1,299	1,223	1,004	0,890	0,819	0,845	0,816	0,860	0,856	0,869	0,879	0,907	0,903	0,970	1,244	1,217	1,199	1,208	1,192	1,213	1,138	1,270	1,225	1,239	1,239	1,254	0,095	0,095	0,095	0,093	0,093	0,091	0,092	0,095	0,092	0,092	0,093	0,092	1,042	0,984	1,003	0,991	1,021	1,015	1,006	1,044	1,050	1,080	1,076	1,077	1,128	1,253	1,113	1,256	1,116	1,264	1,138	1,294	1,165	1,339	1,158	1,299
15:28:04	37,0	1,006	0,997	1,011	1,014	1,067	0,996	1,022	0,987	1,129	0,980	1,030	0,947	0,754	1,046	0,672	0,998	0,684	1,071	0,643	1,035	0,711	1,073	0,732	1,068	1,175	1,133	1,218	1,095	1,203	1,065	1,109	1,077	1,280	1,161	1,300	1,227	1,005	0,891	0,820	0,847	0,818	0,861	0,856	0,866	0,881	0,909	0,903	0,973	1,247	1,221	1,200	1,212	1,194	1,214	1,140	1,271	1,225	1,241	1,241	1,255	0,095	0,095	0,095	0,093	0,093	0,091	0,092	0,095	0,092	0,092	0,093	0,092	1,044	0,985	1,004	0,992	1,019	1,014	1,008	1,046	1,051	1,081	1,077	1,078	1,127	1,256	1,114	1,259	1,116	1,267	1,141	1,297	1,167	1,339	1,156	1,300
15:38:04	37,0	1,008	0,998	1,012	1,017	1,070	0,997	1,024	0,991	1,135	0,982	1,033	0,948	0,758	1,048	0,673	1,001	0,681	1,074	0,650	1,037	0,710	1,074	0,732	1,072	1,179	1,137	1,221	1,102	1,207	1,072	1,117	1,083	1,285	1,167	1,304	1,231	1,005	0,894	0,822	0,849	0,821	0,866	0,865	0,871	0,887	0,913	0,909	0,976	1,248	1,223	1,201	1,216	1,196	1,216	1,144	1,276	1,232	1,243	1,242	1,255	0,095	0,094	0,095	0,093	0,093	0,091	0,092	0,095	0,092	0,092	0,093	0,092	1,044	0,988	1,009	0,998	1,024	1,019	1,012	1,048	1,051	1,083	1,082	1,080	1,130	1,259	1,114	1,262	1,118	1,269	1,143	1,300	1,167	1,339	1,159	1,303
15:48:04	37,0	1,009	0,998	1,014	1,016	1,069	0,996	1,024	0,991	1,135	0,981	1,033	0,949	0,753	1,048	0,669	1,002	0,677	1,075	0,638	1,037	0,708	1,076	0,731	1,072	1,184	1,141	1,224	1,104	1,209	1,072	1,118	1,084	1,285	1,170	1,304	1,234	1,009	0,895	0,824	0,851	0,821	0,867	0,860	0,874	0,887	0,913	0,911	0,974	1,250	1,225	1,206	1,217	1,199	1,218	1,145	1,274	1,232	1,244	1,245	1,257	0,094	0,094	0,095	0,093	0,093	0,091	0,092	0,095	0,092	0,093	0,092	0,092	1,046	0,989	1,009	0,996	1,027	1,019	1,013	1,053	1,054	1,082	1,081	1,080	1,130	1,262	1,116	1,265	1,118	1,271	1,143	1,301	1,167	1,342	1,158	1,306
15:58:04	36,9	1,009	0,998	1,014	1,015	1,073	0,996	1,024	0,990	1,137	0,980	1,032	0,947	0,755	1,049	0,670	1,002	0,679	1,075	0,647	1,037	0,710	1,074	0,730	1,072	1,187	1,144	1,225	1,105	1,213	1,075	1,120	1,086	1,286	1,173	1,308	1,237	1,010	0,896	0,825	0,852	0,823	0,865	0,861	0,871	0,887	0,912	0,910	0,976	1,250	1,224	1,207	1,218	1,201	1,218	1,148	1,276	1,232	1,246	1,244	1,255	0,095	0,095	0,095	0,093	0,093	0,091	0,092	0,095	0,092	0,092	0,093	0,092	1,047	0,989	1,011	0,996	1,025	1,018	1,012	1,049	1,053	1,084	1,081	1,080	1,128	1,264	1,116	1,268	1,119	1,274	1,144	1,303	1,165	1,342	1,156	1,307
16:08:04	37,0	1,011	0,998	1,013	1,013	1,072	0,994	1,022	0,987	1,134	0,978	1,028	0,944	0,750	1,049	0,667	1,003	0,678	1,074	0,643	1,037	0,707	1,075	0,728	1,071	1,188	1,146	1,227	1,109	1,215	1,076	1,123	1,088	1,285	1,175	1,306	1,234	1,012	0,896	0,824	0,852	0,822	0,867	0,861	0,871	0,886	0,912	0,910	0,974	1,252	1,226	1,209	1,220	1,202	1,219	1,149	1,275	1,233	1,248	1,245	1,253	0,095	0,095	0,095	0,093	0,093	0,091	0,092	0,095	0,092	0,092	0,093	0,092	1,050	0,990	1,010	0,995	1,025	1,013	1,012	1,050	1,054	1,084	1,080	1,079	1,127	1,265	1,115	1,269	1,115	1,275	1,141	1,304	1,164	1,341	1,156	1,305
16:18:04	37,0	1,011	0,999	1,014	1,015	1,071	0,995	1,024	0,989	1,137	0,979	1,030	0,948	0,749	1,051	0,669	1,004	0,675	1,076	0,647	1,038	0,708	1,074	0,729	1,075	1,194	1,150	1,228	1,112	1,218	1,080	1,127	1,093	1,290	1,178	1,309	1,240	1,011	0,899	0,826	0,854	0,824	0,869	0,862	0,874	0,887	0,915	0,912	0,980	1,253	1,229	1,211	1,224	1,203	1,221	1,150	1,278	1,235	1,249	1,246	1,255	0,095	0,094	0,095	0,093	0,093	0,091	0,092	0,095	0,092	0,092	0,093	0,092	1,049	0,991	1,012	0,997	1,026	1,018	1,015	1,052	1,055	1,085	1,080	1,079	1,127	1,267	1,115	1,274	1,117	1,277	1,143	1,307	1,164	1,343	1,156	1,308
16:28:04	37,0	1,012	1,000	1,014	1,014	1,074	0,995	1,025	0,987	1,138	0,981	1,030	0,945	0,747	1,052	0,666	1,005	0,675	1,076	0,644	1,039	0,705	1,073	0,729	1,073	1,196	1,153	1,228	1,114	1,221	1,084	1,129	1,097	1,290	1,180	1,308	1,239	1,013	0,899	0,828	0,855	0,825	0,869	0,865	0,877	0,889	0,915	0,916	0,980	1,253	1,229	1,213	1,224	1,204	1,222	1,154	1,280	1,237	1,250	1,248	1,254	0,094	0,094	0,095	0,093	0,092	0,091	0,092	0,095	0,092	0,092	0,093	0,092	1,050	0,992	1,014	0,999	1,027	1,017	1,016	1,050	1,055	1,086	1,081	1,081	1,127	1,269	1,118	1,272	1,113	1,280	1,142	1,307	1,163	1,344	1,155	1,309
16:38:04	37,0	1,012	1,000	1,015	1,014	1,074	0,994	1,025	0,987	1,138	0,981	1,030	0,944	0,746	1,052	0,667	1,006	0,674	1,077	0,641	1,039	0,707	1,077	0,729	1,075	1,200	1,156	1,230	1,119	1,224	1,087	1,133	1,103	1,292	1,183	1,311	1,243	1,014	0,901	0,828	0,856	0,827	0,869	0,867	0,877	0,891	0,916	0,918	0,980	1,253	1,231	1,214	1,227	1,206	1,223	1,157	1,280	1,239	1,251	1,248	1,254	0,094	0,094	0,095	0,093	0,092	0,091	0,092	0,095	0,092	0,092	0,093	0,092	1,052	0,993	1,015	1,001	1,028	1,018	1,017	1,051	1,057	1,085	1,081	1,081	1,127	1,270	1,117	1,273	1,113	1,281	1,139	1,308	1,161	1,345	1,155	1,311
16:48:04	37,0	1,010	1,001	1,016	1,014	1,077	0,994	1,025	0,987	1,141	0,980	1,031	0,944	0,745	1,053	0,667	1,007	0,673	1,078	0,642	1,041	0,707	1,076	0,730	1,076	1,204	1,159	1,232	1,121	1,226	1,088	1,135	1,104	1,293	1,186	1,311	1,245	1,017	0,902	0,830	0,856	0,827	0,870	0,866	0,877	0,889	0,916	0,917	0,984	1,254	1,232	1,216	1,229	1,207	1,224	1,159	1,280	1,243	1,252	1,249	1,254	0,095	0,095	0,095	0,093	0,093	0,092	0,092	0,095	0,092	0,092	0,093	0,092	1,053	0,994	1,016	1,001	1,029	1,018	1,018	1,051	1,059	1,086	1,081	1,081	1,128	1,272	1,114	1,276	1,115	1,282	1,142	1,310	1,162	1,344	1,155	1,312
16:58:04	37,0	1,009	0,996	1,014	1,011	1,074	0,990	1,020	0,982	1,136	0,977	1,025	0,937	0,741	1,051	0,668	1,005	0,674	1,078	0,639	1,038	0,708	1,079	0,727	1,073	1,206	1,160	1,232	1,122	1,227	1,089	1,135	1,103	1,289	1,187	1,310	1,241	1,018	0,902	0,828	0,855	0,826	0,869	0,865	0,875	0,889	0,913	0,917	0,978	1,254	1,231	1,216	1,226	1,208	1,222	1,156	1,276	1,237	1,249	1,249	1,250	0,095	0,095	0,095	0,093	0,093	0,092	0,092	0,095	0,092	0,092	0,093	0,092	1,052	0,992	1,014	0,999	1,028	1,011	1,014	1,047	1,054	1,084	1,078	1,080	1,126	1,273	1,108	1,276	1,112	1,284	1,139	1,309	1,157	1,341	1,150	1,309
17:08:04	37,0	1,007	0,996	1,015	1,010	1,076	0,992	1,020	0,983	1,135	0,977	1,025	0,936	0,739	1,053	0,663	1,006	0,668	1,078	0,640	1,040	0,700	1,079	0,726	1,073	1,207	1,163	1,233	1,125	1,230	1,093	1,137	1,106	1,291	1,187	1,309	1,244	1,017	0,903	0,829	0,858	0,828	0,869	0,865	0,877	0,891	0,914	0,917	0,981	1,254	1,235	1,217	1,229	1,211	1,225	1,159	1,277	1,237	1,252	1,249	1,251	0,094	0,095	0,095	0,093	0,093	0,091	0,092	0,095	0,092	0,092	0,093	0,092	1,053	0,995	1,015	0,999	1,028	1,016	1,016	1,052	1,055	1,084	1,080	1,079	1,125	1,274	1,112	1,278	1,110	1,284	1,136	1,311	1,157	1,343	1,148	1,308
17:18:04	37,0	1,006	0,998	1,015	1,010	1,078	0,993	1,023	0,984	1,139	0,979	1,027	0,938	0,736	1,053	0,662	1,007	0,670	1,080	0,633	1,041	0,696	1,078	0,724	1,076	1,211	1,166	1,235	1,128	1,231	1,096	1,141	1,108	1,292	1,192	1,310	1,246	1,019	0,905	0,831	0,858	0,829	0,872	0,867	0,878	0,894	0,919	0,921	0,986	1,255	1,237	1,217	1,230	1,210	1,225	1,161	1,280	1,239	1,254	1,248	1,252	0,094	0,094	0,095	0,093	0,092	0,091	0,092	0,095	0,092	0,092	0,093	0,092	1,054	0,996	1,019	1,000	1,031	1,019	1,018	1,053	1,057	1,088	1,080	1,081	1,124	1,276	1,112	1,280	1,111	1,286	1,138	1,313	1,158	1,344	1,148	1,310
17:28:04	37,0	1,007	0,997	1,015	1,009	1,078	0,992	1,023	0,983	1,139	0,976	1,026	0,936	0,736	1,053	0,661	1,007	0,669	1,080	0,634	1,042	0,698	1,078	0,724	1,076	1,213	1,167	1,235	1,130	1,232	1,098	1,143	1,111	1,292	1,194	1,310	1,248	1,021	0,906	0,831	0,857	0,829	0,870	0,867	0,879	0,893	0,916	0,923	0,987	1,255	1,236	1,219	1,232	1,210	1,226	1,163	1,280	1,241	1,252	1,249	1,250	0,095	0,095	0,095	0,093	0,092	0,091	0,092	0,095	0,092	0,092	0,093	0,092	1,057	0,996	1,016	1,000	1,032	1,018	1,018	1,053	1,057	1,089	1,081	1,080	1,124	1,278	1,113	1,280	1,111	1,287	1,139	1,314	1,157	1,344	1,148	1,311
17:38:04	37,0	1,005	0,994	1,014	1,008	1,077	0,989	1,022	0,981	1,136	0,973	1,024	0,934	0,732	1,054	0,659	1,008	0,668	1,082	0,633	1,041	0,697	1,079	0,721	1,074	1,215	1,170	1,234	1,132	1,234	1,099	1,144	1,112	1,292	1,197	1,311	1,247	1,022	0,907	0,831	0,858	0,830	0,873	0,866	0,876	0,892	0,918	0,924	0,985	1,254	1,237	1,220	1,233	1,211	1,226	1,163	1,278	1,242	1,252	1,250	1,251	0,094	0,095	0,095	0,093	0,092	0,091	0,092	0,095	0,092	0,092	0,093	0,092	1,057	0,995	1,016	1,000	1,031	1,014	1,017	1,052	1,058	1,088	1,079	1,080	1,125	1,280	1,111	1,281	1,111	1,288	1,138	1,315	1,157	1,344	1,147	1,310
17:48:04	37,0	1,005	0,993	1,014	1,005	1,079	0,990	1,020	0,979	1,136	0,973	1,024	0,932	0,729	1,054	0,658	1,008	0,667	1,082	0,629	1,042	0,694	1,081	0,715	1,075	1,216	1,172	1,235	1,134	1,236	1,101	1,146	1,115	1,291	1,197	1,311	1,246	1,023	0,908	0,832	0,858	0,829	0,874	0,867	0,877	0,894	0,918	0,922	0,987	1,254	1,237	1,221	1,234	1,210	1,226	1,163	1,277	1,241	1,252	1,250	1,249	0,095	0,095	0,095	0,093	0,093	0,092	0,092	0,095	0,092	0,092	0,093	0,092	1,058	0,997	1,018	1,000	1,031	1,016	1,018	1,054	1,059	1,088	1,079	1,080	1,124	1,282	1,110	1,282	1,109	1,289	1,136	1,316	1,154	1,343	1,147	1,310
17:58:04	37,0	1,003	0,991	1,013	1,003	1,075	0,989	1,022	0,979	1,136	0,973	1,022	0,933	0,729	1,054	0,657	1,007	0,665	1,080	0,633	1,042	0,693	1,079	0,715	1,075	1,218	1,174	1,235	1,137	1,236	1,105	1,151	1,118	1,291	1,200	1,311	1,250	1,025	0,908	0,832	0,859	0,832	0,873	0,869	0,880	0,895	0,920	0,926	0,989	1,254	1,238	1,221	1,235	1,214	1,226	1,165	1,278	1,240	1,253	1,248	1,249	0,095	0,094	0,095	0,093	0,092	0,091	0,092	0,095	0,092	0,092	0,093	0,092	1,058	0,997	1,020	1,002	1,032	1,017	1,018	1,054	1,059	1,089	1,081	1,080	1,124	1,282	1,107	1,284	1,105	1,289	1,135	1,318	1,151	1,344	1,146	1,311
18:08:04	37,0	1,000	0,990	1,012	1,000	1,077	0,988	1,021	0,978	1,137	0,971	1,020	0,930	0,726	1,054	0,656	1,007	0,662	1,080	0,632	1,042	0,693	1,078	0,712	1,075	1,220	1,175	1,234	1,137	1,238	1,107	1,151	1,119	1,291	1,202	1,311	1,249	1,025	0,908	0,833	0,860	0,831	0,873	0,869	0,880	0,895	0,917	0,928	0,990	1,253	1,239	1,222	1,234	1,212	1,225	1,168	1,278	1,244	1,252	1,248	1,245	0,094	0,094	0,095	0,093	0,093	0,091	0,092	0,095	0,092	0,092	0,093	0,092	1,056	0,997	1,020	1,001	1,034	1,017	1,019	1,053	1,056	1,090	1,080	1,080	1,125	1,283	1,108	1,284	1,105	1,291	1,133	1,317	1,151	1,344	1,143	1,311
18:18:04	37,0	1,000	0,988	1,011	0,998	1,076	0,986	1,020	0,975	1,135	0,970	1,019	0,928	0,725	1,053	0,654	1,008	0,662	1,080	0,631	1,042	0,691	1,077	0,708	1,075	1,222	1,177	1,233	1,138	1,239	1,110	1,153	1,122	1,290	1,203	1,311	1,250	1,024	0,910	0,833	0,861	0,832	0,874	0,871	0,881	0,896	0,920	0,929	0,989	1,253	1,238	1,222	1,234	1,211	1,225	1,168	1,278	1,244	1,251	1,247	1,248	0,094	0,094	0,095	0,093	0,093	0,091	0,092	0,095	0,092	0,092	0,093	0,092	1,057	0,997	1,021	1,001	1,032	1,018	1,018	1,052	1,058	1,090	1,079	1,078	1,124	1,284	1,106	1,285	1,104	1,292	1,131	1,318	1,150	1,343	1,141	1,309
18:28:04	37,0	0,999	0,986	1,010	0,996	1,076	0,985	1,017	0,973	1,134	0,967	1,018	0,926	0,719	1,053	0,655	1,008	0,662	1,081	0,630	1,042	0,690	1,079	0,707	1,073	1,223	1,179	1,233	1,141	1,238	1,110	1,153	1,123	1,290	1,204	1,310	1,249	1,026	0,910	0,834	0,860	0,832	0,872	0,871	0,879	0,896	0,920	0,928	0,989	1,253	1,238	1,222	1,233	1,214	1,226	1,168	1,276	1,242	1,250	1,247	1,247	0,095	0,094	0,095	0,093	0,093	0,091	0,092	0,095	0,092	0,092	0,093	0,092	1,057	0,997	1,021	1,001	1,033	1,016	1,019	1,054	1,057	1,089	1,078	1,078	1,122	1,285	1,104	1,285	1,102	1,293	1,129	1,317	1,148	1,342	1,140	1,308
18:38:04	37,0	0,999	0,985	1,009	0,994	1,076	0,982	1,016	0,970	1,133	0,966	1,016	0,925	0,718	1,053	0,654	1,008	0,660	1,080	0,623	1,042	0,688	1,079	0,703	1,073	1,224	1,179	1,233	1,143	1,239	1,112	1,154	1,124	1,288	1,205	1,310	1,248	1,026	0,910	0,833	0,860	0,832	0,874	0,869	0,879	0,895	0,919	0,930	0,991	1,252	1,239	1,222	1,234	1,213	1,224	1,167	1,275	1,242	1,251	1,244	1,246	0,095	0,094	0,095	0,093	0,093	0,091	0,092	0,095	0,092	0,092	0,093	0,092	1,056	0,997	1,020	1,001	1,033	1,014	1,017	1,054	1,059	1,088	1,078	1,078	1,121	1,286	1,103	1,286	1,102	1,293	1,131	1,318	1,148	1,343	1,140	1,307
18:48:04	37,0	0,997	0,984	1,010	0,992	1,077	0,982	1,016	0,969	1,135	0,966	1,016	0,926	0,716	1,052	0,649	1,008	0,659	1,082	0,623	1,041	0,684	1,079	0,700	1,073	1,225	1,181	1,233	1,145	1,239	1,114	1,158	1,126	1,288	1,206	1,309	1,249	1,027	0,911	0,833	0,861	0,833	0,875	0,870	0,880	0,898	0,920	0,932	0,993	1,251	1,238	1,221	1,233	1,213	1,224	1,169	1,275	1,242	1,250	1,245	1,244	0,094	0,094	0,095	0,093	0,092	0,091	0,092	0,095	0,091	0,092	0,093	0,092	1,055	0,999	1,022	1,002	1,033	1,017	1,019	1,054	1,058	1,089	1,078	1,077	1,121	1,287	1,103	1,288	1,101	1,294	1,128	1,320	1,147	1,343	1,138	1,309
18:58:04	37,0	0,998	0,983	1,009	0,989	1,077	0,982	1,016	0,966	1,135	0,965	1,016	0,924	0,713	1,052	0,648	1,007	0,655	1,081	0,618	1,043	0,683	1,079	0,700	1,074	1,228	1,183	1,232	1,146	1,239	1,115	1,158	1,129	1,289	1,208	1,309	1,251	1,027	0,912	0,833	0,862	0,833	0,876	0,869	0,882	0,898	0,922	0,933	0,995	1,252	1,240	1,222	1,234	1,213	1,222	1,171	1,276	1,241	1,251	1,246	1,243	0,095	0,094	0,095	0,093	0,093	0,091	0,092	0,095	0,092	0,092	0,093	0,092	1,056	0,998	1,021	1,002	1,035	1,018	1,021	1,055	1,058	1,089	1,079	1,077	1,120	1,288	1,101	1,288	1,102	1,296	1,126	1,321	1,145	1,343	1,136	1,309
19:08:04	37,0	0,997	0,981	1,008	0,986	1,076	0,980	1,016	0,965	1,132	0,964	1,014	0,922	0,710	1,052	0,648	1,006	0,655	1,083	0,617	1,042	0,679	1,078	0,695	1,073	1,228	1,183	1,231	1,147	1,240	1,117	1,158	1,130	1,287	1,208	1,308	1,250	1,027	0,913	0,834	0,861	0,833	0,876	0,868	0,879	0,899	0,923	0,935	0,995	1,250	1,237	1,223	1,234	1,211	1,222	1,171	1,274	1,243	1,250	1,246	1,246	0,095	0,095	0,095	0,093	0,093	0,092	0,092	0,095	0,092	0,092	0,093	0,092	1,056	0,999	1,020	1,002	1,036	1,018	1,021	1,056	1,059	1,089	1,079	1,078	1,121	1,289	1,103	1,289	1,101	1,296	1,127	1,322	1,147	1,342	1,136	1,309
19:18:04	37,0	0,995	0,979	1,008	0,983	1,074	0,978	1,014	0,962	1,133	0,962	1,014	0,920	0,711	1,052	0,645	1,007	0,655	1,083	0,618	1,043	0,676	1,074	0,694	1,074	1,229	1,184	1,230	1,149	1,240	1,120	1,161	1,132	1,286	1,210	1,308	1,251	1,027	0,914	0,834	0,861	0,834	0,877	0,871	0,882	0,900	0,922	0,936	0,996	1,249	1,237	1,223	1,232	1,211	1,222	1,170	1,274	1,241	1,249	1,244	1,242	0,094	0,094	0,095	0,093	0,093	0,091	0,092	0,095	0,092	0,092	0,093	0,092	1,053	0,999	1,024	1,003	1,037	1,019	1,022	1,054	1,059	1,090	1,078	1,077	1,120	1,290	1,102	1,289	1,101	1,297	1,124	1,322	1,145	1,341	1,134	1,309
19:28:04	37,0	0,996	0,980	1,007	0,980	1,074	0,976	1,015	0,962	1,132	0,960	1,012	0,918	0,706	1,052	0,644	1,006	0,650	1,083	0,616	1,043	0,675	1,078	0,691	1,073	1,230	1,184	1,229	1,150	1,238	1,120	1,160	1,135	1,285	1,211	1,305	1,252	1,028	0,915	0,835	0,861	0,834	0,875	0,871	0,883	0,900	0,924	0,937	0,997	1,249	1,237	1,223	1,233	1,210	1,222	1,171	1,275	1,242	1,247	1,244	1,240	0,095	0,095	0,095	0,093	0,093	0,091	0,092	0,095	0,092	0,092	0,093	0,092	1,055	1,000	1,022	1,003	1,037	1,020	1,022	1,056	1,060	1,089	1,079	1,078	1,119	1,292	1,100	1,292	1,098	1,297	1,123	1,323	1,144	1,343	1,132	1,310
19:38:04	37,0	0,995	0,978	1,005	0,977	1,072	0,972	1,013	0,958	1,131	0,959	1,010	0,915	0,703	1,051	0,642	1,006	0,647	1,082	0,615	1,043	0,672	1,077	0,689	1,072	1,230	1,185	1,228	1,151	1,239	1,120	1,160	1,134	1,285	1,211	1,306	1,250	1,028	0,915	0,835	0,863	0,834	0,876	0,870	0,884	0,900	0,923	0,939	0,998	1,247	1,235	1,222	1,232	1,209	1,221	1,171	1,273	1,238	1,245	1,243	1,242	0,095	0,094	0,095	0,093	0,093	0,091	0,092	0,095	0,092	0,092	0,093	0,092	1,054	1,000	1,021	1,002	1,036	1,020	1,022	1,055	1,061	1,087	1,079	1,078	1,117	1,291	1,100	1,293	1,097	1,299	1,122	1,323	1,143	1,341	1,129	1,309
19:48:04	37,0	0,992	0,971	1,002	0,972	1,069	0,969	1,009	0,951	1,127	0,951	1,003	0,907	0,700	1,048	0,642	1,004	0,648	1,081	0,615	1,041	0,672	1,079	0,686	1,069	1,230	1,184	1,226	1,150	1,238	1,120	1,160	1,133	1,282	1,211	1,304	1,247	1,026	0,913	0,833	0,861	0,832	0,875	0,869	0,880	0,898	0,919	0,935	0,995	1,247	1,232	1,222	1,228	1,206	1,218	1,168	1,269	1,236	1,244	1,240	1,239	0,095	0,095	0,095	0,093	0,093	0,092	0,092	0,095	0,092	0,092	0,093	0,092	1,052	0,999	1,021	1,003	1,035	1,012	1,018	1,054	1,058	1,085	1,075	1,073	1,117	1,291	1,095	1,290	1,095	1,296	1,119	1,319	1,136	1,337	1,129	1,305
19:58:04	37,0	0,991	0,968	1,002	0,969	1,068	0,967	1,006	0,949	1,128	0,949	1,002	0,907	0,699	1,049	0,638	1,004	0,645	1,080	0,612	1,040	0,668	1,079	0,683	1,068	1,231	1,184	1,226	1,151	1,236	1,120	1,160	1,136	1,281	1,210	1,303	1,246	1,026	0,915	0,832	0,859	0,833	0,875	0,867	0,879	0,898	0,919	0,935	0,997	1,248	1,234	1,221	1,229	1,204	1,218	1,168	1,269	1,233	1,244	1,240	1,239	0,095	0,095	0,095	0,093	0,093	0,091	0,092	0,095	0,092	0,092	0,093	0,092	1,055	0,998	1,021	1,001	1,036	1,015	1,020	1,057	1,056	1,086	1,076	1,072	1,113	1,290	1,094	1,290	1,093	1,299	1,119	1,321	1,137	1,340	1,129	1,306
20:08:04	37,0	0,991	0,968	1,002	0,969	1,070	0,967	1,009	0,951	1,128	0,949	1,005	0,909	0,697	1,049	0,636	1,003	0,642	1,079	0,610	1,040	0,665	1,076	0,682	1,071	1,231	1,184	1,225	1,152	1,237	1,124	1,160	1,137	1,281	1,210	1,303	1,247	1,026	0,915	0,832	0,860	0,832	0,875	0,866	0,880	0,898	0,922	0,939	0,997	1,246	1,234	1,220	1,230	1,206	1,217	1,169	1,268	1,235	1,245	1,244	1,239	0,095	0,095	0,095	0,093	0,093	0,091	0,092	0,095	0,092	0,092	0,093	0,092	1,053	0,999	1,021	1,000	1,034	1,016	1,021	1,060	1,059	1,088	1,077	1,073	1,114	1,293	1,097	1,291	1,097	1,296	1,119	1,322	1,138	1,340	1,128	1,305
20:18:04	37,0	0,989	0,964	1,000	0,967	1,065	0,964	1,007	0,947	1,126	0,946	1,004	0,906	0,693	1,049	0,634	1,002	0,642	1,079	0,607	1,040	0,661	1,075	0,678	1,069	1,230	1,184	1,224	1,152	1,236	1,123	1,160	1,138	1,279	1,210	1,301	1,245	1,027	0,916	0,832	0,860	0,833	0,875	0,866	0,880	0,899	0,920	0,938	0,996	1,246	1,234	1,220	1,228	1,203	1,217	1,169	1,268	1,234	1,245	1,242	1,238	0,094	0,094	0,095	0,093	0,093	0,091	0,092	0,095	0,092	0,092	0,093	0,092	1,053	0,999	1,018	1,000	1,034	1,014	1,020	1,060	1,059	1,089	1,076	1,073	1,114	1,293	1,096	1,291	1,095	1,299	1,116	1,321	1,134	1,341	1,126	1,305
20:28:04	37,0	0,988	0,965	0,999	0,965	1,065	0,961	1,005	0,944	1,126	0,943	1,000	0,905	0,691	1,049	0,632	1,002	0,640	1,079	0,605	1,039	0,657	1,075	0,675	1,069	1,231	1,184	1,223	1,154	1,235	1,125	1,161	1,139	1,278	1,210	1,301	1,245	1,027	0,916	0,831	0,861	0,831	0,874	0,866	0,878	0,899	0,919	0,939	0,997	1,245	1,234	1,220	1,225	1,203	1,216	1,167	1,267	1,234	1,242	1,240	1,236	0,095	0,095	0,095	0,093	0,093	0,091	0,092	0,095	0,092	0,092	0,093	0,092	1,052	0,998	1,020	1,000	1,034	1,016	1,022	1,059	1,058	1,087	1,075	1,072	1,110	1,292	1,095	1,291	1,094	1,299	1,116	1,322	1,134	1,341	1,126	1,306
20:38:04	37,0	0,987	0,960	0,998	0,962	1,065	0,959	1,006	0,942	1,123	0,943	0,997	0,904	0,690	1,047	0,628	1,000	0,638	1,079	0,604	1,039	0,656	1,072	0,674	1,068	1,231	1,184	1,222	1,153	1,234	1,125	1,159	1,139	1,277	1,211	1,300	1,244	1,027	0,915	0,831	0,859	0,832	0,874	0,867	0,879	0,899	0,922	0,940	0,998	1,244	1,232	1,219	1,226	1,202	1,215	1,169	1,266	1,235	1,243	1,240	1,235	0,095	0,094	0,095	0,093	0,092	0,092	0,092	0,095	0,092	0,092	0,093	0,092	1,049	0,999	1,018	1,001	1,033	1,016	1,020	1,058	1,060	1,086	1,075	1,071	1,110	1,294	1,093	1,292	1,091	1,299	1,114	1,322	1,131	1,339	1,121	1,305
20:48:04	37,0	0,985	0,958	0,996	0,960	1,064	0,956	1,004	0,939	1,122	0,940	0,996	0,899	0,687	1,046	0,629	1,000	0,635	1,078	0,602	1,039	0,653	1,073	0,668	1,067	1,230	1,185	1,221	1,154	1,234	1,125	1,159	1,139	1,275	1,210	1,298	1,244	1,028	0,916	0,831	0,860	0,832	0,874	0,867	0,879	0,899	0,921	0,941	0,997	1,244	1,232	1,219	1,225	1,201	1,215	1,167	1,266	1,235	1,243	1,240	1,235	0,095	0,095	0,095	0,093	0,093	0,091	0,092	0,096	0,092	0,093	0,093	0,092	1,050	1,001	1,019	1,000	1,034	1,015	1,020	1,059	1,059	1,086	1,075	1,072	1,110	1,293	1,093	1,292	1,090	1,299	1,114	1,322	1,130	1,341	1,121	1,305
20:58:04	37,0	0,983	0,956	0,994	0,957	1,063	0,954	1,003	0,936	1,121	0,937	0,994	0,897	0,686	1,046	0,627	1,000	0,634	1,078	0,599	1,038	0,649	1,073	0,668	1,066	1,229	1,182	1,220	1,153	1,232	1,127	1,159	1,137	1,274	1,209	1,296	1,242	1,027	0,916	0,832	0,861	0,832	0,873	0,867	0,881	0,899	0,920	0,941	0,998	1,244	1,232	1,218	1,225	1,202	1,213	1,167	1,266	1,235	1,241	1,238	1,232	0,095	0,094	0,095	0,093	0,093	0,091	0,092	0,095	0,092	0,092	0,093	0,092	1,049	0,999	1,019	1,000	1,034	1,015	1,020	1,057	1,058	1,085	1,074	1,070	1,109	1,292	1,091	1,294	1,089	1,300	1,110	1,321	1,127	1,339	1,118	1,303
21:08:04	37,0	0,982	0,953	0,992	0,955	1,061	0,951	1,003	0,933	1,121	0,934	0,993	0,895	0,683	1,046	0,626	0,999	0,633	1,077	0,597	1,038	0,650	1,071	0,664	1,065	1,229	1,182	1,220	1,154	1,231	1,126	1,158	1,137	1,272	1,208	1,297	1,241	1,026	0,917	0,831	0,859	0,832	0,873	0,864	0,880	0,897	0,921	0,940	0,998	1,242	1,233	1,218	1,223	1,199	1,212	1,164	1,264	1,232	1,242	1,236	1,232	0,095	0,095	0,095	0,093	0,093	0,091	0,092	0,095	0,092	0,092	0,093	0,093	1,047	1,000	1,018	1,000	1,034	1,015	1,020	1,058	1,059	1,085	1,074	1,069	1,108	1,293	1,087	1,293	1,089	1,300	1,110	1,320	1,127	1,339	1,118	1,303
21:18:04	37,0	0,981	0,953	0,991	0,954	1,062	0,949	1,002	0,932	1,120	0,933	0,992	0,894	0,682	1,046	0,623	0,999	0,629	1,077	0,596	1,038	0,646	1,073	0,663	1,067	1,228	1,182	1,218	1,153	1,230	1,127	1,157	1,137	1,272	1,206	1,294	1,241	1,028	0,916	0,829	0,860	0,832	0,873	0,867	0,881	0,899	0,921	0,941	0,999	1,242	1,232	1,218	1,224	1,200	1,210	1,165	1,264	1,235	1,239	1,238	1,232	0,094	0,094	0,095	0,093	0,093	0,091	0,092	0,095	0,092	0,092	0,092	0,092	1,048	1,000	1,018	1,000	1,035	1,014	1,020	1,059	1,058	1,084	1,073	1,069	1,108	1,294	1,088	1,293	1,087	1,299	1,106	1,320	1,125	1,339	1,113	1,304
21:28:04	37,0	0,982	0,951	0,990	0,952	1,060	0,947	1,000	0,929	1,118	0,930	0,991	0,892	0,678	1,046	0,621	0,999	0,628	1,077	0,593	1,037	0,640	1,073	0,660	1,064	1,228	1,181	1,218	1,154	1,229	1,128	1,159	1,138	1,271	1,207	1,294	1,239	1,028	0,917	0,830	0,860	0,832	0,874	0,866	0,880	0,899	0,921	0,942	0,999	1,241	1,230	1,216	1,222	1,198	1,210	1,163	1,262	1,231	1,237	1,237	1,231	0,095	0,094	0,095	0,093	0,093	0,092	0,092	0,095	0,091	0,092	0,093	0,092	1,048	1,002	1,019	1,000	1,035	1,015	1,021	1,059	1,060	1,083	1,073	1,069	1,107	1,292	1,089	1,293	1,088	1,300	1,105	1,320	1,124	1,339	1,115	1,303
21:38:04	37,0	0,980	0,952	0,989	0,951	1,061	0,946	1,002	0,928	1,119	0,929	0,991	0,892	0,679	1,045	0,621	1,000	0,627	1,078	0,592	1,037	0,638	1,069	0,659	1,065	1,228	1,181	1,218	1,154	1,229	1,129	1,159	1,138	1,270	1,207	1,294	1,239	1,027	0,918	0,830	0,860	0,832	0,873	0,865	0,879	0,898	0,920	0,943	1,001	1,241	1,232	1,217	1,221	1,199	1,209	1,162	1,263	1,230	1,238	1,236	1,229	0,095	0,094	0,095	0,093	0,093	0,091	0,092	0,095	0,092	0,092	0,093	0,092	1,046	1,000	1,020	1,001	1,034	1,017	1,021	1,058	1,059	1,082	1,073	1,069	1,107	1,295	1,088	1,294	1,089	1,300	1,105	1,321	1,125	1,339	1,114	1,304
21:48:04	37,0	0,978	0,949	0,986	0,948	1,057	0,943	1,001	0,925	1,117	0,927	0,989	0,888	0,677	1,044	0,617	0,999	0,625	1,077	0,590	1,036	0,637	1,071	0,654	1,065	1,225	1,180	1,216	1,152	1,227	1,127	1,154	1,137	1,268	1,205	1,293	1,239	1,026	0,916	0,829	0,856	0,830	0,872	0,864	0,878	0,898	0,918	0,942	0,999	1,239	1,229	1,215	1,220	1,195	1,208	1,159	1,261	1,230	1,236	1,235	1,230	0,094	0,094	0,095	0,093	0,093	0,091	0,092	0,095	0,092	0,092	0,093	0,092	1,046	1,001	1,019	1,001	1,033	1,014	1,019	1,059	1,059	1,081	1,073	1,068	1,106	1,293	1,087	1,294	1,086	1,300	1,103	1,321	1,122	1,341	1,112	1,303
21:58:04	37,0	0,977	0,947	0,986	0,944	1,056	0,940	0,999	0,923	1,115	0,925	0,987	0,886	0,675	1,043	0,617	0,999	0,624	1,078	0,589	1,036	0,636	1,070	0,653	1,063	1,226	1,179	1,215	1,153	1,226	1,125	1,153	1,137	1,265	1,205	1,291	1,236	1,026	0,917	0,828	0,857	0,830	0,872	0,863	0,879	0,897	0,918	0,942	0,998	1,239	1,228	1,214	1,218	1,196	1,207	1,160	1,259	1,227	1,235	1,235	1,229	0,095	0,095	0,095	0,093	0,092	0,091	0,092	0,095	0,092	0,092	0,093	0,092	1,045	1,000	1,019	1,002	1,034	1,014	1,020	1,057	1,060	1,081	1,072	1,066	1,105	1,294	1,086	1,294	1,085	1,299	1,102	1,320	1,120	1,341	1,113	1,304
22:08:04	37,0	0,976	0,946	0,985	0,944	1,056	0,940	0,998	0,923	1,116	0,925	0,988	0,886	0,675	1,043	0,616	0,998	0,622	1,077	0,588	1,037	0,632	1,070	0,650	1,063	1,225	1,178	1,213	1,152	1,226	1,127	1,155	1,136	1,266	1,205	1,292	1,237	1,026	0,918	0,828	0,856	0,831	0,872	0,863	0,879	0,897	0,919	0,944	1,000	1,240	1,226	1,214	1,220	1,195	1,206	1,159	1,261	1,226	1,235	1,234	1,227	0,095	0,094	0,095	0,093	0,092	0,091	0,092	0,095	0,092	0,092	0,093	0,092	1,044	1,002	1,018	1,001	1,034	1,016	1,020	1,057	1,060	1,081	1,073	1,067	1,103	1,294	1,082	1,295	1,084	1,300	1,100	1,321	1,120	1,341	1,109	1,305

