Time	T∞ Optical Density:600	A1	A2	A3	A4	A5	A6	A7	A8	A9	A10	A11	A12	B1	B2	B3	B4	B5	B6	B7	B8	B9	B10	B11	B12	C1	C2	C3	C4	C5	C6	C7	C8	C9	C10	C11	C12	D1	D2	D3	D4	D5	D6	D7	D8	D9	D10	D11	D12	E1	E2	E3	E4	E5	E6	E7	E8	E9	E10	E11	E12	F1	F2	F3	F4	F5	F6	F7	F8	F9	F10	F11	F12	G1	G2	G3	G4	G5	G6	G7	G8	G9	G10	G11	G12	H1	H2	H3	H4	H5	H6	H7	H8	H9	H10	H11	H12
0:08:04	37,0	0,115	0,138	0,160	0,128	0,145	0,147	0,156	0,126	0,148	0,157	0,138	0,138	0,113	0,110	0,115	0,144	0,188	0,151	0,128	0,148	0,109	0,131	0,096	0,170	0,123	0,125	0,139	0,129	0,154	0,156	0,137	0,169	0,146	0,129	0,136	0,142	0,115	0,110	0,114	0,118	0,139	0,129	0,123	0,128	0,163	0,127	0,126	0,116	0,122	0,136	0,106	0,156	0,158	0,119	0,117	0,158	0,142	0,107	0,135	0,140	0,120	0,106	0,118	0,115	0,139	0,137	0,121	0,151	0,121	0,124	0,110	0,110	0,106	0,131	0,111	0,161	0,112	0,122	0,120	0,105	0,113	0,102	0,132	0,104	0,125	0,166	0,114	0,150	0,120	0,132	0,117	0,161	0,124	0,133	0,112	0,139
0:18:04	37,0	0,116	0,140	0,169	0,132	0,148	0,149	0,155	0,127	0,154	0,155	0,140	0,144	0,118	0,114	0,118	0,149	0,186	0,165	0,129	0,157	0,110	0,141	0,096	0,155	0,133	0,138	0,145	0,131	0,166	0,158	0,137	0,178	0,139	0,126	0,147	0,138	0,119	0,114	0,117	0,120	0,142	0,135	0,122	0,140	0,165	0,134	0,132	0,120	0,129	0,137	0,107	0,159	0,162	0,128	0,118	0,162	0,143	0,108	0,142	0,136	0,125	0,108	0,117	0,118	0,136	0,133	0,123	0,160	0,122	0,130	0,110	0,111	0,106	0,134	0,115	0,163	0,120	0,132	0,126	0,107	0,115	0,104	0,146	0,105	0,125	0,172	0,118	0,150	0,123	0,140	0,119	0,167	0,124	0,138	0,114	0,147
0:28:04	37,0	0,119	0,143	0,177	0,133	0,148	0,149	0,154	0,128	0,160	0,156	0,145	0,150	0,119	0,115	0,120	0,154	0,189	0,171	0,130	0,162	0,112	0,147	0,096	0,154	0,138	0,139	0,158	0,148	0,177	0,165	0,143	0,190	0,148	0,129	0,150	0,157	0,121	0,117	0,119	0,123	0,141	0,138	0,124	0,143	0,162	0,142	0,136	0,124	0,128	0,141	0,109	0,167	0,165	0,127	0,120	0,166	0,148	0,110	0,148	0,138	0,129	0,109	0,118	0,122	0,141	0,140	0,129	0,167	0,123	0,134	0,111	0,114	0,107	0,137	0,118	0,161	0,124	0,139	0,131	0,109	0,119	0,106	0,154	0,107	0,128	0,181	0,119	0,157	0,124	0,149	0,120	0,174	0,126	0,144	0,115	0,157
0:38:04	37,0	0,122	0,147	0,187	0,136	0,152	0,152	0,159	0,131	0,167	0,159	0,153	0,157	0,122	0,116	0,123	0,156	0,193	0,174	0,134	0,169	0,112	0,150	0,097	0,159	0,144	0,139	0,165	0,164	0,192	0,177	0,148	0,205	0,158	0,133	0,159	0,149	0,124	0,118	0,122	0,127	0,145	0,142	0,128	0,149	0,169	0,155	0,140	0,128	0,132	0,147	0,112	0,176	0,171	0,131	0,128	0,170	0,154	0,113	0,161	0,143	0,135	0,112	0,121	0,128	0,152	0,150	0,138	0,173	0,128	0,140	0,113	0,117	0,110	0,145	0,122	0,168	0,130	0,147	0,138	0,112	0,124	0,108	0,164	0,110	0,132	0,194	0,123	0,170	0,126	0,160	0,121	0,188	0,128	0,155	0,119	0,171
0:48:04	37,0	0,128	0,154	0,203	0,139	0,161	0,156	0,169	0,134	0,179	0,164	0,164	0,165	0,125	0,117	0,125	0,159	0,198	0,177	0,138	0,176	0,115	0,153	0,097	0,162	0,154	0,146	0,171	0,177	0,205	0,192	0,154	0,223	0,166	0,141	0,169	0,162	0,129	0,122	0,126	0,132	0,149	0,148	0,133	0,157	0,176	0,164	0,145	0,134	0,138	0,154	0,115	0,185	0,182	0,134	0,133	0,176	0,162	0,116	0,171	0,151	0,145	0,116	0,127	0,136	0,159	0,161	0,146	0,186	0,134	0,149	0,117	0,123	0,113	0,157	0,129	0,181	0,138	0,158	0,148	0,116	0,131	0,112	0,177	0,114	0,140	0,216	0,129	0,187	0,130	0,175	0,124	0,206	0,132	0,170	0,125	0,190
0:58:04	37,0	0,136	0,166	0,224	0,145	0,173	0,164	0,185	0,140	0,195	0,172	0,181	0,176	0,128	0,119	0,128	0,162	0,203	0,182	0,141	0,179	0,117	0,157	0,098	0,170	0,170	0,156	0,177	0,186	0,217	0,207	0,163	0,240	0,177	0,150	0,183	0,181	0,135	0,128	0,134	0,140	0,157	0,157	0,140	0,165	0,185	0,175	0,153	0,142	0,146	0,163	0,120	0,199	0,195	0,141	0,140	0,187	0,174	0,121	0,180	0,160	0,158	0,121	0,133	0,146	0,171	0,176	0,157	0,206	0,143	0,161	0,123	0,130	0,117	0,171	0,137	0,198	0,150	0,172	0,161	0,122	0,139	0,118	0,195	0,120	0,150	0,240	0,137	0,209	0,138	0,197	0,129	0,229	0,138	0,187	0,134	0,212
1:08:04	37,0	0,148	0,182	0,249	0,153	0,191	0,175	0,203	0,148	0,216	0,184	0,200	0,192	0,133	0,121	0,131	0,168	0,215	0,188	0,142	0,182	0,118	0,161	0,099	0,183	0,187	0,168	0,187	0,198	0,231	0,232	0,172	0,259	0,193	0,162	0,197	0,198	0,143	0,135	0,142	0,151	0,168	0,167	0,149	0,176	0,193	0,187	0,162	0,152	0,158	0,176	0,128	0,215	0,213	0,150	0,151	0,200	0,188	0,128	0,190	0,179	0,175	0,129	0,142	0,158	0,183	0,195	0,171	0,233	0,155	0,178	0,131	0,142	0,123	0,189	0,147	0,220	0,163	0,189	0,177	0,130	0,150	0,125	0,217	0,128	0,165	0,267	0,149	0,233	0,149	0,218	0,135	0,255	0,146	0,207	0,143	0,237
1:18:04	37,0	0,165	0,203	0,278	0,164	0,214	0,191	0,228	0,163	0,238	0,199	0,229	0,211	0,138	0,125	0,136	0,174	0,225	0,197	0,143	0,191	0,121	0,168	0,100	0,206	0,209	0,182	0,198	0,214	0,250	0,261	0,185	0,279	0,210	0,176	0,216	0,217	0,155	0,144	0,152	0,166	0,182	0,182	0,162	0,191	0,207	0,204	0,174	0,166	0,176	0,194	0,139	0,239	0,232	0,164	0,170	0,220	0,208	0,139	0,206	0,201	0,196	0,140	0,155	0,177	0,203	0,218	0,190	0,264	0,171	0,199	0,143	0,157	0,131	0,210	0,161	0,246	0,179	0,210	0,198	0,141	0,165	0,136	0,239	0,139	0,186	0,298	0,164	0,262	0,163	0,240	0,143	0,289	0,159	0,232	0,158	0,267
1:28:04	37,0	0,187	0,224	0,305	0,181	0,237	0,209	0,249	0,179	0,268	0,220	0,252	0,235	0,143	0,131	0,142	0,184	0,240	0,208	0,148	0,204	0,127	0,179	0,103	0,233	0,237	0,202	0,213	0,233	0,270	0,291	0,199	0,300	0,231	0,194	0,239	0,239	0,171	0,157	0,166	0,184	0,202	0,202	0,179	0,212	0,227	0,226	0,189	0,185	0,202	0,215	0,154	0,260	0,257	0,183	0,191	0,244	0,230	0,155	0,226	0,228	0,222	0,156	0,172	0,199	0,227	0,247	0,214	0,296	0,192	0,227	0,161	0,179	0,142	0,237	0,181	0,277	0,200	0,236	0,222	0,158	0,184	0,151	0,269	0,155	0,212	0,338	0,187	0,295	0,184	0,270	0,157	0,329	0,175	0,260	0,181	0,304
1:38:04	37,0	0,210	0,249	0,329	0,202	0,263	0,228	0,275	0,200	0,298	0,242	0,277	0,258	0,150	0,139	0,151	0,197	0,255	0,223	0,154	0,220	0,132	0,192	0,106	0,260	0,266	0,225	0,231	0,254	0,299	0,323	0,216	0,328	0,249	0,212	0,266	0,267	0,190	0,176	0,184	0,205	0,228	0,226	0,198	0,234	0,244	0,249	0,207	0,206	0,230	0,238	0,175	0,287	0,283	0,209	0,211	0,269	0,257	0,177	0,251	0,257	0,250	0,175	0,193	0,223	0,253	0,277	0,242	0,326	0,217	0,256	0,183	0,205	0,154	0,262	0,201	0,305	0,222	0,262	0,247	0,176	0,204	0,168	0,296	0,173	0,240	0,368	0,212	0,326	0,207	0,301	0,174	0,367	0,195	0,292	0,206	0,344
1:48:04	37,0	0,235	0,274	0,354	0,224	0,289	0,252	0,302	0,219	0,326	0,267	0,299	0,284	0,161	0,150	0,162	0,214	0,272	0,241	0,162	0,236	0,141	0,210	0,111	0,287	0,298	0,253	0,253	0,277	0,328	0,352	0,237	0,354	0,277	0,235	0,293	0,297	0,212	0,196	0,207	0,229	0,253	0,254	0,222	0,270	0,266	0,276	0,231	0,231	0,261	0,270	0,202	0,318	0,314	0,237	0,242	0,292	0,282	0,204	0,277	0,289	0,276	0,199	0,217	0,247	0,281	0,302	0,266	0,365	0,244	0,285	0,210	0,233	0,170	0,285	0,223	0,331	0,243	0,284	0,269	0,198	0,225	0,190	0,319	0,196	0,274	0,408	0,242	0,358	0,235	0,329	0,196	0,401	0,219	0,323	0,239	0,380
1:58:04	37,0	0,264	0,299	0,383	0,249	0,316	0,272	0,327	0,248	0,355	0,293	0,324	0,315	0,173	0,166	0,177	0,232	0,293	0,262	0,175	0,254	0,151	0,231	0,116	0,316	0,329	0,285	0,276	0,301	0,365	0,387	0,260	0,386	0,299	0,261	0,328	0,333	0,237	0,222	0,232	0,257	0,280	0,289	0,245	0,300	0,289	0,307	0,257	0,260	0,294	0,305	0,232	0,353	0,342	0,267	0,272	0,326	0,310	0,238	0,309	0,321	0,297	0,225	0,244	0,280	0,307	0,330	0,293	0,398	0,273	0,316	0,243	0,264	0,189	0,308	0,243	0,355	0,264	0,309	0,294	0,220	0,245	0,213	0,341	0,220	0,306	0,444	0,277	0,401	0,267	0,362	0,224	0,432	0,251	0,360	0,284	0,419
2:08:04	37,0	0,290	0,326	0,404	0,275	0,343	0,297	0,358	0,268	0,385	0,319	0,352	0,350	0,185	0,184	0,195	0,255	0,314	0,285	0,184	0,276	0,163	0,254	0,126	0,350	0,364	0,318	0,302	0,334	0,408	0,434	0,286	0,414	0,329	0,287	0,375	0,374	0,263	0,249	0,264	0,286	0,306	0,329	0,273	0,346	0,313	0,336	0,282	0,290	0,327	0,342	0,264	0,385	0,374	0,296	0,295	0,362	0,341	0,274	0,344	0,355	0,323	0,252	0,268	0,307	0,332	0,355	0,317	0,423	0,302	0,344	0,276	0,294	0,208	0,331	0,268	0,375	0,286	0,330	0,318	0,241	0,267	0,238	0,363	0,242	0,334	0,469	0,311	0,436	0,298	0,392	0,252	0,463	0,287	0,397	0,313	0,460
2:18:04	37,0	0,314	0,351	0,431	0,301	0,371	0,319	0,383	0,296	0,413	0,349	0,378	0,383	0,198	0,207	0,216	0,279	0,335	0,310	0,205	0,297	0,178	0,277	0,137	0,393	0,404	0,355	0,332	0,369	0,435	0,467	0,315	0,472	0,358	0,324	0,433	0,420	0,295	0,278	0,292	0,317	0,344	0,372	0,296	0,381	0,343	0,361	0,307	0,322	0,366	0,384	0,300	0,428	0,413	0,332	0,335	0,396	0,374	0,307	0,386	0,394	0,350	0,283	0,293	0,336	0,356	0,382	0,342	0,447	0,337	0,374	0,310	0,323	0,229	0,352	0,292	0,396	0,314	0,351	0,343	0,270	0,285	0,260	0,382	0,268	0,377	0,489	0,351	0,459	0,331	0,409	0,280	0,489	0,319	0,429	0,352	0,501
2:28:04	37,0	0,343	0,379	0,455	0,328	0,400	0,347	0,411	0,323	0,447	0,376	0,405	0,416	0,215	0,229	0,239	0,307	0,358	0,332	0,216	0,320	0,192	0,304	0,151	0,433	0,437	0,394	0,364	0,406	0,481	0,487	0,342	0,498	0,390	0,361	0,484	0,475	0,325	0,311	0,323	0,349	0,384	0,412	0,326	0,415	0,371	0,406	0,334	0,356	0,404	0,423	0,338	0,463	0,463	0,377	0,361	0,464	0,403	0,350	0,443	0,432	0,383	0,314	0,320	0,363	0,379	0,401	0,364	0,468	0,365	0,404	0,342	0,356	0,253	0,372	0,313	0,412	0,332	0,373	0,364	0,294	0,308	0,286	0,403	0,291	0,417	0,511	0,396	0,477	0,369	0,422	0,317	0,510	0,358	0,453	0,392	0,534
2:38:04	37,0	0,368	0,403	0,480	0,355	0,440	0,370	0,439	0,352	0,478	0,405	0,441	0,437	0,234	0,254	0,262	0,334	0,378	0,356	0,239	0,347	0,210	0,331	0,170	0,477	0,457	0,423	0,390	0,432	0,513	0,497	0,376	0,517	0,406	0,387	0,529	0,517	0,356	0,345	0,361	0,382	0,429	0,452	0,358	0,455	0,407	0,430	0,371	0,395	0,442	0,450	0,387	0,486	0,505	0,424	0,387	0,511	0,425	0,395	0,476	0,456	0,403	0,347	0,347	0,387	0,398	0,423	0,387	0,486	0,394	0,431	0,369	0,387	0,279	0,389	0,334	0,429	0,351	0,390	0,384	0,325	0,327	0,313	0,422	0,318	0,439	0,539	0,449	0,506	0,415	0,437	0,354	0,531	0,403	0,476	0,442	0,565
2:48:04	37,0	0,394	0,427	0,517	0,379	0,473	0,395	0,461	0,381	0,513	0,431	0,464	0,473	0,254	0,284	0,284	0,365	0,404	0,383	0,262	0,374	0,229	0,363	0,190	0,528	0,477	0,448	0,408	0,462	0,524	0,514	0,395	0,527	0,423	0,408	0,562	0,578	0,389	0,385	0,399	0,406	0,457	0,467	0,391	0,486	0,444	0,442	0,400	0,428	0,460	0,482	0,434	0,500	0,537	0,453	0,406	0,538	0,445	0,449	0,504	0,479	0,430	0,383	0,379	0,408	0,420	0,440	0,407	0,503	0,418	0,457	0,409	0,414	0,303	0,404	0,354	0,449	0,371	0,405	0,403	0,352	0,343	0,338	0,440	0,340	0,466	0,559	0,480	0,536	0,445	0,451	0,396	0,549	0,444	0,494	0,486	0,594
2:58:04	37,0	0,419	0,452	0,569	0,403	0,530	0,417	0,516	0,410	0,573	0,455	0,502	0,496	0,280	0,314	0,313	0,392	0,430	0,407	0,280	0,398	0,250	0,399	0,214	0,578	0,507	0,475	0,434	0,489	0,545	0,529	0,411	0,543	0,439	0,430	0,605	0,642	0,417	0,417	0,439	0,421	0,475	0,482	0,415	0,490	0,469	0,452	0,420	0,449	0,478	0,509	0,473	0,501	0,581	0,479	0,425	0,566	0,474	0,480	0,532	0,504	0,454	0,415	0,417	0,432	0,459	0,465	0,425	0,518	0,451	0,482	0,455	0,440	0,325	0,421	0,373	0,470	0,387	0,420	0,418	0,377	0,360	0,363	0,456	0,364	0,489	0,587	0,503	0,560	0,465	0,468	0,435	0,575	0,466	0,518	0,507	0,616
3:08:04	37,0	0,443	0,483	0,617	0,426	0,600	0,442	0,571	0,439	0,605	0,487	0,545	0,522	0,305	0,352	0,343	0,418	0,460	0,430	0,303	0,446	0,272	0,434	0,240	0,619	0,534	0,505	0,457	0,513	0,555	0,535	0,426	0,560	0,456	0,454	0,633	0,695	0,437	0,434	0,461	0,433	0,493	0,497	0,432	0,516	0,485	0,466	0,441	0,471	0,495	0,525	0,511	0,536	0,606	0,506	0,453	0,579	0,519	0,512	0,561	0,529	0,476	0,439	0,445	0,457	0,485	0,487	0,448	0,531	0,480	0,520	0,501	0,468	0,346	0,436	0,389	0,481	0,402	0,434	0,434	0,402	0,374	0,385	0,471	0,385	0,508	0,611	0,523	0,576	0,480	0,485	0,460	0,589	0,496	0,539	0,529	0,643
3:18:04	36,9	0,469	0,518	0,649	0,449	0,642	0,472	0,614	0,466	0,637	0,520	0,598	0,560	0,329	0,388	0,373	0,447	0,483	0,454	0,331	0,517	0,293	0,472	0,269	0,653	0,560	0,531	0,477	0,543	0,563	0,542	0,440	0,574	0,475	0,484	0,655	0,719	0,457	0,451	0,476	0,444	0,516	0,511	0,451	0,548	0,508	0,476	0,464	0,488	0,506	0,546	0,535	0,569	0,607	0,540	0,452	0,607	0,536	0,553	0,590	0,588	0,507	0,460	0,469	0,481	0,507	0,507	0,464	0,544	0,530	0,550	0,526	0,507	0,364	0,452	0,403	0,499	0,418	0,447	0,446	0,424	0,388	0,404	0,485	0,400	0,533	0,631	0,538	0,592	0,494	0,507	0,480	0,620	0,523	0,562	0,547	0,666
3:28:04	37,0	0,513	0,541	0,673	0,474	0,685	0,512	0,650	0,496	0,666	0,573	0,640	0,594	0,353	0,421	0,404	0,467	0,503	0,473	0,352	0,574	0,321	0,513	0,297	0,688	0,575	0,559	0,504	0,588	0,584	0,550	0,455	0,583	0,492	0,507	0,691	0,753	0,481	0,468	0,489	0,452	0,544	0,531	0,469	0,579	0,514	0,498	0,488	0,511	0,519	0,614	0,552	0,584	0,627	0,554	0,466	0,629	0,584	0,582	0,640	0,628	0,526	0,476	0,479	0,507	0,532	0,540	0,482	0,554	0,549	0,584	0,559	0,542	0,380	0,468	0,416	0,523	0,429	0,463	0,460	0,446	0,399	0,419	0,498	0,417	0,553	0,651	0,559	0,608	0,508	0,534	0,496	0,639	0,553	0,587	0,565	0,687
3:38:04	37,0	0,549	0,569	0,695	0,499	0,711	0,541	0,680	0,529	0,694	0,612	0,675	0,618	0,376	0,450	0,429	0,485	0,514	0,495	0,377	0,602	0,349	0,535	0,331	0,718	0,589	0,584	0,543	0,623	0,586	0,577	0,472	0,604	0,501	0,526	0,699	0,777	0,497	0,480	0,497	0,464	0,567	0,537	0,485	0,599	0,534	0,517	0,508	0,532	0,539	0,592	0,574	0,610	0,646	0,573	0,479	0,655	0,597	0,608	0,677	0,660	0,542	0,521	0,501	0,538	0,553	0,565	0,505	0,567	0,557	0,603	0,572	0,578	0,395	0,483	0,429	0,544	0,443	0,480	0,474	0,466	0,413	0,434	0,513	0,431	0,580	0,667	0,579	0,633	0,520	0,554	0,516	0,665	0,583	0,614	0,587	0,710
3:48:04	37,0	0,581	0,599	0,719	0,520	0,735	0,580	0,704	0,561	0,722	0,647	0,704	0,636	0,398	0,477	0,442	0,504	0,522	0,522	0,396	0,603	0,374	0,560	0,366	0,737	0,607	0,617	0,581	0,646	0,641	0,594	0,487	0,641	0,518	0,561	0,718	0,808	0,519	0,493	0,502	0,470	0,588	0,546	0,498	0,582	0,543	0,537	0,537	0,548	0,559	0,607	0,603	0,639	0,676	0,599	0,495	0,672	0,614	0,619	0,697	0,684	0,556	0,544	0,537	0,564	0,569	0,593	0,528	0,581	0,577	0,620	0,592	0,608	0,410	0,498	0,441	0,564	0,456	0,500	0,488	0,486	0,430	0,452	0,541	0,448	0,604	0,686	0,601	0,656	0,533	0,577	0,534	0,693	0,614	0,638	0,611	0,734
3:58:04	37,0	0,605	0,628	0,733	0,540	0,751	0,613	0,725	0,595	0,745	0,681	0,724	0,652	0,413	0,497	0,457	0,519	0,529	0,554	0,417	0,620	0,389	0,583	0,401	0,769	0,627	0,642	0,602	0,689	0,675	0,612	0,503	0,677	0,527	0,589	0,726	0,843	0,544	0,501	0,509	0,480	0,608	0,580	0,514	0,570	0,564	0,553	0,573	0,568	0,579	0,638	0,628	0,642	0,675	0,612	0,519	0,682	0,631	0,642	0,711	0,707	0,567	0,563	0,555	0,587	0,582	0,613	0,548	0,591	0,596	0,639	0,602	0,634	0,426	0,513	0,459	0,577	0,473	0,520	0,499	0,503	0,448	0,468	0,557	0,465	0,629	0,706	0,623	0,669	0,551	0,603	0,552	0,722	0,640	0,666	0,627	0,756
4:08:04	37,0	0,629	0,656	0,747	0,560	0,764	0,639	0,741	0,626	0,763	0,709	0,744	0,666	0,421	0,511	0,467	0,530	0,536	0,581	0,429	0,634	0,403	0,617	0,435	0,786	0,645	0,671	0,611	0,684	0,700	0,639	0,527	0,700	0,548	0,643	0,749	0,862	0,547	0,513	0,516	0,489	0,622	0,616	0,548	0,562	0,584	0,572	0,606	0,584	0,627	0,665	0,646	0,663	0,682	0,630	0,537	0,695	0,646	0,650	0,725	0,724	0,577	0,583	0,574	0,604	0,594	0,626	0,569	0,602	0,614	0,658	0,606	0,654	0,441	0,526	0,474	0,588	0,485	0,539	0,517	0,519	0,467	0,486	0,571	0,483	0,660	0,718	0,637	0,683	0,577	0,622	0,576	0,736	0,658	0,696	0,648	0,775
4:18:04	37,0	0,650	0,681	0,760	0,584	0,776	0,668	0,759	0,657	0,781	0,737	0,764	0,679	0,429	0,532	0,478	0,541	0,544	0,608	0,440	0,637	0,410	0,626	0,467	0,798	0,654	0,703	0,628	0,704	0,710	0,672	0,551	0,733	0,553	0,686	0,767	0,878	0,559	0,522	0,523	0,497	0,645	0,628	0,584	0,569	0,624	0,586	0,638	0,594	0,660	0,679	0,660	0,673	0,707	0,646	0,560	0,711	0,674	0,670	0,748	0,746	0,584	0,597	0,589	0,622	0,605	0,650	0,588	0,614	0,628	0,672	0,617	0,671	0,453	0,539	0,488	0,600	0,503	0,555	0,532	0,538	0,486	0,506	0,589	0,504	0,690	0,737	0,664	0,697	0,596	0,640	0,599	0,761	0,679	0,721	0,682	0,797
4:28:04	37,0	0,674	0,704	0,774	0,611	0,789	0,694	0,780	0,682	0,800	0,764	0,782	0,689	0,438	0,558	0,490	0,565	0,550	0,632	0,446	0,649	0,418	0,639	0,482	0,814	0,668	0,744	0,654	0,735	0,725	0,682	0,609	0,745	0,606	0,726	0,784	0,901	0,578	0,531	0,529	0,503	0,664	0,629	0,633	0,574	0,632	0,601	0,672	0,605	0,693	0,694	0,672	0,693	0,731	0,660	0,581	0,727	0,731	0,689	0,770	0,775	0,593	0,611	0,603	0,642	0,616	0,664	0,607	0,626	0,641	0,688	0,630	0,688	0,468	0,553	0,504	0,614	0,522	0,574	0,546	0,563	0,505	0,532	0,602	0,525	0,707	0,755	0,681	0,713	0,616	0,664	0,641	0,780	0,694	0,747	0,708	0,818
4:38:04	37,0	0,701	0,726	0,787	0,640	0,804	0,712	0,795	0,700	0,815	0,785	0,798	0,700	0,449	0,604	0,498	0,589	0,558	0,651	0,456	0,663	0,430	0,655	0,495	0,825	0,688	0,773	0,684	0,775	0,746	0,681	0,641	0,766	0,648	0,761	0,798	0,916	0,580	0,540	0,540	0,512	0,676	0,633	0,654	0,579	0,632	0,620	0,696	0,621	0,718	0,716	0,681	0,723	0,745	0,677	0,608	0,747	0,743	0,698	0,777	0,792	0,603	0,623	0,613	0,659	0,628	0,677	0,624	0,636	0,656	0,701	0,643	0,707	0,483	0,571	0,517	0,623	0,538	0,591	0,561	0,582	0,525	0,546	0,616	0,539	0,721	0,774	0,694	0,726	0,634	0,684	0,679	0,801	0,710	0,776	0,726	0,839
4:48:04	37,0	0,725	0,744	0,800	0,665	0,818	0,728	0,809	0,718	0,831	0,803	0,812	0,711	0,457	0,625	0,507	0,608	0,563	0,666	0,465	0,680	0,443	0,668	0,509	0,841	0,716	0,794	0,702	0,791	0,765	0,707	0,667	0,795	0,679	0,791	0,807	0,935	0,596	0,552	0,553	0,521	0,686	0,632	0,665	0,593	0,639	0,635	0,719	0,636	0,741	0,746	0,699	0,749	0,780	0,694	0,647	0,773	0,756	0,714	0,791	0,809	0,615	0,636	0,624	0,673	0,638	0,693	0,639	0,647	0,670	0,714	0,654	0,722	0,499	0,585	0,530	0,636	0,555	0,605	0,578	0,601	0,541	0,560	0,627	0,550	0,731	0,787	0,705	0,743	0,654	0,706	0,702	0,819	0,726	0,805	0,753	0,859
4:58:04	37,0	0,745	0,760	0,812	0,688	0,832	0,747	0,826	0,738	0,849	0,824	0,825	0,721	0,467	0,642	0,518	0,628	0,570	0,680	0,474	0,694	0,454	0,685	0,520	0,849	0,744	0,815	0,748	0,810	0,783	0,727	0,694	0,809	0,713	0,811	0,821	0,950	0,615	0,566	0,562	0,532	0,697	0,637	0,676	0,602	0,640	0,645	0,737	0,656	0,755	0,771	0,718	0,769	0,795	0,722	0,678	0,798	0,771	0,731	0,804	0,834	0,626	0,650	0,638	0,689	0,647	0,710	0,652	0,656	0,681	0,727	0,667	0,737	0,512	0,600	0,544	0,650	0,570	0,617	0,595	0,617	0,556	0,579	0,644	0,567	0,743	0,804	0,721	0,762	0,692	0,731	0,724	0,840	0,742	0,832	0,769	0,884
5:08:04	37,0	0,767	0,775	0,822	0,705	0,843	0,762	0,840	0,753	0,862	0,839	0,838	0,732	0,475	0,665	0,527	0,647	0,576	0,692	0,479	0,704	0,462	0,698	0,533	0,861	0,766	0,835	0,761	0,821	0,794	0,743	0,713	0,823	0,736	0,832	0,831	0,966	0,635	0,583	0,568	0,538	0,705	0,651	0,692	0,610	0,647	0,650	0,755	0,664	0,785	0,795	0,727	0,786	0,809	0,738	0,700	0,822	0,788	0,751	0,817	0,855	0,636	0,664	0,651	0,706	0,657	0,718	0,666	0,666	0,690	0,738	0,678	0,748	0,526	0,614	0,557	0,662	0,585	0,634	0,607	0,633	0,577	0,592	0,654	0,580	0,754	0,821	0,734	0,786	0,712	0,755	0,744	0,855	0,758	0,860	0,787	0,904
5:18:04	37,0	0,788	0,789	0,836	0,721	0,856	0,777	0,853	0,769	0,876	0,855	0,849	0,741	0,486	0,683	0,538	0,666	0,582	0,701	0,489	0,712	0,469	0,712	0,545	0,871	0,786	0,854	0,783	0,837	0,809	0,774	0,733	0,846	0,752	0,852	0,842	0,981	0,656	0,595	0,576	0,547	0,712	0,655	0,692	0,615	0,657	0,661	0,768	0,678	0,797	0,817	0,741	0,797	0,829	0,756	0,718	0,850	0,808	0,771	0,829	0,877	0,648	0,678	0,664	0,721	0,666	0,734	0,677	0,676	0,703	0,751	0,692	0,765	0,537	0,628	0,571	0,674	0,600	0,648	0,624	0,650	0,594	0,608	0,668	0,595	0,765	0,836	0,748	0,808	0,730	0,780	0,763	0,871	0,774	0,886	0,801	0,924
5:28:04	37,0	0,805	0,802	0,846	0,734	0,865	0,787	0,864	0,780	0,885	0,868	0,858	0,746	0,495	0,699	0,548	0,682	0,588	0,716	0,497	0,722	0,480	0,719	0,559	0,880	0,802	0,873	0,798	0,849	0,822	0,793	0,750	0,845	0,772	0,860	0,848	0,993	0,670	0,606	0,584	0,554	0,721	0,658	0,696	0,619	0,661	0,671	0,777	0,690	0,806	0,835	0,751	0,815	0,838	0,776	0,736	0,854	0,812	0,787	0,837	0,896	0,660	0,694	0,679	0,731	0,673	0,745	0,684	0,688	0,711	0,764	0,702	0,774	0,551	0,647	0,584	0,684	0,613	0,657	0,639	0,668	0,607	0,620	0,683	0,608	0,773	0,851	0,759	0,831	0,739	0,801	0,773	0,890	0,785	0,905	0,817	0,937
5:38:04	37,0	0,824	0,814	0,858	0,748	0,878	0,801	0,880	0,795	0,900	0,884	0,871	0,758	0,507	0,717	0,557	0,699	0,593	0,727	0,505	0,727	0,485	0,732	0,572	0,891	0,825	0,892	0,816	0,865	0,839	0,815	0,773	0,864	0,794	0,891	0,863	1,005	0,683	0,616	0,591	0,562	0,726	0,662	0,704	0,622	0,693	0,679	0,782	0,699	0,825	0,855	0,771	0,831	0,856	0,811	0,763	0,888	0,831	0,801	0,851	0,914	0,671	0,709	0,694	0,751	0,685	0,761	0,706	0,696	0,721	0,776	0,715	0,793	0,560	0,663	0,601	0,700	0,625	0,674	0,653	0,682	0,630	0,632	0,697	0,623	0,787	0,866	0,770	0,852	0,753	0,828	0,791	0,906	0,800	0,928	0,830	0,955
5:48:04	37,0	0,843	0,829	0,870	0,760	0,891	0,817	0,899	0,808	0,917	0,902	0,884	0,768	0,519	0,734	0,569	0,715	0,600	0,737	0,511	0,733	0,494	0,741	0,587	0,905	0,845	0,914	0,836	0,882	0,861	0,833	0,790	0,884	0,823	0,911	0,879	1,025	0,703	0,638	0,604	0,570	0,731	0,670	0,701	0,628	0,696	0,689	0,799	0,718	0,841	0,877	0,788	0,847	0,872	0,845	0,782	0,910	0,847	0,819	0,864	0,936	0,686	0,727	0,708	0,765	0,693	0,774	0,718	0,718	0,734	0,791	0,732	0,808	0,574	0,674	0,614	0,714	0,640	0,685	0,669	0,702	0,640	0,656	0,712	0,639	0,799	0,889	0,787	0,870	0,774	0,857	0,809	0,926	0,816	0,945	0,843	0,972
5:58:04	37,0	0,859	0,840	0,882	0,774	0,902	0,830	0,910	0,819	0,931	0,913	0,897	0,777	0,528	0,747	0,581	0,726	0,607	0,746	0,520	0,740	0,505	0,749	0,598	0,912	0,866	0,930	0,850	0,898	0,876	0,849	0,806	0,901	0,833	0,928	0,893	1,037	0,716	0,659	0,616	0,580	0,737	0,680	0,702	0,635	0,704	0,700	0,803	0,735	0,854	0,895	0,804	0,864	0,885	0,860	0,797	0,926	0,860	0,841	0,879	0,953	0,701	0,743	0,722	0,779	0,702	0,791	0,723	0,728	0,744	0,803	0,745	0,824	0,587	0,692	0,625	0,727	0,658	0,701	0,685	0,718	0,657	0,673	0,726	0,653	0,810	0,905	0,804	0,894	0,788	0,881	0,823	0,945	0,832	0,964	0,859	0,986
6:08:04	37,0	0,873	0,853	0,893	0,785	0,915	0,840	0,923	0,829	0,944	0,926	0,909	0,785	0,538	0,760	0,591	0,739	0,615	0,756	0,528	0,747	0,513	0,760	0,614	0,925	0,884	0,947	0,865	0,911	0,893	0,864	0,821	0,918	0,856	0,946	0,910	1,052	0,725	0,672	0,627	0,590	0,740	0,688	0,708	0,642	0,712	0,712	0,812	0,748	0,867	0,912	0,816	0,880	0,908	0,881	0,812	0,941	0,878	0,858	0,894	0,973	0,716	0,759	0,735	0,793	0,714	0,799	0,740	0,739	0,756	0,817	0,760	0,840	0,600	0,707	0,637	0,739	0,672	0,714	0,700	0,736	0,669	0,691	0,743	0,669	0,821	0,921	0,822	0,910	0,805	0,903	0,837	0,963	0,849	0,984	0,876	1,004
6:18:04	37,0	0,886	0,864	0,905	0,797	0,928	0,852	0,934	0,840	0,956	0,937	0,919	0,797	0,546	0,773	0,601	0,751	0,622	0,765	0,533	0,754	0,520	0,769	0,626	0,938	0,902	0,963	0,877	0,925	0,913	0,875	0,834	0,939	0,867	0,959	0,920	1,063	0,733	0,691	0,636	0,600	0,742	0,699	0,715	0,653	0,726	0,725	0,813	0,752	0,882	0,929	0,830	0,894	0,920	0,893	0,824	0,962	0,890	0,873	0,907	0,991	0,732	0,776	0,750	0,806	0,724	0,809	0,750	0,756	0,768	0,831	0,776	0,855	0,615	0,723	0,649	0,755	0,688	0,730	0,715	0,751	0,685	0,708	0,758	0,687	0,833	0,936	0,838	0,928	0,819	0,924	0,853	0,977	0,864	1,003	0,893	1,020
6:28:04	37,0	0,899	0,873	0,918	0,807	0,940	0,863	0,947	0,850	0,966	0,948	0,933	0,807	0,557	0,786	0,611	0,763	0,630	0,776	0,541	0,760	0,532	0,776	0,638	0,948	0,917	0,980	0,896	0,934	0,927	0,895	0,855	0,949	0,883	0,973	0,934	1,077	0,739	0,709	0,647	0,613	0,749	0,707	0,724	0,665	0,722	0,735	0,820	0,760	0,894	0,944	0,844	0,913	0,930	0,909	0,838	0,971	0,905	0,893	0,922	1,009	0,750	0,793	0,765	0,818	0,734	0,826	0,760	0,763	0,783	0,846	0,793	0,872	0,628	0,739	0,666	0,769	0,702	0,743	0,731	0,766	0,703	0,727	0,777	0,704	0,845	0,949	0,854	0,941	0,834	0,941	0,869	0,991	0,877	1,021	0,908	1,036
6:38:04	37,0	0,911	0,884	0,927	0,816	0,953	0,873	0,961	0,859	0,979	0,959	0,942	0,817	0,566	0,801	0,621	0,776	0,638	0,786	0,553	0,769	0,539	0,788	0,648	0,956	0,935	0,992	0,908	0,955	0,939	0,904	0,863	0,967	0,900	0,987	0,947	1,091	0,746	0,730	0,657	0,625	0,749	0,712	0,732	0,677	0,744	0,744	0,824	0,768	0,910	0,961	0,857	0,924	0,947	0,937	0,851	0,990	0,923	0,907	0,936	1,024	0,771	0,808	0,776	0,831	0,746	0,838	0,778	0,778	0,793	0,862	0,813	0,887	0,647	0,751	0,677	0,783	0,722	0,761	0,747	0,783	0,718	0,741	0,793	0,719	0,856	0,961	0,872	0,957	0,851	0,961	0,885	1,003	0,892	1,037	0,923	1,052
6:48:04	37,0	0,923	0,894	0,937	0,825	0,964	0,884	0,972	0,868	0,989	0,966	0,951	0,825	0,574	0,812	0,629	0,786	0,643	0,796	0,563	0,777	0,549	0,796	0,658	0,964	0,946	1,004	0,920	0,957	0,953	0,918	0,874	0,976	0,910	0,996	0,957	1,099	0,753	0,742	0,667	0,636	0,751	0,721	0,737	0,686	0,752	0,753	0,830	0,773	0,922	0,972	0,870	0,941	0,962	0,941	0,861	1,005	0,941	0,922	0,951	1,038	0,788	0,821	0,789	0,842	0,754	0,846	0,788	0,790	0,816	0,876	0,826	0,901	0,661	0,767	0,694	0,798	0,735	0,776	0,764	0,799	0,739	0,760	0,809	0,734	0,868	0,972	0,889	0,970	0,867	0,978	0,900	1,016	0,910	1,054	0,938	1,065
6:58:04	37,0	0,936	0,905	0,948	0,832	0,974	0,893	0,981	0,875	0,998	0,975	0,962	0,832	0,586	0,821	0,637	0,798	0,650	0,807	0,572	0,782	0,560	0,803	0,670	0,971	0,958	1,019	0,931	0,963	0,964	0,927	0,888	0,988	0,920	1,007	0,970	1,112	0,760	0,755	0,677	0,654	0,760	0,728	0,743	0,694	0,755	0,764	0,834	0,776	0,933	0,985	0,881	0,956	0,971	0,957	0,873	1,017	0,956	0,935	0,965	1,051	0,804	0,837	0,804	0,856	0,764	0,860	0,803	0,800	0,827	0,887	0,845	0,915	0,678	0,784	0,708	0,812	0,750	0,795	0,779	0,816	0,757	0,777	0,821	0,750	0,879	0,982	0,901	0,982	0,884	0,995	0,914	1,027	0,922	1,068	0,949	1,077
7:08:04	37,0	0,949	0,913	0,958	0,842	0,985	0,902	0,994	0,884	1,010	0,984	0,973	0,841	0,595	0,834	0,646	0,806	0,656	0,813	0,580	0,791	0,567	0,811	0,681	0,977	0,970	1,032	0,942	0,977	0,977	0,933	0,899	0,998	0,931	1,023	0,982	1,126	0,766	0,767	0,687	0,674	0,762	0,736	0,752	0,701	0,767	0,777	0,843	0,780	0,950	0,998	0,895	0,965	0,984	0,980	0,886	1,035	0,966	0,952	0,978	1,065	0,823	0,855	0,817	0,868	0,777	0,866	0,814	0,817	0,842	0,900	0,861	0,931	0,696	0,797	0,724	0,824	0,765	0,808	0,793	0,831	0,778	0,791	0,836	0,765	0,892	0,994	0,917	0,995	0,902	1,012	0,932	1,040	0,937	1,083	0,961	1,091
7:18:04	37,0	0,960	0,922	0,970	0,850	0,993	0,912	1,004	0,890	1,019	0,991	0,984	0,848	0,604	0,844	0,657	0,817	0,663	0,827	0,590	0,801	0,574	0,821	0,693	0,986	0,982	1,042	0,954	0,989	0,987	0,946	0,912	1,010	0,940	1,032	0,992	1,137	0,771	0,777	0,697	0,693	0,763	0,742	0,755	0,711	0,768	0,784	0,849	0,784	0,962	1,011	0,909	0,981	0,997	0,997	0,897	1,039	0,980	0,969	0,991	1,077	0,840	0,875	0,833	0,880	0,786	0,881	0,830	0,825	0,852	0,916	0,874	0,944	0,711	0,813	0,738	0,836	0,783	0,818	0,809	0,847	0,793	0,809	0,853	0,784	0,904	1,003	0,928	1,007	0,915	1,025	0,943	1,051	0,950	1,097	0,974	1,102
7:28:04	37,0	0,974	0,931	0,980	0,859	1,002	0,921	1,014	0,898	1,028	0,999	0,994	0,857	0,615	0,855	0,664	0,827	0,669	0,834	0,599	0,809	0,583	0,827	0,700	0,994	0,995	1,054	0,965	1,000	1,002	0,958	0,923	1,023	0,953	1,047	1,004	1,147	0,778	0,789	0,705	0,709	0,769	0,749	0,762	0,722	0,777	0,790	0,855	0,787	0,977	1,021	0,920	0,991	1,004	1,008	0,907	1,056	0,991	0,982	1,003	1,088	0,858	0,888	0,844	0,894	0,799	0,892	0,846	0,846	0,868	0,927	0,890	0,960	0,727	0,828	0,757	0,849	0,799	0,832	0,820	0,866	0,813	0,825	0,867	0,800	0,915	1,013	0,943	1,018	0,929	1,038	0,959	1,062	0,961	1,109	0,984	1,114
7:38:04	37,0	0,985	0,940	0,989	0,866	1,012	0,928	1,022	0,904	1,036	1,006	1,002	0,864	0,624	0,866	0,673	0,836	0,675	0,838	0,604	0,814	0,590	0,833	0,711	1,001	1,005	1,066	0,975	1,009	1,016	0,968	0,931	1,032	0,964	1,058	1,014	1,157	0,784	0,799	0,713	0,720	0,775	0,758	0,761	0,725	0,781	0,795	0,856	0,794	0,989	1,033	0,934	1,000	1,018	1,018	0,919	1,070	1,002	0,994	1,014	1,101	0,875	0,905	0,860	0,905	0,815	0,906	0,850	0,854	0,881	0,938	0,906	0,975	0,744	0,841	0,775	0,860	0,814	0,846	0,835	0,879	0,828	0,841	0,879	0,815	0,927	1,023	0,954	1,029	0,941	1,053	0,971	1,073	0,974	1,121	0,995	1,124
7:48:04	37,0	0,996	0,948	1,002	0,875	1,022	0,936	1,034	0,912	1,045	1,014	1,015	0,873	0,632	0,877	0,682	0,847	0,685	0,847	0,611	0,823	0,600	0,843	0,719	1,010	1,017	1,078	0,988	1,025	1,029	0,983	0,943	1,049	0,984	1,073	1,028	1,171	0,789	0,808	0,720	0,728	0,779	0,760	0,769	0,734	0,791	0,800	0,866	0,801	1,004	1,049	0,947	1,011	1,029	1,042	0,933	1,076	1,015	1,009	1,026	1,112	0,891	0,927	0,873	0,922	0,825	0,930	0,861	0,868	0,888	0,952	0,925	0,988	0,759	0,853	0,790	0,870	0,834	0,857	0,852	0,899	0,839	0,859	0,894	0,828	0,939	1,035	0,971	1,040	0,954	1,066	0,986	1,085	0,988	1,134	1,006	1,137
7:58:04	37,0	1,004	0,957	1,011	0,882	1,031	0,944	1,042	0,919	1,053	1,021	1,021	0,880	0,640	0,885	0,688	0,853	0,690	0,857	0,619	0,832	0,605	0,851	0,729	1,016	1,029	1,089	0,998	1,030	1,038	0,989	0,955	1,056	0,992	1,085	1,038	1,181	0,793	0,818	0,728	0,736	0,784	0,767	0,776	0,740	0,807	0,808	0,870	0,804	1,016	1,058	0,959	1,023	1,046	1,042	0,943	1,088	1,030	1,021	1,038	1,124	0,909	0,937	0,886	0,929	0,839	0,929	0,875	0,880	0,906	0,967	0,941	1,002	0,775	0,869	0,805	0,885	0,850	0,875	0,863	0,910	0,861	0,875	0,907	0,844	0,950	1,045	0,982	1,052	0,967	1,077	0,998	1,095	0,997	1,145	1,018	1,147
8:08:04	37,0	1,012	0,964	1,019	0,890	1,038	0,950	1,048	0,926	1,059	1,025	1,027	0,887	0,650	0,892	0,694	0,863	0,697	0,866	0,628	0,839	0,616	0,856	0,737	1,022	1,039	1,101	1,008	1,038	1,049	1,003	0,964	1,063	1,001	1,090	1,047	1,189	0,801	0,826	0,732	0,744	0,787	0,771	0,783	0,744	0,801	0,815	0,879	0,810	1,028	1,066	0,970	1,034	1,050	1,052	0,953	1,103	1,036	1,033	1,050	1,133	0,924	0,956	0,901	0,942	0,845	0,939	0,892	0,892	0,922	0,977	0,957	1,018	0,788	0,880	0,822	0,893	0,862	0,883	0,874	0,927	0,873	0,889	0,919	0,859	0,961	1,053	0,995	1,061	0,977	1,086	1,007	1,103	1,008	1,157	1,029	1,155
8:18:04	37,0	1,019	0,969	1,026	0,897	1,045	0,957	1,056	0,930	1,065	1,030	1,035	0,893	0,654	0,901	0,701	0,873	0,704	0,875	0,635	0,845	0,622	0,864	0,743	1,028	1,049	1,111	1,019	1,048	1,057	1,014	0,976	1,073	1,008	1,101	1,058	1,197	0,807	0,831	0,739	0,753	0,790	0,776	0,789	0,750	0,807	0,819	0,884	0,815	1,036	1,074	0,982	1,043	1,054	1,065	0,962	1,105	1,046	1,042	1,059	1,142	0,942	0,974	0,913	0,950	0,856	0,949	0,894	0,904	0,935	0,988	0,970	1,033	0,804	0,894	0,833	0,902	0,875	0,891	0,885	0,932	0,883	0,902	0,933	0,878	0,970	1,061	1,004	1,070	0,987	1,093	1,017	1,112	1,015	1,167	1,039	1,165
8:28:04	37,0	1,026	0,975	1,036	0,903	1,051	0,964	1,063	0,935	1,071	1,035	1,042	0,898	0,665	0,910	0,708	0,881	0,711	0,881	0,643	0,854	0,627	0,872	0,749	1,034	1,062	1,121	1,029	1,058	1,067	1,021	0,987	1,087	1,020	1,108	1,068	1,206	0,814	0,840	0,744	0,758	0,794	0,784	0,795	0,755	0,816	0,825	0,889	0,819	1,043	1,083	0,989	1,052	1,067	1,075	0,974	1,113	1,061	1,051	1,067	1,150	0,957	0,993	0,928	0,961	0,865	0,962	0,900	0,918	0,948	0,998	0,985	1,047	0,820	0,902	0,846	0,910	0,885	0,900	0,893	0,941	0,894	0,915	0,942	0,892	0,979	1,069	1,011	1,080	0,995	1,104	1,027	1,119	1,029	1,177	1,049	1,174
8:38:04	37,0	1,029	0,982	1,040	0,908	1,055	0,966	1,065	0,939	1,075	1,040	1,044	0,901	0,671	0,916	0,714	0,885	0,715	0,886	0,649	0,860	0,633	0,876	0,753	1,032	1,069	1,128	1,035	1,063	1,073	1,028	0,991	1,089	1,028	1,119	1,075	1,212	0,817	0,844	0,750	0,762	0,798	0,789	0,793	0,756	0,816	0,829	0,895	0,819	1,050	1,089	0,995	1,057	1,069	1,079	0,981	1,114	1,055	1,058	1,072	1,160	0,969	1,006	0,939	0,966	0,873	0,964	0,910	0,922	0,950	1,014	0,999	1,055	0,830	0,908	0,855	0,915	0,898	0,905	0,896	0,947	0,892	0,923	0,945	0,901	0,988	1,076	1,018	1,088	0,999	1,110	1,031	1,124	1,031	1,183	1,055	1,177
8:48:04	37,0	1,038	0,987	1,046	0,914	1,064	0,974	1,073	0,946	1,083	1,045	1,051	0,907	0,677	0,929	0,721	0,896	0,719	0,898	0,656	0,866	0,640	0,885	0,760	1,042	1,081	1,139	1,046	1,073	1,085	1,040	1,006	1,100	1,041	1,130	1,087	1,223	0,822	0,850	0,755	0,770	0,801	0,792	0,803	0,764	0,824	0,834	0,898	0,822	1,063	1,099	1,006	1,069	1,081	1,095	0,992	1,127	1,071	1,069	1,085	1,166	0,985	1,023	0,955	0,980	0,887	0,975	0,924	0,934	0,972	1,023	1,008	1,066	0,840	0,915	0,866	0,919	0,910	0,915	0,908	0,960	0,912	0,933	0,956	0,910	0,998	1,085	1,030	1,098	1,013	1,119	1,041	1,134	1,044	1,193	1,065	1,188
8:58:04	37,0	1,048	0,998	1,054	0,921	1,073	0,982	1,087	0,955	1,094	1,054	1,063	0,918	0,689	0,941	0,728	0,907	0,728	0,908	0,657	0,874	0,646	0,902	0,766	1,047	1,095	1,151	1,063	1,092	1,100	1,056	1,021	1,115	1,051	1,150	1,102	1,234	0,828	0,860	0,760	0,775	0,809	0,799	0,810	0,771	0,832	0,838	0,909	0,829	1,076	1,112	1,020	1,080	1,091	1,108	1,011	1,135	1,092	1,089	1,098	1,181	1,002	1,038	0,969	0,992	0,900	0,984	0,945	0,944	0,981	1,032	1,026	1,076	0,856	0,921	0,881	0,929	0,919	0,920	0,918	0,971	0,923	0,948	0,970	0,919	1,008	1,097	1,040	1,112	1,025	1,128	1,054	1,145	1,054	1,201	1,074	1,201
9:08:04	37,0	1,053	1,003	1,062	0,928	1,078	0,988	1,086	0,957	1,100	1,054	1,065	0,920	0,695	0,947	0,734	0,915	0,732	0,915	0,667	0,883	0,652	0,903	0,770	1,055	1,104	1,158	1,068	1,096	1,108	1,062	1,026	1,122	1,063	1,154	1,110	1,239	0,831	0,866	0,765	0,779	0,815	0,805	0,816	0,775	0,840	0,845	0,914	0,831	1,084	1,118	1,030	1,090	1,106	1,117	1,016	1,150	1,096	1,091	1,103	1,184	1,005	1,045	0,980	0,999	0,912	0,994	0,961	0,952	0,996	1,042	1,032	1,084	0,866	0,928	0,891	0,933	0,928	0,927	0,927	0,980	0,935	0,955	0,974	0,928	1,016	1,102	1,050	1,117	1,032	1,138	1,062	1,153	1,062	1,211	1,084	1,207
9:18:04	37,0	1,061	1,008	1,068	0,933	1,086	0,994	1,093	0,963	1,105	1,060	1,072	0,926	0,700	0,955	0,739	0,922	0,737	0,923	0,671	0,887	0,656	0,914	0,773	1,057	1,111	1,168	1,079	1,108	1,117	1,075	1,035	1,134	1,072	1,163	1,119	1,246	0,837	0,870	0,768	0,783	0,818	0,808	0,820	0,781	0,851	0,849	0,918	0,838	1,094	1,126	1,039	1,094	1,110	1,130	1,026	1,157	1,105	1,100	1,111	1,190	1,016	1,054	0,990	1,005	0,918	1,001	0,966	0,961	0,995	1,046	1,043	1,092	0,879	0,933	0,901	0,940	0,940	0,934	0,932	0,987	0,942	0,963	0,981	0,938	1,021	1,110	1,059	1,126	1,042	1,147	1,071	1,162	1,069	1,219	1,090	1,215
9:28:04	37,0	1,068	1,013	1,074	0,938	1,092	0,999	1,097	0,969	1,113	1,062	1,079	0,930	0,705	0,962	0,745	0,931	0,741	0,930	0,678	0,894	0,663	0,919	0,780	1,062	1,120	1,176	1,084	1,113	1,125	1,080	1,043	1,145	1,081	1,171	1,127	1,255	0,841	0,877	0,771	0,784	0,822	0,813	0,825	0,786	0,852	0,854	0,924	0,841	1,103	1,135	1,046	1,103	1,122	1,128	1,032	1,166	1,116	1,106	1,120	1,197	1,024	1,061	0,999	1,011	0,925	1,006	0,973	0,965	1,000	1,053	1,051	1,099	0,889	0,940	0,911	0,947	0,951	0,943	0,939	0,995	0,951	0,968	0,988	0,945	1,032	1,118	1,065	1,134	1,052	1,157	1,078	1,169	1,076	1,226	1,097	1,219
9:38:04	37,0	1,074	1,017	1,078	0,943	1,098	1,005	1,104	0,972	1,117	1,064	1,082	0,934	0,712	0,967	0,749	0,937	0,747	0,938	0,683	0,901	0,668	0,927	0,784	1,066	1,129	1,183	1,093	1,119	1,133	1,086	1,051	1,148	1,088	1,176	1,134	1,260	0,847	0,882	0,775	0,789	0,825	0,817	0,827	0,791	0,859	0,857	0,931	0,848	1,111	1,141	1,053	1,109	1,132	1,134	1,039	1,171	1,118	1,115	1,130	1,201	1,033	1,067	1,007	1,015	0,933	1,010	0,979	0,971	1,010	1,059	1,059	1,105	0,899	0,944	0,916	0,951	0,955	0,946	0,943	1,001	0,957	0,974	0,993	0,953	1,040	1,124	1,073	1,140	1,056	1,165	1,084	1,176	1,081	1,230	1,102	1,224
9:48:04	37,0	1,079	1,020	1,083	0,947	1,103	1,010	1,111	0,978	1,124	1,068	1,088	0,941	0,717	0,976	0,755	0,946	0,752	0,944	0,687	0,908	0,673	0,937	0,789	1,067	1,138	1,192	1,101	1,131	1,140	1,097	1,060	1,161	1,098	1,187	1,143	1,268	0,851	0,887	0,778	0,793	0,830	0,823	0,834	0,795	0,865	0,858	0,936	0,854	1,117	1,149	1,061	1,113	1,134	1,149	1,048	1,176	1,130	1,122	1,136	1,208	1,041	1,076	1,011	1,023	0,938	1,015	0,985	0,979	1,014	1,064	1,066	1,110	0,909	0,949	0,924	0,956	0,962	0,950	0,948	1,008	0,960	0,980	0,998	0,959	1,048	1,133	1,079	1,147	1,062	1,171	1,091	1,183	1,087	1,239	1,109	1,230
9:58:04	37,0	1,085	1,023	1,086	0,951	1,109	1,012	1,115	0,982	1,128	1,068	1,094	0,944	0,722	0,979	0,760	0,951	0,757	0,952	0,697	0,913	0,678	0,940	0,796	1,072	1,146	1,198	1,107	1,134	1,148	1,102	1,068	1,166	1,103	1,193	1,145	1,274	0,855	0,893	0,782	0,796	0,834	0,825	0,837	0,797	0,868	0,863	0,938	0,857	1,122	1,153	1,070	1,122	1,137	1,151	1,053	1,184	1,139	1,129	1,142	1,212	1,046	1,079	1,019	1,028	0,944	1,020	0,989	0,984	1,019	1,071	1,071	1,116	0,917	0,954	0,931	0,961	0,967	0,959	0,953	1,012	0,969	0,985	1,003	0,966	1,054	1,138	1,083	1,153	1,066	1,181	1,094	1,188	1,090	1,243	1,114	1,235
10:08:04	37,0	1,090	1,025	1,092	0,954	1,112	1,017	1,120	0,983	1,132	1,069	1,097	0,946	0,727	0,985	0,764	0,955	0,760	0,958	0,701	0,919	0,685	0,944	0,801	1,074	1,153	1,204	1,113	1,140	1,152	1,110	1,074	1,169	1,110	1,195	1,152	1,279	0,859	0,897	0,786	0,799	0,837	0,828	0,840	0,801	0,870	0,862	0,943	0,863	1,127	1,157	1,074	1,126	1,139	1,151	1,059	1,180	1,142	1,133	1,149	1,212	1,051	1,085	1,023	1,033	0,948	1,026	0,991	0,985	1,028	1,074	1,077	1,120	0,923	0,958	0,935	0,964	0,968	0,959	0,955	1,016	0,970	0,986	1,007	0,971	1,061	1,142	1,085	1,158	1,068	1,185	1,095	1,190	1,093	1,247	1,119	1,236
10:18:04	37,0	1,095	1,029	1,097	0,959	1,118	1,019	1,124	0,988	1,137	1,072	1,102	0,949	0,730	0,990	0,769	0,961	0,763	0,962	0,705	0,926	0,687	0,950	0,804	1,076	1,163	1,212	1,120	1,145	1,159	1,118	1,080	1,177	1,117	1,205	1,162	1,284	0,864	0,903	0,788	0,801	0,839	0,829	0,845	0,804	0,877	0,870	0,949	0,866	1,134	1,163	1,083	1,136	1,148	1,159	1,065	1,192	1,151	1,139	1,154	1,220	1,060	1,091	1,028	1,041	0,954	1,027	1,001	0,992	1,029	1,077	1,083	1,126	0,931	0,961	0,943	0,968	0,975	0,964	0,959	1,025	0,978	0,993	1,011	0,975	1,067	1,149	1,092	1,164	1,075	1,190	1,105	1,197	1,099	1,251	1,122	1,242
10:28:04	37,0	1,099	1,030	1,100	0,962	1,121	1,020	1,128	0,989	1,139	1,070	1,103	0,951	0,729	0,994	0,773	0,964	0,766	0,966	0,708	0,931	0,695	0,954	0,804	1,077	1,168	1,216	1,125	1,151	1,163	1,123	1,085	1,178	1,121	1,210	1,165	1,290	0,868	0,907	0,792	0,804	0,844	0,835	0,847	0,805	0,877	0,870	0,953	0,871	1,138	1,168	1,087	1,137	1,149	1,163	1,070	1,189	1,146	1,145	1,158	1,221	1,063	1,094	1,033	1,042	0,957	1,034	0,997	0,992	1,033	1,083	1,087	1,124	0,937	0,965	0,947	0,971	0,976	0,966	0,961	1,024	0,977	0,995	1,013	0,978	1,073	1,150	1,090	1,169	1,076	1,196	1,104	1,200	1,100	1,254	1,126	1,242
10:38:04	37,0	1,105	1,034	1,106	0,967	1,126	1,024	1,134	0,993	1,146	1,075	1,110	0,957	0,738	1,000	0,777	0,970	0,770	0,969	0,713	0,937	0,697	0,957	0,810	1,081	1,178	1,223	1,132	1,159	1,171	1,130	1,096	1,186	1,128	1,216	1,175	1,295	0,875	0,912	0,796	0,807	0,846	0,838	0,855	0,810	0,884	0,877	0,954	0,877	1,147	1,175	1,094	1,145	1,156	1,173	1,076	1,200	1,163	1,150	1,163	1,227	1,069	1,100	1,038	1,049	0,963	1,038	1,010	1,000	1,042	1,085	1,094	1,132	0,943	0,970	0,954	0,974	0,981	0,973	0,966	1,034	0,989	1,002	1,019	0,984	1,078	1,156	1,093	1,176	1,080	1,201	1,111	1,208	1,105	1,260	1,131	1,250
10:48:04	37,0	1,110	1,035	1,109	0,969	1,131	1,026	1,138	0,994	1,150	1,076	1,114	0,957	0,741	1,004	0,782	0,975	0,774	0,975	0,717	0,941	0,700	0,961	0,818	1,083	1,185	1,228	1,139	1,165	1,177	1,136	1,101	1,192	1,135	1,223	1,180	1,302	0,876	0,917	0,799	0,814	0,850	0,841	0,856	0,815	0,886	0,878	0,960	0,880	1,152	1,179	1,099	1,151	1,164	1,175	1,085	1,204	1,166	1,154	1,170	1,229	1,073	1,104	1,043	1,051	0,967	1,045	1,010	1,001	1,043	1,089	1,099	1,135	0,950	0,973	0,958	0,980	0,985	0,977	0,970	1,040	0,995	1,007	1,022	0,987	1,083	1,162	1,097	1,182	1,085	1,207	1,113	1,212	1,106	1,264	1,134	1,253
10:58:04	37,0	1,113	1,038	1,113	0,972	1,135	1,028	1,143	0,997	1,153	1,076	1,118	0,957	0,743	1,008	0,786	0,976	0,779	0,978	0,722	0,947	0,707	0,964	0,822	1,085	1,191	1,233	1,144	1,171	1,181	1,143	1,107	1,198	1,141	1,227	1,187	1,306	0,880	0,920	0,802	0,816	0,853	0,845	0,858	0,817	0,891	0,874	0,963	0,883	1,155	1,182	1,105	1,155	1,166	1,178	1,090	1,204	1,173	1,159	1,174	1,232	1,077	1,106	1,047	1,055	0,970	1,051	1,010	1,006	1,044	1,091	1,102	1,137	0,956	0,976	0,962	0,983	0,988	0,979	0,973	1,041	0,994	1,010	1,024	0,990	1,087	1,166	1,100	1,188	1,088	1,211	1,115	1,216	1,108	1,269	1,136	1,254
11:08:04	37,0	1,117	1,041	1,119	0,976	1,139	1,030	1,146	1,002	1,160	1,078	1,124	0,962	0,750	1,014	0,792	0,983	0,783	0,984	0,724	0,953	0,713	0,969	0,827	1,089	1,199	1,241	1,149	1,183	1,188	1,148	1,113	1,205	1,151	1,238	1,197	1,310	0,885	0,926	0,806	0,819	0,856	0,850	0,868	0,823	0,899	0,886	0,969	0,890	1,164	1,190	1,114	1,159	1,179	1,188	1,098	1,213	1,173	1,166	1,181	1,237	1,083	1,112	1,051	1,060	0,976	1,052	1,022	1,012	1,045	1,098	1,105	1,141	0,962	0,980	0,969	0,988	0,996	0,985	0,978	1,047	1,001	1,013	1,029	0,995	1,092	1,174	1,105	1,194	1,094	1,217	1,120	1,221	1,109	1,272	1,138	1,264
11:18:04	37,0	1,123	1,045	1,122	0,979	1,146	1,034	1,152	1,004	1,166	1,081	1,127	0,966	0,755	1,018	0,796	0,986	0,786	0,987	0,728	0,955	0,713	0,976	0,833	1,091	1,205	1,247	1,155	1,185	1,195	1,155	1,119	1,212	1,155	1,243	1,204	1,315	0,890	0,929	0,809	0,822	0,862	0,850	0,870	0,825	0,903	0,885	0,974	0,895	1,168	1,194	1,121	1,165	1,182	1,189	1,107	1,217	1,184	1,171	1,186	1,244	1,085	1,114	1,054	1,062	0,978	1,056	1,022	1,016	1,049	1,101	1,112	1,145	0,968	0,983	0,975	0,990	0,999	0,989	0,981	1,050	1,002	1,018	1,031	0,999	1,093	1,180	1,106	1,199	1,096	1,222	1,126	1,228	1,116	1,278	1,142	1,268
11:28:04	37,0	1,123	1,045	1,124	0,982	1,149	1,035	1,155	1,005	1,169	1,082	1,131	0,966	0,759	1,019	0,798	0,989	0,790	0,991	0,734	0,962	0,720	0,975	0,837	1,092	1,211	1,251	1,160	1,193	1,200	1,159	1,123	1,218	1,162	1,247	1,207	1,316	0,896	0,933	0,812	0,826	0,863	0,856	0,874	0,828	0,901	0,889	0,978	0,895	1,171	1,199	1,124	1,166	1,186	1,193	1,109	1,224	1,189	1,175	1,191	1,242	1,088	1,117	1,057	1,065	0,982	1,060	1,026	1,020	1,054	1,103	1,114	1,148	0,974	0,987	0,979	0,995	1,003	0,994	0,984	1,055	1,006	1,022	1,035	1,002	1,096	1,185	1,110	1,204	1,097	1,227	1,126	1,230	1,120	1,280	1,143	1,272
11:38:04	37,0	1,127	1,045	1,127	0,983	1,150	1,035	1,156	1,005	1,172	1,080	1,131	0,964	0,761	1,023	0,802	0,991	0,793	0,993	0,740	0,962	0,720	0,976	0,841	1,093	1,217	1,254	1,163	1,193	1,203	1,166	1,128	1,220	1,164	1,247	1,208	1,321	0,899	0,936	0,816	0,827	0,867	0,859	0,877	0,830	0,909	0,892	0,980	0,899	1,174	1,200	1,128	1,174	1,187	1,195	1,115	1,224	1,195	1,178	1,193	1,242	1,091	1,118	1,061	1,065	0,982	1,064	1,024	1,021	1,058	1,103	1,114	1,145	0,978	0,990	0,980	0,997	1,002	0,996	0,985	1,055	1,008	1,022	1,034	1,002	1,097	1,188	1,107	1,208	1,099	1,231	1,126	1,232	1,117	1,283	1,146	1,272
11:48:04	37,0	1,132	1,047	1,132	0,985	1,155	1,037	1,162	1,009	1,175	1,082	1,136	0,967	0,765	1,026	0,806	0,994	0,797	0,996	0,742	0,969	0,729	0,983	0,843	1,092	1,223	1,260	1,170	1,199	1,208	1,173	1,134	1,225	1,169	1,255	1,217	1,325	0,901	0,939	0,818	0,831	0,870	0,861	0,881	0,831	0,912	0,893	0,983	0,904	1,179	1,203	1,134	1,178	1,188	1,201	1,120	1,228	1,197	1,186	1,198	1,252	1,094	1,121	1,063	1,069	0,987	1,065	1,028	1,024	1,058	1,108	1,119	1,148	0,983	0,992	0,987	0,999	1,008	0,998	0,987	1,059	1,010	1,027	1,036	1,006	1,100	1,191	1,109	1,211	1,099	1,236	1,127	1,238	1,120	1,286	1,149	1,276
11:58:04	37,0	1,134	1,048	1,134	0,986	1,157	1,038	1,166	1,008	1,177	1,083	1,141	0,968	0,769	1,028	0,809	0,996	0,799	0,998	0,748	0,969	0,728	0,982	0,849	1,094	1,227	1,263	1,174	1,201	1,213	1,176	1,138	1,230	1,174	1,259	1,221	1,326	0,904	0,943	0,820	0,834	0,872	0,865	0,884	0,837	0,915	0,894	0,984	0,907	1,182	1,206	1,139	1,181	1,192	1,201	1,127	1,230	1,206	1,185	1,200	1,248	1,098	1,122	1,065	1,069	0,989	1,069	1,030	1,027	1,063	1,107	1,120	1,148	0,986	0,995	0,988	1,002	1,007	1,002	0,990	1,064	1,014	1,026	1,038	1,007	1,101	1,196	1,111	1,216	1,103	1,240	1,130	1,240	1,119	1,290	1,150	1,278
12:08:04	37,0	1,139	1,049	1,138	0,988	1,162	1,040	1,170	1,010	1,184	1,083	1,145	0,971	0,772	1,030	0,812	0,998	0,802	0,997	0,750	0,975	0,735	0,985	0,850	1,095	1,233	1,268	1,177	1,206	1,217	1,181	1,142	1,235	1,180	1,264	1,229	1,330	0,908	0,946	0,823	0,838	0,876	0,868	0,885	0,836	0,918	0,899	0,986	0,910	1,186	1,210	1,143	1,185	1,198	1,206	1,129	1,234	1,204	1,190	1,204	1,254	1,099	1,125	1,067	1,071	0,992	1,069	1,029	1,028	1,060	1,110	1,123	1,149	0,990	0,997	0,991	1,004	1,013	1,006	0,992	1,064	1,016	1,030	1,039	1,008	1,103	1,201	1,111	1,221	1,105	1,242	1,131	1,244	1,122	1,293	1,150	1,281
12:18:04	37,0	1,140	1,051	1,137	0,988	1,164	1,038	1,170	1,008	1,184	1,079	1,145	0,967	0,768	1,032	0,813	1,000	0,806	1,000	0,755	0,974	0,739	0,986	0,855	1,091	1,235	1,270	1,181	1,208	1,217	1,183	1,143	1,234	1,182	1,266	1,226	1,329	0,911	0,946	0,823	0,839	0,877	0,868	0,885	0,838	0,920	0,901	0,987	0,908	1,186	1,209	1,145	1,182	1,194	1,207	1,129	1,230	1,199	1,191	1,203	1,254	1,103	1,126	1,068	1,070	0,992	1,067	1,030	1,028	1,061	1,107	1,122	1,146	0,991	0,998	0,992	1,004	1,009	1,005	0,991	1,062	1,016	1,028	1,038	1,005	1,105	1,204	1,111	1,222	1,103	1,245	1,130	1,243	1,117	1,293	1,147	1,279
12:28:04	37,0	1,143	1,052	1,140	0,989	1,167	1,038	1,175	1,008	1,189	1,079	1,150	0,970	0,778	1,036	0,817	1,003	0,811	1,001	0,759	0,978	0,744	0,985	0,856	1,095	1,242	1,276	1,186	1,215	1,224	1,190	1,152	1,239	1,188	1,271	1,236	1,331	0,914	0,949	0,826	0,842	0,878	0,873	0,891	0,840	0,923	0,904	0,993	0,911	1,191	1,214	1,149	1,191	1,199	1,214	1,133	1,234	1,207	1,196	1,209	1,256	1,103	1,129	1,071	1,071	0,993	1,071	1,033	1,031	1,065	1,109	1,125	1,147	0,994	0,999	0,995	1,007	1,012	1,006	0,992	1,066	1,021	1,030	1,039	1,007	1,105	1,206	1,111	1,227	1,102	1,247	1,132	1,248	1,123	1,294	1,150	1,284
12:38:04	37,0	1,149	1,052	1,144	0,989	1,172	1,038	1,179	1,009	1,192	1,080	1,153	0,970	0,780	1,038	0,820	1,004	0,808	1,005	0,763	0,980	0,748	0,989	0,859	1,097	1,245	1,279	1,190	1,218	1,228	1,193	1,155	1,243	1,192	1,275	1,238	1,334	0,918	0,951	0,828	0,843	0,881	0,876	0,894	0,841	0,925	0,903	0,992	0,913	1,195	1,216	1,154	1,193	1,204	1,219	1,139	1,238	1,211	1,198	1,211	1,254	1,102	1,129	1,072	1,073	0,996	1,073	1,035	1,031	1,065	1,109	1,127	1,149	0,997	1,000	0,999	1,008	1,011	1,007	0,995	1,071	1,021	1,033	1,041	1,008	1,105	1,209	1,112	1,229	1,101	1,250	1,132	1,252	1,119	1,297	1,149	1,287
12:48:04	37,0	1,151	1,055	1,146	0,990	1,174	1,040	1,182	1,011	1,195	1,080	1,156	0,970	0,784	1,041	0,824	1,007	0,813	1,008	0,766	0,980	0,746	0,990	0,863	1,099	1,249	1,282	1,195	1,222	1,234	1,199	1,160	1,247	1,197	1,276	1,243	1,336	0,919	0,954	0,831	0,844	0,884	0,877	0,894	0,846	0,922	0,905	0,995	0,917	1,198	1,218	1,157	1,196	1,204	1,216	1,142	1,239	1,216	1,201	1,217	1,258	1,106	1,131	1,073	1,074	0,998	1,080	1,038	1,031	1,066	1,111	1,128	1,150	1,000	1,003	1,002	1,008	1,014	1,010	0,997	1,074	1,026	1,032	1,043	1,008	1,108	1,213	1,115	1,233	1,102	1,252	1,134	1,255	1,124	1,300	1,153	1,288
12:58:04	37,0	1,153	1,055	1,149	0,989	1,176	1,039	1,186	1,011	1,198	1,077	1,159	0,969	0,784	1,043	0,826	1,008	0,813	1,008	0,770	0,982	0,754	0,991	0,868	1,098	1,253	1,284	1,197	1,224	1,236	1,203	1,162	1,250	1,199	1,282	1,247	1,337	0,921	0,956	0,831	0,845	0,886	0,878	0,894	0,844	0,926	0,906	0,999	0,918	1,200	1,220	1,160	1,199	1,208	1,219	1,144	1,240	1,216	1,204	1,218	1,259	1,107	1,131	1,075	1,073	0,998	1,078	1,038	1,032	1,067	1,113	1,129	1,149	1,003	1,004	1,003	1,010	1,015	1,011	0,995	1,074	1,028	1,033	1,041	1,008	1,108	1,216	1,115	1,236	1,102	1,257	1,134	1,258	1,121	1,301	1,150	1,288
13:08:04	37,0	1,156	1,056	1,152	0,991	1,182	1,039	1,187	1,013	1,201	1,080	1,162	0,973	0,786	1,046	0,830	1,012	0,816	1,012	0,772	0,985	0,754	0,995	0,869	1,100	1,257	1,289	1,201	1,230	1,240	1,207	1,167	1,255	1,205	1,289	1,253	1,340	0,924	0,958	0,833	0,846	0,887	0,879	0,901	0,846	0,929	0,906	0,998	0,925	1,204	1,224	1,163	1,201	1,214	1,222	1,150	1,244	1,226	1,208	1,220	1,264	1,107	1,133	1,074	1,076	1,000	1,076	1,038	1,033	1,067	1,115	1,132	1,150	1,006	1,004	1,004	1,010	1,017	1,010	0,998	1,078	1,028	1,033	1,044	1,009	1,111	1,220	1,115	1,238	1,102	1,259	1,137	1,261	1,119	1,305	1,152	1,291
13:18:04	37,0	1,161	1,058	1,153	0,991	1,185	1,040	1,191	1,013	1,203	1,080	1,166	0,973	0,790	1,047	0,833	1,014	0,820	1,012	0,776	0,983	0,756	0,999	0,874	1,102	1,259	1,293	1,203	1,235	1,244	1,213	1,171	1,261	1,210	1,292	1,255	1,341	0,926	0,959	0,836	0,850	0,890	0,882	0,902	0,849	0,933	0,907	1,004	0,927	1,207	1,227	1,169	1,201	1,216	1,223	1,151	1,247	1,228	1,209	1,226	1,266	1,108	1,133	1,075	1,076	1,002	1,077	1,041	1,035	1,071	1,116	1,135	1,152	1,007	1,007	1,009	1,013	1,018	1,012	1,000	1,079	1,029	1,039	1,044	1,009	1,113	1,223	1,117	1,241	1,103	1,261	1,138	1,264	1,125	1,306	1,153	1,293
13:28:04	37,0	1,160	1,058	1,156	0,991	1,188	1,040	1,193	1,014	1,205	1,078	1,168	0,972	0,792	1,049	0,834	1,015	0,823	1,016	0,778	0,987	0,759	1,000	0,880	1,102	1,263	1,295	1,207	1,237	1,246	1,216	1,174	1,262	1,213	1,293	1,258	1,340	0,926	0,963	0,836	0,850	0,890	0,884	0,901	0,848	0,934	0,912	1,005	0,927	1,209	1,227	1,172	1,203	1,217	1,225	1,152	1,246	1,227	1,211	1,228	1,263	1,109	1,135	1,077	1,075	1,002	1,079	1,038	1,034	1,071	1,115	1,134	1,150	1,010	1,008	1,010	1,012	1,020	1,014	0,999	1,078	1,034	1,036	1,043	1,008	1,113	1,226	1,118	1,244	1,102	1,264	1,139	1,266	1,123	1,309	1,152	1,293
13:38:04	37,0	1,165	1,058	1,156	0,992	1,191	1,040	1,195	1,014	1,209	1,077	1,172	0,971	0,795	1,052	0,836	1,016	0,822	1,015	0,781	0,987	0,765	1,000	0,882	1,103	1,265	1,297	1,211	1,243	1,250	1,222	1,179	1,265	1,217	1,296	1,262	1,342	0,930	0,964	0,836	0,852	0,892	0,886	0,906	0,853	0,936	0,911	1,007	0,930	1,211	1,229	1,176	1,205	1,217	1,230	1,155	1,246	1,228	1,214	1,228	1,263	1,110	1,136	1,078	1,077	1,004	1,078	1,040	1,035	1,070	1,114	1,137	1,153	1,011	1,008	1,013	1,015	1,022	1,012	1,002	1,082	1,034	1,038	1,046	1,008	1,113	1,228	1,117	1,243	1,101	1,265	1,136	1,267	1,120	1,308	1,151	1,292
13:48:04	37,0	1,166	1,058	1,160	0,991	1,192	1,038	1,198	1,013	1,208	1,076	1,175	0,973	0,794	1,052	0,837	1,017	0,825	1,020	0,784	0,988	0,767	1,001	0,886	1,102	1,268	1,298	1,212	1,243	1,252	1,225	1,184	1,266	1,220	1,298	1,264	1,341	0,931	0,965	0,838	0,856	0,894	0,888	0,908	0,851	0,932	0,916	1,005	0,929	1,213	1,231	1,177	1,205	1,218	1,230	1,157	1,247	1,231	1,215	1,229	1,264	1,110	1,135	1,078	1,076	1,004	1,079	1,042	1,036	1,073	1,114	1,137	1,152	1,012	1,009	1,014	1,013	1,022	1,012	1,002	1,084	1,036	1,036	1,042	1,008	1,114	1,232	1,116	1,246	1,101	1,267	1,135	1,268	1,121	1,309	1,149	1,293
13:58:04	37,0	1,169	1,059	1,163	0,991	1,193	1,038	1,200	1,014	1,211	1,077	1,177	0,973	0,799	1,054	0,839	1,019	0,826	1,018	0,785	0,993	0,769	1,004	0,889	1,104	1,271	1,302	1,217	1,247	1,256	1,228	1,187	1,271	1,224	1,302	1,267	1,343	0,933	0,966	0,841	0,858	0,896	0,889	0,911	0,854	0,939	0,916	1,009	0,932	1,215	1,232	1,180	1,209	1,221	1,236	1,161	1,251	1,236	1,217	1,232	1,264	1,110	1,137	1,079	1,076	1,004	1,080	1,042	1,037	1,073	1,115	1,139	1,151	1,014	1,009	1,016	1,014	1,023	1,013	1,002	1,087	1,037	1,040	1,044	1,007	1,113	1,234	1,117	1,249	1,100	1,269	1,134	1,271	1,123	1,311	1,149	1,294
14:08:04	37,0	1,170	1,059	1,164	0,992	1,195	1,038	1,203	1,016	1,214	1,077	1,178	0,972	0,803	1,057	0,842	1,020	0,828	1,021	0,789	0,993	0,768	1,001	0,889	1,105	1,273	1,304	1,219	1,250	1,260	1,232	1,189	1,273	1,226	1,304	1,270	1,342	0,935	0,969	0,841	0,856	0,897	0,889	0,910	0,857	0,938	0,916	1,012	0,931	1,218	1,233	1,184	1,214	1,224	1,234	1,164	1,253	1,233	1,219	1,234	1,263	1,111	1,138	1,079	1,077	1,005	1,081	1,042	1,035	1,074	1,115	1,139	1,151	1,016	1,010	1,017	1,013	1,024	1,015	1,003	1,091	1,041	1,038	1,048	1,007	1,115	1,237	1,119	1,252	1,099	1,271	1,135	1,272	1,122	1,312	1,148	1,295
14:18:04	37,0	1,171	1,058	1,164	0,991	1,197	1,037	1,203	1,016	1,216	1,076	1,181	0,970	0,803	1,057	0,844	1,022	0,827	1,021	0,790	0,995	0,771	1,006	0,890	1,104	1,275	1,305	1,221	1,252	1,262	1,236	1,192	1,278	1,229	1,307	1,273	1,343	0,936	0,970	0,843	0,856	0,899	0,889	0,910	0,858	0,940	0,915	1,011	0,934	1,220	1,236	1,186	1,214	1,228	1,235	1,167	1,255	1,240	1,221	1,233	1,266	1,111	1,138	1,080	1,077	1,004	1,080	1,043	1,035	1,074	1,118	1,141	1,152	1,017	1,010	1,020	1,012	1,024	1,014	1,004	1,089	1,040	1,040	1,047	1,007	1,115	1,241	1,118	1,253	1,101	1,272	1,134	1,274	1,123	1,311	1,149	1,294
14:28:04	37,0	1,174	1,059	1,165	0,991	1,200	1,036	1,206	1,017	1,217	1,076	1,184	0,969	0,806	1,058	0,846	1,023	0,831	1,026	0,792	0,998	0,776	1,012	0,888	1,104	1,276	1,308	1,224	1,258	1,264	1,239	1,196	1,280	1,232	1,308	1,277	1,343	0,937	0,971	0,843	0,859	0,899	0,891	0,913	0,860	0,941	0,915	1,014	0,936	1,222	1,236	1,190	1,213	1,228	1,242	1,166	1,255	1,238	1,225	1,235	1,267	1,112	1,140	1,081	1,079	1,006	1,082	1,041	1,035	1,077	1,116	1,141	1,153	1,018	1,010	1,023	1,014	1,023	1,010	1,008	1,091	1,043	1,041	1,050	1,007	1,115	1,242	1,120	1,255	1,099	1,274	1,132	1,275	1,119	1,314	1,148	1,295
14:38:04	37,0	1,174	1,058	1,169	0,990	1,202	1,035	1,207	1,015	1,218	1,073	1,182	0,966	0,804	1,059	0,849	1,024	0,832	1,026	0,795	0,998	0,774	1,007	0,893	1,103	1,278	1,307	1,227	1,260	1,265	1,242	1,199	1,282	1,236	1,307	1,274	1,341	0,938	0,972	0,844	0,861	0,901	0,891	0,911	0,857	0,941	0,916	1,013	0,934	1,224	1,238	1,190	1,214	1,229	1,238	1,167	1,253	1,239	1,225	1,235	1,263	1,114	1,139	1,080	1,079	1,006	1,083	1,041	1,033	1,074	1,116	1,141	1,153	1,020	1,009	1,023	1,014	1,026	1,014	1,004	1,091	1,047	1,039	1,047	1,007	1,117	1,245	1,118	1,257	1,101	1,276	1,133	1,276	1,122	1,314	1,145	1,294
14:48:04	37,0	1,177	1,059	1,170	0,990	1,204	1,034	1,210	1,016	1,223	1,073	1,186	0,965	0,809	1,060	0,851	1,024	0,835	1,026	0,797	1,002	0,782	1,010	0,894	1,104	1,280	1,310	1,231	1,266	1,268	1,247	1,203	1,285	1,238	1,312	1,279	1,341	0,939	0,973	0,845	0,863	0,903	0,895	0,917	0,860	0,947	0,916	1,016	0,938	1,225	1,240	1,194	1,215	1,231	1,242	1,172	1,254	1,244	1,226	1,236	1,267	1,113	1,142	1,081	1,079	1,008	1,085	1,043	1,036	1,076	1,117	1,143	1,154	1,021	1,010	1,024	1,013	1,028	1,011	1,007	1,097	1,045	1,042	1,051	1,008	1,117	1,248	1,118	1,258	1,099	1,275	1,135	1,276	1,119	1,314	1,144	1,293
14:58:04	37,0	1,177	1,059	1,172	0,991	1,209	1,034	1,214	1,015	1,223	1,072	1,187	0,963	0,808	1,063	0,852	1,028	0,834	1,027	0,797	1,002	0,784	1,014	0,892	1,106	1,280	1,311	1,233	1,271	1,272	1,249	1,205	1,288	1,241	1,313	1,280	1,341	0,941	0,975	0,847	0,864	0,903	0,896	0,917	0,863	0,945	0,919	1,018	0,938	1,226	1,241	1,195	1,216	1,233	1,244	1,174	1,256	1,242	1,229	1,236	1,267	1,114	1,143	1,081	1,078	1,008	1,088	1,045	1,035	1,079	1,118	1,145	1,157	1,022	1,011	1,028	1,017	1,030	1,013	1,009	1,098	1,047	1,044	1,049	1,007	1,120	1,251	1,121	1,262	1,102	1,278	1,135	1,278	1,121	1,317	1,146	1,294
15:08:04	37,0	1,179	1,057	1,174	0,990	1,210	1,034	1,213	1,016	1,225	1,069	1,188	0,961	0,805	1,063	0,853	1,027	0,838	1,029	0,800	1,004	0,787	1,013	0,893	1,106	1,281	1,311	1,234	1,271	1,272	1,250	1,207	1,290	1,244	1,313	1,281	1,340	0,942	0,977	0,847	0,864	0,904	0,896	0,919	0,865	0,949	0,922	1,018	0,939	1,227	1,242	1,196	1,217	1,235	1,249	1,175	1,254	1,240	1,228	1,240	1,266	1,115	1,143	1,081	1,079	1,009	1,088	1,042	1,035	1,079	1,117	1,146	1,155	1,022	1,011	1,030	1,015	1,031	1,013	1,010	1,101	1,051	1,044	1,052	1,007	1,119	1,252	1,117	1,263	1,100	1,278	1,134	1,278	1,115	1,317	1,144	1,290
15:18:04	37,0	1,177	1,056	1,174	0,988	1,211	1,031	1,213	1,011	1,225	1,066	1,186	0,958	0,802	1,063	0,853	1,027	0,838	1,029	0,802	1,003	0,780	1,008	0,895	1,104	1,280	1,310	1,235	1,272	1,272	1,253	1,211	1,288	1,245	1,308	1,276	1,336	0,942	0,977	0,846	0,864	0,905	0,893	0,915	0,863	0,945	0,915	1,019	0,937	1,226	1,239	1,198	1,218	1,232	1,243	1,173	1,253	1,245	1,228	1,238	1,261	1,116	1,144	1,082	1,079	1,006	1,086	1,045	1,036	1,079	1,116	1,143	1,153	1,022	1,010	1,028	1,012	1,031	1,012	1,007	1,096	1,051	1,041	1,050	1,006	1,119	1,253	1,116	1,262	1,099	1,278	1,130	1,277	1,116	1,315	1,141	1,289
15:28:04	37,0	1,178	1,055	1,174	0,988	1,212	1,031	1,219	1,011	1,226	1,064	1,188	0,954	0,803	1,063	0,853	1,028	0,840	1,028	0,806	1,003	0,788	1,010	0,896	1,103	1,282	1,311	1,239	1,273	1,273	1,256	1,213	1,290	1,246	1,313	1,277	1,336	0,943	0,976	0,847	0,864	0,907	0,896	0,918	0,863	0,945	0,922	1,017	0,937	1,226	1,237	1,196	1,218	1,232	1,248	1,174	1,253	1,245	1,230	1,238	1,263	1,117	1,145	1,081	1,078	1,007	1,084	1,044	1,035	1,080	1,121	1,144	1,151	1,021	1,009	1,030	1,012	1,029	1,011	1,008	1,097	1,053	1,042	1,048	1,003	1,115	1,253	1,113	1,262	1,098	1,279	1,128	1,276	1,116	1,313	1,139	1,290
15:38:04	37,0	1,178	1,054	1,173	0,986	1,213	1,028	1,217	1,010	1,225	1,059	1,186	0,950	0,799	1,064	0,851	1,029	0,839	1,030	0,804	1,002	0,785	1,010	0,890	1,101	1,281	1,310	1,240	1,274	1,272	1,256	1,213	1,288	1,247	1,311	1,277	1,333	0,943	0,976	0,846	0,862	0,905	0,895	0,915	0,860	0,943	0,920	1,018	0,937	1,228	1,237	1,197	1,218	1,230	1,243	1,175	1,251	1,239	1,228	1,236	1,262	1,115	1,147	1,083	1,079	1,008	1,085	1,043	1,033	1,076	1,115	1,143	1,149	1,022	1,008	1,031	1,010	1,031	1,011	1,007	1,098	1,052	1,040	1,048	1,001	1,114	1,254	1,109	1,263	1,097	1,279	1,126	1,276	1,114	1,313	1,135	1,286
15:48:04	37,0	1,180	1,052	1,174	0,983	1,213	1,027	1,218	1,010	1,227	1,061	1,188	0,950	0,800	1,066	0,853	1,030	0,840	1,030	0,806	1,003	0,790	1,012	0,892	1,101	1,282	1,309	1,241	1,278	1,273	1,259	1,217	1,290	1,248	1,312	1,278	1,332	0,943	0,977	0,847	0,865	0,906	0,894	0,918	0,861	0,947	0,918	1,023	0,940	1,228	1,239	1,201	1,222	1,233	1,244	1,176	1,253	1,248	1,228	1,240	1,261	1,116	1,146	1,083	1,079	1,007	1,086	1,045	1,034	1,076	1,117	1,146	1,153	1,022	1,009	1,033	1,013	1,030	1,008	1,010	1,100	1,054	1,042	1,047	1,002	1,115	1,255	1,110	1,264	1,096	1,279	1,126	1,278	1,113	1,313	1,137	1,287
15:58:04	37,0	1,181	1,051	1,176	0,983	1,215	1,027	1,217	1,010	1,228	1,058	1,188	0,949	0,798	1,067	0,850	1,030	0,840	1,029	0,807	1,006	0,793	1,011	0,892	1,103	1,282	1,311	1,242	1,279	1,275	1,262	1,220	1,294	1,250	1,314	1,281	1,333	0,945	0,980	0,847	0,866	0,908	0,895	0,921	0,861	0,950	0,920	1,020	0,940	1,229	1,239	1,201	1,220	1,236	1,248	1,179	1,253	1,245	1,231	1,238	1,260	1,117	1,147	1,083	1,079	1,010	1,089	1,045	1,035	1,078	1,118	1,146	1,153	1,023	1,009	1,034	1,012	1,033	1,011	1,010	1,104	1,055	1,043	1,050	1,002	1,115	1,257	1,109	1,265	1,096	1,279	1,123	1,279	1,111	1,315	1,136	1,288
16:08:04	37,0	1,179	1,049	1,176	0,982	1,216	1,025	1,219	1,009	1,229	1,058	1,189	0,947	0,794	1,067	0,849	1,029	0,835	1,030	0,810	1,006	0,792	1,011	0,889	1,100	1,283	1,310	1,243	1,280	1,276	1,260	1,222	1,291	1,250	1,313	1,280	1,330	0,944	0,980	0,848	0,865	0,906	0,895	0,921	0,860	0,945	0,920	1,022	0,941	1,228	1,240	1,203	1,222	1,236	1,243	1,179	1,253	1,251	1,231	1,240	1,258	1,118	1,148	1,084	1,079	1,007	1,088	1,045	1,033	1,078	1,118	1,146	1,153	1,024	1,009	1,036	1,011	1,032	1,009	1,011	1,101	1,057	1,044	1,050	1,003	1,114	1,258	1,107	1,265	1,096	1,279	1,123	1,280	1,111	1,314	1,136	1,288
16:18:04	37,0	1,182	1,049	1,177	0,981	1,217	1,024	1,220	1,010	1,232	1,055	1,190	0,946	0,797	1,067	0,848	1,031	0,838	1,032	0,813	1,005	0,795	1,017	0,889	1,101	1,284	1,310	1,244	1,283	1,278	1,266	1,223	1,298	1,251	1,316	1,280	1,329	0,945	0,982	0,847	0,866	0,907	0,898	0,925	0,867	0,950	0,922	1,024	0,941	1,228	1,243	1,206	1,221	1,237	1,249	1,181	1,253	1,242	1,231	1,240	1,258	1,119	1,150	1,086	1,080	1,011	1,092	1,046	1,038	1,081	1,118	1,148	1,153	1,026	1,011	1,040	1,012	1,035	1,009	1,016	1,106	1,061	1,047	1,050	1,004	1,114	1,261	1,106	1,267	1,094	1,281	1,123	1,280	1,105	1,315	1,135	1,290
16:28:04	37,0	1,181	1,046	1,176	0,979	1,217	1,024	1,219	1,007	1,231	1,052	1,191	0,942	0,791	1,067	0,847	1,030	0,836	1,032	0,811	1,007	0,793	1,013	0,889	1,099	1,282	1,309	1,244	1,284	1,275	1,266	1,224	1,294	1,252	1,313	1,276	1,327	0,945	0,982	0,848	0,866	0,907	0,897	0,922	0,863	0,953	0,916	1,024	0,942	1,228	1,240	1,205	1,222	1,237	1,246	1,182	1,255	1,247	1,232	1,238	1,258	1,118	1,149	1,087	1,081	1,010	1,090	1,048	1,033	1,079	1,117	1,148	1,153	1,026	1,010	1,039	1,011	1,038	1,009	1,013	1,105	1,057	1,046	1,051	1,003	1,114	1,261	1,104	1,267	1,092	1,278	1,121	1,280	1,108	1,314	1,134	1,290
16:38:04	37,0	1,182	1,044	1,177	0,977	1,217	1,021	1,220	1,005	1,230	1,048	1,189	0,941	0,788	1,067	0,845	1,032	0,833	1,034	0,809	1,009	0,789	1,010	0,886	1,098	1,283	1,307	1,243	1,285	1,275	1,264	1,225	1,291	1,251	1,311	1,275	1,325	0,945	0,983	0,847	0,863	0,907	0,894	0,921	0,858	0,944	0,920	1,026	0,942	1,228	1,239	1,207	1,220	1,236	1,245	1,181	1,253	1,244	1,231	1,237	1,254	1,119	1,151	1,085	1,080	1,011	1,089	1,043	1,033	1,081	1,118	1,147	1,153	1,026	1,010	1,043	1,011	1,038	1,010	1,012	1,105	1,062	1,044	1,050	1,002	1,112	1,260	1,102	1,266	1,093	1,281	1,120	1,280	1,107	1,313	1,132	1,288
16:48:04	37,0	1,182	1,043	1,176	0,976	1,220	1,022	1,222	1,004	1,233	1,047	1,191	0,939	0,790	1,066	0,843	1,031	0,832	1,031	0,810	1,007	0,796	1,014	0,885	1,097	1,283	1,307	1,246	1,288	1,276	1,267	1,226	1,294	1,251	1,312	1,278	1,324	0,947	0,985	0,847	0,865	0,907	0,899	0,924	0,862	0,952	0,919	1,026	0,942	1,227	1,240	1,207	1,219	1,237	1,245	1,183	1,253	1,242	1,232	1,237	1,255	1,120	1,151	1,086	1,080	1,012	1,094	1,048	1,035	1,081	1,119	1,149	1,150	1,028	1,010	1,042	1,012	1,037	1,009	1,015	1,109	1,063	1,047	1,050	1,002	1,114	1,262	1,098	1,265	1,090	1,282	1,118	1,281	1,104	1,313	1,130	1,289
16:58:04	37,0	1,180	1,041	1,176	0,973	1,219	1,018	1,220	1,002	1,230	1,043	1,187	0,933	0,786	1,067	0,842	1,029	0,830	1,031	0,809	1,004	0,789	1,010	0,883	1,093	1,282	1,305	1,244	1,285	1,274	1,265	1,226	1,290	1,251	1,303	1,272	1,321	0,945	0,985	0,846	0,863	0,907	0,897	0,919	0,862	0,947	0,916	1,026	0,941	1,227	1,238	1,207	1,219	1,235	1,242	1,181	1,250	1,241	1,230	1,237	1,252	1,120	1,153	1,085	1,079	1,012	1,091	1,047	1,033	1,080	1,116	1,146	1,147	1,027	1,008	1,044	1,010	1,038	1,009	1,012	1,107	1,063	1,044	1,049	1,002	1,112	1,260	1,097	1,265	1,086	1,279	1,115	1,279	1,103	1,312	1,128	1,284
17:08:04	37,0	1,179	1,039	1,175	0,971	1,217	1,016	1,219	1,000	1,230	1,040	1,188	0,929	0,785	1,068	0,840	1,028	0,827	1,032	0,809	1,004	0,788	1,009	0,883	1,092	1,281	1,304	1,242	1,285	1,272	1,267	1,228	1,288	1,250	1,305	1,271	1,319	0,947	0,985	0,847	0,863	0,907	0,897	0,921	0,863	0,948	0,915	1,024	0,942	1,227	1,237	1,208	1,220	1,234	1,242	1,181	1,251	1,238	1,230	1,236	1,252	1,120	1,153	1,085	1,080	1,014	1,093	1,048	1,033	1,079	1,117	1,148	1,149	1,026	1,008	1,044	1,010	1,038	1,010	1,014	1,106	1,063	1,046	1,048	1,002	1,112	1,261	1,093	1,265	1,085	1,279	1,115	1,279	1,102	1,310	1,126	1,283
17:18:04	37,0	1,179	1,039	1,174	0,970	1,220	1,015	1,221	1,000	1,232	1,039	1,192	0,929	0,784	1,068	0,839	1,030	0,824	1,033	0,804	1,007	0,791	1,012	0,880	1,095	1,282	1,304	1,243	1,284	1,272	1,268	1,229	1,289	1,250	1,309	1,274	1,319	0,947	0,986	0,846	0,865	0,906	0,898	0,923	0,863	0,950	0,918	1,028	0,944	1,225	1,236	1,209	1,222	1,233	1,246	1,183	1,248	1,240	1,230	1,236	1,250	1,119	1,153	1,086	1,079	1,012	1,092	1,046	1,036	1,081	1,119	1,149	1,150	1,027	1,009	1,045	1,010	1,038	1,008	1,019	1,111	1,062	1,046	1,050	0,999	1,111	1,261	1,093	1,264	1,083	1,280	1,113	1,280	1,103	1,310	1,127	1,286
17:28:04	37,0	1,180	1,037	1,174	0,968	1,220	1,014	1,221	0,997	1,233	1,035	1,190	0,927	0,782	1,068	0,837	1,030	0,823	1,033	0,805	1,006	0,789	1,015	0,877	1,094	1,281	1,303	1,243	1,286	1,272	1,268	1,230	1,290	1,250	1,308	1,272	1,317	0,946	0,987	0,847	0,864	0,906	0,898	0,926	0,864	0,951	0,918	1,029	0,944	1,226	1,237	1,209	1,219	1,234	1,241	1,185	1,249	1,244	1,231	1,235	1,249	1,121	1,154	1,087	1,081	1,014	1,093	1,046	1,035	1,080	1,119	1,149	1,150	1,028	1,011	1,047	1,010	1,041	1,009	1,018	1,112	1,063	1,047	1,051	1,002	1,110	1,261	1,091	1,266	1,082	1,281	1,112	1,279	1,099	1,310	1,125	1,285
17:38:04	37,0	1,180	1,034	1,174	0,965	1,218	1,012	1,220	0,995	1,231	1,033	1,189	0,924	0,779	1,067	0,834	1,029	0,822	1,029	0,804	1,006	0,786	1,008	0,876	1,091	1,279	1,301	1,241	1,285	1,270	1,266	1,227	1,286	1,247	1,305	1,268	1,314	0,946	0,987	0,846	0,865	0,906	0,898	0,924	0,864	0,955	0,917	1,027	0,942	1,225	1,237	1,210	1,219	1,236	1,241	1,185	1,246	1,237	1,230	1,233	1,248	1,121	1,153	1,086	1,080	1,012	1,092	1,046	1,034	1,080	1,118	1,148	1,150	1,027	1,009	1,049	1,010	1,041	1,008	1,017	1,109	1,066	1,046	1,051	1,001	1,109	1,262	1,090	1,264	1,079	1,279	1,110	1,279	1,098	1,309	1,124	1,284
17:48:04	37,0	1,179	1,035	1,173	0,964	1,217	1,011	1,220	0,992	1,230	1,031	1,190	0,923	0,775	1,067	0,833	1,029	0,818	1,030	0,802	1,006	0,785	1,010	0,877	1,092	1,279	1,301	1,241	1,289	1,270	1,264	1,228	1,285	1,246	1,306	1,271	1,314	0,948	0,989	0,845	0,863	0,905	0,898	0,925	0,858	0,952	0,917	1,024	0,944	1,224	1,236	1,209	1,218	1,239	1,241	1,183	1,249	1,238	1,231	1,230	1,248	1,121	1,155	1,087	1,080	1,013	1,092	1,046	1,034	1,081	1,118	1,149	1,151	1,028	1,010	1,050	1,012	1,040	1,006	1,016	1,111	1,067	1,045	1,051	1,001	1,109	1,260	1,090	1,263	1,077	1,280	1,110	1,279	1,097	1,306	1,124	1,283
17:58:04	37,0	1,177	1,031	1,174	0,961	1,216	1,007	1,221	0,990	1,230	1,027	1,189	0,919	0,774	1,065	0,831	1,027	0,816	1,031	0,799	1,005	0,784	1,006	0,874	1,089	1,278	1,298	1,240	1,288	1,270	1,266	1,227	1,284	1,246	1,304	1,269	1,312	0,945	0,989	0,845	0,863	0,904	0,898	0,924	0,861	0,950	0,913	1,026	0,942	1,225	1,236	1,208	1,218	1,237	1,242	1,184	1,249	1,235	1,230	1,229	1,246	1,121	1,155	1,086	1,080	1,015	1,092	1,048	1,033	1,078	1,118	1,148	1,149	1,028	1,010	1,050	1,009	1,043	1,008	1,017	1,111	1,066	1,046	1,052	0,999	1,106	1,260	1,087	1,263	1,075	1,280	1,107	1,278	1,098	1,305	1,122	1,283
18:08:04	37,0	1,177	1,028	1,171	0,959	1,215	1,005	1,220	0,987	1,229	1,023	1,187	0,913	0,769	1,066	0,827	1,027	0,814	1,028	0,798	1,004	0,779	1,005	0,871	1,086	1,276	1,296	1,238	1,286	1,267	1,262	1,227	1,280	1,242	1,301	1,264	1,308	0,946	0,989	0,843	0,862	0,902	0,894	0,922	0,858	0,950	0,913	1,026	0,942	1,221	1,233	1,208	1,218	1,236	1,239	1,182	1,246	1,233	1,228	1,228	1,243	1,120	1,155	1,087	1,080	1,013	1,090	1,046	1,032	1,077	1,117	1,148	1,149	1,027	1,008	1,051	1,009	1,041	1,007	1,018	1,111	1,066	1,045	1,049	0,999	1,103	1,258	1,084	1,262	1,072	1,277	1,104	1,277	1,093	1,304	1,119	1,282
18:18:04	37,0	1,175	1,025	1,169	0,955	1,213	1,002	1,219	0,984	1,227	1,020	1,187	0,910	0,768	1,064	0,825	1,026	0,811	1,027	0,797	1,000	0,775	1,005	0,869	1,085	1,276	1,294	1,235	1,283	1,265	1,261	1,225	1,279	1,242	1,295	1,261	1,307	0,947	0,989	0,842	0,860	0,901	0,894	0,923	0,859	0,947	0,913	1,024	0,941	1,222	1,233	1,207	1,217	1,232	1,236	1,181	1,244	1,232	1,226	1,228	1,242	1,120	1,155	1,086	1,078	1,013	1,091	1,047	1,033	1,081	1,116	1,149	1,146	1,027	1,008	1,052	1,010	1,042	1,008	1,018	1,112	1,067	1,044	1,049	0,997	1,099	1,258	1,078	1,261	1,068	1,277	1,102	1,276	1,091	1,303	1,118	1,279
18:28:04	37,0	1,174	1,022	1,169	0,952	1,213	1,000	1,217	0,981	1,228	1,017	1,185	0,906	0,766	1,065	0,822	1,026	0,809	1,027	0,796	0,998	0,774	1,002	0,866	1,083	1,273	1,294	1,234	1,280	1,263	1,258	1,226	1,276	1,241	1,296	1,259	1,305	0,945	0,987	0,842	0,859	0,902	0,895	0,922	0,859	0,948	0,910	1,024	0,940	1,221	1,229	1,206	1,216	1,229	1,238	1,179	1,244	1,231	1,225	1,228	1,238	1,120	1,155	1,087	1,078	1,013	1,089	1,045	1,036	1,079	1,117	1,147	1,143	1,025	1,007	1,053	1,010	1,041	1,005	1,017	1,110	1,065	1,041	1,049	0,996	1,098	1,258	1,076	1,260	1,067	1,277	1,097	1,275	1,089	1,301	1,116	1,278
18:38:04	37,0	1,175	1,018	1,167	0,951	1,212	0,998	1,218	0,978	1,227	1,013	1,186	0,904	0,763	1,063	0,820	1,024	0,807	1,026	0,792	0,998	0,773	1,003	0,865	1,083	1,271	1,292	1,234	1,278	1,261	1,259	1,225	1,275	1,239	1,297	1,258	1,303	0,944	0,988	0,841	0,860	0,901	0,894	0,924	0,857	0,948	0,913	1,026	0,940	1,219	1,229	1,204	1,215	1,227	1,239	1,180	1,242	1,231	1,223	1,227	1,241	1,118	1,156	1,086	1,077	1,012	1,091	1,045	1,035	1,079	1,116	1,148	1,144	1,029	1,007	1,053	1,011	1,040	1,006	1,018	1,113	1,066	1,044	1,049	0,995	1,100	1,256	1,075	1,259	1,063	1,275	1,095	1,275	1,087	1,301	1,114	1,276
18:48:04	37,0	1,174	1,017	1,167	0,948	1,210	0,997	1,216	0,975	1,225	1,011	1,185	0,901	0,759	1,063	0,818	1,024	0,803	1,026	0,789	0,998	0,768	1,002	0,860	1,082	1,270	1,292	1,232	1,277	1,261	1,258	1,223	1,273	1,237	1,292	1,255	1,302	0,946	0,988	0,840	0,860	0,900	0,893	0,924	0,855	0,952	0,910	1,023	0,940	1,222	1,228	1,204	1,217	1,228	1,235	1,179	1,240	1,230	1,222	1,225	1,240	1,118	1,158	1,087	1,077	1,013	1,091	1,046	1,035	1,079	1,115	1,148	1,145	1,031	1,007	1,054	1,011	1,040	1,007	1,020	1,113	1,068	1,042	1,048	0,995	1,099	1,255	1,072	1,259	1,060	1,274	1,095	1,275	1,085	1,299	1,111	1,276
18:58:04	37,0	1,174	1,016	1,166	0,945	1,210	0,994	1,216	0,973	1,226	1,010	1,186	0,900	0,756	1,063	0,815	1,024	0,799	1,027	0,786	1,000	0,765	1,001	0,860	1,081	1,269	1,289	1,230	1,276	1,260	1,257	1,222	1,272	1,236	1,293	1,257	1,301	0,945	0,990	0,840	0,857	0,899	0,894	0,923	0,856	0,953	0,911	1,026	0,939	1,220	1,226	1,204	1,216	1,229	1,237	1,178	1,238	1,229	1,222	1,225	1,238	1,120	1,158	1,088	1,078	1,014	1,092	1,043	1,033	1,079	1,115	1,149	1,145	1,032	1,008	1,055	1,008	1,042	1,006	1,020	1,115	1,070	1,044	1,050	0,993	1,097	1,255	1,071	1,259	1,061	1,275	1,095	1,274	1,086	1,298	1,111	1,277
19:08:04	37,0	1,174	1,014	1,166	0,942	1,210	0,992	1,217	0,971	1,226	1,008	1,185	0,899	0,753	1,062	0,812	1,021	0,798	1,026	0,783	0,996	0,763	1,000	0,857	1,081	1,270	1,288	1,228	1,275	1,259	1,254	1,221	1,272	1,233	1,292	1,256	1,299	0,945	0,990	0,839	0,856	0,898	0,893	0,923	0,854	0,950	0,910	1,025	0,939	1,216	1,226	1,203	1,214	1,228	1,231	1,177	1,241	1,226	1,221	1,226	1,238	1,120	1,155	1,089	1,077	1,015	1,091	1,044	1,033	1,081	1,115	1,151	1,145	1,029	1,008	1,055	1,009	1,041	1,008	1,021	1,114	1,071	1,044	1,050	0,993	1,096	1,255	1,071	1,257	1,060	1,274	1,092	1,276	1,083	1,299	1,110	1,277
19:18:04	37,0	1,174	1,012	1,165	0,940	1,210	0,992	1,217	0,969	1,227	1,007	1,185	0,897	0,751	1,062	0,810	1,021	0,795	1,025	0,781	0,997	0,763	1,001	0,855	1,081	1,268	1,287	1,228	1,276	1,258	1,253	1,219	1,272	1,232	1,292	1,256	1,300	0,946	0,990	0,838	0,857	0,897	0,892	0,923	0,854	0,949	0,907	1,025	0,939	1,218	1,225	1,202	1,214	1,228	1,231	1,177	1,240	1,226	1,222	1,225	1,239	1,121	1,156	1,089	1,077	1,013	1,092	1,043	1,031	1,079	1,115	1,151	1,145	1,030	1,008	1,058	1,009	1,042	1,006	1,021	1,114	1,070	1,044	1,051	0,992	1,094	1,254	1,069	1,256	1,057	1,273	1,092	1,276	1,081	1,298	1,110	1,276
19:28:04	37,0	1,173	1,009	1,164	0,936	1,210	0,989	1,216	0,968	1,224	1,004	1,186	0,896	0,747	1,060	0,807	1,021	0,792	1,023	0,779	0,996	0,759	1,002	0,852	1,079	1,267	1,285	1,227	1,278	1,256	1,257	1,219	1,271	1,232	1,291	1,255	1,298	0,945	0,991	0,837	0,856	0,897	0,892	0,920	0,856	0,947	0,909	1,026	0,939	1,217	1,226	1,203	1,212	1,228	1,237	1,178	1,237	1,228	1,220	1,223	1,239	1,120	1,157	1,089	1,077	1,016	1,094	1,045	1,032	1,081	1,116	1,150	1,146	1,032	1,008	1,058	1,009	1,044	1,008	1,022	1,116	1,071	1,045	1,051	0,992	1,094	1,255	1,068	1,255	1,055	1,272	1,093	1,275	1,081	1,296	1,110	1,276
19:38:04	37,0	1,174	1,007	1,162	0,933	1,208	0,987	1,215	0,963	1,224	1,000	1,182	0,891	0,746	1,059	0,805	1,019	0,790	1,024	0,776	0,995	0,758	0,998	0,851	1,075	1,265	1,284	1,224	1,275	1,254	1,250	1,217	1,268	1,228	1,288	1,249	1,296	0,944	0,990	0,835	0,853	0,894	0,892	0,923	0,852	0,950	0,904	1,024	0,938	1,217	1,224	1,201	1,210	1,225	1,233	1,177	1,237	1,223	1,219	1,223	1,237	1,119	1,156	1,087	1,076	1,013	1,093	1,045	1,033	1,080	1,110	1,150	1,143	1,032	1,008	1,058	1,009	1,045	1,007	1,021	1,116	1,073	1,042	1,050	0,993	1,094	1,252	1,064	1,254	1,054	1,270	1,090	1,274	1,079	1,295	1,105	1,274
19:48:04	37,0	1,170	1,004	1,162	0,929	1,207	0,984	1,213	0,961	1,223	0,997	1,184	0,886	0,743	1,059	0,802	1,019	0,784	1,020	0,774	0,990	0,747	0,995	0,846	1,074	1,264	1,284	1,222	1,270	1,251	1,249	1,216	1,264	1,228	1,283	1,248	1,296	0,943	0,990	0,834	0,852	0,892	0,890	0,918	0,851	0,940	0,902	1,022	0,936	1,216	1,222	1,199	1,210	1,222	1,228	1,176	1,236	1,218	1,217	1,220	1,238	1,121	1,158	1,088	1,075	1,014	1,092	1,044	1,030	1,079	1,112	1,150	1,141	1,034	1,007	1,060	1,007	1,047	1,009	1,020	1,113	1,071	1,039	1,048	0,991	1,089	1,252	1,062	1,253	1,052	1,269	1,087	1,272	1,077	1,292	1,104	1,272
19:58:04	37,0	1,172	1,002	1,163	0,927	1,206	0,982	1,211	0,958	1,220	0,996	1,179	0,887	0,741	1,058	0,800	1,017	0,781	1,020	0,772	0,991	0,750	0,991	0,845	1,073	1,262	1,283	1,220	1,269	1,251	1,247	1,215	1,263	1,227	1,283	1,250	1,294	0,943	0,990	0,832	0,852	0,890	0,889	0,921	0,853	0,942	0,903	1,022	0,935	1,214	1,223	1,200	1,210	1,221	1,230	1,174	1,235	1,223	1,217	1,223	1,237	1,120	1,157	1,086	1,076	1,015	1,091	1,043	1,031	1,080	1,112	1,150	1,142	1,031	1,007	1,059	1,008	1,046	1,008	1,022	1,116	1,071	1,042	1,050	0,990	1,090	1,251	1,058	1,253	1,052	1,270	1,085	1,272	1,074	1,293	1,102	1,273
20:08:04	37,0	1,169	0,999	1,160	0,925	1,204	0,980	1,210	0,956	1,221	0,993	1,178	0,882	0,740	1,056	0,795	1,015	0,781	1,019	0,770	0,988	0,747	0,992	0,841	1,072	1,261	1,281	1,219	1,266	1,248	1,246	1,212	1,262	1,225	1,281	1,249	1,293	0,943	0,990	0,831	0,852	0,889	0,888	0,918	0,851	0,944	0,899	1,019	0,934	1,213	1,220	1,198	1,210	1,219	1,225	1,174	1,233	1,217	1,215	1,220	1,236	1,120	1,158	1,087	1,075	1,013	1,091	1,044	1,031	1,077	1,112	1,150	1,139	1,033	1,005	1,061	1,008	1,046	1,007	1,022	1,114	1,071	1,041	1,048	0,987	1,089	1,248	1,057	1,250	1,049	1,267	1,083	1,270	1,073	1,289	1,100	1,270
20:18:04	37,0	1,169	0,997	1,160	0,922	1,204	0,978	1,210	0,953	1,219	0,991	1,177	0,880	0,738	1,056	0,794	1,014	0,778	1,018	0,767	0,986	0,742	0,992	0,836	1,070	1,260	1,280	1,218	1,265	1,246	1,244	1,210	1,261	1,225	1,280	1,243	1,292	0,942	0,989	0,830	0,849	0,888	0,887	0,917	0,848	0,941	0,898	1,022	0,934	1,212	1,221	1,195	1,210	1,218	1,224	1,173	1,231	1,215	1,215	1,218	1,236	1,121	1,159	1,086	1,074	1,014	1,093	1,043	1,030	1,076	1,110	1,148	1,139	1,035	1,006	1,062	1,008	1,050	1,007	1,021	1,112	1,071	1,040	1,050	0,986	1,086	1,249	1,053	1,251	1,047	1,267	1,080	1,269	1,071	1,290	1,097	1,270
20:28:04	37,0	1,167	0,995	1,159	0,919	1,202	0,977	1,208	0,949	1,217	0,988	1,177	0,877	0,735	1,055	0,791	1,013	0,773	1,018	0,763	0,986	0,735	0,989	0,835	1,067	1,258	1,280	1,216	1,261	1,245	1,244	1,210	1,257	1,223	1,279	1,244	1,290	0,942	0,989	0,828	0,847	0,885	0,884	0,912	0,842	0,936	0,896	1,022	0,933	1,211	1,221	1,195	1,209	1,217	1,223	1,172	1,230	1,218	1,213	1,219	1,237	1,118	1,159	1,087	1,074	1,014	1,091	1,042	1,024	1,079	1,111	1,149	1,139	1,034	1,006	1,063	1,007	1,048	1,005	1,020	1,112	1,073	1,040	1,050	0,988	1,084	1,249	1,051	1,250	1,048	1,265	1,079	1,271	1,070	1,290	1,097	1,270
20:38:04	37,0	1,168	0,993	1,158	0,918	1,201	0,976	1,210	0,950	1,217	0,987	1,177	0,878	0,733	1,054	0,789	1,011	0,772	1,018	0,764	0,984	0,738	0,988	0,833	1,069	1,259	1,281	1,216	1,261	1,244	1,241	1,210	1,258	1,222	1,279	1,243	1,289	0,940	0,988	0,827	0,845	0,885	0,884	0,918	0,847	0,940	0,892	1,020	0,932	1,212	1,220	1,195	1,207	1,216	1,221	1,172	1,232	1,219	1,213	1,219	1,238	1,120	1,158	1,087	1,074	1,016	1,091	1,041	1,028	1,081	1,110	1,150	1,140	1,035	1,005	1,063	1,006	1,047	1,005	1,023	1,109	1,075	1,041	1,051	0,986	1,084	1,249	1,053	1,249	1,047	1,265	1,079	1,271	1,071	1,290	1,096	1,269
20:48:04	37,0	1,167	0,992	1,157	0,914	1,200	0,974	1,211	0,946	1,216	0,984	1,176	0,876	0,732	1,055	0,786	1,013	0,770	1,015	0,759	0,984	0,736	0,987	0,829	1,067	1,255	1,279	1,214	1,256	1,243	1,240	1,206	1,256	1,219	1,274	1,242	1,288	0,939	0,988	0,826	0,844	0,883	0,882	0,916	0,844	0,938	0,887	1,020	0,931	1,211	1,220	1,194	1,206	1,214	1,220	1,170	1,231	1,213	1,212	1,217	1,236	1,120	1,158	1,086	1,074	1,014	1,092	1,040	1,028	1,078	1,109	1,149	1,137	1,038	1,004	1,065	1,006	1,051	1,008	1,023	1,110	1,073	1,040	1,049	0,983	1,082	1,249	1,052	1,248	1,046	1,265	1,078	1,269	1,069	1,289	1,093	1,270
20:58:04	37,0	1,166	0,991	1,155	0,913	1,199	0,972	1,209	0,946	1,215	0,985	1,177	0,878	0,731	1,052	0,783	1,012	0,767	1,018	0,757	0,988	0,737	0,989	0,829	1,069	1,255	1,276	1,216	1,264	1,241	1,238	1,207	1,256	1,219	1,275	1,244	1,288	0,938	0,989	0,824	0,843	0,881	0,882	0,917	0,842	0,946	0,892	1,020	0,933	1,212	1,218	1,196	1,206	1,220	1,224	1,171	1,233	1,212	1,211	1,221	1,237	1,117	1,158	1,087	1,074	1,017	1,092	1,039	1,029	1,079	1,109	1,150	1,141	1,039	1,005	1,065	1,006	1,046	1,003	1,024	1,110	1,077	1,041	1,053	0,984	1,079	1,249	1,052	1,248	1,046	1,264	1,079	1,270	1,069	1,289	1,097	1,270
21:08:04	37,0	1,165	0,990	1,156	0,911	1,200	0,971	1,211	0,944	1,213	0,983	1,176	0,875	0,728	1,052	0,782	1,010	0,766	1,012	0,754	0,985	0,735	0,988	0,826	1,068	1,254	1,276	1,211	1,260	1,241	1,236	1,206	1,258	1,217	1,274	1,242	1,288	0,936	0,989	0,824	0,844	0,880	0,882	0,916	0,842	0,939	0,889	1,020	0,931	1,212	1,221	1,196	1,205	1,219	1,226	1,169	1,235	1,216	1,212	1,220	1,239	1,118	1,158	1,087	1,073	1,016	1,092	1,041	1,027	1,078	1,110	1,151	1,140	1,037	1,006	1,065	1,005	1,050	1,004	1,024	1,114	1,074	1,040	1,054	0,986	1,079	1,247	1,048	1,248	1,043	1,263	1,076	1,270	1,069	1,288	1,093	1,272
21:18:04	37,0	1,162	0,988	1,155	0,909	1,198	0,969	1,209	0,942	1,212	0,980	1,175	0,873	0,727	1,053	0,779	1,010	0,762	1,012	0,752	0,981	0,727	0,986	0,823	1,067	1,255	1,277	1,211	1,258	1,239	1,236	1,205	1,254	1,216	1,273	1,241	1,289	0,936	0,988	0,821	0,841	0,879	0,880	0,913	0,840	0,934	0,888	1,020	0,930	1,212	1,220	1,194	1,204	1,218	1,218	1,169	1,232	1,215	1,211	1,220	1,238	1,119	1,158	1,086	1,072	1,017	1,090	1,039	1,027	1,081	1,110	1,151	1,139	1,038	1,004	1,066	1,005	1,049	1,005	1,026	1,110	1,077	1,042	1,053	0,984	1,077	1,246	1,047	1,245	1,041	1,262	1,075	1,269	1,066	1,288	1,093	1,269
21:28:04	37,0	1,164	0,987	1,155	0,908	1,199	0,968	1,209	0,942	1,214	0,982	1,175	0,873	0,726	1,051	0,777	1,011	0,760	1,014	0,753	0,984	0,734	0,988	0,822	1,068	1,255	1,276	1,213	1,262	1,240	1,236	1,206	1,258	1,216	1,274	1,241	1,290	0,938	0,989	0,821	0,841	0,876	0,882	0,918	0,838	0,933	0,890	1,019	0,931	1,210	1,222	1,196	1,205	1,218	1,225	1,168	1,233	1,213	1,212	1,221	1,240	1,119	1,159	1,087	1,072	1,018	1,095	1,040	1,025	1,082	1,110	1,149	1,139	1,039	1,006	1,067	1,007	1,052	1,005	1,028	1,111	1,075	1,042	1,055	0,986	1,077	1,247	1,044	1,247	1,041	1,264	1,077	1,270	1,067	1,287	1,095	1,272
21:38:04	37,0	1,163	0,985	1,156	0,906	1,196	0,967	1,207	0,939	1,211	0,979	1,174	0,872	0,726	1,051	0,775	1,009	0,759	1,013	0,751	0,984	0,731	0,986	0,820	1,067	1,253	1,276	1,212	1,260	1,238	1,232	1,204	1,257	1,213	1,272	1,242	1,288	0,935	0,989	0,820	0,839	0,876	0,879	0,916	0,836	0,938	0,889	1,018	0,931	1,209	1,221	1,192	1,204	1,218	1,223	1,166	1,233	1,212	1,212	1,221	1,241	1,117	1,159	1,088	1,072	1,018	1,094	1,042	1,026	1,082	1,109	1,153	1,139	1,039	1,006	1,067	1,008	1,054	1,006	1,028	1,110	1,078	1,042	1,056	0,986	1,076	1,247	1,044	1,244	1,040	1,262	1,076	1,270	1,068	1,288	1,093	1,272
21:48:04	37,0	1,160	0,984	1,153	0,905	1,196	0,965	1,207	0,938	1,210	0,978	1,173	0,869	0,723	1,050	0,773	1,008	0,755	1,011	0,749	0,981	0,728	0,986	0,818	1,066	1,250	1,276	1,208	1,257	1,236	1,232	1,202	1,254	1,213	1,270	1,239	1,286	0,934	0,988	0,818	0,838	0,873	0,878	0,915	0,836	0,940	0,887	1,018	0,927	1,210	1,221	1,192	1,205	1,216	1,223	1,165	1,233	1,212	1,210	1,219	1,240	1,118	1,159	1,087	1,073	1,016	1,092	1,040	1,026	1,080	1,108	1,151	1,137	1,038	1,006	1,068	1,006	1,053	1,005	1,027	1,109	1,076	1,041	1,055	0,984	1,075	1,247	1,040	1,243	1,035	1,260	1,072	1,268	1,065	1,287	1,091	1,266
21:58:04	37,0	1,157	0,981	1,152	0,902	1,193	0,963	1,207	0,934	1,210	0,974	1,170	0,864	0,724	1,048	0,771	1,008	0,755	1,008	0,749	0,978	0,723	0,984	0,814	1,063	1,248	1,276	1,208	1,256	1,236	1,230	1,198	1,252	1,211	1,271	1,236	1,286	0,933	0,986	0,816	0,837	0,872	0,876	0,911	0,829	0,938	0,884	1,016	0,925	1,209	1,218	1,189	1,204	1,215	1,222	1,165	1,234	1,210	1,210	1,218	1,239	1,116	1,159	1,087	1,071	1,015	1,089	1,040	1,028	1,077	1,108	1,150	1,133	1,040	1,004	1,068	1,006	1,054	1,005	1,026	1,110	1,077	1,038	1,054	0,981	1,073	1,245	1,037	1,241	1,033	1,258	1,069	1,265	1,061	1,285	1,086	1,266
22:08:04	37,0	1,159	0,982	1,152	0,902	1,194	0,962	1,206	0,934	1,209	0,974	1,171	0,867	0,723	1,048	0,770	1,008	0,751	1,007	0,746	0,981	0,725	0,987	0,814	1,064	1,249	1,276	1,208	1,256	1,235	1,227	1,200	1,253	1,212	1,274	1,241	1,286	0,932	0,987	0,815	0,835	0,871	0,876	0,913	0,833	0,940	0,884	1,018	0,926	1,210	1,222	1,191	1,204	1,217	1,227	1,167	1,234	1,218	1,211	1,223	1,240	1,115	1,159	1,088	1,072	1,020	1,093	1,040	1,027	1,080	1,109	1,151	1,136	1,040	1,006	1,070	1,008	1,056	1,005	1,029	1,112	1,079	1,042	1,055	0,981	1,073	1,245	1,040	1,241	1,033	1,258	1,068	1,268	1,060	1,287	1,091	1,268

