Time	T∞ Optical Density:600	A1	A2	A3	A4	A5	A6	A7	A8	A9	A10	A11	A12	B1	B2	B3	B4	B5	B6	B7	B8	B9	B10	B11	B12	C1	C2	C3	C4	C5	C6	C7	C8	C9	C10	C11	C12	D1	D2	D3	D4	D5	D6	D7	D8	D9	D10	D11	D12	E1	E2	E3	E4	E5	E6	E7	E8	E9	E10	E11	E12	F1	F2	F3	F4	F5	F6	F7	F8	F9	F10	F11	F12	G1	G2	G3	G4	G5	G6	G7	G8	G9	G10	G11	G12	H1	H2	H3	H4	H5	H6	H7	H8	H9	H10	H11	H12
0:08:04	37,0	0,119	0,113	0,139	0,141	0,139	0,111	0,150	0,162	0,129	0,133	0,137	0,114	0,103	0,103	0,131	0,117	0,148	0,167	0,150	0,159	0,136	0,146	0,114	0,148	0,135	0,146	0,141	0,121	0,127	0,152	0,131	0,123	0,166	0,139	0,147	0,100	0,122	0,136	0,127	0,122	0,120	0,113	0,120	0,148	0,129	0,121	0,122	0,128	0,126	0,124	0,154	0,134	0,170	0,186	0,146	0,133	0,131	0,180	0,112	0,136	0,113	0,136	0,131	0,125	0,119	0,123	0,121	0,135	0,127	0,127	0,102	0,137	0,167	0,115	0,115	0,109	0,106	0,139	0,117	0,145	0,132	0,134	0,115	0,108	0,130	0,150	0,117	0,132	0,118	0,117	0,128	0,111	0,137	0,156	0,137	0,165
0:18:04	37,0	0,126	0,115	0,142	0,150	0,147	0,114	0,159	0,166	0,140	0,149	0,152	0,128	0,104	0,103	0,142	0,117	0,162	0,175	0,169	0,171	0,143	0,151	0,116	0,148	0,144	0,158	0,147	0,124	0,124	0,150	0,135	0,126	0,164	0,134	0,165	0,104	0,125	0,135	0,128	0,125	0,120	0,115	0,119	0,152	0,133	0,124	0,120	0,128	0,130	0,128	0,147	0,138	0,178	0,193	0,151	0,143	0,147	0,193	0,116	0,139	0,118	0,142	0,131	0,128	0,120	0,127	0,123	0,133	0,125	0,133	0,104	0,133	0,142	0,118	0,119	0,114	0,112	0,146	0,122	0,147	0,135	0,137	0,119	0,109	0,130	0,147	0,122	0,137	0,112	0,120	0,129	0,119	0,133	0,165	0,138	0,164
0:28:04	37,0	0,125	0,117	0,148	0,158	0,149	0,116	0,162	0,175	0,153	0,155	0,151	0,137	0,106	0,104	0,153	0,122	0,170	0,182	0,184	0,174	0,146	0,157	0,117	0,149	0,159	0,167	0,155	0,131	0,133	0,159	0,141	0,131	0,172	0,140	0,173	0,103	0,128	0,138	0,131	0,127	0,122	0,117	0,120	0,162	0,140	0,128	0,121	0,131	0,133	0,132	0,150	0,141	0,181	0,202	0,159	0,151	0,154	0,199	0,118	0,143	0,129	0,144	0,135	0,131	0,122	0,130	0,127	0,143	0,130	0,138	0,106	0,137	0,142	0,120	0,121	0,117	0,114	0,153	0,127	0,152	0,139	0,140	0,121	0,111	0,133	0,148	0,117	0,141	0,112	0,122	0,124	0,122	0,132	0,175	0,139	0,171
0:38:04	37,0	0,129	0,120	0,157	0,165	0,157	0,118	0,171	0,184	0,173	0,161	0,154	0,137	0,107	0,104	0,164	0,121	0,179	0,186	0,197	0,178	0,153	0,161	0,118	0,156	0,160	0,184	0,164	0,138	0,140	0,172	0,150	0,138	0,186	0,157	0,178	0,104	0,134	0,141	0,136	0,132	0,126	0,121	0,124	0,169	0,144	0,133	0,124	0,136	0,137	0,136	0,156	0,148	0,184	0,211	0,170	0,159	0,152	0,204	0,121	0,154	0,137	0,150	0,139	0,136	0,125	0,135	0,133	0,152	0,137	0,145	0,108	0,143	0,150	0,124	0,124	0,120	0,116	0,160	0,130	0,168	0,142	0,145	0,125	0,115	0,138	0,155	0,120	0,147	0,112	0,126	0,131	0,125	0,133	0,192	0,142	0,184
0:48:04	37,0	0,135	0,125	0,173	0,176	0,171	0,125	0,186	0,196	0,188	0,171	0,187	0,150	0,110	0,105	0,175	0,122	0,190	0,194	0,216	0,183	0,167	0,166	0,125	0,160	0,173	0,195	0,176	0,148	0,150	0,189	0,162	0,147	0,198	0,162	0,188	0,106	0,141	0,147	0,143	0,139	0,132	0,126	0,129	0,175	0,149	0,141	0,129	0,144	0,145	0,142	0,166	0,156	0,192	0,237	0,177	0,167	0,159	0,210	0,126	0,174	0,147	0,158	0,146	0,143	0,132	0,142	0,139	0,167	0,149	0,155	0,112	0,154	0,161	0,128	0,130	0,125	0,119	0,170	0,139	0,183	0,149	0,154	0,131	0,120	0,146	0,167	0,123	0,157	0,114	0,134	0,138	0,133	0,136	0,210	0,147	0,203
0:58:04	37,0	0,145	0,132	0,192	0,191	0,184	0,133	0,205	0,212	0,209	0,182	0,194	0,165	0,114	0,106	0,189	0,128	0,205	0,203	0,237	0,190	0,181	0,172	0,136	0,163	0,191	0,210	0,190	0,162	0,163	0,208	0,175	0,160	0,215	0,187	0,203	0,109	0,151	0,153	0,153	0,148	0,140	0,133	0,135	0,183	0,156	0,150	0,134	0,154	0,156	0,148	0,179	0,161	0,204	0,255	0,185	0,177	0,166	0,222	0,132	0,192	0,161	0,169	0,155	0,155	0,142	0,152	0,149	0,188	0,168	0,167	0,117	0,167	0,175	0,136	0,137	0,133	0,125	0,183	0,149	0,201	0,158	0,167	0,139	0,126	0,158	0,182	0,129	0,172	0,117	0,143	0,147	0,142	0,143	0,234	0,154	0,226
1:08:04	37,0	0,158	0,144	0,214	0,209	0,204	0,144	0,228	0,235	0,239	0,200	0,222	0,183	0,119	0,108	0,208	0,127	0,223	0,216	0,260	0,201	0,202	0,181	0,152	0,171	0,209	0,229	0,206	0,178	0,180	0,230	0,194	0,176	0,236	0,203	0,222	0,113	0,164	0,163	0,165	0,161	0,152	0,142	0,144	0,194	0,166	0,161	0,146	0,169	0,171	0,158	0,196	0,169	0,225	0,258	0,193	0,177	0,171	0,236	0,141	0,210	0,177	0,184	0,168	0,169	0,154	0,166	0,163	0,233	0,190	0,182	0,125	0,184	0,192	0,147	0,147	0,143	0,134	0,199	0,161	0,234	0,171	0,183	0,149	0,136	0,176	0,201	0,139	0,188	0,121	0,157	0,157	0,155	0,152	0,258	0,166	0,254
1:18:04	37,0	0,177	0,161	0,240	0,232	0,228	0,161	0,250	0,259	0,268	0,229	0,235	0,209	0,129	0,110	0,229	0,132	0,248	0,233	0,284	0,214	0,231	0,195	0,179	0,187	0,232	0,252	0,225	0,202	0,201	0,261	0,215	0,194	0,262	0,234	0,246	0,125	0,180	0,177	0,181	0,178	0,164	0,154	0,155	0,209	0,182	0,178	0,164	0,187	0,192	0,171	0,216	0,183	0,252	0,274	0,205	0,214	0,180	0,251	0,155	0,224	0,198	0,202	0,185	0,187	0,171	0,183	0,180	0,272	0,214	0,203	0,136	0,206	0,212	0,161	0,161	0,157	0,143	0,219	0,178	0,259	0,187	0,204	0,164	0,148	0,198	0,224	0,152	0,211	0,127	0,176	0,172	0,174	0,163	0,292	0,180	0,286
1:28:04	37,0	0,199	0,180	0,268	0,255	0,253	0,181	0,277	0,284	0,297	0,245	0,255	0,236	0,141	0,113	0,255	0,145	0,274	0,250	0,311	0,232	0,255	0,211	0,207	0,203	0,258	0,280	0,247	0,229	0,224	0,296	0,241	0,218	0,292	0,264	0,275	0,133	0,202	0,193	0,200	0,199	0,181	0,171	0,170	0,230	0,199	0,199	0,181	0,209	0,222	0,190	0,242	0,195	0,276	0,289	0,221	0,229	0,193	0,273	0,176	0,271	0,228	0,227	0,204	0,210	0,191	0,202	0,204	0,305	0,245	0,229	0,151	0,235	0,240	0,178	0,176	0,175	0,155	0,242	0,197	0,295	0,206	0,228	0,180	0,166	0,222	0,252	0,168	0,239	0,135	0,199	0,191	0,199	0,180	0,333	0,200	0,323
1:38:04	37,0	0,223	0,204	0,298	0,280	0,285	0,204	0,310	0,310	0,328	0,272	0,300	0,268	0,158	0,119	0,283	0,154	0,300	0,271	0,340	0,251	0,286	0,232	0,237	0,222	0,289	0,311	0,275	0,260	0,253	0,333	0,268	0,246	0,322	0,297	0,305	0,150	0,226	0,214	0,223	0,222	0,203	0,191	0,190	0,257	0,220	0,227	0,201	0,237	0,255	0,212	0,267	0,215	0,303	0,309	0,242	0,247	0,211	0,327	0,202	0,270	0,258	0,254	0,229	0,234	0,217	0,229	0,231	0,335	0,283	0,258	0,170	0,267	0,269	0,199	0,197	0,196	0,170	0,267	0,220	0,320	0,228	0,254	0,201	0,189	0,253	0,283	0,190	0,271	0,147	0,229	0,218	0,228	0,204	0,373	0,229	0,361
1:48:04	37,0	0,247	0,226	0,331	0,303	0,316	0,228	0,340	0,335	0,358	0,301	0,332	0,308	0,181	0,126	0,311	0,165	0,322	0,296	0,367	0,277	0,311	0,254	0,265	0,249	0,319	0,341	0,303	0,293	0,287	0,374	0,298	0,277	0,355	0,333	0,336	0,178	0,255	0,236	0,250	0,249	0,230	0,217	0,214	0,283	0,253	0,251	0,226	0,269	0,284	0,241	0,315	0,238	0,367	0,343	0,270	0,284	0,229	0,348	0,231	0,312	0,285	0,285	0,255	0,267	0,246	0,254	0,258	0,367	0,322	0,289	0,193	0,295	0,294	0,223	0,218	0,217	0,191	0,290	0,243	0,353	0,250	0,280	0,225	0,213	0,291	0,314	0,219	0,306	0,163	0,260	0,252	0,260	0,233	0,419	0,261	0,399
1:58:04	37,0	0,274	0,254	0,363	0,328	0,346	0,253	0,371	0,364	0,390	0,329	0,370	0,339	0,201	0,136	0,339	0,182	0,354	0,320	0,403	0,300	0,344	0,278	0,298	0,276	0,354	0,377	0,330	0,328	0,318	0,426	0,327	0,307	0,385	0,365	0,375	0,210	0,285	0,264	0,277	0,279	0,259	0,241	0,241	0,316	0,287	0,284	0,257	0,302	0,322	0,270	0,354	0,262	0,428	0,359	0,302	0,320	0,246	0,383	0,263	0,356	0,314	0,314	0,281	0,292	0,275	0,279	0,281	0,393	0,361	0,317	0,219	0,326	0,320	0,242	0,240	0,240	0,209	0,309	0,264	0,373	0,275	0,304	0,246	0,237	0,322	0,354	0,252	0,341	0,184	0,295	0,289	0,291	0,265	0,461	0,298	0,446
2:08:04	37,0	0,298	0,283	0,399	0,354	0,380	0,281	0,398	0,391	0,424	0,359	0,408	0,372	0,226	0,151	0,373	0,203	0,385	0,348	0,447	0,333	0,383	0,304	0,329	0,302	0,399	0,414	0,362	0,368	0,353	0,470	0,361	0,341	0,422	0,402	0,417	0,249	0,320	0,302	0,308	0,308	0,289	0,269	0,272	0,350	0,319	0,322	0,287	0,337	0,354	0,307	0,420	0,292	0,436	0,398	0,332	0,351	0,267	0,437	0,291	0,426	0,340	0,343	0,313	0,323	0,305	0,310	0,315	0,420	0,399	0,348	0,244	0,356	0,348	0,266	0,265	0,265	0,231	0,328	0,289	0,394	0,298	0,329	0,271	0,261	0,358	0,398	0,284	0,388	0,209	0,326	0,327	0,326	0,300	0,505	0,337	0,491
2:18:04	37,0	0,325	0,313	0,431	0,377	0,414	0,307	0,431	0,417	0,450	0,391	0,446	0,408	0,248	0,170	0,419	0,224	0,415	0,373	0,487	0,367	0,422	0,331	0,370	0,333	0,439	0,443	0,396	0,412	0,396	0,499	0,397	0,383	0,459	0,444	0,452	0,294	0,352	0,350	0,338	0,345	0,323	0,298	0,305	0,384	0,348	0,357	0,320	0,373	0,394	0,343	0,469	0,321	0,464	0,443	0,383	0,377	0,288	0,468	0,326	0,461	0,371	0,370	0,337	0,353	0,338	0,334	0,345	0,445	0,431	0,383	0,273	0,386	0,376	0,289	0,291	0,290	0,255	0,351	0,310	0,413	0,324	0,355	0,295	0,290	0,402	0,442	0,319	0,426	0,239	0,363	0,365	0,355	0,332	0,530	0,373	0,522
2:28:04	37,0	0,354	0,343	0,460	0,401	0,447	0,337	0,452	0,440	0,480	0,426	0,489	0,447	0,278	0,192	0,462	0,249	0,443	0,401	0,512	0,408	0,456	0,364	0,418	0,374	0,473	0,465	0,426	0,458	0,430	0,524	0,420	0,420	0,488	0,485	0,485	0,339	0,389	0,390	0,376	0,378	0,364	0,334	0,337	0,437	0,376	0,392	0,356	0,420	0,435	0,381	0,532	0,357	0,527	0,466	0,427	0,407	0,310	0,494	0,365	0,529	0,396	0,398	0,364	0,376	0,367	0,361	0,366	0,461	0,458	0,406	0,299	0,415	0,397	0,315	0,318	0,314	0,279	0,372	0,332	0,433	0,343	0,377	0,319	0,317	0,453	0,495	0,356	0,460	0,271	0,409	0,403	0,398	0,366	0,558	0,420	0,553
2:38:04	37,0	0,383	0,378	0,488	0,419	0,502	0,366	0,472	0,462	0,515	0,453	0,524	0,494	0,307	0,215	0,498	0,276	0,464	0,432	0,520	0,449	0,478	0,404	0,467	0,414	0,500	0,479	0,450	0,482	0,456	0,549	0,433	0,437	0,508	0,520	0,502	0,383	0,425	0,440	0,404	0,412	0,401	0,363	0,370	0,470	0,427	0,430	0,390	0,468	0,466	0,418	0,544	0,393	0,568	0,503	0,462	0,438	0,340	0,532	0,408	0,578	0,432	0,425	0,391	0,402	0,396	0,389	0,394	0,482	0,497	0,428	0,328	0,441	0,425	0,336	0,340	0,337	0,304	0,389	0,354	0,458	0,363	0,398	0,341	0,344	0,485	0,540	0,404	0,496	0,306	0,449	0,446	0,426	0,410	0,583	0,474	0,576
2:48:04	37,0	0,418	0,412	0,524	0,442	0,567	0,397	0,499	0,480	0,545	0,475	0,559	0,532	0,345	0,241	0,522	0,310	0,475	0,465	0,525	0,495	0,489	0,449	0,508	0,454	0,532	0,501	0,466	0,510	0,475	0,560	0,451	0,460	0,523	0,544	0,535	0,425	0,440	0,500	0,419	0,423	0,431	0,399	0,403	0,487	0,460	0,455	0,435	0,495	0,499	0,439	0,560	0,435	0,602	0,520	0,527	0,469	0,366	0,558	0,458	0,611	0,478	0,455	0,414	0,420	0,430	0,410	0,413	0,499	0,527	0,452	0,357	0,484	0,444	0,358	0,364	0,358	0,323	0,402	0,371	0,495	0,383	0,420	0,365	0,366	0,507	0,584	0,453	0,534	0,351	0,500	0,503	0,462	0,453	0,602	0,525	0,601
2:58:04	37,0	0,448	0,442	0,547	0,461	0,599	0,423	0,536	0,501	0,585	0,500	0,610	0,584	0,390	0,267	0,533	0,349	0,487	0,501	0,532	0,525	0,502	0,482	0,527	0,492	0,559	0,515	0,481	0,531	0,496	0,574	0,468	0,487	0,540	0,575	0,568	0,481	0,455	0,529	0,435	0,433	0,457	0,424	0,446	0,499	0,506	0,474	0,472	0,516	0,528	0,468	0,602	0,429	0,607	0,521	0,551	0,500	0,379	0,571	0,490	0,627	0,526	0,484	0,436	0,442	0,454	0,430	0,431	0,511	0,544	0,479	0,384	0,514	0,448	0,379	0,385	0,376	0,345	0,430	0,389	0,511	0,401	0,437	0,383	0,390	0,528	0,625	0,480	0,567	0,399	0,545	0,539	0,494	0,488	0,622	0,555	0,631
3:08:04	37,0	0,488	0,473	0,571	0,483	0,636	0,450	0,583	0,520	0,625	0,531	0,649	0,624	0,437	0,299	0,541	0,392	0,499	0,539	0,536	0,548	0,512	0,514	0,548	0,537	0,578	0,536	0,500	0,553	0,527	0,599	0,487	0,516	0,555	0,586	0,595	0,534	0,469	0,527	0,449	0,444	0,479	0,466	0,478	0,512	0,529	0,495	0,497	0,535	0,543	0,491	0,610	0,469	0,618	0,542	0,579	0,535	0,400	0,604	0,528	0,661	0,553	0,522	0,458	0,463	0,476	0,452	0,449	0,526	0,560	0,531	0,408	0,553	0,451	0,398	0,406	0,396	0,366	0,448	0,405	0,528	0,414	0,455	0,399	0,411	0,550	0,673	0,502	0,594	0,442	0,583	0,555	0,545	0,514	0,642	0,579	0,660
3:18:04	37,0	0,515	0,523	0,594	0,506	0,669	0,476	0,626	0,537	0,661	0,564	0,687	0,663	0,474	0,334	0,547	0,437	0,510	0,563	0,540	0,560	0,520	0,535	0,564	0,564	0,598	0,553	0,519	0,569	0,549	0,611	0,506	0,545	0,575	0,602	0,634	0,564	0,483	0,542	0,465	0,463	0,503	0,489	0,499	0,527	0,549	0,511	0,520	0,550	0,561	0,519	0,642	0,469	0,632	0,551	0,627	0,576	0,427	0,620	0,578	0,683	0,565	0,547	0,478	0,501	0,508	0,471	0,466	0,548	0,574	0,562	0,428	0,579	0,462	0,416	0,431	0,414	0,386	0,472	0,421	0,546	0,436	0,472	0,418	0,425	0,570	0,701	0,517	0,621	0,471	0,609	0,568	0,592	0,542	0,671	0,603	0,693
3:28:04	37,0	0,555	0,556	0,622	0,535	0,695	0,501	0,654	0,558	0,684	0,611	0,726	0,678	0,493	0,376	0,553	0,475	0,523	0,588	0,548	0,573	0,536	0,560	0,580	0,586	0,623	0,579	0,540	0,590	0,578	0,646	0,527	0,580	0,597	0,612	0,674	0,585	0,493	0,564	0,481	0,474	0,513	0,503	0,526	0,538	0,557	0,525	0,543	0,563	0,581	0,554	0,649	0,525	0,650	0,572	0,640	0,606	0,452	0,622	0,597	0,708	0,583	0,579	0,504	0,543	0,553	0,502	0,482	0,568	0,584	0,595	0,447	0,602	0,473	0,436	0,454	0,434	0,404	0,497	0,437	0,556	0,455	0,493	0,437	0,440	0,586	0,721	0,541	0,649	0,496	0,636	0,588	0,629	0,563	0,694	0,622	0,723
3:38:04	37,0	0,594	0,584	0,651	0,561	0,714	0,532	0,682	0,578	0,711	0,656	0,764	0,690	0,507	0,416	0,562	0,504	0,537	0,614	0,557	0,582	0,555	0,583	0,593	0,610	0,650	0,607	0,566	0,616	0,603	0,683	0,556	0,601	0,613	0,635	0,709	0,616	0,501	0,573	0,493	0,483	0,530	0,516	0,534	0,553	0,580	0,538	0,561	0,575	0,602	0,579	0,688	0,508	0,663	0,646	0,658	0,640	0,452	0,639	0,610	0,721	0,592	0,586	0,534	0,565	0,579	0,526	0,507	0,586	0,585	0,612	0,464	0,612	0,489	0,456	0,473	0,465	0,423	0,524	0,453	0,567	0,479	0,514	0,452	0,457	0,606	0,732	0,563	0,675	0,517	0,665	0,606	0,661	0,582	0,718	0,642	0,751
3:48:04	37,0	0,633	0,608	0,681	0,586	0,727	0,561	0,705	0,596	0,735	0,700	0,805	0,702	0,518	0,461	0,573	0,521	0,554	0,637	0,565	0,594	0,570	0,602	0,604	0,651	0,678	0,633	0,587	0,649	0,625	0,694	0,577	0,623	0,633	0,646	0,739	0,637	0,508	0,596	0,500	0,490	0,544	0,530	0,536	0,569	0,601	0,551	0,577	0,584	0,620	0,594	0,713	0,517	0,683	0,661	0,657	0,668	0,453	0,646	0,631	0,735	0,601	0,585	0,559	0,581	0,588	0,539	0,522	0,588	0,591	0,628	0,483	0,624	0,508	0,482	0,495	0,483	0,440	0,546	0,468	0,589	0,501	0,540	0,467	0,472	0,620	0,749	0,584	0,695	0,534	0,692	0,628	0,693	0,604	0,738	0,659	0,774
3:58:04	37,0	0,674	0,617	0,711	0,612	0,742	0,592	0,724	0,615	0,763	0,741	0,846	0,720	0,529	0,500	0,584	0,539	0,572	0,662	0,575	0,611	0,588	0,627	0,617	0,690	0,708	0,662	0,613	0,673	0,661	0,725	0,606	0,641	0,658	0,669	0,777	0,665	0,516	0,600	0,506	0,499	0,552	0,557	0,568	0,583	0,627	0,563	0,594	0,596	0,643	0,622	0,720	0,541	0,699	0,660	0,668	0,687	0,463	0,673	0,661	0,758	0,607	0,592	0,580	0,603	0,597	0,567	0,539	0,591	0,604	0,641	0,508	0,638	0,525	0,503	0,517	0,507	0,457	0,564	0,490	0,611	0,534	0,563	0,489	0,495	0,638	0,772	0,605	0,717	0,551	0,714	0,657	0,716	0,631	0,759	0,679	0,796
4:08:04	37,0	0,712	0,633	0,740	0,639	0,757	0,624	0,744	0,637	0,786	0,781	0,885	0,739	0,538	0,525	0,594	0,556	0,589	0,682	0,586	0,629	0,599	0,645	0,631	0,719	0,737	0,704	0,644	0,710	0,675	0,739	0,613	0,665	0,682	0,682	0,812	0,688	0,526	0,612	0,511	0,507	0,558	0,571	0,595	0,601	0,646	0,571	0,615	0,611	0,677	0,654	0,766	0,573	0,710	0,674	0,664	0,712	0,472	0,685	0,686	0,777	0,613	0,603	0,599	0,625	0,614	0,594	0,558	0,594	0,616	0,655	0,528	0,652	0,540	0,526	0,534	0,527	0,477	0,582	0,522	0,624	0,562	0,592	0,520	0,521	0,659	0,792	0,636	0,735	0,566	0,732	0,683	0,737	0,657	0,780	0,698	0,820
4:18:04	37,0	0,752	0,649	0,767	0,661	0,767	0,652	0,765	0,659	0,811	0,815	0,910	0,755	0,546	0,545	0,603	0,568	0,603	0,696	0,595	0,650	0,618	0,662	0,643	0,737	0,767	0,744	0,668	0,736	0,703	0,753	0,627	0,705	0,725	0,711	0,849	0,709	0,540	0,633	0,515	0,515	0,567	0,581	0,598	0,625	0,656	0,587	0,637	0,622	0,700	0,689	0,775	0,620	0,709	0,690	0,661	0,727	0,484	0,699	0,696	0,785	0,618	0,613	0,612	0,640	0,625	0,609	0,568	0,595	0,620	0,669	0,544	0,663	0,553	0,543	0,546	0,542	0,504	0,597	0,541	0,634	0,579	0,608	0,541	0,543	0,680	0,803	0,662	0,751	0,584	0,749	0,704	0,753	0,684	0,794	0,721	0,838
4:28:04	37,0	0,788	0,667	0,793	0,685	0,782	0,680	0,776	0,683	0,836	0,850	0,941	0,774	0,555	0,565	0,615	0,584	0,616	0,710	0,606	0,670	0,629	0,684	0,655	0,762	0,793	0,784	0,704	0,776	0,742	0,789	0,646	0,714	0,748	0,733	0,878	0,740	0,554	0,652	0,521	0,523	0,584	0,603	0,610	0,641	0,671	0,595	0,660	0,634	0,729	0,727	0,793	0,665	0,716	0,700	0,678	0,735	0,501	0,708	0,718	0,808	0,625	0,627	0,629	0,658	0,638	0,632	0,587	0,603	0,628	0,680	0,568	0,680	0,565	0,564	0,566	0,561	0,530	0,614	0,560	0,649	0,598	0,632	0,566	0,565	0,697	0,816	0,686	0,767	0,607	0,766	0,764	0,772	0,709	0,811	0,744	0,859
4:38:04	37,0	0,826	0,683	0,818	0,702	0,795	0,700	0,792	0,702	0,858	0,878	0,963	0,790	0,564	0,597	0,625	0,595	0,630	0,718	0,615	0,685	0,641	0,706	0,668	0,785	0,823	0,821	0,744	0,809	0,778	0,795	0,688	0,753	0,769	0,757	0,907	0,762	0,570	0,671	0,526	0,533	0,601	0,618	0,620	0,666	0,679	0,615	0,684	0,645	0,753	0,770	0,805	0,684	0,733	0,702	0,682	0,739	0,509	0,716	0,738	0,823	0,632	0,638	0,645	0,675	0,649	0,646	0,599	0,609	0,636	0,695	0,593	0,690	0,578	0,582	0,583	0,579	0,547	0,631	0,580	0,660	0,613	0,642	0,585	0,587	0,711	0,826	0,706	0,781	0,628	0,781	0,785	0,786	0,742	0,831	0,768	0,879
4:48:04	37,0	0,856	0,700	0,843	0,719	0,813	0,719	0,814	0,722	0,888	0,904	0,987	0,814	0,573	0,603	0,636	0,609	0,641	0,729	0,623	0,698	0,651	0,724	0,677	0,809	0,853	0,856	0,777	0,833	0,802	0,821	0,713	0,780	0,787	0,773	0,937	0,790	0,594	0,687	0,534	0,540	0,616	0,640	0,634	0,676	0,696	0,628	0,711	0,658	0,780	0,800	0,823	0,704	0,746	0,718	0,701	0,750	0,516	0,735	0,758	0,842	0,638	0,654	0,663	0,692	0,660	0,666	0,614	0,617	0,645	0,706	0,613	0,705	0,590	0,597	0,600	0,597	0,565	0,645	0,596	0,673	0,630	0,662	0,604	0,604	0,727	0,837	0,718	0,795	0,655	0,797	0,811	0,802	0,779	0,850	0,790	0,900
4:58:04	37,0	0,881	0,717	0,868	0,733	0,829	0,733	0,826	0,741	0,909	0,924	1,009	0,834	0,587	0,615	0,654	0,623	0,650	0,739	0,634	0,713	0,662	0,747	0,690	0,834	0,886	0,887	0,798	0,857	0,828	0,840	0,743	0,805	0,797	0,799	0,957	0,812	0,620	0,707	0,545	0,550	0,623	0,672	0,664	0,685	0,710	0,650	0,740	0,674	0,804	0,829	0,845	0,726	0,765	0,742	0,726	0,759	0,526	0,755	0,787	0,858	0,646	0,672	0,679	0,710	0,672	0,684	0,629	0,624	0,657	0,718	0,629	0,716	0,602	0,616	0,619	0,620	0,588	0,659	0,613	0,686	0,648	0,681	0,622	0,622	0,742	0,850	0,736	0,806	0,683	0,806	0,831	0,817	0,789	0,870	0,810	0,924
5:08:04	37,0	0,913	0,731	0,890	0,747	0,845	0,746	0,845	0,757	0,932	0,944	1,022	0,852	0,599	0,627	0,659	0,641	0,661	0,743	0,648	0,721	0,672	0,766	0,698	0,851	0,914	0,914	0,813	0,878	0,850	0,860	0,765	0,839	0,828	0,829	0,977	0,837	0,644	0,721	0,556	0,559	0,625	0,691	0,666	0,697	0,727	0,675	0,765	0,686	0,822	0,852	0,856	0,745	0,790	0,752	0,745	0,762	0,540	0,775	0,806	0,872	0,655	0,685	0,687	0,723	0,682	0,693	0,636	0,630	0,663	0,731	0,643	0,726	0,615	0,628	0,630	0,635	0,597	0,671	0,629	0,697	0,664	0,696	0,637	0,640	0,757	0,862	0,752	0,818	0,711	0,827	0,851	0,831	0,801	0,886	0,829	0,943
5:18:04	37,0	0,938	0,745	0,910	0,760	0,857	0,755	0,862	0,772	0,950	0,957	1,038	0,868	0,613	0,641	0,667	0,657	0,668	0,754	0,660	0,731	0,681	0,787	0,710	0,873	0,937	0,936	0,834	0,895	0,868	0,876	0,787	0,867	0,845	0,862	0,999	0,861	0,684	0,734	0,564	0,569	0,644	0,704	0,683	0,704	0,750	0,691	0,788	0,698	0,839	0,877	0,873	0,762	0,808	0,765	0,761	0,770	0,569	0,795	0,823	0,885	0,665	0,699	0,700	0,735	0,694	0,712	0,647	0,635	0,674	0,749	0,658	0,739	0,629	0,643	0,644	0,649	0,615	0,684	0,647	0,708	0,680	0,716	0,649	0,656	0,772	0,871	0,767	0,830	0,731	0,843	0,866	0,842	0,814	0,905	0,849	0,959
5:28:04	37,0	0,964	0,759	0,931	0,772	0,875	0,770	0,878	0,789	0,973	0,970	1,057	0,883	0,625	0,661	0,676	0,669	0,678	0,759	0,668	0,743	0,690	0,804	0,720	0,894	0,961	0,962	0,853	0,917	0,892	0,906	0,811	0,886	0,859	0,885	1,019	0,889	0,709	0,758	0,575	0,575	0,666	0,714	0,695	0,709	0,777	0,701	0,812	0,713	0,861	0,899	0,895	0,786	0,824	0,782	0,780	0,783	0,604	0,814	0,850	0,903	0,678	0,715	0,723	0,751	0,707	0,728	0,663	0,652	0,685	0,763	0,672	0,750	0,645	0,659	0,661	0,670	0,634	0,699	0,664	0,724	0,699	0,737	0,671	0,677	0,789	0,884	0,782	0,845	0,749	0,857	0,886	0,856	0,829	0,925	0,868	0,977
5:38:04	37,0	0,985	0,773	0,951	0,785	0,892	0,783	0,888	0,803	0,988	0,985	1,073	0,899	0,637	0,682	0,681	0,689	0,687	0,770	0,676	0,752	0,699	0,824	0,729	0,914	0,981	0,983	0,872	0,937	0,913	0,925	0,835	0,908	0,895	0,909	1,035	0,913	0,723	0,778	0,589	0,583	0,677	0,716	0,709	0,719	0,798	0,714	0,832	0,725	0,885	0,918	0,914	0,806	0,840	0,793	0,798	0,798	0,625	0,832	0,868	0,917	0,693	0,729	0,737	0,765	0,717	0,746	0,674	0,659	0,697	0,779	0,685	0,764	0,665	0,674	0,675	0,685	0,648	0,713	0,683	0,736	0,715	0,755	0,686	0,695	0,804	0,897	0,795	0,861	0,768	0,873	0,900	0,873	0,839	0,943	0,886	0,993
5:48:04	37,0	1,003	0,785	0,968	0,794	0,906	0,794	0,905	0,817	1,004	0,997	1,086	0,913	0,650	0,697	0,689	0,703	0,694	0,776	0,685	0,761	0,705	0,839	0,739	0,934	0,999	1,000	0,891	0,955	0,928	0,940	0,854	0,929	0,907	0,925	1,050	0,939	0,736	0,794	0,604	0,595	0,691	0,726	0,720	0,729	0,815	0,717	0,851	0,737	0,902	0,935	0,931	0,822	0,857	0,805	0,818	0,815	0,643	0,848	0,885	0,931	0,708	0,742	0,752	0,776	0,728	0,765	0,688	0,673	0,709	0,790	0,699	0,779	0,684	0,690	0,690	0,701	0,663	0,727	0,700	0,747	0,733	0,774	0,703	0,712	0,821	0,908	0,809	0,874	0,782	0,889	0,916	0,887	0,851	0,956	0,903	1,007
5:58:04	37,0	1,018	0,797	0,983	0,805	0,919	0,805	0,922	0,828	1,018	1,008	1,099	0,929	0,661	0,722	0,693	0,719	0,703	0,789	0,693	0,773	0,709	0,856	0,750	0,953	1,015	1,014	0,908	0,969	0,941	0,953	0,878	0,947	0,937	0,943	1,068	0,957	0,749	0,814	0,622	0,607	0,701	0,735	0,738	0,739	0,831	0,728	0,869	0,745	0,920	0,953	0,948	0,841	0,871	0,817	0,835	0,828	0,663	0,867	0,905	0,945	0,725	0,756	0,765	0,789	0,742	0,779	0,701	0,682	0,721	0,805	0,715	0,794	0,703	0,704	0,708	0,716	0,683	0,741	0,722	0,758	0,749	0,794	0,721	0,731	0,835	0,916	0,822	0,883	0,799	0,905	0,930	0,896	0,866	0,971	0,921	1,021
6:08:04	37,0	1,035	0,810	1,000	0,816	0,936	0,818	0,938	0,843	1,037	1,019	1,114	0,943	0,671	0,737	0,698	0,730	0,709	0,798	0,704	0,779	0,709	0,877	0,761	0,970	1,033	1,031	0,925	0,987	0,956	0,967	0,891	0,966	0,945	0,951	1,083	0,983	0,761	0,832	0,646	0,625	0,710	0,746	0,756	0,750	0,844	0,732	0,889	0,758	0,943	0,972	0,969	0,859	0,890	0,831	0,853	0,844	0,677	0,880	0,927	0,965	0,744	0,770	0,784	0,805	0,753	0,794	0,717	0,697	0,736	0,814	0,732	0,809	0,722	0,722	0,726	0,737	0,697	0,758	0,738	0,774	0,768	0,814	0,744	0,753	0,852	0,929	0,837	0,896	0,813	0,920	0,948	0,906	0,880	0,986	0,940	1,036
6:18:04	37,0	1,055	0,822	1,018	0,824	0,952	0,830	0,953	0,856	1,053	1,031	1,128	0,958	0,683	0,756	0,704	0,746	0,717	0,806	0,714	0,789	0,716	0,893	0,769	0,987	1,050	1,046	0,940	0,998	0,967	0,985	0,909	0,983	0,949	0,967	1,095	1,005	0,774	0,849	0,662	0,650	0,718	0,751	0,769	0,751	0,856	0,734	0,903	0,769	0,970	0,989	0,989	0,876	0,906	0,847	0,871	0,857	0,692	0,902	0,944	0,980	0,767	0,784	0,798	0,816	0,767	0,806	0,737	0,711	0,750	0,824	0,747	0,822	0,740	0,738	0,744	0,751	0,714	0,775	0,755	0,790	0,783	0,833	0,764	0,773	0,870	0,942	0,851	0,906	0,830	0,932	0,964	0,917	0,894	1,002	0,958	1,049
6:28:04	37,0	1,064	0,832	1,029	0,834	0,962	0,839	0,968	0,867	1,064	1,044	1,137	0,968	0,693	0,774	0,706	0,759	0,726	0,813	0,718	0,801	0,720	0,904	0,780	0,997	1,063	1,060	0,950	1,012	0,981	0,996	0,922	1,000	0,968	0,980	1,109	1,023	0,783	0,864	0,677	0,671	0,727	0,756	0,780	0,757	0,871	0,743	0,917	0,773	0,991	1,001	1,002	0,896	0,918	0,859	0,888	0,868	0,706	0,915	0,960	0,994	0,788	0,796	0,808	0,830	0,779	0,821	0,755	0,726	0,763	0,836	0,763	0,835	0,758	0,753	0,759	0,767	0,731	0,788	0,776	0,802	0,801	0,847	0,781	0,791	0,884	0,951	0,868	0,914	0,843	0,944	0,979	0,926	0,906	1,011	0,975	1,061
6:38:04	37,0	1,077	0,841	1,041	0,844	0,979	0,849	0,984	0,876	1,075	1,055	1,147	0,979	0,701	0,792	0,710	0,774	0,735	0,823	0,724	0,813	0,726	0,915	0,788	1,010	1,079	1,074	0,961	1,023	0,992	1,011	0,941	1,017	0,997	1,000	1,123	1,043	0,791	0,877	0,689	0,689	0,734	0,761	0,791	0,763	0,883	0,755	0,932	0,779	1,011	1,019	1,014	0,914	0,934	0,872	0,900	0,879	0,714	0,937	0,977	1,008	0,807	0,807	0,821	0,843	0,797	0,838	0,766	0,738	0,772	0,853	0,778	0,849	0,775	0,770	0,778	0,781	0,752	0,802	0,796	0,812	0,820	0,863	0,797	0,809	0,901	0,962	0,881	0,924	0,856	0,956	0,993	0,937	0,918	1,022	0,990	1,073
6:48:04	37,0	1,083	0,845	1,048	0,848	0,981	0,855	0,989	0,880	1,080	1,058	1,150	0,983	0,707	0,805	0,710	0,792	0,738	0,825	0,733	0,819	0,728	0,926	0,794	1,014	1,095	1,083	0,972	1,028	1,007	1,020	0,944	1,024	1,006	1,018	1,131	1,053	0,796	0,885	0,699	0,702	0,740	0,767	0,799	0,772	0,884	0,770	0,938	0,782	1,022	1,026	1,020	0,927	0,939	0,877	0,910	0,880	0,725	0,945	0,989	1,012	0,826	0,823	0,835	0,849	0,809	0,847	0,779	0,751	0,784	0,868	0,787	0,854	0,788	0,786	0,782	0,792	0,765	0,811	0,806	0,818	0,829	0,879	0,807	0,821	0,914	0,967	0,895	0,932	0,870	0,960	0,998	0,949	0,925	1,028	0,996	1,079
6:58:04	37,0	1,096	0,855	1,058	0,859	1,000	0,865	1,008	0,889	1,094	1,066	1,163	0,998	0,717	0,826	0,715	0,800	0,745	0,836	0,735	0,832	0,734	0,943	0,801	1,028	1,105	1,097	0,984	1,042	1,019	1,032	0,954	1,036	1,028	1,026	1,146	1,070	0,804	0,898	0,708	0,712	0,746	0,777	0,811	0,776	0,898	0,777	0,947	0,797	1,036	1,044	1,039	0,946	0,958	0,893	0,934	0,895	0,738	0,957	1,002	1,028	0,845	0,835	0,849	0,863	0,823	0,858	0,790	0,766	0,793	0,876	0,806	0,870	0,802	0,800	0,798	0,809	0,784	0,826	0,826	0,826	0,849	0,890	0,829	0,841	0,930	0,976	0,908	0,951	0,884	0,973	1,011	0,971	0,939	1,039	1,010	1,091
7:08:04	37,0	1,107	0,865	1,069	0,865	1,010	0,877	1,021	0,899	1,107	1,075	1,172	1,014	0,727	0,839	0,720	0,813	0,754	0,844	0,739	0,843	0,739	0,952	0,808	1,039	1,121	1,110	0,998	1,055	1,030	1,048	0,976	1,054	1,038	1,038	1,156	1,085	0,808	0,911	0,718	0,717	0,751	0,782	0,824	0,782	0,910	0,781	0,963	0,803	1,055	1,060	1,055	0,965	0,974	0,912	0,947	0,911	0,751	0,972	1,018	1,045	0,868	0,849	0,866	0,880	0,838	0,875	0,809	0,785	0,801	0,889	0,820	0,886	0,817	0,816	0,821	0,827	0,800	0,840	0,849	0,837	0,866	0,907	0,845	0,857	0,946	0,990	0,924	0,971	0,901	0,986	1,024	0,997	0,956	1,054	1,024	1,105
7:18:04	37,0	1,117	0,875	1,081	0,874	1,023	0,886	1,035	0,910	1,116	1,084	1,180	1,024	0,732	0,852	0,723	0,822	0,759	0,858	0,747	0,853	0,750	0,965	0,815	1,049	1,134	1,123	1,009	1,069	1,039	1,062	0,989	1,065	1,050	1,050	1,171	1,098	0,812	0,924	0,725	0,724	0,755	0,789	0,836	0,784	0,922	0,788	0,973	0,811	1,071	1,075	1,070	0,981	0,987	0,923	0,961	0,923	0,767	0,990	1,034	1,058	0,893	0,864	0,882	0,893	0,851	0,887	0,830	0,802	0,813	0,903	0,833	0,897	0,835	0,833	0,838	0,843	0,815	0,854	0,863	0,848	0,883	0,920	0,861	0,875	0,961	1,001	0,938	0,994	0,916	0,997	1,037	1,016	0,969	1,066	1,037	1,115
7:28:04	37,0	1,125	0,884	1,092	0,883	1,037	0,900	1,051	0,920	1,131	1,092	1,193	1,036	0,743	0,862	0,730	0,832	0,762	0,867	0,757	0,862	0,747	0,977	0,821	1,060	1,148	1,136	1,023	1,084	1,054	1,077	1,005	1,080	1,051	1,062	1,183	1,115	0,821	0,939	0,733	0,729	0,760	0,797	0,847	0,789	0,935	0,791	0,987	0,822	1,085	1,092	1,086	0,998	1,002	0,940	0,974	0,935	0,780	1,003	1,051	1,069	0,918	0,878	0,901	0,907	0,867	0,902	0,852	0,820	0,828	0,916	0,851	0,911	0,851	0,851	0,859	0,857	0,834	0,866	0,881	0,863	0,900	0,936	0,878	0,891	0,975	1,014	0,952	1,020	0,931	1,013	1,049	1,030	0,979	1,080	1,053	1,129
7:38:04	37,0	1,134	0,892	1,099	0,891	1,045	0,909	1,060	0,929	1,135	1,099	1,198	1,043	0,748	0,875	0,734	0,842	0,771	0,877	0,758	0,873	0,754	0,985	0,829	1,066	1,157	1,147	1,033	1,097	1,061	1,084	1,020	1,094	1,079	1,077	1,191	1,125	0,824	0,949	0,740	0,734	0,765	0,801	0,860	0,798	0,945	0,802	0,994	0,826	1,098	1,103	1,097	1,012	1,012	0,953	0,984	0,945	0,790	1,015	1,063	1,080	0,938	0,890	0,909	0,919	0,883	0,915	0,860	0,831	0,836	0,932	0,863	0,926	0,867	0,865	0,874	0,869	0,849	0,877	0,897	0,870	0,913	0,951	0,895	0,906	0,986	1,024	0,965	1,044	0,944	1,026	1,058	1,045	0,992	1,095	1,063	1,138
7:48:04	37,0	1,144	0,900	1,108	0,899	1,053	0,918	1,069	0,935	1,143	1,106	1,205	1,050	0,756	0,886	0,737	0,855	0,778	0,881	0,761	0,883	0,760	0,995	0,835	1,073	1,166	1,158	1,040	1,108	1,071	1,095	1,030	1,104	1,085	1,089	1,203	1,136	0,835	0,955	0,743	0,739	0,769	0,811	0,869	0,805	0,955	0,810	1,007	0,832	1,108	1,114	1,108	1,025	1,022	0,964	0,998	0,957	0,798	1,027	1,074	1,089	0,957	0,902	0,921	0,930	0,897	0,925	0,872	0,846	0,845	0,943	0,878	0,938	0,878	0,880	0,889	0,883	0,862	0,891	0,910	0,882	0,924	0,960	0,910	0,919	0,997	1,034	0,977	1,064	0,959	1,040	1,068	1,059	1,004	1,104	1,071	1,148
7:58:04	37,0	1,151	0,907	1,115	0,906	1,063	0,926	1,078	0,940	1,148	1,109	1,211	1,054	0,764	0,898	0,738	0,873	0,782	0,886	0,769	0,893	0,768	1,004	0,844	1,081	1,176	1,168	1,052	1,115	1,086	1,105	1,037	1,115	1,091	1,105	1,211	1,145	0,841	0,965	0,748	0,740	0,774	0,820	0,876	0,814	0,962	0,818	1,013	0,839	1,120	1,125	1,117	1,035	1,030	0,974	1,011	0,964	0,805	1,036	1,086	1,096	0,973	0,918	0,934	0,942	0,911	0,939	0,885	0,861	0,857	0,959	0,891	0,950	0,889	0,894	0,899	0,898	0,876	0,899	0,921	0,888	0,933	0,969	0,922	0,934	1,008	1,043	0,987	1,081	0,970	1,051	1,077	1,069	1,014	1,113	1,082	1,155
8:08:04	37,0	1,161	0,915	1,122	0,914	1,070	0,936	1,090	0,949	1,159	1,117	1,220	1,063	0,772	0,908	0,743	0,875	0,788	0,900	0,771	0,903	0,771	1,013	0,850	1,087	1,184	1,177	1,063	1,130	1,093	1,125	1,052	1,126	1,111	1,115	1,220	1,156	0,850	0,976	0,753	0,746	0,778	0,827	0,886	0,817	0,972	0,823	1,024	0,848	1,129	1,135	1,130	1,051	1,041	0,987	1,020	0,978	0,817	1,048	1,099	1,108	0,989	0,932	0,950	0,955	0,924	0,953	0,902	0,875	0,868	0,971	0,910	0,965	0,900	0,907	0,914	0,912	0,888	0,912	0,935	0,897	0,946	0,981	0,934	0,949	1,019	1,056	0,998	1,096	0,980	1,067	1,087	1,082	1,023	1,127	1,091	1,165
8:18:04	37,0	1,169	0,924	1,132	0,922	1,083	0,946	1,103	0,957	1,167	1,121	1,227	1,075	0,779	0,919	0,751	0,885	0,789	0,910	0,779	0,913	0,770	1,024	0,856	1,097	1,196	1,189	1,075	1,140	1,105	1,133	1,066	1,137	1,114	1,126	1,230	1,167	0,858	0,989	0,760	0,753	0,786	0,833	0,898	0,819	0,984	0,824	1,034	0,857	1,139	1,147	1,143	1,066	1,056	0,998	1,030	0,990	0,830	1,058	1,114	1,118	1,007	0,945	0,966	0,970	0,936	0,966	0,922	0,893	0,881	0,984	0,923	0,981	0,913	0,920	0,925	0,923	0,902	0,921	0,944	0,905	0,957	0,989	0,947	0,964	1,031	1,069	1,010	1,107	0,994	1,081	1,099	1,092	1,033	1,139	1,102	1,176
8:28:04	37,0	1,174	0,930	1,136	0,927	1,087	0,954	1,106	0,959	1,172	1,123	1,229	1,077	0,784	0,929	0,751	0,893	0,796	0,919	0,780	0,924	0,776	1,025	0,863	1,098	1,204	1,196	1,082	1,147	1,110	1,139	1,075	1,145	1,126	1,137	1,239	1,178	0,860	0,995	0,765	0,757	0,789	0,840	0,906	0,828	0,990	0,832	1,042	0,858	1,146	1,155	1,149	1,078	1,062	1,004	1,044	0,994	0,840	1,069	1,119	1,125	1,018	0,957	0,974	0,981	0,946	0,977	0,930	0,900	0,889	0,995	0,933	0,989	0,920	0,929	0,932	0,931	0,911	0,928	0,952	0,909	0,962	0,995	0,954	0,970	1,039	1,077	1,020	1,115	1,003	1,092	1,103	1,100	1,041	1,146	1,110	1,181
8:38:04	37,0	1,183	0,936	1,142	0,933	1,094	0,963	1,117	0,967	1,181	1,133	1,235	1,084	0,794	0,940	0,756	0,904	0,800	0,926	0,788	0,933	0,779	1,035	0,866	1,108	1,211	1,205	1,090	1,160	1,121	1,153	1,086	1,157	1,133	1,144	1,246	1,187	0,865	1,005	0,771	0,762	0,792	0,846	0,913	0,828	1,001	0,829	1,048	0,866	1,153	1,166	1,158	1,088	1,074	1,016	1,049	1,004	0,854	1,076	1,135	1,134	1,030	0,966	0,988	0,995	0,960	0,987	0,959	0,911	0,898	1,003	0,946	1,004	0,929	0,940	0,943	0,940	0,920	0,934	0,963	0,926	0,971	1,000	0,965	0,981	1,049	1,089	1,029	1,125	1,015	1,104	1,113	1,108	1,052	1,155	1,118	1,190
8:48:04	37,0	1,187	0,942	1,151	0,939	1,103	0,973	1,123	0,971	1,188	1,136	1,242	1,088	0,798	0,948	0,760	0,909	0,806	0,931	0,789	0,942	0,784	1,041	0,873	1,109	1,220	1,213	1,101	1,168	1,127	1,160	1,092	1,165	1,147	1,157	1,254	1,197	0,868	1,012	0,774	0,766	0,798	0,850	0,921	0,834	1,003	0,839	1,059	0,869	1,160	1,174	1,166	1,099	1,079	1,023	1,060	1,011	0,863	1,085	1,141	1,140	1,039	0,978	0,996	1,003	0,968	0,997	0,963	0,919	0,902	1,013	0,956	1,016	0,937	0,948	0,950	0,945	0,927	0,941	0,972	0,925	0,979	1,008	0,970	0,987	1,059	1,099	1,038	1,132	1,023	1,113	1,121	1,117	1,059	1,164	1,128	1,197
8:58:04	37,0	1,196	0,948	1,156	0,943	1,109	0,979	1,133	0,975	1,195	1,138	1,246	1,096	0,805	0,955	0,765	0,920	0,807	0,937	0,796	0,952	0,786	1,049	0,879	1,119	1,228	1,222	1,111	1,176	1,137	1,174	1,104	1,176	1,147	1,166	1,263	1,206	0,873	1,021	0,778	0,773	0,802	0,858	0,930	0,840	1,014	0,841	1,062	0,874	1,169	1,182	1,175	1,111	1,088	1,033	1,069	1,018	0,875	1,093	1,154	1,151	1,048	0,986	1,006	1,016	0,982	1,003	0,976	0,927	0,911	1,020	0,968	1,025	0,946	0,956	0,957	0,949	0,938	0,948	0,979	0,934	0,985	1,014	0,979	0,996	1,068	1,108	1,048	1,140	1,033	1,120	1,131	1,125	1,067	1,171	1,135	1,207
9:08:04	37,0	1,201	0,955	1,163	0,951	1,116	0,987	1,139	0,983	1,201	1,143	1,251	1,101	0,808	0,964	0,769	0,925	0,815	0,946	0,798	0,961	0,792	1,052	0,885	1,121	1,235	1,229	1,117	1,184	1,146	1,179	1,111	1,183	1,165	1,175	1,270	1,213	0,876	1,027	0,781	0,776	0,807	0,862	0,937	0,845	1,020	0,846	1,072	0,881	1,176	1,188	1,182	1,121	1,097	1,042	1,077	1,025	0,882	1,102	1,160	1,155	1,056	0,995	1,015	1,024	0,991	1,013	0,981	0,932	0,915	1,028	0,977	1,034	0,953	0,963	0,966	0,956	0,944	0,952	0,986	0,936	0,994	1,019	0,987	1,003	1,077	1,117	1,057	1,147	1,039	1,129	1,138	1,133	1,076	1,177	1,142	1,212
9:18:04	37,0	1,205	0,959	1,167	0,954	1,119	0,993	1,143	0,985	1,206	1,144	1,256	1,105	0,816	0,973	0,772	0,933	0,818	0,953	0,800	0,967	0,798	1,056	0,891	1,122	1,241	1,235	1,124	1,190	1,151	1,187	1,123	1,192	1,171	1,188	1,276	1,222	0,879	1,034	0,784	0,780	0,811	0,869	0,944	0,850	1,026	0,851	1,077	0,886	1,182	1,195	1,188	1,128	1,103	1,048	1,087	1,031	0,888	1,110	1,168	1,159	1,063	1,000	1,020	1,031	0,999	1,020	0,984	0,935	0,921	1,035	0,985	1,040	0,960	0,968	0,973	0,961	0,952	0,956	0,992	0,940	0,998	1,024	0,995	1,009	1,085	1,123	1,066	1,153	1,049	1,134	1,146	1,142	1,082	1,184	1,148	1,218
9:28:04	37,0	1,213	0,965	1,173	0,958	1,125	0,998	1,149	0,990	1,209	1,145	1,260	1,109	0,819	0,979	0,774	0,942	0,820	0,961	0,802	0,976	0,804	1,058	0,896	1,126	1,247	1,243	1,129	1,197	1,159	1,197	1,129	1,198	1,178	1,196	1,280	1,227	0,882	1,042	0,788	0,783	0,815	0,875	0,951	0,853	1,034	0,855	1,083	0,891	1,185	1,202	1,195	1,135	1,111	1,054	1,092	1,035	0,894	1,115	1,175	1,165	1,069	1,005	1,026	1,039	1,004	1,028	0,989	0,942	0,927	1,040	0,992	1,046	0,966	0,974	0,981	0,967	0,958	0,961	0,996	0,944	1,005	1,029	0,999	1,017	1,094	1,130	1,073	1,162	1,056	1,140	1,152	1,152	1,090	1,190	1,155	1,224
9:38:04	37,0	1,219	0,971	1,178	0,964	1,132	1,004	1,158	0,999	1,216	1,150	1,264	1,115	0,825	0,988	0,780	0,951	0,825	0,966	0,807	0,988	0,810	1,066	0,901	1,131	1,253	1,249	1,136	1,205	1,167	1,206	1,138	1,206	1,192	1,206	1,288	1,235	0,885	1,049	0,792	0,787	0,819	0,881	0,959	0,857	1,040	0,856	1,089	0,896	1,192	1,209	1,203	1,142	1,119	1,062	1,100	1,044	0,909	1,126	1,183	1,172	1,076	1,014	1,036	1,047	1,013	1,032	1,001	0,953	0,934	1,046	1,003	1,052	0,972	0,980	0,990	0,971	0,965	0,967	1,006	0,951	1,012	1,035	1,008	1,021	1,101	1,139	1,082	1,169	1,064	1,148	1,160	1,163	1,098	1,198	1,161	1,231
9:48:04	37,0	1,222	0,975	1,184	0,970	1,137	1,010	1,166	1,003	1,221	1,153	1,269	1,119	0,828	0,991	0,782	0,957	0,828	0,971	0,809	0,994	0,810	1,069	0,906	1,132	1,259	1,256	1,143	1,211	1,174	1,212	1,144	1,214	1,196	1,212	1,295	1,242	0,888	1,056	0,796	0,791	0,824	0,884	0,965	0,862	1,046	0,859	1,092	0,901	1,199	1,214	1,208	1,149	1,125	1,068	1,105	1,048	0,914	1,129	1,188	1,177	1,082	1,022	1,040	1,052	1,020	1,037	1,002	0,953	0,938	1,052	1,010	1,057	0,977	0,986	0,995	0,974	0,973	0,971	1,012	0,953	1,019	1,038	1,013	1,026	1,107	1,146	1,090	1,175	1,071	1,153	1,166	1,172	1,103	1,205	1,167	1,237
9:58:04	37,0	1,230	0,979	1,187	0,974	1,144	1,016	1,171	1,006	1,226	1,155	1,273	1,126	0,832	0,997	0,786	0,962	0,831	0,976	0,814	1,000	0,813	1,075	0,915	1,137	1,266	1,261	1,151	1,220	1,179	1,222	1,155	1,220	1,200	1,221	1,303	1,252	0,893	1,061	0,800	0,796	0,828	0,891	0,973	0,864	1,051	0,864	1,101	0,905	1,202	1,218	1,214	1,156	1,132	1,076	1,112	1,056	0,924	1,135	1,196	1,182	1,088	1,030	1,049	1,057	1,026	1,044	1,010	0,960	0,945	1,058	1,019	1,063	0,983	0,991	1,003	0,979	0,979	0,975	1,017	0,962	1,026	1,044	1,017	1,031	1,115	1,153	1,096	1,184	1,077	1,160	1,171	1,182	1,112	1,213	1,172	1,243
10:08:04	37,0	1,234	0,984	1,192	0,977	1,147	1,020	1,177	1,009	1,230	1,155	1,276	1,131	0,838	1,003	0,790	0,966	0,836	0,982	0,816	1,006	0,817	1,079	0,920	1,141	1,272	1,267	1,156	1,225	1,184	1,226	1,158	1,226	1,212	1,228	1,308	1,256	0,894	1,067	0,803	0,798	0,831	0,896	0,978	0,868	1,056	0,867	1,105	0,908	1,205	1,224	1,219	1,162	1,138	1,081	1,119	1,061	0,932	1,142	1,201	1,188	1,092	1,038	1,052	1,064	1,033	1,047	1,013	0,965	0,947	1,062	1,026	1,068	0,988	0,997	1,008	0,984	0,983	0,979	1,021	0,965	1,032	1,046	1,023	1,035	1,121	1,159	1,102	1,191	1,083	1,165	1,177	1,189	1,118	1,218	1,177	1,248
10:18:04	37,0	1,235	0,986	1,196	0,981	1,153	1,024	1,182	1,013	1,235	1,155	1,280	1,134	0,838	1,010	0,790	0,972	0,838	0,987	0,820	1,012	0,822	1,079	0,926	1,141	1,276	1,272	1,161	1,232	1,190	1,230	1,163	1,232	1,216	1,236	1,311	1,261	0,898	1,072	0,807	0,803	0,833	0,901	0,985	0,870	1,063	0,872	1,111	0,916	1,208	1,227	1,224	1,166	1,142	1,087	1,124	1,066	0,935	1,145	1,206	1,191	1,096	1,041	1,059	1,068	1,039	1,053	1,016	0,964	0,951	1,067	1,031	1,072	0,992	1,000	1,013	0,987	0,990	0,983	1,027	0,963	1,035	1,050	1,029	1,038	1,125	1,165	1,108	1,196	1,089	1,171	1,182	1,195	1,121	1,223	1,181	1,253
10:28:04	37,0	1,243	0,991	1,203	0,985	1,160	1,030	1,190	1,015	1,241	1,157	1,284	1,141	0,845	1,015	0,795	0,977	0,841	0,990	0,825	1,016	0,820	1,085	0,932	1,147	1,282	1,278	1,168	1,238	1,198	1,239	1,170	1,238	1,220	1,242	1,319	1,268	0,905	1,077	0,811	0,807	0,838	0,906	0,990	0,873	1,069	0,873	1,116	0,919	1,215	1,234	1,230	1,173	1,150	1,094	1,128	1,071	0,941	1,150	1,212	1,199	1,100	1,047	1,065	1,075	1,042	1,055	1,024	0,965	0,954	1,074	1,040	1,078	0,995	1,006	1,020	0,991	0,993	0,988	1,032	0,971	1,043	1,054	1,033	1,043	1,132	1,171	1,115	1,203	1,093	1,176	1,187	1,199	1,129	1,229	1,186	1,258
10:38:04	37,0	1,245	0,990	1,206	0,987	1,158	1,031	1,183	1,013	1,242	1,152	1,283	1,140	0,846	1,018	0,795	0,980	0,839	0,992	0,829	1,023	0,821	1,083	0,936	1,142	1,285	1,280	1,171	1,238	1,203	1,242	1,170	1,240	1,222	1,248	1,318	1,269	0,910	1,081	0,814	0,807	0,839	0,907	0,993	0,877	1,069	0,875	1,116	0,921	1,216	1,234	1,228	1,176	1,152	1,094	1,131	1,066	0,947	1,154	1,210	1,195	1,105	1,052	1,068	1,074	1,048	1,059	1,025	0,965	0,950	1,072	1,042	1,075	1,000	1,004	1,020	0,992	0,993	0,986	1,031	0,968	1,037	1,052	1,029	1,040	1,132	1,174	1,116	1,207	1,101	1,178	1,189	1,200	1,128	1,228	1,187	1,261
10:48:04	37,0	1,249	0,994	1,210	0,990	1,165	1,036	1,196	1,015	1,248	1,155	1,290	1,145	0,852	1,026	0,797	0,985	0,846	0,999	0,830	1,026	0,825	1,085	0,943	1,146	1,290	1,286	1,174	1,245	1,206	1,247	1,176	1,247	1,233	1,256	1,323	1,275	0,908	1,085	0,816	0,812	0,845	0,914	0,998	0,879	1,074	0,882	1,122	0,925	1,219	1,239	1,235	1,180	1,156	1,101	1,139	1,075	0,953	1,158	1,216	1,202	1,105	1,057	1,074	1,081	1,052	1,065	1,027	0,972	0,954	1,077	1,048	1,083	1,002	1,010	1,027	0,995	1,000	0,992	1,038	0,970	1,047	1,058	1,038	1,046	1,135	1,179	1,121	1,211	1,102	1,186	1,194	1,209	1,135	1,235	1,192	1,266
10:58:04	37,0	1,253	0,998	1,215	0,993	1,173	1,039	1,201	1,019	1,250	1,156	1,291	1,150	0,853	1,031	0,801	0,992	0,849	1,004	0,830	1,031	0,832	1,089	0,949	1,149	1,295	1,291	1,181	1,250	1,211	1,254	1,181	1,252	1,237	1,263	1,325	1,282	0,915	1,092	0,819	0,816	0,848	0,919	1,003	0,883	1,079	0,885	1,129	0,926	1,222	1,242	1,241	1,185	1,163	1,107	1,144	1,080	0,957	1,162	1,221	1,207	1,105	1,060	1,078	1,086	1,057	1,072	1,029	0,972	0,957	1,082	1,053	1,087	1,003	1,016	1,034	0,999	1,006	0,997	1,042	0,972	1,053	1,062	1,046	1,051	1,138	1,184	1,126	1,216	1,104	1,189	1,197	1,213	1,140	1,242	1,196	1,271
11:08:04	37,0	1,256	1,001	1,218	0,995	1,175	1,042	1,204	1,019	1,256	1,157	1,294	1,153	0,854	1,033	0,805	0,994	0,852	1,008	0,833	1,036	0,836	1,093	0,954	1,152	1,296	1,295	1,187	1,255	1,219	1,258	1,186	1,257	1,240	1,269	1,330	1,286	0,916	1,097	0,820	0,818	0,851	0,923	1,008	0,887	1,084	0,887	1,132	0,929	1,226	1,246	1,244	1,189	1,166	1,111	1,147	1,081	0,964	1,167	1,226	1,209	1,111	1,063	1,082	1,089	1,060	1,075	1,032	0,973	0,960	1,085	1,056	1,090	1,004	1,018	1,040	1,002	1,009	1,000	1,046	0,974	1,055	1,062	1,051	1,052	1,141	1,189	1,129	1,221	1,109	1,195	1,201	1,216	1,145	1,246	1,198	1,275
11:18:04	37,0	1,262	1,004	1,223	0,998	1,182	1,046	1,210	1,023	1,260	1,159	1,298	1,159	0,859	1,037	0,810	0,999	0,851	1,011	0,839	1,038	0,832	1,098	0,962	1,155	1,302	1,300	1,193	1,264	1,224	1,263	1,193	1,263	1,246	1,275	1,336	1,294	0,921	1,100	0,825	0,823	0,851	0,927	1,014	0,886	1,093	0,887	1,136	0,934	1,231	1,251	1,248	1,195	1,174	1,118	1,153	1,088	0,972	1,171	1,233	1,219	1,112	1,067	1,087	1,093	1,065	1,078	1,040	0,978	0,968	1,089	1,064	1,096	1,009	1,023	1,045	1,005	1,012	1,004	1,050	0,983	1,063	1,069	1,056	1,056	1,147	1,194	1,136	1,226	1,111	1,202	1,206	1,222	1,152	1,254	1,203	1,279
11:28:04	37,0	1,265	1,006	1,227	1,001	1,185	1,050	1,214	1,023	1,264	1,160	1,300	1,163	0,864	1,039	0,815	1,003	0,855	1,012	0,838	1,044	0,836	1,099	0,966	1,156	1,306	1,304	1,196	1,268	1,228	1,268	1,202	1,267	1,252	1,279	1,342	1,298	0,923	1,104	0,827	0,827	0,857	0,928	1,018	0,891	1,093	0,894	1,144	0,939	1,234	1,254	1,250	1,197	1,179	1,123	1,157	1,091	0,973	1,177	1,234	1,218	1,118	1,071	1,091	1,098	1,070	1,085	1,041	0,977	0,969	1,093	1,069	1,098	1,013	1,025	1,050	1,008	1,016	1,006	1,055	0,982	1,066	1,072	1,056	1,058	1,149	1,199	1,139	1,229	1,114	1,206	1,211	1,227	1,156	1,258	1,205	1,284
11:38:04	37,0	1,268	1,009	1,230	1,004	1,188	1,052	1,216	1,024	1,265	1,163	1,302	1,166	0,868	1,040	0,814	1,007	0,858	1,017	0,842	1,047	0,839	1,103	0,970	1,159	1,308	1,308	1,200	1,273	1,232	1,275	1,205	1,273	1,254	1,285	1,343	1,303	0,929	1,108	0,830	0,828	0,861	0,934	1,022	0,893	1,095	0,894	1,147	0,941	1,238	1,257	1,253	1,202	1,182	1,127	1,160	1,094	0,981	1,179	1,237	1,222	1,118	1,073	1,093	1,101	1,073	1,085	1,044	0,982	0,974	1,096	1,074	1,098	1,014	1,029	1,054	1,010	1,021	1,009	1,058	0,985	1,069	1,075	1,061	1,062	1,152	1,203	1,144	1,233	1,116	1,210	1,212	1,229	1,160	1,264	1,208	1,288
11:48:04	37,0	1,271	1,010	1,234	1,007	1,193	1,055	1,219	1,025	1,269	1,162	1,303	1,169	0,872	1,044	0,819	1,011	0,862	1,018	0,843	1,051	0,844	1,105	0,975	1,161	1,312	1,312	1,205	1,276	1,234	1,278	1,211	1,276	1,262	1,290	1,346	1,307	0,928	1,111	0,833	0,830	0,865	0,938	1,027	0,896	1,102	0,898	1,149	0,944	1,238	1,261	1,254	1,205	1,185	1,131	1,163	1,095	0,983	1,183	1,241	1,223	1,118	1,077	1,097	1,103	1,076	1,089	1,045	0,983	0,976	1,097	1,077	1,101	1,018	1,030	1,060	1,011	1,024	1,012	1,061	0,987	1,072	1,076	1,063	1,061	1,155	1,208	1,147	1,236	1,118	1,215	1,215	1,233	1,166	1,267	1,209	1,290
11:58:04	37,0	1,275	1,014	1,238	1,009	1,196	1,058	1,225	1,025	1,273	1,162	1,307	1,172	0,876	1,048	0,823	1,014	0,865	1,024	0,848	1,054	0,850	1,108	0,973	1,163	1,316	1,316	1,210	1,281	1,238	1,287	1,217	1,281	1,262	1,296	1,352	1,311	0,936	1,116	0,835	0,834	0,868	0,942	1,032	0,899	1,103	0,900	1,153	0,949	1,241	1,263	1,258	1,209	1,190	1,135	1,168	1,100	0,997	1,187	1,245	1,226	1,120	1,081	1,101	1,104	1,079	1,093	1,049	0,994	0,984	1,103	1,083	1,104	1,020	1,034	1,063	1,013	1,026	1,016	1,065	0,996	1,077	1,081	1,067	1,065	1,159	1,213	1,151	1,240	1,123	1,218	1,216	1,236	1,167	1,273	1,214	1,293
12:08:04	37,0	1,276	1,013	1,239	1,009	1,201	1,061	1,227	1,025	1,274	1,164	1,308	1,174	0,876	1,050	0,823	1,017	0,869	1,027	0,850	1,058	0,854	1,108	0,978	1,163	1,319	1,318	1,211	1,284	1,242	1,288	1,218	1,284	1,271	1,299	1,351	1,312	0,935	1,117	0,836	0,834	0,869	0,945	1,034	0,902	1,105	0,903	1,152	0,949	1,242	1,265	1,260	1,210	1,191	1,139	1,173	1,099	0,998	1,188	1,245	1,227	1,125	1,083	1,102	1,105	1,081	1,094	1,048	0,992	0,981	1,102	1,085	1,102	1,022	1,035	1,066	1,017	1,030	1,017	1,066	0,993	1,077	1,079	1,068	1,065	1,160	1,217	1,152	1,243	1,125	1,220	1,218	1,238	1,169	1,276	1,214	1,296
12:18:04	37,0	1,281	1,015	1,242	1,011	1,199	1,062	1,228	1,025	1,278	1,161	1,306	1,176	0,885	1,055	0,822	1,019	0,870	1,028	0,852	1,062	0,857	1,107	0,981	1,165	1,320	1,320	1,213	1,285	1,246	1,289	1,218	1,286	1,271	1,305	1,352	1,315	0,936	1,122	0,838	0,835	0,869	0,948	1,035	0,903	1,109	0,907	1,157	0,953	1,245	1,265	1,261	1,213	1,194	1,140	1,173	1,099	0,997	1,191	1,244	1,228	1,127	1,085	1,106	1,107	1,083	1,096	1,052	0,987	0,982	1,106	1,087	1,097	1,022	1,037	1,069	1,018	1,030	1,019	1,069	0,988	1,079	1,080	1,069	1,067	1,159	1,219	1,153	1,244	1,123	1,224	1,219	1,240	1,170	1,278	1,215	1,298
12:28:04	37,0	1,282	1,017	1,245	1,013	1,206	1,065	1,231	1,026	1,280	1,162	1,311	1,177	0,888	1,058	0,826	1,020	0,870	1,031	0,855	1,063	0,861	1,109	0,979	1,166	1,321	1,324	1,218	1,290	1,250	1,292	1,222	1,291	1,277	1,308	1,354	1,318	0,936	1,126	0,839	0,835	0,872	0,951	1,039	0,906	1,112	0,908	1,160	0,953	1,246	1,266	1,264	1,216	1,198	1,144	1,179	1,102	1,005	1,193	1,250	1,233	1,127	1,087	1,110	1,110	1,084	1,101	1,053	0,993	0,983	1,105	1,090	1,107	1,022	1,040	1,073	1,020	1,036	1,022	1,071	0,990	1,083	1,085	1,069	1,068	1,160	1,224	1,154	1,247	1,125	1,226	1,223	1,244	1,174	1,283	1,217	1,301
12:38:04	37,0	1,285	1,018	1,246	1,015	1,208	1,065	1,235	1,029	1,283	1,162	1,311	1,180	0,893	1,062	0,826	1,023	0,873	1,032	0,856	1,065	0,862	1,113	0,981	1,167	1,326	1,326	1,220	1,292	1,254	1,298	1,226	1,294	1,280	1,312	1,356	1,321	0,938	1,130	0,842	0,838	0,873	0,953	1,041	0,908	1,114	0,909	1,163	0,955	1,249	1,268	1,265	1,218	1,200	1,147	1,181	1,105	1,009	1,194	1,251	1,234	1,128	1,090	1,111	1,112	1,087	1,104	1,056	0,992	0,984	1,106	1,094	1,110	1,024	1,041	1,077	1,022	1,037	1,024	1,073	0,991	1,086	1,085	1,075	1,070	1,158	1,227	1,155	1,249	1,126	1,231	1,225	1,247	1,174	1,286	1,218	1,304
12:48:04	37,0	1,289	1,021	1,247	1,017	1,213	1,067	1,238	1,030	1,287	1,163	1,315	1,183	0,897	1,065	0,830	1,027	0,878	1,033	0,859	1,067	0,868	1,114	0,981	1,169	1,327	1,331	1,224	1,296	1,258	1,302	1,232	1,299	1,283	1,314	1,361	1,324	0,942	1,134	0,844	0,842	0,877	0,956	1,046	0,909	1,117	0,911	1,167	0,955	1,252	1,271	1,268	1,220	1,203	1,150	1,183	1,106	1,012	1,197	1,255	1,236	1,130	1,091	1,113	1,115	1,090	1,105	1,058	0,995	0,988	1,109	1,097	1,112	1,026	1,043	1,082	1,023	1,040	1,028	1,075	0,994	1,092	1,090	1,077	1,072	1,160	1,232	1,159	1,251	1,129	1,234	1,225	1,248	1,178	1,292	1,219	1,307
12:58:04	37,0	1,291	1,022	1,252	1,020	1,214	1,070	1,240	1,033	1,289	1,163	1,316	1,184	0,900	1,065	0,835	1,027	0,877	1,035	0,861	1,070	0,866	1,115	0,982	1,173	1,329	1,334	1,228	1,300	1,260	1,308	1,238	1,302	1,283	1,317	1,361	1,327	0,945	1,136	0,846	0,842	0,880	0,958	1,048	0,910	1,122	0,912	1,170	0,958	1,253	1,273	1,268	1,222	1,205	1,152	1,186	1,106	1,015	1,199	1,258	1,239	1,131	1,095	1,117	1,117	1,092	1,108	1,059	0,995	0,993	1,113	1,100	1,111	1,029	1,046	1,085	1,024	1,043	1,031	1,077	0,998	1,095	1,092	1,079	1,072	1,163	1,235	1,162	1,255	1,133	1,239	1,225	1,251	1,182	1,296	1,221	1,309
13:08:04	37,0	1,293	1,025	1,254	1,022	1,220	1,071	1,241	1,035	1,291	1,166	1,317	1,184	0,905	1,066	0,835	1,030	0,880	1,037	0,863	1,071	0,867	1,115	0,982	1,176	1,330	1,335	1,230	1,304	1,265	1,312	1,242	1,306	1,288	1,320	1,363	1,330	0,945	1,140	0,848	0,844	0,879	0,960	1,051	0,912	1,125	0,914	1,173	0,961	1,254	1,275	1,269	1,224	1,210	1,154	1,189	1,109	1,015	1,201	1,259	1,240	1,133	1,096	1,122	1,120	1,097	1,111	1,061	0,995	0,995	1,113	1,103	1,111	1,032	1,049	1,088	1,024	1,047	1,033	1,083	1,000	1,099	1,096	1,081	1,073	1,164	1,240	1,164	1,257	1,133	1,243	1,226	1,252	1,184	1,300	1,221	1,310
13:18:04	37,0	1,296	1,025	1,256	1,022	1,222	1,071	1,243	1,034	1,291	1,165	1,317	1,187	0,905	1,069	0,839	1,032	0,886	1,038	0,863	1,074	0,875	1,118	0,978	1,175	1,332	1,336	1,232	1,306	1,265	1,313	1,245	1,309	1,295	1,323	1,360	1,329	0,948	1,141	0,848	0,847	0,883	0,958	1,054	0,915	1,129	0,915	1,174	0,964	1,255	1,276	1,270	1,225	1,212	1,155	1,191	1,110	1,020	1,202	1,261	1,240	1,133	1,097	1,125	1,119	1,097	1,113	1,061	0,998	0,999	1,115	1,107	1,111	1,033	1,049	1,091	1,027	1,049	1,034	1,084	1,001	1,097	1,094	1,084	1,074	1,162	1,242	1,166	1,256	1,133	1,244	1,227	1,256	1,184	1,300	1,223	1,313
13:28:04	37,0	1,297	1,027	1,259	1,025	1,226	1,075	1,247	1,037	1,295	1,165	1,320	1,185	0,916	1,069	0,842	1,035	0,887	1,039	0,867	1,075	0,877	1,120	0,984	1,179	1,332	1,339	1,236	1,312	1,270	1,316	1,249	1,312	1,296	1,326	1,366	1,333	0,949	1,144	0,850	0,849	0,886	0,964	1,056	0,915	1,129	0,916	1,179	0,962	1,256	1,277	1,271	1,227	1,214	1,159	1,194	1,111	1,021	1,204	1,263	1,242	1,134	1,099	1,127	1,121	1,100	1,117	1,064	0,999	1,001	1,119	1,109	1,114	1,034	1,051	1,094	1,027	1,051	1,036	1,087	1,004	1,102	1,099	1,086	1,075	1,164	1,246	1,168	1,260	1,137	1,247	1,228	1,256	1,187	1,306	1,224	1,314
13:38:04	37,0	1,299	1,027	1,260	1,024	1,228	1,074	1,247	1,039	1,295	1,163	1,320	1,185	0,915	1,071	0,843	1,036	0,893	1,042	0,869	1,077	0,885	1,119	0,981	1,177	1,333	1,341	1,237	1,313	1,272	1,320	1,252	1,314	1,299	1,329	1,364	1,333	0,947	1,147	0,851	0,848	0,887	0,965	1,059	0,917	1,130	0,918	1,178	0,963	1,255	1,276	1,271	1,227	1,215	1,160	1,195	1,112	1,021	1,206	1,264	1,243	1,136	1,101	1,129	1,123	1,102	1,118	1,064	0,999	1,000	1,117	1,111	1,113	1,036	1,053	1,095	1,029	1,055	1,037	1,085	1,002	1,101	1,096	1,089	1,076	1,165	1,250	1,167	1,262	1,134	1,247	1,228	1,258	1,186	1,306	1,222	1,317
13:48:04	37,0	1,300	1,028	1,261	1,025	1,229	1,075	1,247	1,038	1,299	1,163	1,319	1,187	0,914	1,074	0,846	1,037	0,896	1,045	0,871	1,079	0,888	1,119	0,980	1,179	1,335	1,341	1,241	1,315	1,275	1,321	1,253	1,315	1,301	1,332	1,364	1,333	0,946	1,149	0,851	0,848	0,887	0,965	1,060	0,918	1,133	0,918	1,180	0,964	1,256	1,276	1,272	1,228	1,217	1,161	1,197	1,111	1,021	1,206	1,264	1,243	1,137	1,103	1,131	1,124	1,103	1,121	1,064	0,997	0,998	1,119	1,113	1,113	1,036	1,055	1,098	1,031	1,056	1,040	1,086	0,998	1,103	1,099	1,088	1,076	1,164	1,252	1,167	1,261	1,136	1,250	1,228	1,259	1,185	1,309	1,222	1,319
13:58:04	37,0	1,301	1,028	1,263	1,026	1,234	1,077	1,250	1,040	1,300	1,163	1,322	1,188	0,918	1,076	0,848	1,038	0,894	1,044	0,875	1,079	0,883	1,119	0,983	1,180	1,333	1,342	1,243	1,318	1,276	1,322	1,257	1,317	1,302	1,333	1,367	1,337	0,952	1,151	0,853	0,850	0,888	0,968	1,062	0,916	1,137	0,918	1,182	0,965	1,255	1,277	1,272	1,229	1,220	1,164	1,198	1,113	1,024	1,206	1,266	1,245	1,137	1,105	1,132	1,127	1,107	1,122	1,068	0,998	1,004	1,120	1,116	1,114	1,038	1,057	1,100	1,031	1,056	1,042	1,092	1,002	1,106	1,105	1,090	1,078	1,165	1,256	1,169	1,262	1,139	1,256	1,229	1,260	1,190	1,315	1,222	1,320
14:08:04	37,0	1,304	1,030	1,268	1,028	1,237	1,079	1,251	1,043	1,300	1,164	1,323	1,193	0,916	1,077	0,853	1,039	0,896	1,045	0,879	1,081	0,884	1,124	0,984	1,182	1,335	1,344	1,247	1,323	1,280	1,328	1,258	1,320	1,302	1,338	1,366	1,339	0,951	1,154	0,854	0,852	0,886	0,969	1,066	0,916	1,142	0,915	1,188	0,973	1,260	1,277	1,274	1,230	1,222	1,165	1,199	1,114	1,028	1,208	1,270	1,248	1,140	1,109	1,134	1,129	1,109	1,124	1,071	1,003	1,006	1,122	1,121	1,120	1,041	1,059	1,101	1,032	1,059	1,044	1,096	1,008	1,109	1,106	1,090	1,079	1,168	1,257	1,169	1,265	1,138	1,257	1,229	1,260	1,192	1,316	1,224	1,322
14:18:04	37,0	1,306	1,031	1,268	1,028	1,236	1,080	1,254	1,042	1,301	1,164	1,323	1,191	0,920	1,078	0,853	1,042	0,893	1,047	0,880	1,083	0,886	1,126	0,983	1,183	1,334	1,344	1,246	1,324	1,281	1,329	1,261	1,321	1,303	1,337	1,368	1,338	0,951	1,154	0,856	0,854	0,891	0,970	1,067	0,918	1,143	0,920	1,190	0,968	1,257	1,276	1,273	1,230	1,222	1,165	1,202	1,115	1,032	1,208	1,269	1,246	1,137	1,111	1,136	1,131	1,109	1,126	1,070	1,004	1,008	1,124	1,124	1,121	1,042	1,060	1,103	1,032	1,061	1,045	1,097	1,007	1,110	1,107	1,092	1,081	1,167	1,259	1,171	1,266	1,139	1,259	1,228	1,261	1,192	1,317	1,220	1,321
14:28:04	37,0	1,306	1,031	1,269	1,028	1,240	1,079	1,254	1,042	1,303	1,161	1,324	1,192	0,922	1,080	0,853	1,042	0,897	1,047	0,883	1,083	0,891	1,126	0,981	1,182	1,334	1,345	1,247	1,324	1,281	1,330	1,263	1,321	1,305	1,340	1,366	1,338	0,952	1,156	0,856	0,856	0,892	0,970	1,071	0,917	1,146	0,919	1,190	0,970	1,256	1,275	1,271	1,230	1,222	1,167	1,202	1,114	1,035	1,208	1,269	1,246	1,140	1,111	1,136	1,131	1,111	1,127	1,072	1,006	1,010	1,125	1,124	1,121	1,042	1,062	1,103	1,033	1,063	1,046	1,098	1,010	1,109	1,109	1,093	1,083	1,166	1,259	1,169	1,266	1,139	1,261	1,227	1,261	1,192	1,318	1,220	1,321
14:38:04	37,0	1,304	1,028	1,269	1,026	1,237	1,077	1,247	1,039	1,300	1,157	1,319	1,191	0,921	1,079	0,855	1,044	0,895	1,046	0,886	1,083	0,883	1,121	0,975	1,178	1,332	1,343	1,249	1,323	1,282	1,330	1,262	1,320	1,303	1,338	1,362	1,334	0,954	1,157	0,855	0,855	0,890	0,969	1,070	0,918	1,142	0,919	1,186	0,970	1,256	1,271	1,268	1,229	1,221	1,165	1,201	1,109	1,035	1,208	1,264	1,246	1,141	1,113	1,137	1,128	1,112	1,127	1,072	1,008	1,004	1,124	1,121	1,115	1,039	1,062	1,101	1,034	1,060	1,043	1,096	1,007	1,105	1,104	1,089	1,080	1,163	1,262	1,166	1,264	1,139	1,261	1,226	1,258	1,187	1,317	1,219	1,320
14:48:04	37,0	1,305	1,031	1,269	1,027	1,239	1,078	1,254	1,041	1,302	1,159	1,321	1,192	0,918	1,079	0,857	1,045	0,897	1,048	0,880	1,086	0,881	1,122	0,977	1,177	1,332	1,344	1,248	1,322	1,282	1,331	1,262	1,322	1,308	1,339	1,361	1,335	0,952	1,159	0,854	0,855	0,893	0,971	1,072	0,917	1,145	0,920	1,186	0,974	1,254	1,269	1,266	1,230	1,222	1,167	1,204	1,112	1,035	1,208	1,268	1,246	1,140	1,113	1,139	1,131	1,117	1,128	1,071	1,007	1,006	1,122	1,125	1,119	1,041	1,062	1,103	1,033	1,062	1,045	1,095	1,005	1,106	1,104	1,093	1,083	1,159	1,262	1,164	1,264	1,137	1,263	1,223	1,260	1,190	1,318	1,218	1,321
14:58:04	37,0	1,305	1,030	1,270	1,027	1,241	1,079	1,252	1,040	1,305	1,157	1,320	1,193	0,915	1,081	0,854	1,046	0,896	1,049	0,882	1,086	0,882	1,122	0,973	1,179	1,331	1,343	1,250	1,323	1,287	1,332	1,263	1,322	1,311	1,343	1,361	1,335	0,953	1,161	0,855	0,856	0,892	0,973	1,073	0,918	1,147	0,920	1,191	0,974	1,254	1,269	1,267	1,231	1,225	1,167	1,203	1,111	1,034	1,208	1,266	1,247	1,142	1,115	1,141	1,132	1,117	1,132	1,072	1,007	1,006	1,125	1,125	1,118	1,040	1,063	1,105	1,034	1,063	1,047	1,097	1,004	1,107	1,107	1,095	1,080	1,159	1,265	1,163	1,264	1,136	1,264	1,225	1,261	1,188	1,322	1,216	1,322
15:08:04	37,0	1,306	1,029	1,271	1,026	1,244	1,078	1,254	1,039	1,305	1,156	1,320	1,194	0,912	1,083	0,856	1,046	0,895	1,049	0,878	1,086	0,882	1,123	0,972	1,181	1,331	1,342	1,250	1,323	1,288	1,334	1,264	1,323	1,311	1,342	1,361	1,333	0,953	1,162	0,855	0,857	0,894	0,973	1,075	0,919	1,146	0,921	1,192	0,973	1,252	1,267	1,269	1,230	1,225	1,169	1,205	1,111	1,035	1,207	1,266	1,246	1,141	1,115	1,143	1,132	1,116	1,135	1,072	1,008	1,006	1,126	1,127	1,121	1,039	1,065	1,107	1,036	1,065	1,049	1,099	1,004	1,109	1,106	1,094	1,081	1,158	1,267	1,163	1,266	1,135	1,265	1,224	1,260	1,187	1,324	1,216	1,320
15:18:04	37,0	1,307	1,030	1,272	1,026	1,248	1,082	1,257	1,040	1,305	1,155	1,322	1,194	0,913	1,083	0,856	1,047	0,893	1,050	0,876	1,086	0,881	1,122	0,970	1,181	1,331	1,343	1,254	1,325	1,287	1,332	1,268	1,324	1,308	1,337	1,363	1,335	0,954	1,163	0,857	0,858	0,894	0,974	1,076	0,917	1,149	0,919	1,192	0,976	1,252	1,267	1,267	1,230	1,225	1,170	1,206	1,113	1,040	1,207	1,269	1,247	1,140	1,118	1,144	1,136	1,118	1,136	1,077	1,010	1,012	1,127	1,130	1,123	1,040	1,067	1,109	1,035	1,065	1,053	1,104	1,008	1,112	1,110	1,090	1,083	1,156	1,269	1,163	1,265	1,135	1,267	1,222	1,262	1,190	1,325	1,212	1,321
15:28:04	37,0	1,309	1,030	1,270	1,027	1,249	1,083	1,261	1,038	1,307	1,157	1,322	1,196	0,916	1,085	0,856	1,047	0,894	1,050	0,877	1,088	0,875	1,124	0,974	1,181	1,330	1,343	1,255	1,327	1,288	1,335	1,271	1,324	1,308	1,337	1,362	1,335	0,954	1,164	0,857	0,857	0,895	0,975	1,077	0,918	1,148	0,920	1,196	0,974	1,252	1,268	1,266	1,229	1,226	1,171	1,208	1,113	1,039	1,207	1,272	1,247	1,141	1,122	1,145	1,138	1,120	1,139	1,079	1,010	1,013	1,129	1,132	1,122	1,044	1,069	1,112	1,038	1,067	1,057	1,103	1,010	1,115	1,113	1,093	1,085	1,155	1,271	1,163	1,266	1,137	1,270	1,224	1,262	1,192	1,328	1,210	1,322
15:38:04	37,0	1,310	1,030	1,272	1,025	1,250	1,082	1,259	1,038	1,307	1,154	1,323	1,195	0,915	1,086	0,856	1,047	0,891	1,050	0,875	1,087	0,877	1,123	0,971	1,180	1,328	1,343	1,255	1,326	1,288	1,337	1,272	1,324	1,309	1,336	1,359	1,333	0,954	1,166	0,857	0,858	0,897	0,975	1,078	0,919	1,150	0,921	1,198	0,975	1,251	1,266	1,264	1,229	1,227	1,171	1,207	1,113	1,040	1,208	1,272	1,246	1,139	1,122	1,148	1,139	1,121	1,139	1,080	1,012	1,013	1,131	1,134	1,122	1,044	1,070	1,112	1,039	1,068	1,056	1,103	1,012	1,113	1,114	1,094	1,088	1,154	1,271	1,164	1,266	1,135	1,271	1,223	1,261	1,190	1,328	1,210	1,323
15:48:04	37,0	1,311	1,030	1,274	1,024	1,252	1,083	1,261	1,038	1,307	1,153	1,323	1,198	0,913	1,086	0,857	1,048	0,892	1,051	0,875	1,087	0,877	1,122	0,971	1,179	1,327	1,343	1,255	1,328	1,289	1,338	1,274	1,324	1,309	1,336	1,359	1,331	0,953	1,166	0,857	0,859	0,897	0,976	1,080	0,918	1,151	0,919	1,197	0,976	1,251	1,267	1,263	1,229	1,226	1,172	1,207	1,114	1,041	1,208	1,274	1,247	1,141	1,125	1,149	1,142	1,122	1,141	1,080	1,013	1,016	1,134	1,135	1,125	1,045	1,072	1,114	1,040	1,069	1,057	1,105	1,015	1,115	1,114	1,095	1,088	1,156	1,273	1,163	1,267	1,137	1,273	1,222	1,262	1,190	1,328	1,208	1,322
15:58:04	37,0	1,311	1,029	1,275	1,022	1,252	1,081	1,260	1,036	1,305	1,152	1,323	1,198	0,913	1,087	0,856	1,048	0,887	1,050	0,873	1,088	0,877	1,125	0,967	1,178	1,326	1,341	1,255	1,328	1,286	1,337	1,277	1,323	1,307	1,337	1,358	1,332	0,954	1,166	0,857	0,860	0,898	0,977	1,081	0,918	1,155	0,920	1,198	0,976	1,249	1,266	1,262	1,228	1,226	1,172	1,207	1,113	1,044	1,208	1,270	1,245	1,141	1,127	1,151	1,144	1,124	1,139	1,081	1,014	1,018	1,134	1,135	1,126	1,046	1,072	1,114	1,040	1,070	1,059	1,106	1,017	1,115	1,114	1,093	1,089	1,156	1,274	1,160	1,267	1,135	1,272	1,220	1,262	1,189	1,328	1,207	1,322
16:08:04	37,0	1,311	1,028	1,276	1,020	1,252	1,080	1,259	1,035	1,306	1,148	1,321	1,198	0,911	1,085	0,856	1,048	0,888	1,051	0,868	1,087	0,876	1,123	0,965	1,179	1,324	1,340	1,254	1,327	1,286	1,335	1,275	1,322	1,306	1,335	1,353	1,329	0,954	1,167	0,857	0,860	0,898	0,976	1,083	0,920	1,153	0,920	1,197	0,975	1,247	1,264	1,260	1,227	1,225	1,172	1,207	1,113	1,046	1,208	1,271	1,246	1,143	1,128	1,151	1,144	1,127	1,141	1,081	1,019	1,015	1,136	1,137	1,124	1,046	1,073	1,115	1,043	1,071	1,061	1,105	1,015	1,115	1,112	1,094	1,088	1,156	1,272	1,158	1,266	1,134	1,271	1,220	1,261	1,186	1,329	1,208	1,320
16:18:04	37,0	1,309	1,025	1,274	1,016	1,250	1,077	1,256	1,032	1,305	1,147	1,319	1,199	0,910	1,083	0,853	1,048	0,884	1,050	0,868	1,086	0,873	1,120	0,961	1,177	1,322	1,337	1,252	1,323	1,284	1,335	1,270	1,320	1,303	1,337	1,350	1,326	0,951	1,167	0,856	0,858	0,896	0,978	1,082	0,919	1,153	0,920	1,197	0,979	1,246	1,261	1,258	1,225	1,224	1,171	1,206	1,109	1,042	1,206	1,269	1,244	1,142	1,128	1,150	1,142	1,128	1,142	1,081	1,014	1,013	1,134	1,136	1,122	1,044	1,073	1,114	1,044	1,071	1,059	1,103	1,013	1,114	1,110	1,092	1,086	1,152	1,274	1,157	1,265	1,133	1,270	1,214	1,258	1,185	1,329	1,206	1,320
16:28:04	37,0	1,308	1,024	1,276	1,016	1,252	1,078	1,259	1,030	1,304	1,144	1,320	1,199	0,909	1,084	0,849	1,048	0,880	1,048	0,863	1,086	0,871	1,118	0,960	1,177	1,321	1,335	1,252	1,322	1,283	1,334	1,270	1,319	1,303	1,333	1,352	1,327	0,954	1,168	0,855	0,858	0,896	0,978	1,083	0,916	1,153	0,919	1,197	0,980	1,244	1,259	1,258	1,226	1,225	1,171	1,208	1,110	1,041	1,205	1,266	1,242	1,143	1,129	1,151	1,144	1,128	1,143	1,083	1,015	1,014	1,135	1,137	1,120	1,045	1,072	1,116	1,043	1,073	1,061	1,106	1,016	1,113	1,109	1,093	1,086	1,145	1,275	1,154	1,266	1,129	1,271	1,213	1,258	1,184	1,329	1,205	1,318
16:38:04	37,0	1,308	1,022	1,275	1,015	1,254	1,079	1,258	1,028	1,304	1,145	1,320	1,196	0,906	1,085	0,850	1,048	0,877	1,047	0,859	1,086	0,860	1,117	0,958	1,179	1,320	1,334	1,251	1,322	1,283	1,333	1,273	1,318	1,301	1,332	1,350	1,325	0,956	1,169	0,856	0,859	0,897	0,980	1,085	0,918	1,151	0,920	1,196	0,978	1,244	1,260	1,257	1,223	1,224	1,172	1,206	1,109	1,041	1,203	1,267	1,243	1,142	1,131	1,155	1,147	1,130	1,146	1,084	1,015	1,016	1,136	1,138	1,124	1,046	1,074	1,117	1,044	1,072	1,063	1,109	1,014	1,114	1,114	1,092	1,089	1,146	1,275	1,155	1,265	1,129	1,272	1,213	1,259	1,185	1,331	1,201	1,318
16:48:04	37,0	1,308	1,020	1,276	1,013	1,253	1,078	1,256	1,026	1,305	1,143	1,318	1,196	0,903	1,086	0,846	1,047	0,877	1,047	0,856	1,086	0,861	1,116	0,954	1,177	1,318	1,333	1,251	1,320	1,281	1,333	1,271	1,316	1,300	1,328	1,347	1,323	0,953	1,169	0,854	0,858	0,895	0,979	1,085	0,917	1,154	0,916	1,196	0,980	1,242	1,258	1,255	1,224	1,224	1,170	1,208	1,110	1,047	1,203	1,267	1,241	1,142	1,133	1,156	1,147	1,130	1,147	1,084	1,018	1,017	1,135	1,139	1,126	1,045	1,075	1,116	1,044	1,073	1,063	1,107	1,017	1,113	1,110	1,093	1,088	1,146	1,276	1,151	1,265	1,126	1,271	1,211	1,258	1,182	1,331	1,202	1,317
16:58:04	37,0	1,310	1,019	1,276	1,011	1,253	1,077	1,254	1,025	1,305	1,143	1,318	1,198	0,900	1,085	0,844	1,048	0,873	1,048	0,855	1,085	0,862	1,118	0,950	1,177	1,316	1,331	1,249	1,321	1,279	1,332	1,270	1,314	1,302	1,330	1,346	1,322	0,954	1,169	0,854	0,858	0,895	0,978	1,086	0,917	1,153	0,918	1,195	0,977	1,240	1,257	1,253	1,223	1,222	1,169	1,208	1,108	1,047	1,202	1,264	1,241	1,141	1,135	1,158	1,147	1,128	1,147	1,085	1,020	1,017	1,135	1,139	1,123	1,044	1,075	1,118	1,045	1,073	1,063	1,108	1,018	1,113	1,111	1,092	1,089	1,140	1,276	1,150	1,265	1,124	1,273	1,211	1,258	1,181	1,330	1,196	1,317
17:08:04	37,0	1,308	1,017	1,276	1,009	1,251	1,077	1,255	1,022	1,302	1,141	1,317	1,197	0,899	1,083	0,841	1,048	0,871	1,046	0,849	1,085	0,859	1,119	0,949	1,176	1,314	1,329	1,248	1,317	1,277	1,333	1,270	1,313	1,300	1,325	1,343	1,321	0,953	1,169	0,853	0,855	0,896	0,979	1,086	0,917	1,152	0,917	1,193	0,979	1,239	1,256	1,251	1,223	1,221	1,167	1,208	1,108	1,047	1,200	1,264	1,240	1,140	1,134	1,156	1,148	1,133	1,147	1,086	1,020	1,016	1,136	1,140	1,125	1,044	1,076	1,117	1,046	1,075	1,063	1,108	1,020	1,113	1,110	1,092	1,089	1,140	1,276	1,151	1,265	1,123	1,269	1,210	1,257	1,180	1,330	1,194	1,316
17:18:04	37,0	1,311	1,016	1,276	1,007	1,252	1,077	1,256	1,019	1,306	1,141	1,317	1,197	0,900	1,082	0,839	1,048	0,866	1,043	0,848	1,084	0,856	1,119	0,947	1,174	1,314	1,328	1,249	1,318	1,277	1,329	1,268	1,313	1,296	1,324	1,344	1,319	0,955	1,168	0,854	0,857	0,896	0,979	1,086	0,916	1,155	0,916	1,193	0,980	1,240	1,256	1,250	1,221	1,220	1,167	1,207	1,109	1,045	1,201	1,264	1,242	1,142	1,138	1,157	1,151	1,134	1,149	1,086	1,018	1,022	1,139	1,143	1,128	1,046	1,076	1,119	1,044	1,073	1,064	1,112	1,020	1,113	1,113	1,091	1,089	1,140	1,276	1,149	1,264	1,121	1,269	1,210	1,256	1,179	1,330	1,192	1,316
17:28:04	37,0	1,309	1,013	1,275	1,006	1,248	1,075	1,254	1,018	1,304	1,140	1,316	1,196	0,894	1,081	0,836	1,047	0,866	1,043	0,845	1,081	0,855	1,116	0,941	1,174	1,312	1,325	1,244	1,314	1,274	1,326	1,266	1,309	1,294	1,323	1,340	1,315	0,954	1,167	0,851	0,856	0,895	0,978	1,085	0,915	1,154	0,916	1,192	0,981	1,237	1,255	1,248	1,220	1,220	1,166	1,207	1,106	1,045	1,199	1,262	1,240	1,141	1,137	1,156	1,149	1,131	1,147	1,085	1,021	1,019	1,137	1,144	1,123	1,044	1,077	1,117	1,046	1,075	1,064	1,110	1,020	1,111	1,113	1,092	1,087	1,135	1,277	1,147	1,264	1,119	1,269	1,207	1,256	1,179	1,329	1,194	1,314
17:38:04	36,9	1,308	1,013	1,275	1,004	1,250	1,077	1,255	1,015	1,303	1,139	1,317	1,195	0,892	1,082	0,834	1,047	0,863	1,042	0,841	1,083	0,852	1,115	0,941	1,175	1,311	1,324	1,244	1,313	1,272	1,325	1,265	1,308	1,293	1,320	1,337	1,316	0,954	1,166	0,851	0,856	0,897	0,980	1,087	0,914	1,151	0,913	1,190	0,980	1,237	1,255	1,247	1,218	1,219	1,167	1,205	1,106	1,045	1,197	1,265	1,240	1,142	1,136	1,156	1,153	1,135	1,147	1,086	1,022	1,021	1,138	1,143	1,125	1,046	1,077	1,119	1,047	1,075	1,067	1,110	1,020	1,112	1,113	1,093	1,089	1,133	1,276	1,147	1,263	1,117	1,268	1,206	1,256	1,178	1,329	1,190	1,313
17:48:04	37,0	1,307	1,011	1,274	1,001	1,249	1,076	1,252	1,013	1,302	1,137	1,317	1,194	0,887	1,081	0,830	1,046	0,857	1,044	0,838	1,083	0,849	1,115	0,939	1,172	1,310	1,322	1,243	1,310	1,270	1,324	1,264	1,306	1,289	1,319	1,333	1,313	0,953	1,166	0,851	0,853	0,894	0,979	1,086	0,914	1,153	0,913	1,190	0,979	1,237	1,253	1,246	1,217	1,217	1,166	1,205	1,104	1,046	1,196	1,260	1,238	1,141	1,137	1,157	1,150	1,135	1,148	1,088	1,022	1,017	1,137	1,143	1,127	1,047	1,078	1,118	1,047	1,075	1,067	1,108	1,021	1,109	1,112	1,093	1,088	1,137	1,275	1,144	1,263	1,115	1,268	1,202	1,254	1,175	1,327	1,183	1,312
17:58:04	37,0	1,308	1,009	1,275	0,999	1,247	1,075	1,251	1,010	1,301	1,135	1,314	1,194	0,888	1,079	0,828	1,045	0,855	1,042	0,836	1,080	0,846	1,113	0,933	1,171	1,307	1,320	1,240	1,308	1,267	1,322	1,263	1,303	1,287	1,321	1,335	1,311	0,952	1,166	0,850	0,854	0,894	0,978	1,084	0,912	1,149	0,912	1,189	0,979	1,236	1,252	1,244	1,217	1,215	1,165	1,203	1,103	1,043	1,193	1,259	1,236	1,141	1,139	1,158	1,151	1,134	1,148	1,087	1,020	1,019	1,137	1,143	1,121	1,047	1,078	1,118	1,048	1,074	1,066	1,107	1,021	1,110	1,112	1,094	1,089	1,134	1,275	1,141	1,262	1,110	1,266	1,200	1,254	1,174	1,328	1,183	1,311
18:08:04	37,0	1,306	1,008	1,276	1,000	1,250	1,076	1,254	1,010	1,299	1,133	1,314	1,197	0,887	1,079	0,827	1,045	0,848	1,039	0,832	1,081	0,835	1,112	0,934	1,169	1,307	1,319	1,238	1,308	1,266	1,321	1,264	1,302	1,284	1,314	1,336	1,311	0,952	1,165	0,851	0,853	0,894	0,980	1,086	0,912	1,153	0,911	1,190	0,980	1,236	1,253	1,245	1,215	1,215	1,163	1,204	1,104	1,043	1,194	1,257	1,237	1,140	1,139	1,158	1,154	1,134	1,148	1,090	1,021	1,018	1,140	1,145	1,129	1,047	1,079	1,118	1,048	1,073	1,069	1,108	1,024	1,112	1,113	1,094	1,089	1,136	1,276	1,144	1,263	1,109	1,268	1,201	1,252	1,177	1,327	1,187	1,313
18:18:04	37,0	1,306	1,007	1,276	0,996	1,250	1,073	1,254	1,007	1,298	1,132	1,315	1,194	0,884	1,080	0,825	1,044	0,846	1,036	0,831	1,080	0,834	1,111	0,930	1,171	1,307	1,318	1,238	1,308	1,265	1,319	1,263	1,300	1,282	1,313	1,333	1,307	0,952	1,163	0,850	0,854	0,894	0,978	1,086	0,909	1,151	0,910	1,190	0,979	1,236	1,252	1,243	1,216	1,213	1,163	1,202	1,103	1,043	1,192	1,259	1,239	1,143	1,139	1,158	1,154	1,135	1,148	1,090	1,022	1,022	1,140	1,145	1,128	1,045	1,079	1,117	1,047	1,075	1,069	1,109	1,024	1,109	1,114	1,092	1,089	1,129	1,275	1,141	1,261	1,110	1,266	1,199	1,250	1,176	1,325	1,183	1,311
18:28:04	37,0	1,303	1,004	1,275	0,994	1,248	1,073	1,254	1,003	1,298	1,130	1,315	1,191	0,880	1,079	0,820	1,043	0,844	1,037	0,826	1,080	0,832	1,111	0,926	1,170	1,305	1,316	1,236	1,305	1,261	1,319	1,260	1,298	1,280	1,311	1,330	1,304	0,952	1,164	0,848	0,852	0,894	0,977	1,085	0,910	1,149	0,910	1,188	0,978	1,234	1,251	1,241	1,216	1,212	1,162	1,200	1,102	1,044	1,192	1,257	1,237	1,140	1,139	1,157	1,155	1,136	1,147	1,091	1,022	1,021	1,141	1,147	1,126	1,046	1,079	1,117	1,048	1,076	1,068	1,108	1,023	1,107	1,111	1,092	1,089	1,131	1,274	1,140	1,259	1,107	1,264	1,196	1,249	1,174	1,325	1,182	1,309
18:38:04	37,0	1,304	1,002	1,276	0,991	1,247	1,073	1,254	1,000	1,296	1,130	1,313	1,191	0,876	1,077	0,814	1,042	0,842	1,035	0,821	1,079	0,831	1,110	0,924	1,170	1,303	1,315	1,235	1,301	1,260	1,313	1,259	1,296	1,279	1,308	1,330	1,302	0,951	1,163	0,847	0,852	0,894	0,976	1,085	0,908	1,146	0,906	1,186	0,978	1,232	1,250	1,240	1,215	1,210	1,162	1,198	1,102	1,046	1,190	1,256	1,237	1,141	1,139	1,160	1,155	1,138	1,147	1,091	1,023	1,021	1,140	1,146	1,126	1,046	1,079	1,117	1,047	1,075	1,067	1,108	1,024	1,110	1,110	1,093	1,088	1,125	1,274	1,138	1,259	1,102	1,264	1,196	1,250	1,173	1,323	1,182	1,309
18:48:04	37,0	1,303	1,001	1,274	0,988	1,248	1,072	1,250	0,995	1,297	1,126	1,312	1,191	0,876	1,073	0,809	1,043	0,835	1,033	0,821	1,075	0,821	1,108	0,918	1,164	1,300	1,311	1,234	1,296	1,257	1,312	1,252	1,292	1,276	1,309	1,325	1,299	0,951	1,161	0,844	0,849	0,890	0,973	1,082	0,906	1,146	0,902	1,182	0,974	1,232	1,246	1,236	1,212	1,206	1,159	1,195	1,096	1,043	1,189	1,251	1,235	1,141	1,138	1,158	1,152	1,137	1,143	1,087	1,021	1,016	1,134	1,144	1,124	1,046	1,077	1,114	1,046	1,069	1,062	1,106	1,018	1,104	1,105	1,087	1,082	1,119	1,274	1,131	1,257	1,095	1,258	1,189	1,245	1,163	1,321	1,180	1,307
18:58:04	37,0	1,302	1,000	1,274	0,987	1,247	1,075	1,252	0,995	1,298	1,123	1,311	1,189	0,875	1,074	0,806	1,040	0,834	1,031	0,815	1,077	0,816	1,103	0,915	1,167	1,300	1,311	1,231	1,295	1,255	1,308	1,251	1,292	1,272	1,303	1,327	1,297	0,950	1,160	0,843	0,847	0,891	0,974	1,083	0,903	1,143	0,903	1,181	0,977	1,230	1,246	1,235	1,212	1,205	1,159	1,195	1,099	1,041	1,188	1,250	1,237	1,139	1,139	1,157	1,153	1,136	1,145	1,089	1,022	1,018	1,135	1,143	1,129	1,047	1,079	1,115	1,048	1,070	1,062	1,107	1,020	1,105	1,106	1,091	1,083	1,118	1,272	1,129	1,256	1,093	1,258	1,189	1,245	1,165	1,321	1,180	1,308
19:08:04	37,0	1,300	0,996	1,274	0,984	1,246	1,072	1,247	0,991	1,293	1,123	1,310	1,189	0,867	1,072	0,804	1,040	0,830	1,030	0,814	1,074	0,814	1,103	0,912	1,165	1,299	1,308	1,229	1,294	1,252	1,305	1,245	1,289	1,271	1,304	1,323	1,294	0,948	1,159	0,841	0,845	0,888	0,973	1,082	0,903	1,142	0,902	1,184	0,974	1,229	1,246	1,236	1,212	1,206	1,157	1,192	1,096	1,039	1,187	1,248	1,235	1,139	1,138	1,156	1,152	1,134	1,147	1,089	1,020	1,015	1,134	1,141	1,123	1,042	1,077	1,114	1,047	1,069	1,060	1,106	1,018	1,104	1,104	1,093	1,079	1,116	1,271	1,127	1,256	1,091	1,259	1,187	1,244	1,161	1,318	1,179	1,305
19:18:04	37,0	1,298	0,997	1,272	0,983	1,245	1,071	1,252	0,991	1,292	1,121	1,308	1,186	0,863	1,071	0,801	1,040	0,828	1,028	0,807	1,074	0,812	1,100	0,910	1,166	1,298	1,308	1,228	1,291	1,251	1,304	1,245	1,287	1,268	1,297	1,325	1,294	0,947	1,157	0,839	0,844	0,888	0,972	1,081	0,900	1,140	0,899	1,180	0,974	1,228	1,246	1,236	1,210	1,204	1,156	1,193	1,098	1,040	1,186	1,249	1,236	1,138	1,138	1,156	1,153	1,135	1,146	1,090	1,024	1,017	1,134	1,142	1,128	1,044	1,078	1,113	1,047	1,069	1,060	1,108	1,020	1,103	1,104	1,091	1,081	1,113	1,269	1,124	1,255	1,090	1,258	1,186	1,243	1,161	1,319	1,179	1,305
19:28:04	37,0	1,299	0,995	1,274	0,982	1,246	1,072	1,249	0,989	1,292	1,121	1,310	1,185	0,861	1,071	0,799	1,040	0,825	1,028	0,804	1,073	0,812	1,101	0,907	1,165	1,296	1,307	1,227	1,290	1,250	1,302	1,247	1,286	1,267	1,295	1,320	1,291	0,947	1,155	0,840	0,845	0,888	0,972	1,081	0,902	1,139	0,900	1,180	0,974	1,227	1,246	1,237	1,212	1,204	1,156	1,194	1,098	1,040	1,186	1,248	1,234	1,137	1,137	1,157	1,155	1,137	1,148	1,091	1,022	1,019	1,135	1,143	1,128	1,045	1,080	1,114	1,047	1,072	1,062	1,109	1,022	1,105	1,104	1,092	1,083	1,111	1,269	1,127	1,254	1,092	1,258	1,187	1,244	1,158	1,319	1,173	1,305
19:38:04	37,0	1,302	0,995	1,275	0,980	1,246	1,070	1,250	0,989	1,290	1,121	1,307	1,186	0,859	1,071	0,796	1,039	0,821	1,024	0,800	1,074	0,809	1,100	0,906	1,164	1,295	1,305	1,227	1,291	1,250	1,300	1,244	1,284	1,265	1,295	1,323	1,290	0,946	1,155	0,838	0,843	0,887	0,971	1,079	0,900	1,140	0,896	1,179	0,971	1,227	1,248	1,235	1,211	1,204	1,155	1,191	1,099	1,038	1,184	1,249	1,235	1,137	1,138	1,157	1,155	1,137	1,146	1,093	1,021	1,019	1,137	1,144	1,132	1,048	1,080	1,115	1,049	1,072	1,064	1,110	1,025	1,105	1,108	1,095	1,083	1,113	1,269	1,126	1,253	1,094	1,256	1,186	1,244	1,159	1,317	1,172	1,306
19:48:04	37,0	1,299	0,994	1,276	0,978	1,248	1,071	1,252	0,987	1,290	1,120	1,308	1,185	0,855	1,072	0,793	1,038	0,816	1,024	0,798	1,074	0,806	1,102	0,905	1,163	1,294	1,305	1,226	1,287	1,247	1,300	1,245	1,282	1,265	1,295	1,324	1,288	0,944	1,156	0,837	0,841	0,887	0,971	1,076	0,899	1,134	0,895	1,175	0,970	1,226	1,249	1,236	1,211	1,202	1,153	1,190	1,097	1,038	1,184	1,250	1,235	1,136	1,141	1,156	1,154	1,136	1,147	1,094	1,022	1,021	1,138	1,146	1,132	1,047	1,083	1,116	1,048	1,073	1,066	1,108	1,028	1,102	1,109	1,093	1,083	1,115	1,269	1,124	1,252	1,091	1,257	1,185	1,242	1,158	1,316	1,172	1,304
19:58:04	37,0	1,299	0,992	1,274	0,975	1,246	1,071	1,250	0,986	1,290	1,119	1,308	1,185	0,854	1,072	0,791	1,038	0,813	1,023	0,794	1,075	0,804	1,098	0,902	1,164	1,294	1,303	1,226	1,287	1,245	1,296	1,244	1,282	1,262	1,291	1,323	1,287	0,944	1,155	0,836	0,841	0,886	0,969	1,075	0,897	1,136	0,894	1,175	0,970	1,226	1,248	1,235	1,212	1,202	1,153	1,190	1,099	1,040	1,185	1,251	1,235	1,136	1,140	1,157	1,156	1,137	1,147	1,094	1,025	1,022	1,140	1,145	1,129	1,050	1,081	1,117	1,048	1,073	1,066	1,109	1,033	1,104	1,106	1,090	1,084	1,115	1,268	1,124	1,252	1,094	1,255	1,185	1,241	1,160	1,314	1,171	1,304
20:08:04	37,0	1,298	0,990	1,274	0,974	1,244	1,069	1,251	0,984	1,290	1,118	1,308	1,182	0,850	1,070	0,786	1,037	0,812	1,024	0,792	1,072	0,802	1,096	0,899	1,161	1,294	1,302	1,225	1,286	1,245	1,294	1,240	1,281	1,261	1,291	1,320	1,285	0,944	1,154	0,833	0,838	0,885	0,968	1,075	0,895	1,135	0,892	1,175	0,969	1,227	1,249	1,233	1,212	1,200	1,154	1,190	1,098	1,034	1,184	1,249	1,236	1,137	1,138	1,157	1,156	1,137	1,148	1,092	1,022	1,022	1,138	1,145	1,129	1,050	1,080	1,118	1,049	1,074	1,066	1,107	1,028	1,102	1,105	1,088	1,084	1,114	1,268	1,123	1,250	1,088	1,253	1,182	1,240	1,157	1,315	1,166	1,302
20:18:04	37,0	1,296	0,989	1,273	0,972	1,242	1,072	1,249	0,985	1,290	1,117	1,306	1,183	0,848	1,069	0,785	1,037	0,811	1,022	0,789	1,072	0,800	1,094	0,898	1,162	1,292	1,300	1,223	1,283	1,243	1,294	1,241	1,278	1,261	1,290	1,316	1,283	0,943	1,154	0,831	0,838	0,883	0,967	1,075	0,894	1,132	0,891	1,175	0,968	1,225	1,249	1,233	1,212	1,200	1,154	1,190	1,098	1,038	1,183	1,251	1,235	1,137	1,137	1,158	1,154	1,137	1,146	1,091	1,024	1,020	1,139	1,145	1,132	1,049	1,081	1,119	1,049	1,073	1,067	1,107	1,032	1,101	1,105	1,088	1,082	1,113	1,266	1,122	1,248	1,083	1,252	1,180	1,239	1,156	1,312	1,165	1,302
20:28:04	37,0	1,296	0,986	1,273	0,971	1,241	1,069	1,250	0,981	1,289	1,113	1,308	1,181	0,845	1,067	0,781	1,034	0,806	1,020	0,789	1,067	0,795	1,092	0,894	1,164	1,290	1,299	1,221	1,280	1,241	1,291	1,239	1,276	1,257	1,292	1,317	1,282	0,941	1,154	0,830	0,834	0,880	0,966	1,073	0,892	1,132	0,889	1,171	0,967	1,224	1,248	1,233	1,211	1,200	1,153	1,188	1,096	1,033	1,183	1,245	1,236	1,136	1,138	1,158	1,153	1,137	1,145	1,090	1,022	1,018	1,137	1,144	1,127	1,049	1,081	1,117	1,049	1,072	1,066	1,106	1,028	1,100	1,105	1,088	1,081	1,107	1,264	1,122	1,247	1,081	1,249	1,178	1,238	1,154	1,312	1,168	1,302
20:38:04	37,0	1,294	0,985	1,271	0,969	1,242	1,070	1,249	0,981	1,288	1,112	1,310	1,182	0,843	1,064	0,779	1,035	0,801	1,018	0,789	1,067	0,793	1,093	0,892	1,165	1,290	1,298	1,219	1,279	1,239	1,288	1,236	1,273	1,255	1,289	1,317	1,283	0,941	1,153	0,828	0,833	0,878	0,969	1,073	0,889	1,130	0,887	1,167	0,966	1,224	1,248	1,234	1,212	1,198	1,152	1,186	1,095	1,031	1,182	1,244	1,236	1,135	1,141	1,156	1,153	1,137	1,145	1,093	1,021	1,015	1,137	1,143	1,129	1,047	1,080	1,117	1,050	1,070	1,064	1,107	1,029	1,097	1,099	1,087	1,078	1,105	1,264	1,119	1,247	1,079	1,248	1,173	1,237	1,150	1,310	1,163	1,300
20:48:04	37,0	1,294	0,984	1,272	0,967	1,244	1,068	1,246	0,978	1,288	1,111	1,308	1,179	0,842	1,065	0,776	1,036	0,803	1,018	0,785	1,066	0,790	1,092	0,890	1,160	1,289	1,298	1,218	1,278	1,241	1,289	1,235	1,272	1,255	1,285	1,319	1,280	0,940	1,151	0,826	0,832	0,878	0,966	1,075	0,888	1,131	0,886	1,170	0,965	1,226	1,250	1,234	1,213	1,200	1,152	1,190	1,095	1,031	1,181	1,246	1,236	1,135	1,142	1,157	1,155	1,141	1,147	1,091	1,023	1,024	1,136	1,143	1,128	1,050	1,080	1,115	1,051	1,072	1,064	1,109	1,026	1,099	1,101	1,085	1,079	1,109	1,263	1,119	1,247	1,082	1,250	1,174	1,238	1,150	1,310	1,161	1,299
20:58:04	37,0	1,295	0,983	1,270	0,967	1,241	1,068	1,249	0,978	1,288	1,109	1,309	1,180	0,840	1,064	0,772	1,036	0,798	1,017	0,783	1,065	0,789	1,089	0,888	1,162	1,289	1,298	1,217	1,276	1,238	1,286	1,232	1,270	1,252	1,285	1,315	1,281	0,939	1,152	0,824	0,829	0,876	0,967	1,072	0,887	1,129	0,884	1,165	0,962	1,224	1,250	1,234	1,213	1,198	1,152	1,188	1,097	1,033	1,181	1,245	1,237	1,134	1,141	1,157	1,154	1,140	1,146	1,093	1,024	1,019	1,136	1,143	1,128	1,049	1,080	1,115	1,051	1,069	1,065	1,107	1,025	1,097	1,102	1,088	1,077	1,102	1,263	1,114	1,245	1,076	1,247	1,170	1,236	1,149	1,308	1,163	1,299
21:08:04	37,0	1,296	0,982	1,270	0,966	1,242	1,069	1,247	0,977	1,285	1,108	1,308	1,179	0,836	1,064	0,773	1,035	0,797	1,017	0,782	1,068	0,789	1,089	0,887	1,159	1,288	1,297	1,216	1,276	1,236	1,286	1,232	1,270	1,252	1,283	1,315	1,279	0,937	1,151	0,822	0,828	0,875	0,967	1,073	0,885	1,127	0,883	1,164	0,963	1,224	1,251	1,234	1,212	1,198	1,151	1,190	1,098	1,035	1,182	1,246	1,237	1,135	1,140	1,157	1,154	1,140	1,147	1,091	1,025	1,020	1,138	1,142	1,131	1,049	1,080	1,116	1,049	1,074	1,065	1,108	1,031	1,098	1,099	1,087	1,078	1,103	1,262	1,113	1,242	1,074	1,247	1,171	1,235	1,149	1,308	1,159	1,298
21:18:04	37,0	1,297	0,983	1,269	0,965	1,241	1,069	1,249	0,976	1,286	1,109	1,307	1,178	0,837	1,065	0,770	1,035	0,793	1,015	0,777	1,069	0,784	1,088	0,887	1,157	1,289	1,296	1,217	1,275	1,235	1,283	1,231	1,270	1,250	1,279	1,316	1,279	0,936	1,151	0,822	0,827	0,875	0,966	1,070	0,884	1,125	0,880	1,162	0,961	1,225	1,251	1,234	1,214	1,198	1,151	1,189	1,099	1,032	1,182	1,247	1,237	1,134	1,139	1,157	1,156	1,142	1,146	1,094	1,022	1,020	1,139	1,143	1,131	1,050	1,082	1,116	1,050	1,075	1,067	1,108	1,035	1,100	1,101	1,088	1,079	1,103	1,261	1,112	1,242	1,074	1,246	1,173	1,234	1,151	1,307	1,157	1,297
21:28:04	37,0	1,296	0,982	1,269	0,964	1,240	1,067	1,247	0,977	1,284	1,109	1,306	1,177	0,834	1,067	0,769	1,035	0,793	1,016	0,776	1,067	0,785	1,087	0,886	1,157	1,288	1,296	1,217	1,274	1,235	1,283	1,230	1,269	1,248	1,279	1,316	1,276	0,935	1,151	0,820	0,826	0,874	0,964	1,072	0,882	1,126	0,879	1,162	0,961	1,223	1,253	1,234	1,214	1,198	1,152	1,188	1,100	1,029	1,181	1,249	1,238	1,135	1,140	1,157	1,156	1,143	1,146	1,092	1,022	1,020	1,139	1,143	1,131	1,051	1,082	1,115	1,050	1,075	1,068	1,109	1,031	1,100	1,105	1,088	1,078	1,102	1,261	1,115	1,242	1,076	1,245	1,171	1,234	1,151	1,306	1,157	1,297
21:38:04	37,0	1,296	0,980	1,270	0,962	1,240	1,069	1,246	0,975	1,285	1,108	1,304	1,176	0,836	1,066	0,764	1,035	0,792	1,014	0,776	1,066	0,784	1,086	0,880	1,161	1,287	1,295	1,215	1,272	1,234	1,283	1,229	1,268	1,247	1,281	1,316	1,275	0,934	1,151	0,819	0,823	0,871	0,964	1,067	0,881	1,127	0,877	1,163	0,960	1,223	1,253	1,235	1,214	1,197	1,152	1,190	1,099	1,031	1,181	1,247	1,238	1,135	1,140	1,157	1,156	1,141	1,145	1,092	1,023	1,021	1,138	1,145	1,133	1,050	1,081	1,118	1,051	1,075	1,068	1,110	1,033	1,098	1,103	1,088	1,078	1,098	1,259	1,113	1,240	1,073	1,244	1,169	1,233	1,148	1,305	1,155	1,295
21:48:04	37,0	1,295	0,979	1,269	0,962	1,240	1,068	1,247	0,975	1,284	1,107	1,304	1,177	0,830	1,066	0,764	1,036	0,789	1,014	0,773	1,065	0,784	1,087	0,881	1,158	1,288	1,294	1,216	1,272	1,234	1,281	1,228	1,268	1,249	1,277	1,320	1,276	0,933	1,150	0,818	0,823	0,871	0,964	1,069	0,880	1,123	0,875	1,161	0,959	1,227	1,254	1,236	1,214	1,197	1,153	1,189	1,101	1,033	1,181	1,248	1,239	1,135	1,141	1,158	1,158	1,143	1,145	1,094	1,027	1,024	1,141	1,145	1,132	1,051	1,083	1,117	1,051	1,075	1,069	1,111	1,037	1,100	1,104	1,089	1,080	1,099	1,259	1,114	1,240	1,074	1,243	1,169	1,233	1,147	1,304	1,154	1,297
21:58:04	37,0	1,294	0,979	1,270	0,962	1,239	1,067	1,246	0,973	1,284	1,107	1,301	1,174	0,829	1,066	0,760	1,035	0,787	1,012	0,772	1,067	0,781	1,086	0,878	1,158	1,287	1,296	1,214	1,272	1,232	1,280	1,227	1,267	1,247	1,278	1,319	1,274	0,931	1,149	0,816	0,820	0,869	0,963	1,070	0,877	1,124	0,875	1,160	0,957	1,226	1,254	1,235	1,214	1,198	1,153	1,186	1,102	1,032	1,182	1,248	1,237	1,135	1,140	1,159	1,157	1,143	1,147	1,096	1,025	1,026	1,141	1,144	1,132	1,051	1,082	1,117	1,051	1,075	1,068	1,111	1,039	1,099	1,102	1,089	1,078	1,097	1,259	1,110	1,238	1,071	1,242	1,166	1,231	1,145	1,303	1,151	1,296
22:08:04	37,0	1,292	0,978	1,267	0,962	1,239	1,067	1,246	0,970	1,285	1,105	1,299	1,174	0,829	1,067	0,760	1,034	0,785	1,013	0,769	1,067	0,779	1,084	0,875	1,157	1,287	1,295	1,214	1,273	1,231	1,280	1,225	1,266	1,247	1,276	1,314	1,272	0,930	1,151	0,814	0,818	0,867	0,962	1,071	0,875	1,122	0,872	1,161	0,956	1,225	1,254	1,236	1,215	1,197	1,153	1,188	1,101	1,031	1,182	1,247	1,239	1,135	1,140	1,159	1,156	1,143	1,146	1,093	1,025	1,018	1,138	1,144	1,132	1,051	1,084	1,119	1,050	1,075	1,067	1,111	1,037	1,099	1,101	1,089	1,077	1,093	1,258	1,110	1,237	1,066	1,241	1,163	1,230	1,142	1,302	1,153	1,295

