Time	T∞ Optical Density:600	A1	A2	A3	A4	A5	A6	A7	A8	A9	A10	A11	A12	B1	B2	B3	B4	B5	B6	B7	B8	B9	B10	B11	B12	C1	C2	C3	C4	C5	C6	C7	C8	C9	C10	C11	C12	D1	D2	D3	D4	D5	D6	D7	D8	D9	D10	D11	D12	E1	E2	E3	E4	E5	E6	E7	E8	E9	E10	E11	E12	F1	F2	F3	F4	F5	F6	F7	F8	F9	F10	F11	F12	G1	G2	G3	G4	G5	G6	G7	G8	G9	G10	G11	G12	H1	H2	H3	H4	H5	H6	H7	H8	H9	H10	H11	H12
0:08:04	37,0	0,129	0,108	0,136	0,119	0,136	0,150	0,122	0,142	0,135	0,136	0,121	0,130	0,120	0,105	0,099	0,138	0,129	0,151	0,116	0,109	0,104	0,127	0,105	0,104	0,114	0,104	0,103	0,122	0,113	0,106	0,151	0,112	0,101	0,183	0,112	0,109	0,113	0,103	0,105	0,110	0,106	0,121	0,129	0,114	0,125	0,112	0,119	0,111	0,135	0,111	0,126	0,108	0,118	0,145	0,109	0,109	0,120	0,115	0,121	0,173	0,194	0,104	0,114	0,164	0,117	0,124	0,116	0,116	0,110	0,121	0,114	0,112	0,203	0,129	0,112	0,116	0,111	0,111	0,114	0,116	0,121	0,098	0,115	0,105	0,113	0,127	0,101	0,146	0,106	0,139	0,126	0,112	0,109	0,108	0,128	0,114
0:18:04	37,0	0,134	0,108	0,140	0,121	0,137	0,153	0,124	0,141	0,138	0,140	0,123	0,130	0,119	0,105	0,100	0,131	0,127	0,149	0,119	0,112	0,104	0,132	0,108	0,103	0,126	0,104	0,104	0,122	0,112	0,108	0,151	0,121	0,101	0,170	0,115	0,112	0,118	0,105	0,112	0,113	0,108	0,122	0,129	0,115	0,127	0,118	0,123	0,115	0,130	0,111	0,126	0,107	0,122	0,140	0,108	0,111	0,119	0,121	0,125	0,168	0,204	0,110	0,116	0,153	0,123	0,121	0,123	0,116	0,116	0,122	0,122	0,115	0,191	0,132	0,117	0,117	0,117	0,116	0,116	0,119	0,126	0,101	0,116	0,105	0,110	0,127	0,104	0,143	0,110	0,141	0,122	0,114	0,111	0,112	0,125	0,116
0:28:04	37,0	0,138	0,110	0,145	0,122	0,140	0,157	0,128	0,141	0,143	0,145	0,126	0,132	0,121	0,106	0,100	0,129	0,128	0,154	0,121	0,113	0,105	0,135	0,110	0,104	0,131	0,107	0,107	0,129	0,117	0,111	0,151	0,125	0,102	0,158	0,118	0,115	0,120	0,108	0,114	0,114	0,110	0,125	0,132	0,120	0,132	0,124	0,128	0,119	0,132	0,115	0,127	0,109	0,123	0,144	0,111	0,114	0,121	0,123	0,130	0,163	0,215	0,112	0,121	0,152	0,127	0,126	0,128	0,120	0,117	0,129	0,120	0,120	0,200	0,129	0,120	0,122	0,120	0,121	0,118	0,121	0,130	0,105	0,119	0,108	0,115	0,132	0,107	0,146	0,111	0,146	0,122	0,118	0,114	0,117	0,126	0,121
0:38:04	37,0	0,145	0,112	0,151	0,125	0,146	0,162	0,135	0,144	0,150	0,151	0,130	0,136	0,125	0,108	0,102	0,130	0,132	0,159	0,125	0,115	0,107	0,137	0,114	0,105	0,139	0,110	0,108	0,134	0,118	0,114	0,153	0,131	0,104	0,157	0,122	0,120	0,124	0,111	0,118	0,118	0,114	0,130	0,136	0,126	0,139	0,131	0,133	0,122	0,137	0,119	0,130	0,112	0,125	0,151	0,114	0,115	0,124	0,127	0,135	0,168	0,234	0,115	0,127	0,157	0,133	0,132	0,134	0,125	0,122	0,135	0,125	0,126	0,211	0,137	0,125	0,127	0,126	0,125	0,123	0,123	0,134	0,109	0,122	0,112	0,118	0,142	0,110	0,153	0,111	0,153	0,121	0,122	0,116	0,124	0,128	0,126
0:48:04	37,0	0,155	0,115	0,161	0,128	0,155	0,171	0,143	0,149	0,160	0,157	0,135	0,143	0,129	0,107	0,104	0,131	0,138	0,162	0,131	0,116	0,111	0,139	0,119	0,105	0,148	0,114	0,112	0,142	0,120	0,119	0,155	0,137	0,106	0,161	0,126	0,125	0,129	0,113	0,124	0,123	0,119	0,134	0,139	0,133	0,144	0,140	0,138	0,128	0,146	0,124	0,135	0,114	0,130	0,150	0,116	0,118	0,128	0,131	0,140	0,174	0,235	0,120	0,134	0,167	0,139	0,139	0,141	0,132	0,128	0,143	0,132	0,133	0,234	0,145	0,132	0,134	0,132	0,131	0,129	0,128	0,140	0,114	0,129	0,116	0,124	0,153	0,112	0,162	0,113	0,165	0,122	0,129	0,117	0,132	0,130	0,133
0:58:04	37,0	0,170	0,119	0,174	0,134	0,169	0,183	0,156	0,156	0,174	0,165	0,145	0,153	0,136	0,107	0,106	0,133	0,147	0,167	0,140	0,118	0,116	0,141	0,126	0,106	0,164	0,121	0,116	0,151	0,123	0,127	0,159	0,143	0,111	0,170	0,131	0,133	0,136	0,117	0,132	0,129	0,125	0,140	0,145	0,141	0,150	0,151	0,145	0,134	0,159	0,131	0,140	0,119	0,134	0,155	0,120	0,121	0,132	0,135	0,146	0,180	0,258	0,126	0,145	0,180	0,147	0,148	0,149	0,141	0,135	0,152	0,141	0,142	0,255	0,154	0,140	0,142	0,139	0,138	0,137	0,133	0,148	0,121	0,135	0,125	0,134	0,168	0,115	0,172	0,113	0,181	0,124	0,139	0,119	0,142	0,133	0,141
1:08:04	37,0	0,190	0,126	0,192	0,143	0,186	0,199	0,173	0,170	0,190	0,177	0,158	0,168	0,145	0,108	0,110	0,135	0,159	0,174	0,152	0,120	0,123	0,145	0,137	0,108	0,180	0,130	0,123	0,163	0,128	0,137	0,165	0,151	0,115	0,182	0,137	0,144	0,145	0,122	0,142	0,138	0,134	0,149	0,151	0,153	0,158	0,166	0,153	0,143	0,176	0,142	0,146	0,125	0,142	0,163	0,126	0,125	0,139	0,140	0,155	0,187	0,283	0,136	0,158	0,197	0,159	0,160	0,162	0,153	0,145	0,164	0,152	0,155	0,281	0,168	0,150	0,156	0,148	0,149	0,148	0,142	0,158	0,130	0,144	0,135	0,146	0,184	0,118	0,188	0,115	0,198	0,129	0,152	0,122	0,155	0,137	0,151
1:18:04	37,0	0,213	0,136	0,213	0,157	0,206	0,217	0,194	0,186	0,210	0,192	0,174	0,187	0,160	0,111	0,117	0,139	0,175	0,182	0,169	0,124	0,135	0,151	0,152	0,111	0,201	0,143	0,132	0,178	0,134	0,152	0,173	0,162	0,124	0,196	0,147	0,160	0,160	0,128	0,156	0,148	0,146	0,159	0,160	0,170	0,170	0,185	0,165	0,155	0,200	0,157	0,157	0,133	0,150	0,172	0,135	0,133	0,147	0,148	0,167	0,198	0,320	0,150	0,176	0,217	0,175	0,176	0,177	0,171	0,157	0,180	0,167	0,171	0,311	0,184	0,164	0,171	0,160	0,162	0,163	0,153	0,171	0,142	0,157	0,150	0,163	0,203	0,123	0,209	0,118	0,223	0,136	0,170	0,126	0,168	0,143	0,167
1:28:04	37,0	0,236	0,150	0,236	0,169	0,230	0,239	0,220	0,206	0,230	0,212	0,196	0,211	0,177	0,112	0,127	0,144	0,194	0,194	0,186	0,130	0,149	0,159	0,171	0,115	0,226	0,160	0,143	0,197	0,142	0,165	0,185	0,175	0,136	0,212	0,157	0,179	0,176	0,136	0,173	0,164	0,162	0,172	0,171	0,187	0,183	0,210	0,178	0,171	0,228	0,176	0,171	0,144	0,162	0,185	0,147	0,141	0,158	0,158	0,182	0,212	0,360	0,166	0,196	0,242	0,194	0,196	0,194	0,192	0,172	0,198	0,183	0,192	0,340	0,206	0,179	0,189	0,175	0,178	0,178	0,166	0,188	0,156	0,171	0,168	0,186	0,229	0,129	0,233	0,120	0,247	0,142	0,192	0,130	0,190	0,151	0,190
1:38:04	37,0	0,263	0,166	0,261	0,193	0,257	0,265	0,249	0,231	0,257	0,233	0,217	0,235	0,198	0,114	0,141	0,151	0,217	0,208	0,211	0,137	0,167	0,169	0,195	0,121	0,253	0,178	0,158	0,219	0,154	0,189	0,199	0,188	0,147	0,232	0,171	0,203	0,194	0,147	0,191	0,183	0,178	0,187	0,184	0,206	0,201	0,241	0,193	0,187	0,258	0,200	0,186	0,158	0,176	0,199	0,163	0,155	0,170	0,171	0,199	0,226	0,399	0,186	0,221	0,270	0,217	0,221	0,217	0,217	0,192	0,221	0,203	0,215	0,365	0,229	0,198	0,211	0,191	0,196	0,198	0,182	0,207	0,173	0,187	0,188	0,214	0,253	0,136	0,259	0,124	0,279	0,151	0,218	0,137	0,213	0,161	0,215
1:48:04	37,0	0,293	0,188	0,290	0,208	0,283	0,294	0,279	0,258	0,285	0,258	0,243	0,263	0,219	0,118	0,161	0,160	0,243	0,228	0,232	0,149	0,187	0,184	0,222	0,130	0,289	0,201	0,176	0,246	0,167	0,216	0,218	0,210	0,163	0,267	0,189	0,229	0,219	0,162	0,214	0,204	0,200	0,208	0,200	0,232	0,222	0,272	0,213	0,209	0,291	0,232	0,209	0,176	0,196	0,219	0,182	0,173	0,186	0,187	0,221	0,250	0,439	0,205	0,245	0,297	0,243	0,247	0,240	0,247	0,215	0,247	0,229	0,244	0,390	0,253	0,218	0,234	0,213	0,219	0,221	0,202	0,230	0,193	0,205	0,213	0,244	0,280	0,148	0,291	0,131	0,311	0,163	0,247	0,147	0,256	0,178	0,241
1:58:04	37,0	0,321	0,205	0,318	0,236	0,311	0,325	0,307	0,289	0,315	0,283	0,275	0,295	0,244	0,124	0,181	0,172	0,276	0,250	0,261	0,162	0,208	0,202	0,249	0,141	0,324	0,228	0,193	0,272	0,184	0,242	0,242	0,227	0,183	0,298	0,209	0,256	0,245	0,181	0,240	0,229	0,228	0,228	0,219	0,259	0,244	0,301	0,234	0,237	0,323	0,264	0,229	0,198	0,213	0,241	0,202	0,192	0,211	0,206	0,243	0,268	0,487	0,232	0,269	0,329	0,267	0,276	0,264	0,275	0,240	0,272	0,255	0,270	0,409	0,277	0,237	0,253	0,234	0,243	0,243	0,226	0,252	0,216	0,229	0,235	0,278	0,310	0,163	0,321	0,139	0,346	0,178	0,277	0,160	0,274	0,194	0,272
2:08:04	37,0	0,352	0,231	0,350	0,263	0,340	0,356	0,337	0,322	0,341	0,312	0,305	0,324	0,271	0,132	0,200	0,188	0,310	0,273	0,287	0,179	0,233	0,222	0,279	0,157	0,366	0,258	0,220	0,302	0,210	0,269	0,267	0,251	0,206	0,325	0,232	0,285	0,273	0,202	0,267	0,257	0,250	0,252	0,240	0,289	0,271	0,328	0,262	0,268	0,361	0,298	0,253	0,222	0,240	0,266	0,227	0,215	0,233	0,230	0,270	0,292	0,545	0,260	0,294	0,352	0,293	0,303	0,288	0,305	0,267	0,297	0,282	0,299	0,434	0,303	0,258	0,275	0,255	0,265	0,266	0,248	0,277	0,239	0,253	0,258	0,311	0,339	0,184	0,355	0,151	0,379	0,196	0,307	0,179	0,304	0,213	0,304
2:18:04	37,0	0,385	0,259	0,380	0,291	0,366	0,387	0,366	0,361	0,369	0,339	0,335	0,358	0,297	0,141	0,221	0,207	0,348	0,298	0,312	0,201	0,256	0,245	0,311	0,177	0,407	0,291	0,243	0,335	0,229	0,303	0,297	0,291	0,232	0,370	0,259	0,316	0,302	0,225	0,294	0,284	0,285	0,279	0,263	0,310	0,295	0,357	0,291	0,301	0,403	0,335	0,278	0,249	0,263	0,307	0,247	0,242	0,265	0,255	0,302	0,322	0,576	0,285	0,321	0,377	0,319	0,336	0,308	0,336	0,298	0,323	0,311	0,331	0,449	0,327	0,284	0,301	0,278	0,292	0,291	0,279	0,300	0,264	0,278	0,288	0,349	0,375	0,209	0,391	0,169	0,417	0,220	0,344	0,199	0,343	0,245	0,340
2:28:04	37,0	0,412	0,291	0,409	0,324	0,395	0,420	0,398	0,393	0,399	0,366	0,371	0,392	0,323	0,160	0,243	0,230	0,383	0,321	0,341	0,223	0,279	0,268	0,349	0,200	0,449	0,331	0,271	0,374	0,257	0,340	0,326	0,315	0,260	0,409	0,290	0,348	0,340	0,250	0,324	0,312	0,326	0,306	0,286	0,343	0,316	0,392	0,315	0,339	0,440	0,380	0,306	0,283	0,291	0,341	0,274	0,270	0,303	0,277	0,335	0,356	0,584	0,319	0,344	0,403	0,342	0,363	0,325	0,370	0,325	0,343	0,339	0,361	0,466	0,354	0,306	0,322	0,298	0,314	0,312	0,308	0,320	0,284	0,303	0,316	0,394	0,396	0,237	0,420	0,188	0,441	0,242	0,382	0,221	0,381	0,271	0,387
2:38:04	37,0	0,437	0,323	0,439	0,356	0,429	0,456	0,424	0,430	0,427	0,392	0,411	0,429	0,357	0,178	0,275	0,267	0,407	0,343	0,374	0,248	0,306	0,294	0,386	0,221	0,480	0,371	0,305	0,407	0,289	0,377	0,366	0,350	0,295	0,449	0,321	0,395	0,376	0,279	0,355	0,345	0,363	0,338	0,313	0,374	0,351	0,426	0,348	0,378	0,462	0,432	0,350	0,314	0,320	0,379	0,304	0,310	0,328	0,313	0,371	0,393	0,574	0,349	0,364	0,418	0,361	0,395	0,346	0,405	0,356	0,364	0,371	0,398	0,483	0,381	0,325	0,340	0,316	0,335	0,330	0,334	0,342	0,311	0,332	0,343	0,445	0,412	0,268	0,451	0,211	0,464	0,267	0,418	0,247	0,425	0,300	0,427
2:48:04	37,0	0,465	0,356	0,468	0,392	0,451	0,482	0,458	0,460	0,451	0,420	0,443	0,469	0,393	0,201	0,306	0,317	0,434	0,366	0,401	0,273	0,337	0,325	0,417	0,247	0,499	0,411	0,338	0,435	0,320	0,417	0,405	0,381	0,328	0,477	0,356	0,440	0,404	0,308	0,371	0,380	0,405	0,371	0,343	0,390	0,387	0,442	0,384	0,417	0,490	0,462	0,385	0,361	0,360	0,422	0,336	0,346	0,366	0,347	0,414	0,443	0,556	0,382	0,383	0,461	0,380	0,422	0,361	0,442	0,385	0,383	0,406	0,430	0,498	0,403	0,348	0,358	0,335	0,354	0,349	0,358	0,360	0,335	0,361	0,368	0,475	0,426	0,299	0,477	0,241	0,482	0,299	0,445	0,277	0,451	0,334	0,452
2:58:04	37,0	0,490	0,393	0,499	0,431	0,478	0,501	0,487	0,492	0,482	0,455	0,474	0,510	0,426	0,222	0,341	0,346	0,457	0,394	0,422	0,304	0,372	0,353	0,446	0,276	0,514	0,434	0,374	0,451	0,354	0,440	0,436	0,398	0,368	0,499	0,397	0,465	0,420	0,346	0,383	0,394	0,430	0,389	0,369	0,407	0,420	0,454	0,418	0,441	0,515	0,495	0,411	0,405	0,401	0,438	0,360	0,388	0,402	0,377	0,454	0,462	0,589	0,411	0,404	0,507	0,404	0,444	0,376	0,463	0,411	0,402	0,440	0,460	0,504	0,422	0,364	0,374	0,352	0,371	0,364	0,387	0,376	0,357	0,387	0,392	0,496	0,443	0,340	0,503	0,274	0,500	0,330	0,464	0,305	0,467	0,373	0,473
3:08:04	37,0	0,529	0,426	0,556	0,462	0,498	0,533	0,518	0,527	0,541	0,492	0,509	0,565	0,451	0,245	0,383	0,372	0,468	0,426	0,436	0,341	0,403	0,385	0,461	0,306	0,529	0,454	0,409	0,472	0,397	0,458	0,459	0,411	0,403	0,518	0,432	0,482	0,437	0,387	0,394	0,410	0,457	0,402	0,393	0,420	0,449	0,465	0,447	0,466	0,525	0,526	0,439	0,423	0,426	0,467	0,376	0,414	0,433	0,399	0,482	0,486	0,651	0,443	0,420	0,540	0,423	0,478	0,390	0,479	0,432	0,419	0,469	0,483	0,515	0,442	0,381	0,391	0,365	0,387	0,379	0,408	0,392	0,379	0,411	0,413	0,520	0,464	0,381	0,527	0,307	0,521	0,364	0,484	0,343	0,484	0,412	0,494
3:18:04	37,0	0,561	0,456	0,591	0,510	0,527	0,549	0,559	0,577	0,580	0,536	0,539	0,621	0,470	0,273	0,424	0,421	0,476	0,467	0,445	0,381	0,420	0,416	0,469	0,346	0,560	0,476	0,426	0,496	0,423	0,481	0,480	0,426	0,426	0,538	0,462	0,501	0,451	0,416	0,403	0,428	0,479	0,417	0,410	0,438	0,474	0,479	0,470	0,498	0,544	0,551	0,465	0,447	0,454	0,484	0,396	0,438	0,456	0,418	0,514	0,512	0,648	0,469	0,435	0,540	0,436	0,497	0,407	0,500	0,457	0,438	0,499	0,503	0,522	0,461	0,394	0,405	0,377	0,401	0,393	0,431	0,405	0,396	0,435	0,432	0,538	0,483	0,428	0,548	0,342	0,534	0,405	0,502	0,386	0,504	0,436	0,515
3:28:04	37,0	0,588	0,488	0,619	0,545	0,548	0,559	0,590	0,620	0,614	0,573	0,557	0,661	0,478	0,304	0,461	0,465	0,483	0,502	0,454	0,416	0,434	0,452	0,476	0,390	0,565	0,499	0,444	0,519	0,439	0,498	0,496	0,439	0,447	0,562	0,489	0,512	0,461	0,437	0,417	0,443	0,500	0,440	0,428	0,451	0,492	0,496	0,484	0,528	0,596	0,575	0,492	0,472	0,472	0,501	0,410	0,455	0,475	0,440	0,532	0,545	0,640	0,494	0,453	0,545	0,452	0,525	0,425	0,532	0,496	0,458	0,522	0,534	0,530	0,479	0,408	0,420	0,392	0,414	0,404	0,450	0,418	0,415	0,458	0,448	0,555	0,505	0,466	0,571	0,381	0,555	0,450	0,517	0,417	0,522	0,456	0,538
3:38:04	37,0	0,617	0,519	0,643	0,566	0,575	0,574	0,613	0,657	0,642	0,617	0,581	0,690	0,494	0,341	0,469	0,510	0,484	0,538	0,459	0,443	0,447	0,480	0,486	0,444	0,593	0,519	0,471	0,531	0,459	0,517	0,517	0,455	0,467	0,582	0,520	0,525	0,470	0,457	0,428	0,456	0,520	0,460	0,453	0,469	0,515	0,520	0,499	0,559	0,614	0,595	0,513	0,497	0,491	0,527	0,423	0,488	0,488	0,461	0,553	0,566	0,635	0,517	0,471	0,549	0,465	0,546	0,452	0,560	0,532	0,472	0,550	0,558	0,535	0,501	0,425	0,440	0,406	0,429	0,414	0,474	0,434	0,430	0,481	0,469	0,573	0,528	0,496	0,592	0,428	0,572	0,483	0,535	0,432	0,542	0,473	0,559
3:48:04	37,0	0,643	0,543	0,662	0,580	0,603	0,591	0,634	0,679	0,663	0,639	0,602	0,711	0,507	0,383	0,479	0,561	0,487	0,564	0,467	0,469	0,460	0,503	0,498	0,479	0,620	0,541	0,491	0,566	0,483	0,532	0,535	0,466	0,496	0,598	0,543	0,539	0,477	0,474	0,447	0,471	0,538	0,472	0,475	0,479	0,529	0,544	0,513	0,583	0,633	0,617	0,524	0,518	0,513	0,554	0,437	0,516	0,514	0,480	0,567	0,589	0,630	0,527	0,487	0,576	0,469	0,555	0,482	0,565	0,557	0,515	0,568	0,578	0,544	0,515	0,439	0,459	0,418	0,441	0,425	0,495	0,443	0,445	0,501	0,481	0,588	0,554	0,510	0,606	0,456	0,592	0,535	0,554	0,449	0,557	0,498	0,583
3:58:04	37,0	0,661	0,585	0,674	0,590	0,631	0,613	0,646	0,704	0,680	0,667	0,629	0,731	0,519	0,422	0,498	0,590	0,490	0,592	0,476	0,482	0,474	0,533	0,502	0,515	0,651	0,563	0,518	0,572	0,497	0,544	0,548	0,479	0,512	0,625	0,574	0,548	0,484	0,491	0,455	0,483	0,549	0,487	0,497	0,488	0,542	0,574	0,531	0,605	0,655	0,632	0,537	0,545	0,534	0,574	0,450	0,540	0,532	0,499	0,580	0,611	0,629	0,533	0,500	0,591	0,490	0,558	0,512	0,570	0,567	0,544	0,584	0,605	0,553	0,538	0,465	0,479	0,430	0,452	0,438	0,515	0,454	0,461	0,519	0,503	0,605	0,574	0,523	0,625	0,479	0,611	0,573	0,574	0,462	0,576	0,511	0,608
4:08:04	37,0	0,680	0,600	0,689	0,604	0,656	0,633	0,662	0,721	0,698	0,688	0,652	0,745	0,526	0,459	0,513	0,602	0,493	0,614	0,487	0,500	0,489	0,550	0,511	0,535	0,660	0,587	0,530	0,592	0,524	0,562	0,569	0,493	0,528	0,633	0,600	0,561	0,490	0,508	0,464	0,494	0,563	0,492	0,513	0,496	0,559	0,588	0,555	0,629	0,688	0,642	0,557	0,574	0,557	0,594	0,466	0,562	0,550	0,521	0,598	0,631	0,634	0,537	0,513	0,604	0,504	0,564	0,530	0,580	0,567	0,565	0,596	0,623	0,562	0,559	0,485	0,498	0,447	0,471	0,451	0,534	0,469	0,479	0,542	0,518	0,624	0,598	0,534	0,641	0,501	0,626	0,592	0,597	0,475	0,595	0,535	0,629
4:18:04	37,0	0,694	0,613	0,702	0,621	0,675	0,652	0,673	0,734	0,714	0,702	0,673	0,757	0,541	0,489	0,517	0,615	0,497	0,636	0,499	0,514	0,503	0,570	0,518	0,558	0,679	0,609	0,552	0,604	0,555	0,576	0,588	0,506	0,547	0,634	0,620	0,576	0,492	0,525	0,468	0,503	0,572	0,499	0,526	0,508	0,573	0,599	0,570	0,650	0,715	0,654	0,579	0,587	0,582	0,611	0,478	0,593	0,573	0,537	0,622	0,651	0,643	0,545	0,525	0,617	0,519	0,573	0,542	0,586	0,577	0,581	0,608	0,637	0,572	0,574	0,500	0,508	0,465	0,484	0,462	0,554	0,491	0,502	0,557	0,534	0,649	0,615	0,538	0,653	0,514	0,648	0,604	0,616	0,487	0,617	0,557	0,652
4:28:04	37,0	0,703	0,630	0,713	0,638	0,693	0,667	0,690	0,747	0,727	0,716	0,698	0,770	0,552	0,517	0,522	0,638	0,501	0,647	0,512	0,527	0,517	0,605	0,525	0,587	0,703	0,629	0,580	0,630	0,572	0,592	0,606	0,529	0,568	0,662	0,646	0,589	0,498	0,540	0,473	0,515	0,582	0,506	0,547	0,520	0,590	0,619	0,589	0,664	0,731	0,670	0,602	0,600	0,596	0,633	0,498	0,613	0,593	0,556	0,643	0,669	0,650	0,551	0,534	0,625	0,530	0,582	0,554	0,594	0,589	0,597	0,614	0,654	0,577	0,589	0,508	0,521	0,483	0,502	0,478	0,560	0,509	0,526	0,568	0,556	0,675	0,633	0,547	0,672	0,529	0,667	0,633	0,636	0,500	0,637	0,580	0,671
4:38:04	36,9	0,718	0,646	0,729	0,654	0,712	0,687	0,703	0,757	0,742	0,728	0,722	0,781	0,560	0,534	0,529	0,645	0,507	0,662	0,521	0,538	0,530	0,629	0,540	0,622	0,720	0,644	0,597	0,653	0,586	0,603	0,621	0,558	0,588	0,689	0,674	0,606	0,514	0,554	0,476	0,529	0,589	0,513	0,554	0,541	0,609	0,641	0,607	0,686	0,749	0,687	0,620	0,603	0,621	0,654	0,512	0,618	0,610	0,581	0,671	0,691	0,655	0,559	0,547	0,636	0,543	0,588	0,564	0,600	0,601	0,608	0,624	0,669	0,585	0,606	0,517	0,532	0,498	0,520	0,495	0,570	0,529	0,542	0,584	0,577	0,701	0,649	0,559	0,691	0,548	0,677	0,626	0,658	0,510	0,656	0,603	0,693
4:48:04	37,0	0,731	0,665	0,741	0,674	0,730	0,701	0,722	0,766	0,753	0,740	0,744	0,794	0,571	0,546	0,536	0,650	0,510	0,675	0,534	0,551	0,547	0,645	0,549	0,663	0,733	0,661	0,615	0,665	0,604	0,621	0,639	0,568	0,607	0,718	0,693	0,624	0,541	0,571	0,477	0,543	0,598	0,530	0,560	0,572	0,631	0,653	0,624	0,697	0,767	0,698	0,626	0,621	0,651	0,677	0,536	0,663	0,621	0,605	0,699	0,718	0,644	0,568	0,560	0,646	0,553	0,595	0,574	0,611	0,611	0,619	0,635	0,683	0,592	0,630	0,528	0,545	0,508	0,535	0,511	0,576	0,549	0,566	0,597	0,594	0,728	0,669	0,589	0,708	0,561	0,699	0,652	0,683	0,523	0,679	0,640	0,716
4:58:04	37,0	0,748	0,680	0,751	0,689	0,745	0,712	0,737	0,774	0,767	0,748	0,765	0,808	0,579	0,563	0,549	0,656	0,517	0,685	0,551	0,560	0,562	0,661	0,566	0,680	0,746	0,677	0,639	0,673	0,617	0,633	0,650	0,584	0,623	0,726	0,711	0,647	0,579	0,588	0,488	0,560	0,606	0,547	0,572	0,579	0,651	0,662	0,623	0,705	0,782	0,720	0,645	0,634	0,693	0,691	0,566	0,694	0,638	0,627	0,719	0,746	0,646	0,578	0,571	0,653	0,563	0,602	0,583	0,624	0,620	0,629	0,645	0,695	0,603	0,644	0,538	0,558	0,519	0,548	0,525	0,585	0,563	0,584	0,611	0,612	0,749	0,683	0,600	0,720	0,577	0,718	0,661	0,702	0,536	0,701	0,675	0,735
5:08:04	37,0	0,762	0,693	0,760	0,704	0,759	0,725	0,751	0,784	0,785	0,759	0,781	0,823	0,586	0,581	0,560	0,661	0,526	0,694	0,565	0,576	0,575	0,679	0,579	0,694	0,762	0,694	0,651	0,692	0,639	0,644	0,676	0,608	0,642	0,773	0,737	0,668	0,600	0,609	0,495	0,580	0,626	0,566	0,589	0,594	0,669	0,685	0,636	0,720	0,798	0,741	0,674	0,643	0,723	0,716	0,593	0,712	0,658	0,658	0,745	0,771	0,651	0,589	0,581	0,664	0,573	0,611	0,592	0,635	0,630	0,637	0,655	0,710	0,613	0,662	0,548	0,573	0,530	0,562	0,546	0,595	0,578	0,605	0,626	0,623	0,767	0,702	0,617	0,728	0,597	0,738	0,671	0,723	0,554	0,721	0,702	0,759
5:18:04	37,0	0,777	0,706	0,772	0,718	0,773	0,738	0,772	0,796	0,793	0,772	0,804	0,839	0,597	0,608	0,573	0,664	0,538	0,698	0,577	0,590	0,593	0,691	0,593	0,714	0,772	0,709	0,660	0,707	0,631	0,657	0,682	0,627	0,656	0,787	0,771	0,687	0,616	0,626	0,507	0,597	0,645	0,567	0,599	0,616	0,691	0,687	0,648	0,729	0,819	0,759	0,685	0,661	0,742	0,742	0,626	0,736	0,679	0,693	0,769	0,801	0,658	0,603	0,596	0,674	0,588	0,619	0,602	0,644	0,638	0,647	0,665	0,726	0,625	0,677	0,560	0,585	0,541	0,576	0,557	0,605	0,589	0,620	0,640	0,641	0,784	0,723	0,632	0,742	0,613	0,757	0,663	0,740	0,572	0,745	0,715	0,777
5:28:04	37,0	0,792	0,714	0,782	0,727	0,784	0,747	0,782	0,802	0,805	0,784	0,817	0,852	0,608	0,624	0,585	0,671	0,549	0,705	0,592	0,606	0,604	0,705	0,606	0,729	0,786	0,727	0,680	0,726	0,655	0,678	0,691	0,654	0,668	0,811	0,800	0,717	0,630	0,643	0,526	0,614	0,659	0,573	0,604	0,622	0,706	0,701	0,662	0,741	0,834	0,779	0,700	0,675	0,764	0,766	0,660	0,757	0,699	0,716	0,791	0,826	0,666	0,615	0,603	0,685	0,598	0,626	0,610	0,652	0,647	0,656	0,674	0,740	0,634	0,695	0,569	0,598	0,549	0,588	0,572	0,616	0,599	0,637	0,650	0,652	0,802	0,735	0,650	0,751	0,637	0,775	0,673	0,759	0,598	0,767	0,723	0,800
5:38:04	37,0	0,805	0,725	0,795	0,742	0,798	0,763	0,798	0,812	0,817	0,796	0,835	0,866	0,622	0,640	0,594	0,677	0,560	0,711	0,608	0,621	0,619	0,716	0,622	0,748	0,803	0,739	0,697	0,756	0,668	0,700	0,714	0,667	0,689	0,850	0,819	0,749	0,646	0,656	0,537	0,640	0,667	0,613	0,622	0,625	0,727	0,705	0,669	0,751	0,852	0,801	0,719	0,697	0,788	0,789	0,692	0,783	0,728	0,752	0,810	0,851	0,683	0,629	0,613	0,699	0,607	0,635	0,620	0,665	0,657	0,663	0,685	0,754	0,645	0,711	0,575	0,606	0,564	0,602	0,585	0,633	0,613	0,657	0,668	0,669	0,820	0,752	0,674	0,767	0,668	0,795	0,690	0,782	0,616	0,786	0,739	0,822
5:48:04	37,0	0,818	0,736	0,807	0,757	0,815	0,776	0,822	0,826	0,834	0,807	0,860	0,882	0,638	0,657	0,604	0,683	0,573	0,721	0,623	0,638	0,629	0,726	0,637	0,766	0,821	0,756	0,717	0,779	0,693	0,719	0,721	0,687	0,709	0,846	0,840	0,779	0,664	0,675	0,548	0,669	0,674	0,646	0,644	0,630	0,744	0,707	0,687	0,774	0,873	0,830	0,732	0,712	0,815	0,812	0,723	0,806	0,760	0,779	0,835	0,877	0,698	0,642	0,630	0,706	0,618	0,646	0,634	0,681	0,669	0,672	0,699	0,771	0,659	0,732	0,591	0,628	0,569	0,617	0,600	0,650	0,625	0,674	0,682	0,686	0,842	0,773	0,701	0,789	0,695	0,818	0,703	0,810	0,650	0,803	0,753	0,842
5:58:04	37,0	0,824	0,741	0,813	0,762	0,814	0,782	0,825	0,828	0,844	0,807	0,859	0,889	0,648	0,680	0,611	0,698	0,587	0,727	0,633	0,650	0,642	0,734	0,648	0,774	0,832	0,776	0,731	0,777	0,712	0,739	0,731	0,725	0,742	0,858	0,860	0,804	0,670	0,693	0,566	0,682	0,677	0,658	0,661	0,637	0,752	0,708	0,701	0,780	0,875	0,842	0,750	0,728	0,833	0,840	0,738	0,821	0,779	0,800	0,848	0,891	0,702	0,659	0,650	0,721	0,634	0,653	0,638	0,687	0,680	0,683	0,709	0,781	0,671	0,740	0,604	0,641	0,578	0,633	0,620	0,668	0,638	0,695	0,700	0,699	0,853	0,791	0,709	0,798	0,721	0,832	0,722	0,830	0,676	0,824	0,760	0,863
6:08:04	37,0	0,841	0,754	0,828	0,774	0,829	0,793	0,838	0,839	0,852	0,822	0,881	0,904	0,661	0,692	0,617	0,700	0,600	0,740	0,645	0,663	0,654	0,746	0,662	0,793	0,846	0,794	0,746	0,804	0,736	0,764	0,754	0,756	0,766	0,885	0,871	0,830	0,678	0,712	0,584	0,699	0,682	0,674	0,675	0,645	0,769	0,716	0,712	0,794	0,898	0,861	0,770	0,745	0,852	0,865	0,763	0,849	0,804	0,829	0,867	0,913	0,715	0,671	0,660	0,733	0,644	0,662	0,652	0,698	0,694	0,695	0,724	0,796	0,685	0,753	0,612	0,651	0,586	0,642	0,631	0,675	0,649	0,707	0,717	0,710	0,873	0,815	0,728	0,822	0,748	0,856	0,737	0,865	0,699	0,849	0,773	0,888
6:18:04	37,0	0,854	0,767	0,841	0,784	0,843	0,805	0,854	0,848	0,863	0,833	0,896	0,916	0,669	0,708	0,629	0,709	0,605	0,740	0,654	0,676	0,664	0,754	0,671	0,808	0,861	0,808	0,757	0,823	0,752	0,774	0,752	0,781	0,787	0,907	0,891	0,862	0,685	0,737	0,603	0,710	0,687	0,695	0,692	0,653	0,783	0,725	0,730	0,805	0,920	0,879	0,783	0,763	0,872	0,882	0,785	0,864	0,828	0,857	0,881	0,937	0,731	0,686	0,664	0,741	0,657	0,671	0,659	0,715	0,706	0,706	0,735	0,814	0,702	0,772	0,626	0,665	0,600	0,660	0,641	0,694	0,664	0,723	0,737	0,727	0,894	0,838	0,744	0,847	0,770	0,878	0,753	0,890	0,721	0,867	0,786	0,910
6:28:04	37,0	0,867	0,778	0,851	0,792	0,851	0,815	0,862	0,855	0,873	0,842	0,908	0,930	0,674	0,724	0,638	0,719	0,614	0,754	0,662	0,686	0,674	0,765	0,680	0,824	0,875	0,822	0,775	0,832	0,770	0,793	0,783	0,797	0,809	0,922	0,906	0,888	0,696	0,756	0,619	0,719	0,691	0,717	0,707	0,659	0,795	0,732	0,755	0,816	0,939	0,896	0,800	0,780	0,892	0,902	0,806	0,882	0,849	0,880	0,899	0,954	0,750	0,701	0,683	0,757	0,665	0,680	0,674	0,726	0,723	0,717	0,752	0,831	0,715	0,787	0,634	0,682	0,615	0,676	0,669	0,707	0,678	0,739	0,758	0,746	0,913	0,858	0,759	0,872	0,787	0,903	0,766	0,911	0,741	0,882	0,803	0,931
6:38:04	37,0	0,880	0,791	0,865	0,802	0,865	0,827	0,878	0,865	0,884	0,852	0,923	0,944	0,682	0,739	0,648	0,729	0,621	0,762	0,669	0,699	0,682	0,775	0,690	0,839	0,892	0,836	0,791	0,850	0,781	0,816	0,790	0,821	0,834	0,940	0,916	0,913	0,709	0,774	0,635	0,726	0,695	0,732	0,717	0,668	0,809	0,737	0,750	0,824	0,959	0,916	0,817	0,799	0,915	0,920	0,827	0,898	0,868	0,902	0,916	0,975	0,767	0,715	0,694	0,770	0,678	0,693	0,684	0,744	0,737	0,729	0,765	0,847	0,731	0,804	0,649	0,701	0,625	0,692	0,682	0,728	0,693	0,753	0,771	0,763	0,931	0,877	0,774	0,893	0,805	0,931	0,782	0,935	0,760	0,895	0,813	0,949
6:48:04	37,0	0,895	0,802	0,877	0,812	0,875	0,838	0,891	0,873	0,901	0,862	0,937	0,956	0,692	0,755	0,656	0,734	0,628	0,775	0,677	0,712	0,691	0,780	0,700	0,854	0,906	0,852	0,806	0,883	0,797	0,831	0,801	0,833	0,854	0,957	0,934	0,930	0,719	0,794	0,649	0,735	0,702	0,746	0,726	0,682	0,820	0,748	0,767	0,837	0,980	0,937	0,835	0,824	0,925	0,931	0,848	0,916	0,887	0,922	0,941	0,995	0,787	0,733	0,710	0,786	0,693	0,706	0,698	0,756	0,751	0,742	0,788	0,871	0,746	0,824	0,664	0,719	0,638	0,714	0,700	0,744	0,713	0,774	0,792	0,780	0,947	0,897	0,789	0,911	0,822	0,958	0,797	0,958	0,779	0,916	0,830	0,967
6:58:04	37,0	0,907	0,812	0,890	0,822	0,886	0,849	0,903	0,881	0,908	0,870	0,952	0,967	0,699	0,772	0,661	0,747	0,639	0,784	0,682	0,720	0,698	0,790	0,706	0,869	0,921	0,870	0,822	0,887	0,810	0,847	0,820	0,868	0,871	0,964	0,950	0,945	0,725	0,805	0,659	0,742	0,704	0,757	0,731	0,691	0,832	0,746	0,786	0,843	0,994	0,954	0,853	0,835	0,948	0,952	0,857	0,933	0,911	0,942	0,949	1,010	0,809	0,751	0,727	0,802	0,706	0,713	0,708	0,772	0,763	0,748	0,794	0,885	0,763	0,835	0,679	0,729	0,653	0,741	0,716	0,764	0,731	0,790	0,810	0,797	0,961	0,917	0,806	0,933	0,843	0,981	0,814	0,984	0,799	0,941	0,846	0,982
7:08:04	37,0	0,920	0,823	0,903	0,829	0,897	0,858	0,917	0,890	0,919	0,880	0,965	0,980	0,707	0,789	0,668	0,757	0,649	0,794	0,688	0,731	0,707	0,802	0,716	0,881	0,936	0,882	0,828	0,895	0,827	0,868	0,830	0,887	0,885	0,976	0,959	0,961	0,731	0,818	0,670	0,747	0,710	0,767	0,734	0,693	0,843	0,750	0,800	0,851	1,008	0,970	0,862	0,849	0,958	0,966	0,873	0,944	0,933	0,962	0,962	1,020	0,829	0,768	0,737	0,808	0,718	0,727	0,719	0,783	0,778	0,764	0,810	0,897	0,779	0,849	0,694	0,746	0,667	0,757	0,741	0,785	0,745	0,811	0,832	0,813	0,976	0,933	0,822	0,955	0,859	1,005	0,829	1,005	0,815	0,966	0,857	0,994
7:18:04	37,0	0,931	0,833	0,915	0,837	0,910	0,870	0,931	0,898	0,931	0,887	0,980	0,992	0,714	0,804	0,673	0,766	0,653	0,798	0,694	0,739	0,715	0,812	0,723	0,894	0,948	0,895	0,842	0,911	0,837	0,880	0,852	0,896	0,899	0,990	0,974	0,978	0,737	0,835	0,674	0,758	0,716	0,778	0,743	0,696	0,853	0,753	0,810	0,858	1,022	0,985	0,878	0,862	0,973	0,981	0,888	0,962	0,947	0,980	0,980	1,037	0,851	0,784	0,758	0,825	0,732	0,742	0,733	0,801	0,799	0,780	0,825	0,917	0,796	0,865	0,706	0,761	0,686	0,773	0,749	0,806	0,764	0,824	0,848	0,828	0,988	0,946	0,836	0,975	0,876	1,030	0,847	1,026	0,833	0,990	0,876	1,007
7:28:04	37,0	0,943	0,844	0,927	0,847	0,920	0,877	0,943	0,907	0,942	0,898	0,992	1,002	0,721	0,819	0,677	0,777	0,660	0,815	0,698	0,748	0,724	0,819	0,730	0,905	0,960	0,909	0,853	0,914	0,847	0,903	0,854	0,927	0,914	0,999	0,988	0,989	0,742	0,844	0,683	0,765	0,719	0,792	0,752	0,703	0,862	0,758	0,824	0,866	1,035	0,999	0,891	0,877	0,991	0,995	0,898	0,972	0,966	0,993	0,998	1,051	0,869	0,797	0,762	0,837	0,745	0,753	0,746	0,814	0,808	0,790	0,842	0,930	0,810	0,880	0,725	0,779	0,701	0,786	0,762	0,828	0,783	0,852	0,867	0,843	1,002	0,968	0,852	0,996	0,893	1,048	0,864	1,046	0,847	1,014	0,889	1,019
7:38:04	37,0	0,955	0,853	0,939	0,856	0,935	0,888	0,955	0,918	0,959	0,909	1,003	1,014	0,731	0,832	0,681	0,783	0,667	0,823	0,704	0,758	0,729	0,831	0,736	0,918	0,972	0,922	0,864	0,936	0,860	0,914	0,870	0,936	0,922	1,021	0,999	1,006	0,748	0,857	0,687	0,773	0,724	0,797	0,761	0,707	0,873	0,764	0,831	0,875	1,049	1,014	0,905	0,891	1,003	1,007	0,918	0,987	0,974	1,013	1,010	1,064	0,888	0,817	0,775	0,850	0,759	0,772	0,763	0,827	0,819	0,806	0,857	0,946	0,827	0,890	0,742	0,789	0,717	0,807	0,793	0,832	0,798	0,859	0,886	0,864	1,014	0,981	0,867	1,016	0,910	1,067	0,883	1,064	0,865	1,037	0,908	1,029
7:48:04	36,9	0,969	0,860	0,946	0,865	0,943	0,897	0,964	0,923	0,963	0,916	1,014	1,023	0,736	0,844	0,688	0,793	0,672	0,830	0,709	0,767	0,736	0,840	0,739	0,925	0,983	0,934	0,877	0,937	0,869	0,923	0,882	0,952	0,938	1,027	1,006	1,015	0,752	0,868	0,695	0,780	0,726	0,806	0,764	0,710	0,880	0,767	0,846	0,881	1,059	1,027	0,915	0,905	1,013	1,018	0,928	1,000	0,992	1,023	1,025	1,078	0,904	0,836	0,793	0,864	0,770	0,778	0,771	0,839	0,838	0,821	0,871	0,963	0,840	0,903	0,757	0,810	0,726	0,820	0,799	0,861	0,817	0,879	0,902	0,875	1,026	1,001	0,882	1,034	0,927	1,086	0,897	1,077	0,880	1,054	0,922	1,042
7:58:04	37,0	0,980	0,869	0,960	0,874	0,953	0,907	0,977	0,931	0,974	0,923	1,025	1,032	0,744	0,857	0,694	0,802	0,678	0,842	0,713	0,771	0,742	0,853	0,744	0,938	0,993	0,946	0,887	0,953	0,882	0,939	0,886	0,974	0,949	1,043	1,025	1,026	0,757	0,877	0,699	0,787	0,731	0,820	0,772	0,715	0,889	0,769	0,853	0,888	1,071	1,038	0,927	0,919	1,024	1,029	0,945	1,008	1,008	1,035	1,033	1,087	0,920	0,853	0,806	0,877	0,786	0,793	0,784	0,859	0,855	0,837	0,890	0,979	0,854	0,912	0,770	0,819	0,741	0,837	0,814	0,877	0,832	0,896	0,916	0,891	1,039	1,016	0,896	1,051	0,940	1,097	0,911	1,090	0,899	1,070	0,933	1,056
8:08:04	37,0	0,993	0,879	0,971	0,884	0,965	0,918	0,987	0,939	0,990	0,933	1,036	1,040	0,751	0,867	0,699	0,811	0,685	0,851	0,719	0,784	0,748	0,864	0,751	0,948	1,005	0,959	0,899	0,966	0,891	0,954	0,913	0,979	0,964	1,058	1,034	1,040	0,763	0,889	0,706	0,795	0,736	0,825	0,781	0,719	0,900	0,775	0,868	0,894	1,082	1,052	0,945	0,932	1,038	1,041	0,955	1,019	1,024	1,052	1,045	1,100	0,936	0,869	0,819	0,892	0,800	0,812	0,795	0,872	0,868	0,853	0,901	0,995	0,870	0,922	0,786	0,833	0,755	0,856	0,837	0,889	0,844	0,901	0,934	0,905	1,048	1,032	0,911	1,066	0,956	1,110	0,925	1,102	0,911	1,087	0,947	1,068
8:18:04	37,0	1,003	0,888	0,980	0,892	0,975	0,926	0,996	0,945	0,996	0,940	1,044	1,047	0,756	0,879	0,704	0,821	0,689	0,861	0,724	0,790	0,755	0,870	0,755	0,958	1,016	0,971	0,914	0,984	0,907	0,966	0,913	0,994	0,967	1,068	1,036	1,050	0,765	0,898	0,710	0,802	0,738	0,830	0,789	0,720	0,908	0,782	0,871	0,897	1,092	1,063	0,954	0,944	1,054	1,054	0,966	1,032	1,037	1,067	1,060	1,109	0,949	0,886	0,834	0,907	0,812	0,827	0,809	0,883	0,876	0,867	0,917	1,007	0,882	0,934	0,802	0,847	0,779	0,868	0,841	0,902	0,858	0,913	0,947	0,916	1,059	1,046	0,923	1,079	0,967	1,120	0,938	1,113	0,924	1,102	0,964	1,079
8:28:04	37,0	1,013	0,898	0,991	0,900	0,985	0,936	1,009	0,954	1,007	0,948	1,054	1,055	0,764	0,893	0,712	0,827	0,695	0,872	0,729	0,806	0,760	0,881	0,759	0,970	1,028	0,981	0,921	0,993	0,912	0,982	0,923	1,010	0,982	1,083	1,054	1,061	0,770	0,907	0,714	0,808	0,741	0,843	0,799	0,727	0,917	0,785	0,880	0,904	1,104	1,075	0,966	0,956	1,057	1,065	0,980	1,046	1,049	1,079	1,072	1,120	0,963	0,908	0,848	0,918	0,828	0,838	0,823	0,898	0,890	0,882	0,928	1,019	0,894	0,940	0,814	0,856	0,784	0,882	0,853	0,916	0,872	0,926	0,958	0,928	1,067	1,060	0,936	1,092	0,981	1,131	0,949	1,127	0,937	1,117	0,977	1,090
8:38:04	36,9	1,022	0,906	1,001	0,909	0,997	0,946	1,016	0,961	1,017	0,957	1,065	1,063	0,771	0,901	0,716	0,834	0,699	0,880	0,734	0,814	0,766	0,890	0,763	0,982	1,039	0,996	0,931	1,008	0,925	0,997	0,939	1,023	0,988	1,097	1,063	1,072	0,771	0,917	0,719	0,814	0,744	0,848	0,803	0,733	0,925	0,795	0,886	0,912	1,116	1,085	0,978	0,966	1,071	1,073	0,993	1,057	1,056	1,089	1,084	1,129	0,975	0,915	0,853	0,928	0,839	0,855	0,834	0,909	0,900	0,888	0,947	1,029	0,907	0,945	0,825	0,868	0,805	0,889	0,867	0,927	0,883	0,936	0,969	0,940	1,078	1,072	0,948	1,105	0,995	1,140	0,962	1,136	0,950	1,129	0,990	1,101
8:48:04	37,0	1,030	0,913	1,007	0,917	1,004	0,952	1,022	0,966	1,024	0,962	1,069	1,068	0,777	0,908	0,719	0,844	0,704	0,889	0,739	0,825	0,769	0,899	0,767	0,987	1,048	1,006	0,939	1,016	0,932	1,014	0,946	1,032	1,001	1,102	1,070	1,080	0,775	0,923	0,726	0,819	0,748	0,856	0,810	0,738	0,932	0,794	0,899	0,915	1,123	1,096	0,987	0,977	1,081	1,080	1,001	1,065	1,070	1,102	1,094	1,139	0,982	0,930	0,874	0,935	0,852	0,866	0,839	0,924	0,919	0,904	0,957	1,039	0,918	0,952	0,834	0,876	0,804	0,899	0,873	0,939	0,894	0,945	0,979	0,947	1,086	1,082	0,959	1,116	1,002	1,151	0,972	1,148	0,958	1,138	1,000	1,109
8:58:04	37,0	1,037	0,924	1,020	0,926	1,016	0,964	1,033	0,976	1,032	0,971	1,082	1,077	0,780	0,917	0,723	0,849	0,709	0,894	0,743	0,829	0,776	0,907	0,773	1,000	1,058	1,017	0,949	1,032	0,944	1,024	0,955	1,042	1,011	1,121	1,083	1,091	0,781	0,933	0,731	0,825	0,751	0,863	0,815	0,740	0,942	0,799	0,905	0,923	1,133	1,107	0,998	0,988	1,091	1,092	1,015	1,077	1,080	1,114	1,106	1,150	0,996	0,942	0,882	0,946	0,860	0,875	0,851	0,933	0,925	0,916	0,961	1,047	0,928	0,960	0,842	0,888	0,816	0,907	0,886	0,944	0,903	0,952	0,989	0,960	1,096	1,092	0,970	1,126	1,016	1,161	0,983	1,158	0,970	1,149	1,010	1,119
9:08:04	37,0	1,043	0,931	1,027	0,932	1,022	0,973	1,042	0,981	1,038	0,977	1,089	1,081	0,786	0,926	0,727	0,859	0,710	0,905	0,747	0,836	0,779	0,913	0,777	1,006	1,068	1,027	0,956	1,038	0,952	1,037	0,976	1,057	1,022	1,126	1,093	1,101	0,783	0,942	0,736	0,829	0,753	0,867	0,820	0,743	0,950	0,799	0,910	0,929	1,141	1,116	1,008	0,997	1,100	1,098	1,018	1,085	1,091	1,125	1,113	1,155	1,005	0,956	0,888	0,950	0,869	0,886	0,857	0,944	0,936	0,922	0,975	1,055	0,939	0,966	0,856	0,895	0,824	0,917	0,889	0,952	0,911	0,962	1,000	0,967	1,105	1,099	0,979	1,135	1,027	1,171	0,990	1,165	0,977	1,160	1,022	1,126
9:18:04	37,0	1,050	0,938	1,035	0,939	1,029	0,979	1,048	0,988	1,045	0,985	1,094	1,086	0,789	0,936	0,731	0,864	0,715	0,910	0,750	0,841	0,783	0,921	0,781	1,013	1,078	1,037	0,964	1,046	0,962	1,048	0,978	1,071	1,033	1,133	1,099	1,108	0,787	0,949	0,739	0,833	0,757	0,877	0,825	0,746	0,957	0,806	0,915	0,933	1,148	1,126	1,016	1,005	1,109	1,108	1,029	1,096	1,104	1,129	1,120	1,163	1,012	0,970	0,892	0,961	0,882	0,900	0,869	0,953	0,947	0,941	0,984	1,064	0,949	0,972	0,861	0,903	0,835	0,929	0,894	0,965	0,924	0,969	1,009	0,975	1,112	1,107	0,988	1,142	1,036	1,179	1,001	1,176	0,988	1,170	1,033	1,135
9:28:04	37,0	1,054	0,942	1,037	0,949	1,032	0,981	1,054	0,991	1,051	0,987	1,096	1,089	0,795	0,944	0,737	0,872	0,720	0,915	0,752	0,849	0,786	0,925	0,784	1,014	1,083	1,045	0,975	1,056	0,968	1,057	0,986	1,076	1,042	1,138	1,114	1,117	0,792	0,954	0,744	0,841	0,763	0,884	0,837	0,752	0,963	0,814	0,921	0,942	1,150	1,136	1,025	1,014	1,118	1,111	1,039	1,111	1,113	1,142	1,130	1,167	1,018	0,981	0,903	0,964	0,893	0,913	0,883	0,966	0,954	0,952	0,993	1,071	0,955	0,974	0,872	0,916	0,847	0,932	0,910	0,971	0,929	0,979	1,019	0,981	1,114	1,115	0,994	1,152	1,043	1,187	1,007	1,184	0,992	1,177	1,036	1,137
9:38:04	37,0	1,058	0,949	1,044	0,953	1,038	0,986	1,059	0,998	1,057	0,992	1,102	1,095	0,797	0,951	0,742	0,879	0,723	0,925	0,759	0,858	0,790	0,931	0,788	1,017	1,090	1,054	0,984	1,065	0,978	1,075	0,990	1,085	1,051	1,144	1,114	1,125	0,800	0,959	0,749	0,846	0,767	0,888	0,840	0,756	0,967	0,816	0,936	0,944	1,157	1,142	1,035	1,022	1,122	1,121	1,044	1,115	1,116	1,148	1,137	1,173	1,023	0,992	0,912	0,976	0,902	0,922	0,888	0,972	0,965	0,959	1,001	1,077	0,961	0,980	0,880	0,915	0,853	0,939	0,912	0,974	0,931	0,988	1,028	0,986	1,121	1,120	0,999	1,159	1,050	1,193	1,014	1,195	0,999	1,185	1,040	1,145
9:48:04	37,0	1,066	0,955	1,050	0,958	1,044	0,994	1,064	1,002	1,061	0,998	1,109	1,099	0,800	0,959	0,744	0,885	0,727	0,931	0,761	0,868	0,793	0,941	0,791	1,020	1,098	1,062	0,992	1,073	0,987	1,086	1,002	1,097	1,059	1,148	1,121	1,132	0,808	0,966	0,752	0,849	0,769	0,894	0,842	0,756	0,973	0,818	0,941	0,948	1,162	1,151	1,041	1,026	1,130	1,125	1,049	1,122	1,127	1,152	1,142	1,179	1,028	0,996	0,920	0,979	0,911	0,926	0,894	0,979	0,976	0,967	1,014	1,084	0,972	0,984	0,886	0,923	0,856	0,945	0,921	0,985	0,937	0,994	1,034	0,993	1,129	1,127	1,011	1,170	1,061	1,202	1,024	1,205	1,009	1,194	1,051	1,154
9:58:04	37,0	1,074	0,965	1,057	0,964	1,052	1,001	1,072	1,011	1,069	1,005	1,118	1,106	0,807	0,967	0,748	0,891	0,730	0,942	0,765	0,877	0,797	0,948	0,798	1,028	1,106	1,071	0,998	1,079	0,994	1,102	1,006	1,112	1,067	1,155	1,129	1,140	0,811	0,972	0,758	0,855	0,773	0,899	0,849	0,761	0,980	0,820	0,950	0,953	1,169	1,159	1,049	1,036	1,140	1,133	1,058	1,132	1,134	1,159	1,147	1,187	1,035	1,005	0,932	0,985	0,915	0,937	0,902	0,983	0,984	0,980	1,022	1,089	0,980	0,985	0,892	0,929	0,863	0,951	0,923	0,997	0,947	0,993	1,043	1,001	1,136	1,135	1,022	1,181	1,069	1,214	1,034	1,214	1,020	1,204	1,061	1,163
10:08:04	37,0	1,080	0,973	1,065	0,970	1,058	1,009	1,079	1,018	1,075	1,011	1,126	1,112	0,810	0,976	0,751	0,899	0,734	0,945	0,768	0,883	0,802	0,955	0,799	1,036	1,115	1,080	1,005	1,088	1,002	1,109	1,016	1,113	1,073	1,169	1,139	1,145	0,814	0,982	0,760	0,861	0,776	0,907	0,855	0,764	0,986	0,821	0,958	0,956	1,176	1,167	1,056	1,044	1,145	1,140	1,064	1,140	1,140	1,170	1,159	1,191	1,041	1,011	0,937	0,993	0,923	0,948	0,909	0,993	0,995	0,992	1,030	1,095	0,988	0,990	0,899	0,936	0,873	0,959	0,932	1,002	0,954	0,997	1,054	1,005	1,141	1,141	1,028	1,190	1,076	1,224	1,042	1,222	1,027	1,212	1,072	1,171
10:18:04	37,0	1,087	0,977	1,074	0,975	1,065	1,016	1,087	1,023	1,082	1,016	1,131	1,119	0,813	0,980	0,754	0,905	0,738	0,950	0,773	0,889	0,805	0,960	0,803	1,044	1,125	1,087	1,012	1,101	1,010	1,109	1,029	1,116	1,084	1,176	1,146	1,151	0,819	0,990	0,764	0,865	0,781	0,917	0,861	0,768	0,994	0,828	0,964	0,962	1,183	1,173	1,063	1,052	1,151	1,149	1,074	1,148	1,150	1,175	1,167	1,196	1,049	1,018	0,935	0,999	0,930	0,956	0,922	0,998	0,995	0,994	1,039	1,101	0,996	0,996	0,905	0,942	0,890	0,964	0,949	1,008	0,962	1,004	1,059	1,014	1,147	1,148	1,036	1,199	1,087	1,233	1,049	1,231	1,035	1,222	1,079	1,179
10:28:04	37,0	1,093	0,982	1,079	0,980	1,071	1,019	1,092	1,026	1,087	1,020	1,137	1,125	0,817	0,988	0,758	0,909	0,741	0,963	0,776	0,898	0,809	0,966	0,806	1,049	1,133	1,096	1,024	1,109	1,016	1,115	1,031	1,122	1,086	1,183	1,148	1,159	0,823	0,995	0,768	0,869	0,784	0,919	0,865	0,775	1,000	0,830	0,966	0,968	1,190	1,180	1,072	1,060	1,159	1,153	1,083	1,152	1,158	1,183	1,172	1,201	1,054	1,025	0,949	1,007	0,942	0,964	0,925	1,004	1,005	1,003	1,045	1,105	1,002	1,001	0,913	0,945	0,893	0,971	0,948	1,018	0,969	1,008	1,065	1,021	1,151	1,155	1,040	1,207	1,089	1,239	1,056	1,238	1,042	1,231	1,086	1,184
10:38:04	37,0	1,098	0,987	1,084	0,983	1,076	1,023	1,099	1,030	1,089	1,025	1,142	1,128	0,817	0,993	0,761	0,916	0,743	0,968	0,778	0,898	0,811	0,972	0,809	1,051	1,138	1,103	1,030	1,111	1,021	1,124	1,038	1,138	1,094	1,183	1,154	1,165	0,827	0,999	0,770	0,873	0,786	0,924	0,870	0,774	1,006	0,832	0,970	0,973	1,195	1,185	1,076	1,067	1,163	1,156	1,088	1,157	1,163	1,186	1,177	1,206	1,056	1,029	0,959	1,012	0,945	0,965	0,932	1,008	1,011	1,004	1,051	1,110	1,007	1,006	0,921	0,951	0,898	0,976	0,951	1,025	0,977	1,012	1,071	1,025	1,151	1,161	1,048	1,213	1,097	1,246	1,063	1,244	1,049	1,238	1,090	1,190
10:48:04	37,0	1,101	0,989	1,088	0,987	1,081	1,024	1,103	1,032	1,096	1,027	1,145	1,131	0,823	0,998	0,764	0,924	0,746	0,971	0,780	0,904	0,813	0,975	0,813	1,052	1,144	1,108	1,035	1,120	1,028	1,126	1,041	1,135	1,101	1,190	1,163	1,173	0,831	1,004	0,774	0,876	0,791	0,931	0,877	0,779	1,011	0,837	0,983	0,975	1,198	1,191	1,086	1,075	1,166	1,165	1,093	1,162	1,170	1,194	1,181	1,209	1,060	1,038	0,965	1,016	0,951	0,973	0,939	1,014	1,014	1,008	1,056	1,112	1,010	1,008	0,923	0,956	0,909	0,980	0,960	1,030	0,982	1,020	1,079	1,029	1,159	1,166	1,055	1,217	1,103	1,250	1,067	1,250	1,056	1,243	1,095	1,197
10:58:04	37,0	1,105	0,996	1,096	0,991	1,087	1,033	1,109	1,038	1,100	1,030	1,154	1,133	0,826	1,004	0,767	0,929	0,748	0,975	0,783	0,913	0,816	0,979	0,817	1,059	1,151	1,115	1,043	1,125	1,037	1,137	1,051	1,144	1,106	1,199	1,171	1,177	0,835	1,010	0,777	0,881	0,793	0,935	0,881	0,781	1,015	0,839	0,984	0,974	1,204	1,197	1,091	1,081	1,175	1,173	1,100	1,169	1,172	1,199	1,187	1,213	1,063	1,043	0,970	1,020	0,959	0,984	0,941	1,018	1,020	1,017	1,063	1,117	1,016	1,012	0,930	0,958	0,916	0,986	0,969	1,037	0,984	1,025	1,084	1,032	1,163	1,172	1,064	1,224	1,108	1,255	1,074	1,252	1,063	1,251	1,102	1,202
11:08:04	37,0	1,109	0,999	1,101	0,995	1,092	1,036	1,117	1,041	1,104	1,034	1,157	1,138	0,828	1,011	0,770	0,936	0,751	0,981	0,786	0,914	0,820	0,985	0,820	1,062	1,157	1,121	1,048	1,131	1,041	1,145	1,057	1,158	1,111	1,202	1,171	1,185	0,839	1,013	0,780	0,885	0,796	0,939	0,883	0,782	1,018	0,840	0,988	0,981	1,207	1,201	1,099	1,088	1,178	1,174	1,102	1,172	1,180	1,202	1,192	1,216	1,067	1,047	0,977	1,025	0,962	0,982	0,946	1,021	1,026	1,022	1,069	1,119	1,021	1,016	0,938	0,965	0,919	0,991	0,968	1,050	0,994	1,026	1,089	1,035	1,165	1,178	1,069	1,230	1,115	1,258	1,080	1,257	1,068	1,255	1,107	1,206
11:18:04	37,0	1,116	1,004	1,106	0,999	1,097	1,042	1,121	1,044	1,111	1,037	1,166	1,142	0,831	1,015	0,773	0,938	0,752	0,985	0,789	0,921	0,824	0,988	0,824	1,067	1,162	1,127	1,052	1,136	1,047	1,151	1,062	1,160	1,114	1,209	1,182	1,188	0,841	1,019	0,782	0,887	0,799	0,945	0,889	0,785	1,024	0,843	0,993	0,980	1,211	1,207	1,102	1,095	1,183	1,178	1,109	1,175	1,181	1,206	1,196	1,220	1,071	1,050	0,981	1,029	0,966	0,988	0,948	1,026	1,031	1,025	1,071	1,124	1,027	1,020	0,942	0,968	0,922	0,992	0,979	1,052	0,995	1,032	1,095	1,038	1,167	1,183	1,074	1,234	1,119	1,262	1,086	1,257	1,071	1,261	1,113	1,214
11:28:04	37,0	1,118	1,005	1,109	1,000	1,101	1,043	1,123	1,047	1,113	1,039	1,165	1,145	0,829	1,018	0,775	0,943	0,755	0,988	0,791	0,927	0,826	0,992	0,826	1,067	1,167	1,132	1,058	1,141	1,052	1,153	1,069	1,161	1,120	1,212	1,182	1,194	0,842	1,021	0,785	0,890	0,800	0,948	0,893	0,786	1,026	0,845	0,998	0,985	1,212	1,210	1,108	1,098	1,188	1,181	1,112	1,179	1,184	1,208	1,200	1,221	1,074	1,054	0,986	1,034	0,970	0,997	0,954	1,032	1,036	1,029	1,075	1,125	1,029	1,022	0,946	0,972	0,925	0,999	0,977	1,055	1,001	1,035	1,099	1,043	1,170	1,187	1,077	1,236	1,123	1,264	1,089	1,261	1,078	1,265	1,116	1,216
11:38:04	37,0	1,123	1,008	1,114	1,004	1,105	1,049	1,131	1,050	1,118	1,043	1,169	1,149	0,831	1,023	0,778	0,948	0,758	0,994	0,794	0,932	0,828	0,994	0,829	1,071	1,171	1,137	1,064	1,148	1,057	1,156	1,073	1,167	1,125	1,218	1,187	1,201	0,845	1,024	0,788	0,893	0,805	0,951	0,899	0,789	1,030	0,851	1,006	0,988	1,216	1,215	1,116	1,106	1,189	1,191	1,120	1,186	1,191	1,220	1,203	1,224	1,077	1,059	0,991	1,037	0,974	1,003	0,962	1,036	1,036	1,038	1,079	1,128	1,033	1,026	0,950	0,977	0,937	0,999	0,987	1,061	1,005	1,039	1,103	1,049	1,173	1,193	1,082	1,240	1,125	1,269	1,093	1,264	1,083	1,270	1,121	1,220
11:48:04	37,0	1,127	1,011	1,119	1,009	1,109	1,050	1,135	1,051	1,120	1,045	1,172	1,151	0,835	1,028	0,780	0,952	0,759	0,998	0,795	0,936	0,830	0,999	0,833	1,073	1,175	1,142	1,068	1,152	1,059	1,161	1,076	1,173	1,129	1,221	1,187	1,206	0,846	1,027	0,790	0,896	0,807	0,956	0,901	0,794	1,035	0,849	1,007	0,991	1,219	1,219	1,122	1,110	1,194	1,190	1,122	1,188	1,195	1,216	1,208	1,226	1,080	1,062	0,997	1,040	0,981	1,004	0,962	1,040	1,042	1,040	1,083	1,133	1,037	1,028	0,959	0,980	0,938	1,005	0,985	1,066	1,008	1,042	1,108	1,051	1,175	1,198	1,085	1,242	1,131	1,272	1,097	1,266	1,089	1,274	1,122	1,225
11:58:04	37,0	1,132	1,013	1,121	1,012	1,113	1,052	1,139	1,055	1,125	1,047	1,178	1,156	0,837	1,030	0,783	0,957	0,763	1,000	0,799	0,942	0,837	1,000	0,834	1,077	1,182	1,149	1,076	1,157	1,065	1,165	1,082	1,176	1,134	1,227	1,200	1,210	0,850	1,032	0,793	0,902	0,812	0,961	0,909	0,798	1,037	0,858	1,008	0,993	1,223	1,224	1,124	1,115	1,197	1,195	1,132	1,197	1,197	1,218	1,215	1,227	1,083	1,067	1,000	1,045	0,984	1,010	0,971	1,045	1,044	1,043	1,092	1,137	1,042	1,031	0,962	0,986	0,946	1,006	0,992	1,065	1,012	1,047	1,114	1,053	1,178	1,205	1,091	1,246	1,133	1,276	1,102	1,268	1,094	1,279	1,129	1,231
12:08:04	37,0	1,135	1,016	1,126	1,014	1,119	1,058	1,143	1,057	1,130	1,051	1,180	1,159	0,839	1,034	0,787	0,958	0,765	1,002	0,803	0,948	0,837	1,005	0,839	1,079	1,185	1,154	1,079	1,163	1,069	1,173	1,086	1,183	1,137	1,230	1,198	1,215	0,852	1,034	0,794	0,903	0,816	0,964	0,912	0,798	1,041	0,861	1,016	0,994	1,225	1,226	1,129	1,120	1,201	1,200	1,130	1,196	1,201	1,223	1,216	1,229	1,086	1,070	1,006	1,048	0,986	1,013	0,974	1,047	1,051	1,047	1,091	1,138	1,046	1,034	0,971	0,986	0,953	1,015	1,002	1,079	1,020	1,049	1,116	1,057	1,181	1,207	1,095	1,249	1,137	1,279	1,106	1,273	1,097	1,282	1,132	1,233
12:18:04	37,0	1,139	1,020	1,131	1,017	1,124	1,064	1,149	1,061	1,134	1,053	1,185	1,161	0,841	1,039	0,789	0,962	0,769	1,006	0,802	0,954	0,841	1,008	0,844	1,083	1,192	1,158	1,086	1,167	1,074	1,179	1,090	1,187	1,141	1,233	1,204	1,219	0,852	1,037	0,797	0,904	0,816	0,968	0,914	0,800	1,045	0,855	1,018	1,001	1,229	1,229	1,135	1,125	1,205	1,201	1,134	1,197	1,203	1,227	1,221	1,233	1,090	1,071	1,010	1,049	0,993	1,018	0,976	1,052	1,055	1,050	1,095	1,142	1,048	1,034	0,973	0,990	0,959	1,013	1,003	1,075	1,021	1,052	1,119	1,061	1,182	1,212	1,096	1,252	1,141	1,282	1,111	1,274	1,101	1,288	1,136	1,236
12:28:04	37,0	1,145	1,022	1,135	1,020	1,127	1,064	1,153	1,062	1,137	1,054	1,187	1,162	0,841	1,042	0,793	0,965	0,769	1,009	0,805	0,958	0,841	1,010	0,845	1,084	1,196	1,162	1,091	1,174	1,077	1,181	1,096	1,191	1,142	1,236	1,208	1,224	0,852	1,039	0,799	0,903	0,818	0,969	0,916	0,802	1,049	0,856	1,023	0,998	1,232	1,232	1,137	1,129	1,206	1,206	1,136	1,200	1,208	1,229	1,221	1,234	1,091	1,075	1,014	1,051	0,998	1,025	0,979	1,053	1,056	1,053	1,098	1,142	1,054	1,036	0,973	0,994	0,966	1,020	1,002	1,081	1,026	1,054	1,122	1,065	1,183	1,215	1,099	1,254	1,143	1,284	1,113	1,275	1,105	1,292	1,136	1,241
12:38:04	37,0	1,148	1,024	1,139	1,024	1,131	1,065	1,157	1,065	1,139	1,056	1,191	1,167	0,844	1,046	0,795	0,968	0,773	1,012	0,807	0,963	0,843	1,014	0,845	1,086	1,199	1,165	1,095	1,176	1,081	1,184	1,102	1,197	1,147	1,239	1,210	1,228	0,855	1,043	0,801	0,907	0,818	0,973	0,919	0,803	1,050	0,857	1,024	1,003	1,234	1,236	1,141	1,133	1,207	1,207	1,140	1,202	1,210	1,231	1,224	1,236	1,094	1,076	1,016	1,053	0,997	1,029	0,982	1,054	1,060	1,056	1,098	1,147	1,057	1,039	0,979	0,997	0,969	1,027	1,009	1,092	1,028	1,057	1,124	1,064	1,185	1,221	1,105	1,256	1,143	1,287	1,117	1,277	1,108	1,294	1,140	1,245
12:48:04	37,0	1,152	1,028	1,143	1,027	1,136	1,073	1,162	1,067	1,144	1,060	1,195	1,169	0,846	1,049	0,796	0,971	0,775	1,013	0,808	0,966	0,846	1,016	0,850	1,090	1,204	1,169	1,099	1,181	1,084	1,188	1,104	1,200	1,151	1,245	1,215	1,231	0,859	1,045	0,803	0,908	0,822	0,976	0,919	0,805	1,054	0,860	1,028	1,004	1,237	1,238	1,145	1,137	1,210	1,209	1,142	1,204	1,212	1,233	1,228	1,236	1,097	1,080	1,018	1,054	1,000	1,033	0,985	1,058	1,060	1,058	1,104	1,149	1,058	1,040	0,982	0,998	0,973	1,026	1,012	1,087	1,030	1,060	1,126	1,070	1,188	1,224	1,106	1,258	1,147	1,290	1,119	1,279	1,111	1,297	1,141	1,248
12:58:04	37,0	1,156	1,030	1,148	1,031	1,140	1,077	1,166	1,071	1,147	1,062	1,198	1,171	0,845	1,053	0,800	0,976	0,777	1,016	0,813	0,971	0,847	1,015	0,851	1,094	1,208	1,174	1,103	1,190	1,093	1,194	1,109	1,203	1,155	1,253	1,219	1,234	0,862	1,048	0,803	0,915	0,824	0,977	0,926	0,811	1,055	0,867	1,030	1,006	1,241	1,241	1,147	1,142	1,216	1,213	1,148	1,211	1,214	1,232	1,235	1,239	1,100	1,082	1,022	1,059	1,002	1,033	0,990	1,062	1,065	1,062	1,108	1,152	1,061	1,044	0,987	1,004	0,984	1,034	1,015	1,091	1,036	1,066	1,130	1,072	1,191	1,228	1,113	1,258	1,148	1,291	1,123	1,281	1,116	1,303	1,146	1,250
13:08:04	37,0	1,158	1,032	1,145	1,031	1,143	1,075	1,171	1,071	1,151	1,063	1,201	1,174	0,847	1,055	0,804	0,976	0,779	1,018	0,815	0,974	0,847	1,016	0,856	1,092	1,212	1,178	1,107	1,188	1,095	1,202	1,111	1,209	1,155	1,251	1,218	1,238	0,863	1,049	0,805	0,911	0,826	0,980	0,925	0,810	1,056	0,864	1,028	1,004	1,240	1,243	1,151	1,145	1,217	1,214	1,149	1,210	1,214	1,235	1,236	1,239	1,101	1,089	1,024	1,058	1,007	1,035	0,991	1,064	1,070	1,068	1,110	1,152	1,063	1,046	0,990	1,002	0,980	1,032	1,019	1,096	1,037	1,068	1,131	1,073	1,187	1,231	1,113	1,260	1,147	1,293	1,123	1,278	1,116	1,304	1,144	1,253
13:18:04	37,0	1,161	1,033	1,152	1,034	1,145	1,078	1,174	1,071	1,152	1,066	1,204	1,176	0,851	1,057	0,804	0,978	0,777	1,020	0,815	0,978	0,848	1,024	0,856	1,093	1,214	1,181	1,109	1,190	1,095	1,205	1,115	1,216	1,159	1,252	1,218	1,241	0,867	1,051	0,805	0,913	0,826	0,985	0,928	0,809	1,058	0,862	1,037	1,007	1,244	1,246	1,152	1,149	1,218	1,215	1,149	1,210	1,218	1,234	1,238	1,240	1,103	1,091	1,027	1,059	1,009	1,042	0,993	1,067	1,068	1,068	1,111	1,154	1,068	1,045	0,993	1,006	0,983	1,033	1,016	1,103	1,039	1,070	1,132	1,073	1,188	1,236	1,114	1,261	1,145	1,293	1,125	1,280	1,117	1,306	1,141	1,256
13:28:04	37,0	1,163	1,036	1,156	1,038	1,150	1,082	1,177	1,073	1,158	1,067	1,208	1,179	0,851	1,060	0,806	0,980	0,782	1,022	0,816	0,982	0,850	1,024	0,858	1,095	1,219	1,184	1,112	1,194	1,098	1,207	1,119	1,215	1,161	1,255	1,224	1,244	0,869	1,053	0,807	0,916	0,826	0,986	0,929	0,808	1,059	0,860	1,036	1,009	1,246	1,246	1,154	1,151	1,219	1,218	1,149	1,212	1,218	1,234	1,237	1,241	1,104	1,094	1,028	1,062	1,008	1,043	0,995	1,070	1,070	1,073	1,112	1,158	1,070	1,046	0,997	1,009	0,985	1,038	1,023	1,103	1,044	1,072	1,134	1,075	1,191	1,240	1,118	1,263	1,145	1,293	1,125	1,281	1,119	1,309	1,145	1,258
13:38:04	37,0	1,167	1,039	1,160	1,040	1,155	1,086	1,182	1,077	1,159	1,071	1,211	1,180	0,853	1,062	0,806	0,983	0,780	1,025	0,819	0,984	0,854	1,027	0,861	1,098	1,224	1,190	1,117	1,199	1,103	1,212	1,124	1,222	1,166	1,259	1,228	1,249	0,871	1,056	0,808	0,917	0,828	0,988	0,930	0,811	1,062	0,864	1,036	1,012	1,247	1,248	1,156	1,154	1,220	1,220	1,153	1,214	1,219	1,237	1,240	1,242	1,109	1,096	1,031	1,066	1,013	1,046	0,998	1,073	1,073	1,076	1,114	1,159	1,072	1,048	0,999	1,010	0,986	1,038	1,025	1,108	1,048	1,073	1,135	1,080	1,195	1,243	1,119	1,264	1,149	1,296	1,129	1,281	1,123	1,311	1,147	1,262
13:48:04	37,0	1,171	1,042	1,165	1,042	1,159	1,091	1,186	1,079	1,165	1,073	1,215	1,185	0,857	1,066	0,808	0,985	0,787	1,027	0,822	0,985	0,859	1,027	0,863	1,104	1,228	1,193	1,122	1,206	1,109	1,212	1,126	1,225	1,169	1,265	1,235	1,252	0,873	1,060	0,810	0,920	0,830	0,989	0,934	0,809	1,066	0,870	1,041	1,015	1,250	1,251	1,159	1,157	1,223	1,226	1,156	1,218	1,222	1,236	1,246	1,243	1,113	1,100	1,033	1,071	1,016	1,048	1,001	1,074	1,077	1,077	1,120	1,165	1,077	1,051	1,008	1,017	0,997	1,042	1,032	1,110	1,051	1,079	1,138	1,082	1,196	1,247	1,123	1,266	1,149	1,296	1,133	1,283	1,127	1,316	1,150	1,266
13:58:04	37,0	1,173	1,043	1,163	1,045	1,161	1,089	1,188	1,081	1,166	1,074	1,215	1,185	0,857	1,067	0,811	0,988	0,788	1,030	0,822	0,988	0,858	1,031	0,864	1,102	1,231	1,197	1,126	1,207	1,108	1,221	1,130	1,228	1,171	1,265	1,231	1,255	0,874	1,062	0,812	0,919	0,830	0,995	0,934	0,810	1,068	0,865	1,039	1,016	1,250	1,251	1,162	1,160	1,224	1,225	1,154	1,217	1,222	1,238	1,245	1,244	1,115	1,102	1,038	1,071	1,019	1,046	1,001	1,077	1,078	1,082	1,119	1,163	1,079	1,055	1,010	1,016	0,994	1,048	1,029	1,109	1,052	1,079	1,140	1,085	1,193	1,250	1,122	1,266	1,149	1,296	1,135	1,284	1,126	1,319	1,149	1,268
14:08:04	37,0	1,178	1,046	1,168	1,047	1,164	1,094	1,192	1,083	1,170	1,077	1,219	1,188	0,862	1,069	0,813	0,991	0,789	1,034	0,824	0,991	0,860	1,035	0,867	1,106	1,235	1,199	1,129	1,211	1,112	1,223	1,132	1,235	1,173	1,267	1,232	1,260	0,877	1,064	0,812	0,919	0,831	0,996	0,936	0,814	1,071	0,864	1,041	1,019	1,254	1,253	1,163	1,162	1,225	1,225	1,157	1,218	1,223	1,239	1,247	1,244	1,119	1,103	1,040	1,073	1,020	1,049	1,005	1,078	1,082	1,082	1,123	1,165	1,081	1,055	1,010	1,020	0,997	1,052	1,036	1,115	1,060	1,081	1,142	1,088	1,196	1,253	1,123	1,267	1,149	1,297	1,135	1,284	1,130	1,321	1,151	1,270
14:18:04	37,0	1,179	1,045	1,169	1,048	1,167	1,091	1,196	1,084	1,168	1,078	1,219	1,192	0,865	1,072	0,815	0,994	0,791	1,036	0,827	0,994	0,861	1,035	0,870	1,106	1,236	1,202	1,132	1,212	1,115	1,222	1,134	1,234	1,177	1,269	1,237	1,259	0,880	1,066	0,813	0,920	0,834	1,003	0,940	0,816	1,071	0,871	1,046	1,020	1,253	1,253	1,165	1,166	1,225	1,227	1,158	1,221	1,225	1,243	1,247	1,242	1,120	1,105	1,044	1,074	1,026	1,053	1,009	1,082	1,082	1,083	1,121	1,166	1,086	1,059	1,018	1,025	1,006	1,056	1,043	1,117	1,062	1,085	1,143	1,091	1,192	1,256	1,125	1,267	1,149	1,296	1,135	1,283	1,131	1,320	1,144	1,271
14:28:04	37,0	1,182	1,049	1,171	1,047	1,170	1,095	1,199	1,085	1,172	1,080	1,224	1,191	0,868	1,074	0,818	0,993	0,793	1,038	0,826	0,996	0,864	1,037	0,873	1,104	1,238	1,206	1,135	1,215	1,115	1,227	1,137	1,235	1,179	1,270	1,235	1,263	0,883	1,069	0,814	0,922	0,834	1,000	0,940	0,813	1,074	0,866	1,045	1,016	1,254	1,254	1,170	1,168	1,224	1,227	1,159	1,218	1,226	1,239	1,249	1,242	1,121	1,108	1,048	1,078	1,025	1,056	1,007	1,083	1,084	1,089	1,125	1,167	1,089	1,060	1,018	1,026	1,005	1,057	1,040	1,125	1,064	1,087	1,144	1,091	1,191	1,260	1,126	1,268	1,148	1,296	1,135	1,283	1,130	1,322	1,142	1,274
14:38:04	37,0	1,187	1,052	1,175	1,053	1,174	1,100	1,203	1,089	1,176	1,081	1,226	1,194	0,870	1,076	0,821	0,996	0,796	1,038	0,828	0,996	0,865	1,039	0,874	1,110	1,243	1,208	1,138	1,218	1,121	1,228	1,140	1,237	1,181	1,273	1,239	1,265	0,883	1,071	0,814	0,922	0,835	0,999	0,943	0,818	1,076	0,874	1,051	1,017	1,256	1,255	1,170	1,170	1,227	1,230	1,161	1,222	1,228	1,241	1,251	1,241	1,123	1,110	1,049	1,081	1,030	1,060	1,015	1,085	1,082	1,089	1,126	1,171	1,090	1,063	1,025	1,030	1,011	1,060	1,046	1,116	1,065	1,089	1,145	1,095	1,193	1,263	1,125	1,268	1,149	1,297	1,136	1,282	1,132	1,322	1,145	1,275
14:48:04	37,0	1,188	1,051	1,176	1,051	1,175	1,099	1,206	1,089	1,178	1,085	1,228	1,196	0,873	1,077	0,822	0,996	0,794	1,039	0,829	0,995	0,864	1,040	0,874	1,108	1,245	1,212	1,141	1,220	1,123	1,231	1,142	1,240	1,183	1,274	1,240	1,265	0,885	1,075	0,815	0,923	0,835	1,003	0,943	0,817	1,077	0,868	1,047	1,017	1,255	1,256	1,170	1,171	1,227	1,228	1,159	1,220	1,227	1,238	1,250	1,242	1,125	1,113	1,055	1,081	1,030	1,059	1,012	1,088	1,086	1,095	1,127	1,167	1,093	1,064	1,025	1,030	1,007	1,060	1,044	1,125	1,069	1,090	1,145	1,095	1,188	1,264	1,125	1,267	1,148	1,297	1,136	1,283	1,132	1,323	1,142	1,277
14:58:04	37,0	1,191	1,054	1,179	1,056	1,179	1,102	1,208	1,091	1,180	1,085	1,231	1,195	0,873	1,078	0,824	0,999	0,795	1,038	0,832	0,999	0,869	1,042	0,874	1,112	1,248	1,214	1,145	1,225	1,126	1,234	1,145	1,242	1,186	1,275	1,244	1,268	0,884	1,076	0,816	0,923	0,835	1,001	0,944	0,817	1,078	0,868	1,052	1,021	1,258	1,256	1,171	1,174	1,228	1,230	1,161	1,222	1,227	1,238	1,252	1,242	1,128	1,116	1,052	1,086	1,031	1,060	1,016	1,090	1,089	1,094	1,125	1,173	1,094	1,064	1,027	1,032	1,013	1,062	1,048	1,121	1,071	1,090	1,146	1,098	1,189	1,268	1,126	1,268	1,150	1,296	1,136	1,282	1,134	1,323	1,142	1,276
15:08:04	37,0	1,195	1,056	1,182	1,058	1,181	1,105	1,211	1,093	1,184	1,085	1,233	1,200	0,875	1,081	0,825	1,002	0,799	1,039	0,833	1,002	0,871	1,040	0,874	1,114	1,251	1,216	1,148	1,234	1,126	1,232	1,150	1,243	1,189	1,280	1,250	1,269	0,887	1,077	0,817	0,927	0,836	1,004	0,948	0,820	1,081	0,876	1,055	1,022	1,258	1,258	1,171	1,176	1,227	1,233	1,168	1,225	1,230	1,237	1,256	1,241	1,131	1,117	1,052	1,085	1,036	1,063	1,019	1,092	1,090	1,094	1,132	1,175	1,098	1,067	1,032	1,038	1,022	1,065	1,051	1,123	1,071	1,097	1,150	1,100	1,189	1,270	1,125	1,268	1,148	1,296	1,137	1,283	1,135	1,326	1,142	1,276
15:18:04	37,0	1,195	1,058	1,183	1,060	1,185	1,105	1,213	1,095	1,187	1,088	1,236	1,200	0,875	1,082	0,826	1,001	0,800	1,040	0,834	1,003	0,871	1,042	0,876	1,115	1,254	1,218	1,150	1,229	1,129	1,237	1,151	1,247	1,190	1,278	1,247	1,269	0,888	1,078	0,817	0,925	0,836	1,004	0,949	0,819	1,081	0,875	1,056	1,026	1,257	1,258	1,171	1,176	1,227	1,235	1,165	1,228	1,229	1,238	1,257	1,242	1,133	1,119	1,056	1,087	1,036	1,065	1,020	1,095	1,092	1,096	1,134	1,177	1,099	1,065	1,039	1,037	1,024	1,062	1,054	1,126	1,073	1,095	1,149	1,103	1,188	1,271	1,128	1,268	1,148	1,295	1,139	1,283	1,135	1,326	1,141	1,278
15:28:04	37,0	1,199	1,059	1,184	1,060	1,186	1,108	1,216	1,095	1,190	1,090	1,238	1,201	0,875	1,085	0,832	1,004	0,803	1,040	0,835	1,003	0,875	1,042	0,875	1,115	1,255	1,223	1,155	1,230	1,129	1,236	1,160	1,247	1,195	1,280	1,256	1,269	0,890	1,080	0,819	0,927	0,839	1,008	0,951	0,824	1,085	0,880	1,055	1,026	1,260	1,259	1,176	1,179	1,226	1,233	1,171	1,226	1,230	1,235	1,260	1,240	1,133	1,122	1,059	1,089	1,039	1,069	1,026	1,096	1,091	1,099	1,139	1,180	1,100	1,072	1,041	1,042	1,027	1,069	1,055	1,124	1,077	1,101	1,152	1,108	1,186	1,273	1,125	1,267	1,148	1,294	1,138	1,282	1,136	1,326	1,141	1,277
15:38:04	37,0	1,201	1,061	1,187	1,065	1,189	1,110	1,221	1,099	1,191	1,090	1,238	1,202	0,874	1,086	0,830	1,006	0,803	1,040	0,840	1,006	0,872	1,045	0,876	1,117	1,257	1,224	1,159	1,234	1,130	1,239	1,156	1,249	1,194	1,282	1,250	1,272	0,891	1,084	0,819	0,927	0,838	1,008	0,953	0,826	1,087	0,878	1,060	1,029	1,266	1,260	1,173	1,179	1,231	1,235	1,167	1,229	1,231	1,240	1,259	1,242	1,135	1,124	1,061	1,089	1,042	1,072	1,026	1,099	1,096	1,102	1,139	1,183	1,104	1,074	1,044	1,041	1,035	1,074	1,059	1,126	1,080	1,101	1,154	1,107	1,186	1,275	1,124	1,268	1,149	1,294	1,137	1,282	1,136	1,327	1,143	1,278
15:48:04	37,0	1,202	1,062	1,188	1,065	1,190	1,110	1,222	1,100	1,193	1,092	1,242	1,203	0,876	1,085	0,831	1,006	0,804	1,041	0,841	1,008	0,872	1,047	0,875	1,117	1,261	1,226	1,161	1,236	1,133	1,240	1,158	1,250	1,196	1,281	1,250	1,270	0,890	1,085	0,820	0,924	0,837	1,009	0,951	0,821	1,088	0,873	1,058	1,028	1,268	1,259	1,172	1,179	1,228	1,232	1,166	1,225	1,229	1,238	1,258	1,242	1,136	1,126	1,065	1,092	1,044	1,075	1,025	1,101	1,095	1,106	1,138	1,181	1,105	1,076	1,046	1,041	1,032	1,074	1,059	1,127	1,080	1,103	1,153	1,109	1,183	1,276	1,125	1,267	1,148	1,293	1,138	1,281	1,136	1,327	1,140	1,279
15:58:04	37,0	1,204	1,063	1,190	1,064	1,192	1,109	1,224	1,098	1,193	1,092	1,241	1,203	0,875	1,088	0,833	1,006	0,805	1,044	0,841	1,009	0,869	1,048	0,871	1,116	1,260	1,227	1,163	1,237	1,134	1,241	1,161	1,251	1,198	1,280	1,248	1,269	0,889	1,084	0,819	0,924	0,837	1,008	0,949	0,819	1,089	0,870	1,059	1,025	1,269	1,259	1,172	1,179	1,226	1,231	1,162	1,224	1,230	1,235	1,254	1,240	1,138	1,126	1,065	1,093	1,045	1,075	1,024	1,102	1,095	1,105	1,135	1,179	1,107	1,075	1,046	1,045	1,035	1,079	1,059	1,135	1,080	1,102	1,153	1,111	1,179	1,276	1,126	1,267	1,147	1,292	1,136	1,281	1,137	1,327	1,136	1,279
16:08:04	37,0	1,207	1,064	1,192	1,067	1,193	1,113	1,228	1,100	1,198	1,093	1,246	1,207	0,873	1,089	0,835	1,008	0,806	1,045	0,842	1,010	0,869	1,046	0,873	1,120	1,263	1,228	1,164	1,239	1,135	1,241	1,162	1,251	1,199	1,280	1,250	1,272	0,889	1,085	0,820	0,925	0,838	1,010	0,951	0,822	1,090	0,875	1,060	1,027	1,270	1,260	1,172	1,181	1,228	1,234	1,163	1,224	1,229	1,239	1,258	1,238	1,139	1,127	1,066	1,095	1,049	1,081	1,033	1,104	1,098	1,106	1,139	1,184	1,108	1,078	1,049	1,048	1,040	1,077	1,061	1,126	1,085	1,105	1,155	1,109	1,176	1,278	1,125	1,267	1,145	1,291	1,136	1,280	1,134	1,327	1,135	1,277
16:18:04	37,0	1,208	1,066	1,193	1,067	1,196	1,111	1,231	1,101	1,196	1,094	1,246	1,206	0,874	1,089	0,837	1,008	0,805	1,044	0,839	1,012	0,866	1,049	0,869	1,118	1,263	1,229	1,166	1,241	1,136	1,245	1,162	1,254	1,199	1,282	1,248	1,271	0,892	1,089	0,819	0,925	0,837	1,011	0,950	0,821	1,090	0,868	1,057	1,025	1,269	1,260	1,174	1,181	1,228	1,232	1,165	1,223	1,228	1,236	1,256	1,239	1,141	1,129	1,069	1,093	1,048	1,080	1,030	1,106	1,099	1,109	1,138	1,184	1,111	1,077	1,050	1,048	1,037	1,081	1,060	1,127	1,088	1,103	1,155	1,110	1,174	1,277	1,123	1,266	1,147	1,290	1,137	1,280	1,135	1,327	1,133	1,280
16:28:04	37,0	1,210	1,067	1,197	1,066	1,198	1,117	1,230	1,101	1,200	1,095	1,249	1,209	0,871	1,090	0,836	1,010	0,803	1,045	0,841	1,011	0,866	1,047	0,868	1,123	1,264	1,231	1,167	1,240	1,137	1,246	1,161	1,253	1,200	1,280	1,257	1,271	0,889	1,089	0,818	0,924	0,836	1,008	0,951	0,820	1,091	0,870	1,061	1,026	1,269	1,259	1,173	1,181	1,228	1,232	1,163	1,222	1,226	1,233	1,257	1,239	1,141	1,129	1,066	1,094	1,047	1,081	1,029	1,107	1,097	1,107	1,139	1,183	1,110	1,076	1,052	1,049	1,038	1,079	1,064	1,128	1,084	1,106	1,154	1,106	1,173	1,278	1,123	1,265	1,144	1,289	1,134	1,278	1,132	1,324	1,133	1,278
16:38:04	37,0	1,212	1,066	1,195	1,072	1,198	1,113	1,232	1,099	1,197	1,093	1,246	1,207	0,872	1,090	0,838	1,013	0,804	1,043	0,839	1,013	0,863	1,047	0,866	1,116	1,263	1,232	1,170	1,240	1,140	1,245	1,164	1,252	1,203	1,281	1,250	1,266	0,891	1,092	0,821	0,926	0,838	1,010	0,956	0,823	1,092	0,875	1,061	1,026	1,268	1,258	1,172	1,183	1,227	1,230	1,167	1,228	1,227	1,235	1,254	1,237	1,140	1,131	1,070	1,098	1,052	1,085	1,039	1,106	1,101	1,110	1,135	1,181	1,110	1,081	1,055	1,054	1,039	1,080	1,062	1,129	1,086	1,111	1,157	1,111	1,170	1,279	1,122	1,264	1,142	1,288	1,132	1,277	1,132	1,324	1,126	1,280
16:48:04	36,9	1,213	1,068	1,197	1,072	1,198	1,116	1,234	1,101	1,201	1,093	1,251	1,208	0,868	1,092	0,838	1,012	0,803	1,044	0,838	1,012	0,861	1,046	0,864	1,119	1,264	1,231	1,170	1,242	1,139	1,247	1,165	1,253	1,201	1,279	1,251	1,270	0,895	1,091	0,820	0,924	0,837	1,012	0,953	0,820	1,091	0,870	1,060	1,024	1,266	1,257	1,171	1,183	1,225	1,231	1,163	1,223	1,226	1,232	1,258	1,235	1,141	1,131	1,071	1,097	1,050	1,085	1,035	1,109	1,102	1,113	1,137	1,183	1,110	1,079	1,054	1,051	1,043	1,078	1,063	1,129	1,086	1,111	1,154	1,103	1,166	1,280	1,120	1,263	1,139	1,286	1,130	1,277	1,125	1,324	1,128	1,279
16:58:04	37,0	1,214	1,068	1,198	1,071	1,201	1,117	1,236	1,101	1,202	1,095	1,251	1,209	0,865	1,093	0,836	1,011	0,801	1,046	0,835	1,013	0,859	1,048	0,861	1,123	1,265	1,232	1,172	1,243	1,140	1,246	1,170	1,254	1,202	1,277	1,248	1,269	0,893	1,095	0,819	0,925	0,836	1,011	0,954	0,817	1,092	0,868	1,062	1,025	1,266	1,256	1,172	1,182	1,222	1,232	1,162	1,223	1,224	1,230	1,257	1,232	1,144	1,133	1,070	1,097	1,053	1,084	1,037	1,109	1,102	1,113	1,137	1,183	1,112	1,079	1,058	1,055	1,048	1,079	1,065	1,128	1,087	1,109	1,153	1,104	1,166	1,279	1,121	1,261	1,138	1,286	1,130	1,276	1,123	1,324	1,128	1,277
17:08:04	36,9	1,216	1,068	1,199	1,073	1,204	1,117	1,238	1,101	1,203	1,095	1,252	1,209	0,864	1,094	0,835	1,012	0,800	1,046	0,833	1,010	0,857	1,045	0,859	1,123	1,264	1,232	1,174	1,241	1,139	1,244	1,166	1,253	1,203	1,276	1,248	1,268	0,893	1,096	0,818	0,924	0,835	1,012	0,952	0,816	1,092	0,865	1,062	1,025	1,265	1,254	1,172	1,182	1,220	1,232	1,161	1,221	1,224	1,231	1,256	1,233	1,145	1,133	1,070	1,099	1,057	1,084	1,037	1,110	1,102	1,110	1,139	1,184	1,115	1,079	1,057	1,057	1,050	1,087	1,068	1,127	1,089	1,109	1,154	1,105	1,165	1,278	1,121	1,262	1,135	1,285	1,129	1,275	1,121	1,323	1,125	1,278
17:18:04	37,0	1,218	1,070	1,200	1,072	1,205	1,119	1,241	1,102	1,205	1,096	1,254	1,210	0,862	1,094	0,834	1,012	0,795	1,044	0,831	1,015	0,855	1,048	0,857	1,124	1,265	1,234	1,175	1,242	1,141	1,247	1,169	1,253	1,201	1,274	1,246	1,267	0,892	1,096	0,817	0,923	0,834	1,014	0,952	0,817	1,094	0,866	1,059	1,027	1,265	1,254	1,171	1,181	1,221	1,234	1,161	1,221	1,225	1,231	1,259	1,234	1,145	1,133	1,071	1,098	1,059	1,085	1,038	1,112	1,101	1,109	1,141	1,185	1,115	1,079	1,062	1,059	1,051	1,084	1,066	1,132	1,090	1,109	1,156	1,111	1,165	1,281	1,118	1,262	1,137	1,284	1,129	1,276	1,122	1,322	1,125	1,276
17:28:04	37,0	1,219	1,068	1,201	1,073	1,206	1,121	1,242	1,103	1,205	1,098	1,253	1,211	0,862	1,094	0,833	1,013	0,795	1,045	0,830	1,017	0,854	1,049	0,856	1,126	1,266	1,233	1,175	1,243	1,141	1,244	1,167	1,251	1,202	1,274	1,244	1,266	0,892	1,098	0,817	0,923	0,834	1,018	0,955	0,817	1,093	0,865	1,062	1,028	1,268	1,253	1,171	1,181	1,222	1,233	1,159	1,222	1,224	1,232	1,255	1,233	1,148	1,135	1,072	1,098	1,057	1,088	1,039	1,113	1,103	1,112	1,140	1,186	1,118	1,084	1,063	1,060	1,051	1,083	1,065	1,127	1,090	1,111	1,157	1,111	1,162	1,279	1,118	1,261	1,135	1,283	1,128	1,274	1,122	1,321	1,126	1,277
17:38:04	37,0	1,220	1,067	1,201	1,076	1,207	1,118	1,243	1,101	1,204	1,097	1,250	1,211	0,858	1,095	0,833	1,012	0,794	1,045	0,827	1,016	0,851	1,049	0,851	1,124	1,264	1,234	1,176	1,242	1,142	1,245	1,169	1,250	1,202	1,274	1,246	1,261	0,892	1,100	0,817	0,924	0,835	1,014	0,956	0,818	1,095	0,868	1,063	1,026	1,264	1,252	1,173	1,181	1,221	1,230	1,159	1,219	1,223	1,230	1,257	1,233	1,147	1,138	1,076	1,101	1,056	1,092	1,040	1,111	1,104	1,113	1,139	1,183	1,117	1,086	1,063	1,060	1,054	1,086	1,067	1,125	1,092	1,111	1,157	1,114	1,161	1,279	1,119	1,261	1,133	1,283	1,127	1,273	1,119	1,322	1,121	1,278
17:48:04	37,0	1,221	1,069	1,202	1,076	1,208	1,119	1,245	1,101	1,206	1,098	1,252	1,210	0,856	1,095	0,830	1,013	0,789	1,044	0,825	1,015	0,849	1,049	0,849	1,123	1,264	1,234	1,176	1,244	1,141	1,245	1,168	1,250	1,201	1,273	1,242	1,262	0,893	1,100	0,815	0,923	0,831	1,015	0,955	0,815	1,095	0,859	1,058	1,027	1,266	1,252	1,171	1,180	1,220	1,230	1,157	1,220	1,222	1,230	1,256	1,231	1,149	1,139	1,075	1,100	1,058	1,087	1,040	1,112	1,104	1,118	1,141	1,187	1,119	1,087	1,066	1,061	1,051	1,085	1,065	1,129	1,096	1,111	1,157	1,111	1,162	1,278	1,117	1,261	1,135	1,281	1,127	1,273	1,118	1,321	1,121	1,276
17:58:04	37,0	1,223	1,069	1,204	1,077	1,211	1,120	1,246	1,102	1,207	1,097	1,254	1,209	0,856	1,096	0,828	1,014	0,787	1,043	0,823	1,011	0,848	1,047	0,849	1,127	1,265	1,234	1,177	1,242	1,141	1,245	1,168	1,249	1,200	1,270	1,240	1,264	0,892	1,100	0,815	0,922	0,831	1,016	0,956	0,814	1,096	0,861	1,061	1,026	1,266	1,252	1,171	1,179	1,220	1,231	1,155	1,219	1,220	1,229	1,255	1,228	1,149	1,139	1,073	1,098	1,056	1,091	1,043	1,112	1,105	1,114	1,142	1,186	1,119	1,085	1,067	1,062	1,055	1,090	1,064	1,131	1,094	1,113	1,155	1,108	1,157	1,279	1,117	1,259	1,131	1,280	1,128	1,270	1,117	1,319	1,123	1,276
18:08:04	37,0	1,224	1,068	1,201	1,078	1,211	1,118	1,248	1,102	1,205	1,099	1,253	1,209	0,851	1,095	0,824	1,014	0,786	1,043	0,821	1,012	0,845	1,049	0,845	1,126	1,264	1,236	1,179	1,242	1,141	1,244	1,170	1,248	1,199	1,269	1,238	1,260	0,891	1,102	0,814	0,921	0,830	1,016	0,956	0,811	1,096	0,858	1,060	1,024	1,265	1,251	1,171	1,179	1,219	1,228	1,155	1,218	1,218	1,228	1,255	1,229	1,148	1,139	1,075	1,099	1,056	1,092	1,043	1,113	1,104	1,115	1,140	1,186	1,120	1,085	1,067	1,061	1,056	1,088	1,069	1,131	1,095	1,115	1,156	1,112	1,154	1,279	1,117	1,258	1,128	1,281	1,125	1,271	1,115	1,319	1,121	1,275
18:18:04	37,0	1,224	1,067	1,204	1,079	1,213	1,118	1,248	1,101	1,206	1,097	1,255	1,208	0,848	1,096	0,823	1,015	0,783	1,042	0,819	1,011	0,841	1,049	0,841	1,125	1,263	1,235	1,179	1,245	1,142	1,242	1,170	1,246	1,198	1,267	1,238	1,260	0,892	1,101	0,813	0,921	0,830	1,016	0,958	0,813	1,095	0,861	1,060	1,024	1,263	1,250	1,169	1,178	1,218	1,228	1,160	1,218	1,218	1,226	1,257	1,229	1,150	1,138	1,078	1,101	1,058	1,091	1,045	1,113	1,106	1,115	1,139	1,187	1,121	1,087	1,067	1,063	1,060	1,091	1,064	1,129	1,093	1,115	1,157	1,111	1,154	1,278	1,114	1,258	1,128	1,278	1,124	1,268	1,115	1,318	1,117	1,274
18:28:04	37,0	1,223	1,067	1,204	1,080	1,212	1,118	1,248	1,100	1,204	1,097	1,254	1,208	0,847	1,095	0,820	1,014	0,778	1,041	0,816	1,011	0,839	1,050	0,835	1,123	1,261	1,235	1,179	1,241	1,140	1,243	1,166	1,245	1,198	1,265	1,233	1,257	0,892	1,102	0,810	0,921	0,827	1,016	0,955	0,808	1,094	0,856	1,060	1,022	1,260	1,249	1,168	1,177	1,217	1,227	1,155	1,214	1,217	1,225	1,252	1,225	1,148	1,139	1,079	1,097	1,057	1,093	1,043	1,113	1,107	1,117	1,139	1,185	1,120	1,085	1,070	1,060	1,057	1,093	1,066	1,131	1,094	1,111	1,155	1,113	1,152	1,277	1,109	1,256	1,126	1,277	1,121	1,268	1,110	1,318	1,117	1,273
18:38:04	36,9	1,223	1,067	1,204	1,081	1,213	1,119	1,247	1,098	1,205	1,095	1,257	1,204	0,845	1,095	0,816	1,013	0,775	1,040	0,811	1,010	0,836	1,050	0,832	1,122	1,259	1,232	1,180	1,242	1,138	1,241	1,164	1,243	1,195	1,263	1,230	1,254	0,894	1,102	0,809	0,919	0,825	1,015	0,953	0,808	1,093	0,852	1,056	1,018	1,260	1,247	1,167	1,174	1,214	1,225	1,154	1,212	1,214	1,224	1,249	1,226	1,147	1,138	1,079	1,097	1,059	1,092	1,043	1,113	1,104	1,116	1,139	1,184	1,120	1,083	1,068	1,061	1,055	1,094	1,060	1,134	1,091	1,108	1,153	1,109	1,149	1,276	1,108	1,254	1,122	1,275	1,117	1,267	1,107	1,317	1,116	1,272
18:48:04	37,0	1,224	1,068	1,206	1,081	1,214	1,119	1,250	1,099	1,208	1,097	1,256	1,205	0,844	1,096	0,814	1,014	0,771	1,038	0,810	1,009	0,833	1,048	0,831	1,124	1,259	1,231	1,180	1,240	1,139	1,239	1,163	1,242	1,194	1,261	1,230	1,254	0,893	1,102	0,810	0,918	0,825	1,015	0,954	0,808	1,093	0,853	1,056	1,019	1,260	1,245	1,166	1,174	1,215	1,226	1,154	1,215	1,214	1,223	1,249	1,226	1,151	1,140	1,078	1,099	1,059	1,094	1,047	1,115	1,106	1,115	1,138	1,186	1,122	1,081	1,071	1,063	1,056	1,089	1,068	1,130	1,094	1,110	1,152	1,108	1,151	1,276	1,107	1,254	1,121	1,274	1,118	1,266	1,105	1,316	1,114	1,272
18:58:04	37,0	1,225	1,068	1,207	1,081	1,215	1,120	1,251	1,097	1,207	1,098	1,255	1,204	0,839	1,095	0,810	1,015	0,768	1,038	0,801	1,007	0,830	1,048	0,829	1,124	1,258	1,231	1,179	1,242	1,139	1,238	1,162	1,239	1,193	1,259	1,228	1,253	0,890	1,103	0,808	0,918	0,823	1,016	0,955	0,805	1,094	0,851	1,055	1,022	1,261	1,244	1,164	1,174	1,214	1,226	1,152	1,213	1,215	1,224	1,249	1,226	1,150	1,139	1,082	1,102	1,060	1,092	1,045	1,116	1,107	1,115	1,142	1,186	1,122	1,083	1,073	1,062	1,059	1,087	1,063	1,128	1,093	1,112	1,153	1,111	1,153	1,275	1,109	1,252	1,123	1,272	1,118	1,264	1,106	1,314	1,116	1,270
19:08:04	37,0	1,225	1,067	1,206	1,083	1,216	1,119	1,251	1,098	1,207	1,097	1,256	1,203	0,837	1,094	0,809	1,014	0,767	1,038	0,804	1,008	0,828	1,048	0,823	1,123	1,258	1,231	1,180	1,240	1,138	1,236	1,163	1,238	1,192	1,258	1,233	1,250	0,890	1,103	0,807	0,917	0,822	1,011	0,955	0,810	1,094	0,857	1,060	1,021	1,258	1,242	1,164	1,173	1,213	1,222	1,152	1,213	1,214	1,217	1,249	1,224	1,149	1,138	1,083	1,101	1,057	1,092	1,047	1,112	1,106	1,113	1,145	1,187	1,123	1,087	1,074	1,065	1,060	1,086	1,065	1,126	1,094	1,112	1,155	1,110	1,150	1,275	1,107	1,252	1,117	1,272	1,115	1,264	1,105	1,313	1,112	1,268
19:18:04	37,0	1,225	1,067	1,207	1,086	1,217	1,121	1,253	1,098	1,208	1,098	1,256	1,204	0,836	1,095	0,805	1,014	0,764	1,037	0,797	1,007	0,826	1,051	0,824	1,126	1,256	1,230	1,179	1,238	1,137	1,236	1,161	1,237	1,193	1,258	1,223	1,250	0,889	1,104	0,806	0,917	0,822	1,013	0,955	0,804	1,094	0,851	1,058	1,022	1,256	1,242	1,167	1,173	1,212	1,225	1,149	1,216	1,214	1,223	1,248	1,225	1,152	1,139	1,086	1,103	1,061	1,094	1,048	1,115	1,107	1,119	1,146	1,190	1,126	1,084	1,077	1,065	1,063	1,087	1,067	1,129	1,098	1,112	1,154	1,111	1,150	1,276	1,106	1,252	1,115	1,273	1,115	1,266	1,103	1,313	1,115	1,269
19:28:04	37,0	1,225	1,068	1,209	1,083	1,218	1,120	1,251	1,096	1,208	1,097	1,255	1,201	0,835	1,095	0,801	1,012	0,761	1,036	0,795	1,008	0,821	1,048	0,819	1,124	1,256	1,228	1,178	1,241	1,135	1,233	1,162	1,234	1,190	1,254	1,223	1,250	0,890	1,102	0,804	0,913	0,819	1,015	0,954	0,800	1,093	0,846	1,056	1,020	1,257	1,241	1,165	1,171	1,211	1,224	1,151	1,213	1,212	1,221	1,250	1,222	1,152	1,139	1,085	1,101	1,062	1,093	1,046	1,117	1,107	1,119	1,142	1,187	1,122	1,081	1,077	1,065	1,064	1,084	1,064	1,125	1,094	1,114	1,153	1,109	1,147	1,275	1,103	1,249	1,112	1,271	1,115	1,263	1,102	1,308	1,113	1,266
19:38:04	37,0	1,224	1,066	1,208	1,085	1,218	1,119	1,251	1,095	1,206	1,096	1,256	1,203	0,831	1,094	0,798	1,011	0,757	1,034	0,790	1,006	0,818	1,049	0,815	1,119	1,254	1,228	1,177	1,236	1,135	1,230	1,160	1,232	1,189	1,254	1,222	1,248	0,891	1,102	0,804	0,913	0,816	1,014	0,951	0,800	1,092	0,844	1,056	1,015	1,255	1,239	1,165	1,171	1,211	1,221	1,147	1,210	1,211	1,222	1,246	1,224	1,152	1,138	1,083	1,100	1,060	1,095	1,048	1,118	1,109	1,120	1,140	1,186	1,125	1,082	1,077	1,066	1,066	1,087	1,067	1,126	1,096	1,107	1,153	1,109	1,146	1,275	1,106	1,249	1,111	1,269	1,111	1,262	1,100	1,309	1,113	1,266
19:48:04	37,0	1,223	1,066	1,209	1,085	1,218	1,121	1,251	1,094	1,207	1,098	1,259	1,200	0,828	1,093	0,794	1,011	0,753	1,032	0,786	1,006	0,813	1,048	0,811	1,122	1,252	1,226	1,176	1,235	1,133	1,229	1,158	1,230	1,188	1,251	1,219	1,246	0,887	1,103	0,802	0,911	0,814	1,011	0,951	0,798	1,092	0,841	1,051	1,013	1,254	1,239	1,163	1,170	1,209	1,220	1,145	1,211	1,210	1,220	1,244	1,222	1,152	1,137	1,083	1,099	1,061	1,093	1,048	1,114	1,110	1,117	1,138	1,187	1,123	1,082	1,076	1,064	1,064	1,089	1,063	1,131	1,094	1,108	1,152	1,108	1,147	1,274	1,102	1,248	1,107	1,268	1,108	1,261	1,098	1,306	1,111	1,266
19:58:04	37,0	1,221	1,064	1,205	1,085	1,217	1,120	1,250	1,092	1,204	1,094	1,255	1,198	0,823	1,093	0,790	1,011	0,750	1,032	0,782	1,003	0,808	1,048	0,809	1,119	1,250	1,224	1,175	1,232	1,132	1,229	1,155	1,228	1,186	1,249	1,216	1,245	0,889	1,102	0,801	0,910	0,812	1,012	0,951	0,796	1,089	0,843	1,049	1,012	1,252	1,236	1,161	1,167	1,207	1,215	1,145	1,208	1,208	1,219	1,243	1,222	1,150	1,136	1,082	1,095	1,061	1,092	1,049	1,115	1,107	1,118	1,141	1,183	1,123	1,078	1,073	1,062	1,062	1,091	1,064	1,123	1,098	1,110	1,150	1,104	1,139	1,272	1,101	1,246	1,107	1,265	1,107	1,259	1,094	1,304	1,110	1,266
20:08:04	37,0	1,222	1,064	1,205	1,086	1,218	1,122	1,250	1,091	1,204	1,093	1,257	1,197	0,822	1,093	0,785	1,012	0,746	1,030	0,780	1,002	0,807	1,047	0,803	1,119	1,248	1,221	1,174	1,231	1,132	1,226	1,153	1,227	1,185	1,248	1,212	1,243	0,889	1,102	0,798	0,910	0,809	1,011	0,951	0,794	1,088	0,839	1,048	1,008	1,250	1,235	1,160	1,167	1,206	1,216	1,143	1,205	1,208	1,218	1,241	1,222	1,150	1,137	1,082	1,097	1,062	1,095	1,049	1,115	1,106	1,119	1,139	1,185	1,121	1,079	1,073	1,063	1,060	1,091	1,056	1,129	1,095	1,104	1,149	1,106	1,139	1,271	1,099	1,245	1,103	1,263	1,106	1,258	1,090	1,303	1,106	1,264
20:18:04	37,0	1,221	1,064	1,203	1,087	1,218	1,123	1,249	1,092	1,206	1,095	1,257	1,198	0,821	1,092	0,783	1,012	0,744	1,029	0,775	1,002	0,801	1,046	0,800	1,119	1,248	1,221	1,173	1,230	1,129	1,224	1,151	1,225	1,184	1,246	1,215	1,241	0,886	1,102	0,797	0,908	0,807	1,009	0,952	0,789	1,087	0,838	1,052	1,010	1,250	1,233	1,159	1,165	1,205	1,216	1,142	1,208	1,208	1,216	1,241	1,221	1,150	1,136	1,083	1,098	1,059	1,096	1,047	1,113	1,105	1,118	1,138	1,183	1,124	1,075	1,075	1,065	1,061	1,089	1,063	1,131	1,094	1,108	1,150	1,106	1,139	1,270	1,095	1,243	1,102	1,261	1,100	1,257	1,093	1,302	1,107	1,264
20:28:04	37,0	1,221	1,063	1,203	1,085	1,218	1,121	1,250	1,091	1,205	1,094	1,256	1,197	0,818	1,093	0,780	1,012	0,741	1,030	0,771	1,000	0,800	1,046	0,797	1,117	1,247	1,220	1,172	1,227	1,129	1,222	1,150	1,222	1,183	1,244	1,210	1,238	0,885	1,101	0,796	0,908	0,805	1,012	0,950	0,788	1,084	0,837	1,047	1,008	1,250	1,232	1,158	1,164	1,205	1,213	1,141	1,204	1,206	1,217	1,240	1,221	1,150	1,136	1,085	1,098	1,061	1,096	1,049	1,113	1,105	1,117	1,137	1,183	1,122	1,073	1,076	1,064	1,062	1,091	1,065	1,132	1,095	1,104	1,149	1,108	1,138	1,270	1,095	1,242	1,099	1,260	1,100	1,256	1,089	1,301	1,106	1,265
20:38:04	37,0	1,222	1,063	1,206	1,088	1,219	1,122	1,250	1,093	1,207	1,097	1,256	1,198	0,816	1,093	0,777	1,013	0,739	1,030	0,772	1,000	0,800	1,045	0,796	1,123	1,246	1,218	1,171	1,233	1,128	1,220	1,148	1,221	1,183	1,244	1,211	1,242	0,884	1,101	0,796	0,910	0,804	1,012	0,954	0,792	1,085	0,839	1,054	1,015	1,251	1,232	1,159	1,165	1,204	1,216	1,144	1,208	1,210	1,215	1,239	1,220	1,153	1,136	1,085	1,101	1,061	1,095	1,050	1,111	1,106	1,118	1,143	1,187	1,124	1,075	1,077	1,064	1,064	1,088	1,062	1,125	1,096	1,111	1,149	1,103	1,144	1,272	1,093	1,242	1,098	1,260	1,104	1,255	1,090	1,300	1,102	1,263
20:48:04	37,0	1,220	1,063	1,206	1,087	1,218	1,121	1,251	1,088	1,205	1,093	1,256	1,197	0,813	1,092	0,774	1,011	0,735	1,028	0,767	1,001	0,795	1,043	0,795	1,116	1,245	1,217	1,171	1,229	1,126	1,220	1,146	1,220	1,182	1,241	1,210	1,237	0,883	1,100	0,793	0,907	0,802	1,010	0,953	0,788	1,083	0,833	1,051	1,012	1,250	1,230	1,158	1,164	1,204	1,212	1,140	1,206	1,208	1,216	1,239	1,220	1,152	1,136	1,084	1,096	1,059	1,096	1,048	1,113	1,106	1,120	1,142	1,183	1,124	1,074	1,078	1,064	1,068	1,089	1,065	1,121	1,097	1,109	1,151	1,106	1,140	1,269	1,092	1,241	1,098	1,257	1,100	1,252	1,088	1,299	1,105	1,262
20:58:04	37,0	1,220	1,063	1,204	1,085	1,217	1,122	1,249	1,088	1,205	1,092	1,257	1,194	0,810	1,092	0,769	1,010	0,734	1,028	0,763	1,002	0,793	1,046	0,790	1,117	1,244	1,216	1,169	1,225	1,125	1,217	1,143	1,219	1,182	1,240	1,208	1,237	0,883	1,099	0,793	0,905	0,801	1,009	0,952	0,785	1,082	0,829	1,047	1,010	1,249	1,229	1,159	1,164	1,204	1,211	1,140	1,206	1,206	1,217	1,240	1,221	1,153	1,135	1,082	1,100	1,062	1,095	1,052	1,113	1,106	1,121	1,139	1,183	1,124	1,072	1,080	1,065	1,067	1,088	1,065	1,128	1,095	1,105	1,150	1,105	1,137	1,268	1,093	1,239	1,097	1,255	1,098	1,251	1,088	1,296	1,104	1,262
21:08:04	37,0	1,220	1,061	1,203	1,085	1,216	1,122	1,249	1,087	1,204	1,091	1,255	1,194	0,809	1,091	0,766	1,008	0,731	1,027	0,761	1,000	0,790	1,043	0,787	1,119	1,242	1,214	1,168	1,221	1,124	1,216	1,141	1,217	1,181	1,239	1,206	1,234	0,881	1,099	0,790	0,904	0,799	1,007	0,953	0,782	1,081	0,826	1,042	1,007	1,251	1,228	1,158	1,162	1,203	1,210	1,138	1,204	1,206	1,218	1,237	1,222	1,154	1,135	1,081	1,097	1,060	1,094	1,049	1,112	1,107	1,119	1,141	1,181	1,126	1,072	1,079	1,065	1,067	1,091	1,062	1,127	1,095	1,103	1,150	1,106	1,132	1,267	1,090	1,237	1,094	1,256	1,098	1,250	1,085	1,296	1,101	1,261
21:18:04	37,0	1,217	1,062	1,202	1,084	1,215	1,122	1,248	1,086	1,204	1,089	1,255	1,192	0,804	1,092	0,762	1,011	0,727	1,027	0,758	1,000	0,785	1,041	0,786	1,117	1,243	1,214	1,167	1,218	1,123	1,214	1,141	1,215	1,179	1,238	1,205	1,234	0,880	1,098	0,788	0,902	0,796	1,008	0,953	0,780	1,079	0,826	1,044	1,005	1,247	1,229	1,158	1,161	1,203	1,210	1,138	1,205	1,206	1,218	1,238	1,222	1,153	1,135	1,080	1,099	1,062	1,096	1,048	1,114	1,107	1,118	1,141	1,181	1,124	1,071	1,079	1,066	1,071	1,088	1,067	1,121	1,095	1,103	1,150	1,104	1,133	1,269	1,090	1,236	1,093	1,253	1,095	1,248	1,084	1,294	1,103	1,261
21:28:04	37,0	1,217	1,061	1,199	1,084	1,215	1,123	1,248	1,085	1,204	1,090	1,254	1,192	0,804	1,090	0,758	1,010	0,726	1,026	0,756	1,000	0,784	1,041	0,781	1,117	1,240	1,213	1,167	1,219	1,122	1,213	1,140	1,214	1,181	1,237	1,204	1,231	0,880	1,098	0,788	0,900	0,794	1,008	0,952	0,778	1,078	0,823	1,043	1,007	1,248	1,229	1,159	1,160	1,202	1,211	1,138	1,206	1,207	1,217	1,235	1,220	1,155	1,135	1,082	1,097	1,061	1,095	1,050	1,113	1,107	1,118	1,140	1,180	1,125	1,075	1,084	1,068	1,070	1,089	1,066	1,122	1,096	1,104	1,150	1,102	1,131	1,268	1,087	1,235	1,091	1,250	1,095	1,247	1,082	1,293	1,101	1,260
21:38:04	37,0	1,218	1,062	1,202	1,085	1,215	1,123	1,249	1,085	1,203	1,091	1,254	1,192	0,801	1,091	0,756	1,011	0,723	1,026	0,755	1,000	0,781	1,042	0,782	1,117	1,241	1,212	1,167	1,215	1,121	1,213	1,139	1,213	1,179	1,236	1,204	1,232	0,878	1,098	0,788	0,903	0,792	1,009	0,954	0,779	1,078	0,823	1,045	1,008	1,250	1,229	1,157	1,159	1,203	1,211	1,139	1,205	1,206	1,218	1,237	1,222	1,154	1,133	1,084	1,098	1,063	1,096	1,051	1,116	1,108	1,118	1,139	1,182	1,126	1,072	1,080	1,066	1,072	1,090	1,068	1,123	1,100	1,103	1,149	1,103	1,129	1,268	1,088	1,236	1,089	1,249	1,092	1,247	1,081	1,291	1,100	1,259
21:48:04	37,0	1,219	1,060	1,201	1,086	1,217	1,124	1,249	1,084	1,204	1,092	1,252	1,191	0,800	1,092	0,753	1,011	0,720	1,026	0,753	0,998	0,782	1,042	0,780	1,116	1,237	1,210	1,166	1,216	1,121	1,213	1,139	1,212	1,181	1,234	1,206	1,229	0,878	1,098	0,786	0,902	0,792	1,008	0,958	0,779	1,079	0,827	1,046	1,010	1,251	1,229	1,157	1,160	1,203	1,211	1,138	1,206	1,208	1,218	1,236	1,222	1,155	1,133	1,087	1,102	1,062	1,096	1,056	1,118	1,110	1,121	1,144	1,184	1,125	1,071	1,082	1,069	1,070	1,093	1,067	1,122	1,100	1,109	1,150	1,105	1,129	1,268	1,085	1,234	1,089	1,249	1,093	1,246	1,081	1,290	1,099	1,259
21:58:04	37,0	1,216	1,060	1,199	1,085	1,214	1,121	1,247	1,082	1,203	1,089	1,253	1,191	0,798	1,091	0,752	1,010	0,719	1,024	0,750	1,001	0,778	1,045	0,778	1,116	1,237	1,210	1,165	1,218	1,120	1,212	1,137	1,212	1,181	1,234	1,205	1,229	0,876	1,099	0,784	0,900	0,789	1,007	0,953	0,774	1,077	0,822	1,043	1,007	1,248	1,229	1,158	1,159	1,202	1,210	1,136	1,207	1,208	1,220	1,238	1,225	1,159	1,135	1,087	1,099	1,061	1,096	1,052	1,117	1,109	1,123	1,143	1,182	1,127	1,073	1,084	1,067	1,070	1,090	1,067	1,119	1,097	1,104	1,150	1,104	1,127	1,267	1,088	1,231	1,088	1,248	1,092	1,245	1,079	1,288	1,095	1,258
22:08:04	37,0	1,218	1,060	1,199	1,085	1,215	1,122	1,249	1,083	1,205	1,089	1,252	1,191	0,797	1,092	0,750	1,010	0,718	1,024	0,749	1,000	0,777	1,044	0,776	1,115	1,237	1,210	1,165	1,214	1,120	1,210	1,139	1,212	1,180	1,234	1,203	1,228	0,876	1,098	0,784	0,901	0,787	1,008	0,953	0,772	1,077	0,820	1,042	1,008	1,249	1,229	1,158	1,160	1,202	1,213	1,137	1,210	1,208	1,220	1,236	1,226	1,156	1,133	1,087	1,098	1,061	1,098	1,052	1,116	1,108	1,123	1,141	1,185	1,128	1,074	1,085	1,067	1,075	1,090	1,068	1,122	1,098	1,104	1,152	1,107	1,129	1,266	1,087	1,231	1,088	1,247	1,091	1,244	1,080	1,287	1,100	1,258

