Time	T∞ Optical Density:600	A1	A2	A3	A4	A5	A6	A7	A8	A9	A10	A11	A12	B1	B2	B3	B4	B5	B6	B7	B8	B9	B10	B11	B12	C1	C2	C3	C4	C5	C6	C7	C8	C9	C10	C11	C12	D1	D2	D3	D4	D5	D6	D7	D8	D9	D10	D11	D12	E1	E2	E3	E4	E5	E6	E7	E8	E9	E10	E11	E12	F1	F2	F3	F4	F5	F6	F7	F8	F9	F10	F11	F12	G1	G2	G3	G4	G5	G6	G7	G8	G9	G10	G11	G12	H1	H2	H3	H4	H5	H6	H7	H8	H9	H10	H11	H12
0:08:04	37,0	0,090	0,090	0,093	0,091	0,091	0,092	0,091	0,093	0,091	0,091	0,090	0,094	0,092	0,090	0,090	0,091	0,092	0,091	0,091	0,091	0,094	0,090	0,090	0,090	0,102	0,091	0,090	0,092	0,092	0,091	0,090	0,091	0,091	0,091	0,093	0,091	0,092	0,091	0,090	0,091	0,092	0,090	0,093	0,096	0,092	0,092	0,091	0,090	0,092	0,091	0,090	0,091	0,091	0,090	0,092	0,092	0,093	0,091	0,091	0,089	0,091	0,091	0,090	0,091	0,091	0,091	0,090	0,090	0,090	0,092	0,090	0,090	0,092	0,091	0,091	0,091	0,091	0,091	0,091	0,091	0,092	0,091	0,090	0,089	0,090	0,090	0,092	0,092	0,090	0,090	0,090	0,089	0,091	0,090	0,090	0,090
0:18:04	37,0	0,090	0,090	0,093	0,091	0,091	0,092	0,091	0,092	0,091	0,091	0,090	0,094	0,092	0,090	0,090	0,092	0,092	0,091	0,091	0,091	0,095	0,090	0,090	0,090	0,102	0,091	0,090	0,092	0,092	0,091	0,091	0,091	0,091	0,091	0,093	0,091	0,092	0,091	0,090	0,091	0,092	0,090	0,093	0,095	0,092	0,092	0,091	0,090	0,092	0,091	0,090	0,091	0,091	0,090	0,092	0,092	0,093	0,090	0,091	0,089	0,091	0,091	0,090	0,091	0,091	0,091	0,090	0,091	0,090	0,092	0,090	0,091	0,092	0,092	0,091	0,091	0,091	0,091	0,091	0,091	0,092	0,091	0,090	0,090	0,090	0,090	0,092	0,092	0,090	0,090	0,090	0,090	0,091	0,089	0,090	0,090
0:28:04	37,0	0,090	0,090	0,093	0,091	0,091	0,092	0,090	0,092	0,090	0,090	0,090	0,094	0,092	0,090	0,090	0,091	0,091	0,090	0,090	0,090	0,094	0,089	0,090	0,090	0,102	0,090	0,090	0,091	0,092	0,090	0,090	0,091	0,091	0,090	0,092	0,091	0,091	0,091	0,090	0,090	0,092	0,089	0,092	0,095	0,092	0,092	0,091	0,089	0,092	0,091	0,090	0,091	0,090	0,090	0,091	0,091	0,093	0,090	0,090	0,089	0,091	0,091	0,090	0,090	0,091	0,090	0,090	0,090	0,090	0,091	0,090	0,090	0,091	0,091	0,091	0,090	0,091	0,091	0,091	0,090	0,092	0,091	0,090	0,089	0,090	0,090	0,092	0,091	0,090	0,090	0,089	0,089	0,090	0,089	0,089	0,090
0:38:04	37,0	0,090	0,090	0,094	0,091	0,091	0,092	0,091	0,092	0,091	0,090	0,090	0,094	0,092	0,090	0,090	0,091	0,091	0,090	0,090	0,091	0,094	0,089	0,090	0,090	0,102	0,090	0,090	0,091	0,092	0,090	0,090	0,091	0,091	0,090	0,092	0,091	0,092	0,090	0,090	0,090	0,092	0,090	0,092	0,095	0,092	0,092	0,091	0,090	0,093	0,091	0,090	0,091	0,090	0,090	0,091	0,091	0,093	0,090	0,090	0,089	0,091	0,091	0,090	0,090	0,091	0,090	0,090	0,090	0,090	0,092	0,090	0,090	0,092	0,091	0,091	0,091	0,091	0,091	0,091	0,090	0,092	0,091	0,090	0,090	0,090	0,090	0,092	0,091	0,090	0,090	0,089	0,089	0,091	0,089	0,089	0,090
0:48:04	36,9	0,090	0,090	0,094	0,092	0,091	0,093	0,091	0,092	0,091	0,090	0,090	0,094	0,092	0,090	0,090	0,091	0,092	0,090	0,091	0,091	0,094	0,089	0,090	0,090	0,102	0,090	0,090	0,091	0,092	0,090	0,090	0,091	0,091	0,091	0,092	0,091	0,092	0,091	0,090	0,091	0,092	0,090	0,092	0,096	0,092	0,092	0,091	0,090	0,094	0,091	0,090	0,092	0,091	0,090	0,091	0,091	0,093	0,090	0,090	0,089	0,091	0,092	0,090	0,091	0,091	0,090	0,090	0,091	0,090	0,092	0,090	0,091	0,092	0,092	0,091	0,091	0,091	0,091	0,091	0,091	0,092	0,091	0,091	0,090	0,091	0,090	0,092	0,092	0,090	0,090	0,090	0,089	0,091	0,089	0,090	0,090
0:58:04	37,0	0,090	0,090	0,094	0,091	0,091	0,093	0,091	0,092	0,091	0,090	0,090	0,094	0,092	0,090	0,090	0,092	0,092	0,090	0,091	0,091	0,094	0,089	0,090	0,090	0,102	0,090	0,090	0,092	0,092	0,090	0,091	0,092	0,091	0,091	0,092	0,091	0,092	0,091	0,090	0,091	0,092	0,090	0,093	0,096	0,092	0,092	0,091	0,090	0,095	0,091	0,090	0,091	0,091	0,090	0,091	0,091	0,093	0,090	0,090	0,089	0,091	0,091	0,090	0,091	0,091	0,091	0,090	0,091	0,090	0,092	0,090	0,091	0,092	0,092	0,091	0,091	0,092	0,092	0,091	0,091	0,092	0,091	0,090	0,090	0,091	0,090	0,092	0,092	0,090	0,090	0,090	0,090	0,091	0,089	0,090	0,090
1:08:04	37,0	0,090	0,090	0,094	0,091	0,091	0,093	0,090	0,092	0,090	0,090	0,090	0,094	0,091	0,090	0,090	0,091	0,091	0,090	0,090	0,090	0,094	0,089	0,090	0,090	0,102	0,090	0,090	0,091	0,092	0,090	0,090	0,091	0,091	0,090	0,092	0,091	0,092	0,091	0,090	0,090	0,092	0,090	0,092	0,095	0,092	0,092	0,091	0,090	0,096	0,091	0,090	0,091	0,091	0,090	0,091	0,091	0,093	0,090	0,090	0,089	0,091	0,091	0,090	0,091	0,091	0,090	0,090	0,090	0,090	0,092	0,090	0,090	0,091	0,091	0,091	0,091	0,091	0,092	0,091	0,091	0,092	0,090	0,090	0,090	0,090	0,090	0,091	0,091	0,090	0,090	0,090	0,089	0,091	0,089	0,089	0,090
1:18:04	37,0	0,090	0,090	0,093	0,091	0,091	0,093	0,090	0,092	0,090	0,090	0,090	0,093	0,092	0,090	0,090	0,092	0,092	0,090	0,090	0,090	0,094	0,089	0,090	0,090	0,102	0,090	0,090	0,091	0,092	0,090	0,090	0,091	0,091	0,090	0,092	0,091	0,092	0,091	0,090	0,090	0,092	0,090	0,092	0,095	0,091	0,092	0,091	0,089	0,099	0,091	0,090	0,091	0,091	0,090	0,091	0,091	0,093	0,090	0,090	0,089	0,091	0,091	0,090	0,092	0,091	0,090	0,090	0,090	0,090	0,092	0,090	0,090	0,091	0,091	0,091	0,091	0,091	0,092	0,091	0,090	0,092	0,091	0,090	0,090	0,090	0,090	0,091	0,091	0,090	0,089	0,089	0,089	0,090	0,089	0,089	0,090
1:28:04	37,0	0,090	0,090	0,093	0,091	0,091	0,093	0,090	0,092	0,090	0,090	0,090	0,094	0,091	0,090	0,090	0,091	0,091	0,090	0,090	0,090	0,094	0,090	0,090	0,090	0,102	0,090	0,090	0,091	0,092	0,090	0,090	0,091	0,091	0,090	0,092	0,090	0,092	0,091	0,090	0,090	0,092	0,090	0,092	0,095	0,091	0,092	0,090	0,089	0,102	0,091	0,090	0,091	0,091	0,090	0,092	0,091	0,093	0,090	0,090	0,089	0,091	0,091	0,090	0,092	0,091	0,090	0,090	0,090	0,090	0,092	0,090	0,091	0,091	0,091	0,091	0,091	0,091	0,092	0,091	0,090	0,092	0,091	0,090	0,090	0,090	0,090	0,091	0,091	0,090	0,089	0,089	0,089	0,091	0,089	0,089	0,090
1:38:04	37,0	0,090	0,090	0,093	0,091	0,091	0,092	0,090	0,092	0,090	0,090	0,089	0,094	0,091	0,090	0,090	0,092	0,091	0,090	0,090	0,090	0,094	0,089	0,090	0,090	0,102	0,090	0,090	0,091	0,092	0,090	0,090	0,091	0,091	0,090	0,092	0,090	0,091	0,091	0,090	0,090	0,092	0,090	0,092	0,095	0,092	0,092	0,092	0,090	0,108	0,090	0,090	0,091	0,091	0,089	0,092	0,091	0,094	0,090	0,090	0,088	0,090	0,091	0,090	0,093	0,091	0,090	0,090	0,090	0,089	0,092	0,089	0,090	0,091	0,091	0,091	0,091	0,091	0,093	0,091	0,090	0,092	0,091	0,090	0,090	0,090	0,089	0,091	0,091	0,090	0,089	0,089	0,089	0,090	0,089	0,089	0,090
1:48:04	37,0	0,090	0,090	0,093	0,091	0,091	0,093	0,090	0,092	0,090	0,090	0,090	0,094	0,092	0,091	0,090	0,092	0,091	0,091	0,090	0,091	0,094	0,090	0,090	0,091	0,102	0,090	0,090	0,091	0,092	0,090	0,091	0,091	0,091	0,090	0,092	0,091	0,091	0,091	0,090	0,091	0,092	0,090	0,092	0,095	0,091	0,092	0,090	0,090	0,116	0,090	0,090	0,091	0,091	0,089	0,092	0,091	0,095	0,090	0,090	0,089	0,090	0,091	0,090	0,094	0,090	0,090	0,089	0,091	0,090	0,092	0,089	0,090	0,091	0,091	0,091	0,091	0,091	0,094	0,091	0,091	0,092	0,091	0,090	0,091	0,090	0,089	0,091	0,091	0,089	0,089	0,089	0,089	0,091	0,089	0,089	0,090
1:58:04	37,0	0,089	0,090	0,094	0,091	0,091	0,093	0,090	0,092	0,090	0,090	0,090	0,093	0,092	0,092	0,090	0,092	0,091	0,091	0,090	0,091	0,094	0,090	0,090	0,091	0,102	0,090	0,090	0,091	0,092	0,090	0,091	0,091	0,091	0,090	0,092	0,091	0,091	0,091	0,090	0,091	0,091	0,090	0,092	0,095	0,091	0,092	0,090	0,090	0,129	0,090	0,091	0,091	0,091	0,089	0,093	0,091	0,096	0,090	0,090	0,089	0,090	0,092	0,090	0,096	0,091	0,090	0,089	0,091	0,090	0,093	0,090	0,090	0,091	0,092	0,091	0,091	0,091	0,095	0,091	0,091	0,092	0,091	0,090	0,092	0,090	0,089	0,091	0,091	0,089	0,090	0,089	0,089	0,091	0,089	0,089	0,090
2:08:04	37,0	0,090	0,090	0,094	0,091	0,091	0,093	0,090	0,092	0,090	0,090	0,090	0,094	0,091	0,093	0,090	0,093	0,091	0,091	0,090	0,091	0,094	0,091	0,089	0,092	0,102	0,090	0,090	0,091	0,092	0,090	0,091	0,091	0,091	0,090	0,092	0,090	0,091	0,091	0,090	0,091	0,092	0,090	0,092	0,095	0,091	0,092	0,090	0,090	0,147	0,090	0,091	0,091	0,092	0,089	0,094	0,091	0,097	0,090	0,090	0,089	0,090	0,092	0,090	0,098	0,090	0,091	0,089	0,091	0,089	0,094	0,089	0,091	0,091	0,092	0,091	0,091	0,091	0,097	0,091	0,091	0,091	0,091	0,090	0,093	0,090	0,089	0,091	0,091	0,089	0,089	0,089	0,089	0,090	0,089	0,089	0,090
2:18:04	37,0	0,090	0,090	0,094	0,091	0,091	0,093	0,091	0,092	0,090	0,090	0,090	0,093	0,092	0,094	0,090	0,094	0,091	0,092	0,090	0,092	0,094	0,092	0,090	0,094	0,102	0,090	0,091	0,091	0,092	0,090	0,092	0,091	0,091	0,090	0,092	0,091	0,091	0,091	0,090	0,092	0,092	0,090	0,092	0,095	0,091	0,093	0,091	0,090	0,174	0,090	0,092	0,091	0,093	0,090	0,096	0,091	0,099	0,090	0,090	0,089	0,090	0,092	0,090	0,100	0,091	0,091	0,090	0,092	0,090	0,095	0,090	0,091	0,091	0,093	0,091	0,092	0,091	0,099	0,091	0,092	0,092	0,092	0,090	0,095	0,090	0,090	0,091	0,091	0,090	0,090	0,089	0,089	0,091	0,089	0,089	0,090
2:28:04	37,0	0,090	0,090	0,094	0,091	0,091	0,093	0,091	0,092	0,090	0,090	0,090	0,094	0,092	0,096	0,090	0,095	0,091	0,093	0,090	0,093	0,094	0,093	0,089	0,095	0,102	0,090	0,091	0,091	0,093	0,090	0,093	0,091	0,091	0,090	0,092	0,091	0,091	0,092	0,090	0,092	0,092	0,091	0,092	0,095	0,091	0,094	0,091	0,090	0,213	0,091	0,094	0,091	0,094	0,090	0,098	0,091	0,102	0,090	0,090	0,089	0,090	0,093	0,090	0,104	0,091	0,091	0,090	0,092	0,090	0,097	0,090	0,091	0,091	0,093	0,091	0,093	0,091	0,102	0,091	0,092	0,092	0,092	0,090	0,096	0,090	0,090	0,091	0,091	0,090	0,090	0,089	0,089	0,091	0,089	0,089	0,090
2:38:04	37,0	0,090	0,090	0,093	0,091	0,091	0,093	0,090	0,092	0,090	0,090	0,090	0,094	0,092	0,099	0,090	0,097	0,091	0,094	0,090	0,094	0,094	0,094	0,089	0,097	0,102	0,090	0,091	0,091	0,093	0,090	0,093	0,091	0,091	0,090	0,092	0,090	0,091	0,092	0,090	0,093	0,091	0,091	0,092	0,096	0,091	0,094	0,090	0,090	0,267	0,090	0,095	0,091	0,095	0,089	0,102	0,091	0,107	0,090	0,090	0,089	0,090	0,094	0,090	0,109	0,090	0,091	0,090	0,093	0,089	0,099	0,089	0,091	0,091	0,094	0,091	0,093	0,091	0,106	0,091	0,093	0,092	0,093	0,090	0,099	0,090	0,089	0,091	0,091	0,090	0,089	0,089	0,089	0,090	0,089	0,089	0,090
2:48:04	37,0	0,090	0,090	0,094	0,091	0,091	0,093	0,091	0,092	0,090	0,090	0,090	0,094	0,091	0,103	0,090	0,099	0,092	0,095	0,090	0,096	0,094	0,096	0,090	0,100	0,102	0,090	0,092	0,091	0,094	0,090	0,095	0,091	0,091	0,090	0,093	0,091	0,092	0,093	0,090	0,095	0,092	0,091	0,092	0,096	0,092	0,096	0,092	0,091	0,329	0,091	0,099	0,091	0,098	0,090	0,107	0,091	0,114	0,090	0,091	0,089	0,090	0,095	0,090	0,116	0,091	0,092	0,090	0,095	0,089	0,102	0,090	0,092	0,091	0,095	0,091	0,095	0,091	0,112	0,091	0,094	0,092	0,094	0,090	0,103	0,090	0,090	0,091	0,091	0,090	0,089	0,089	0,089	0,091	0,089	0,089	0,090
2:58:04	37,0	0,089	0,090	0,094	0,091	0,091	0,092	0,090	0,092	0,090	0,090	0,090	0,094	0,091	0,108	0,090	0,101	0,091	0,097	0,090	0,098	0,094	0,099	0,090	0,105	0,102	0,090	0,093	0,091	0,095	0,090	0,097	0,091	0,091	0,090	0,093	0,090	0,091	0,094	0,089	0,097	0,092	0,092	0,092	0,096	0,091	0,097	0,090	0,091	0,396	0,090	0,103	0,091	0,101	0,089	0,115	0,091	0,123	0,090	0,091	0,089	0,090	0,096	0,090	0,126	0,090	0,093	0,089	0,096	0,089	0,106	0,090	0,092	0,091	0,096	0,091	0,096	0,091	0,119	0,091	0,096	0,092	0,095	0,090	0,108	0,090	0,089	0,091	0,091	0,090	0,089	0,089	0,089	0,090	0,089	0,089	0,090
3:08:04	37,0	0,090	0,090	0,094	0,091	0,091	0,093	0,090	0,092	0,090	0,090	0,090	0,094	0,091	0,114	0,090	0,106	0,091	0,100	0,090	0,101	0,094	0,103	0,089	0,111	0,103	0,090	0,095	0,091	0,096	0,090	0,100	0,091	0,091	0,090	0,094	0,090	0,091	0,096	0,090	0,099	0,092	0,093	0,092	0,096	0,091	0,100	0,090	0,092	0,459	0,090	0,109	0,091	0,106	0,090	0,127	0,091	0,137	0,090	0,091	0,089	0,090	0,098	0,090	0,142	0,091	0,094	0,089	0,099	0,090	0,113	0,090	0,093	0,091	0,098	0,091	0,099	0,091	0,129	0,091	0,097	0,091	0,097	0,090	0,115	0,090	0,090	0,091	0,091	0,090	0,089	0,089	0,089	0,091	0,089	0,089	0,090
3:18:04	37,0	0,089	0,090	0,094	0,091	0,091	0,093	0,090	0,091	0,090	0,090	0,090	0,094	0,091	0,123	0,090	0,110	0,091	0,104	0,090	0,104	0,094	0,108	0,089	0,119	0,103	0,090	0,097	0,091	0,097	0,090	0,104	0,091	0,091	0,090	0,094	0,090	0,091	0,097	0,090	0,103	0,091	0,094	0,092	0,097	0,091	0,102	0,090	0,093	0,517	0,090	0,119	0,091	0,114	0,089	0,143	0,091	0,156	0,090	0,092	0,089	0,090	0,101	0,090	0,166	0,090	0,095	0,089	0,102	0,089	0,120	0,089	0,093	0,091	0,100	0,091	0,101	0,091	0,142	0,091	0,100	0,092	0,100	0,090	0,124	0,090	0,089	0,091	0,091	0,090	0,089	0,089	0,089	0,090	0,089	0,089	0,090
3:28:04	37,0	0,090	0,090	0,094	0,091	0,091	0,093	0,091	0,091	0,090	0,090	0,090	0,093	0,091	0,134	0,090	0,118	0,091	0,108	0,090	0,109	0,094	0,116	0,089	0,130	0,104	0,090	0,100	0,091	0,100	0,090	0,111	0,091	0,092	0,090	0,096	0,090	0,091	0,100	0,089	0,108	0,092	0,096	0,092	0,098	0,091	0,107	0,090	0,095	0,574	0,090	0,132	0,091	0,125	0,090	0,166	0,091	0,183	0,090	0,093	0,089	0,091	0,105	0,090	0,219	0,090	0,098	0,089	0,107	0,089	0,132	0,089	0,095	0,091	0,104	0,091	0,106	0,091	0,156	0,091	0,104	0,092	0,104	0,090	0,135	0,090	0,089	0,091	0,091	0,089	0,090	0,089	0,089	0,090	0,089	0,089	0,090
3:38:04	37,0	0,090	0,090	0,094	0,091	0,091	0,093	0,091	0,092	0,090	0,090	0,090	0,094	0,092	0,147	0,090	0,127	0,091	0,116	0,090	0,115	0,094	0,124	0,090	0,144	0,106	0,090	0,104	0,091	0,103	0,090	0,119	0,091	0,092	0,090	0,097	0,090	0,091	0,104	0,090	0,116	0,092	0,099	0,092	0,099	0,091	0,113	0,091	0,097	0,623	0,091	0,150	0,091	0,140	0,090	0,199	0,091	0,217	0,090	0,094	0,089	0,091	0,111	0,090	0,258	0,091	0,101	0,090	0,114	0,089	0,147	0,090	0,096	0,091	0,109	0,091	0,112	0,091	0,169	0,091	0,110	0,092	0,109	0,090	0,148	0,090	0,090	0,091	0,091	0,090	0,089	0,089	0,089	0,091	0,089	0,089	0,090
3:48:04	37,0	0,090	0,090	0,094	0,091	0,091	0,093	0,091	0,092	0,090	0,090	0,090	0,094	0,091	0,163	0,090	0,136	0,091	0,124	0,090	0,124	0,094	0,136	0,090	0,160	0,107	0,090	0,110	0,091	0,108	0,090	0,132	0,091	0,093	0,090	0,099	0,091	0,091	0,110	0,090	0,127	0,092	0,103	0,092	0,101	0,091	0,121	0,092	0,100	0,657	0,090	0,174	0,091	0,160	0,090	0,243	0,091	0,257	0,090	0,096	0,089	0,091	0,118	0,090	0,294	0,090	0,105	0,090	0,123	0,089	0,171	0,090	0,099	0,091	0,115	0,091	0,119	0,091	0,187	0,091	0,117	0,092	0,115	0,090	0,162	0,090	0,090	0,091	0,091	0,090	0,090	0,089	0,089	0,091	0,089	0,089	0,090
3:58:04	37,0	0,090	0,090	0,094	0,091	0,091	0,093	0,091	0,092	0,090	0,090	0,090	0,094	0,091	0,183	0,090	0,148	0,091	0,133	0,090	0,133	0,094	0,148	0,090	0,178	0,110	0,090	0,118	0,091	0,115	0,090	0,147	0,091	0,094	0,090	0,102	0,090	0,091	0,117	0,090	0,140	0,092	0,108	0,092	0,103	0,091	0,131	0,090	0,104	0,678	0,091	0,206	0,091	0,188	0,090	0,295	0,091	0,299	0,090	0,099	0,089	0,090	0,127	0,090	0,330	0,091	0,110	0,089	0,136	0,089	0,209	0,089	0,102	0,091	0,123	0,091	0,128	0,091	0,207	0,091	0,126	0,091	0,124	0,090	0,178	0,090	0,090	0,091	0,091	0,089	0,090	0,089	0,089	0,091	0,089	0,089	0,090
4:08:04	37,0	0,090	0,090	0,094	0,091	0,091	0,093	0,091	0,092	0,090	0,090	0,090	0,093	0,091	0,208	0,090	0,164	0,091	0,145	0,090	0,145	0,094	0,164	0,090	0,200	0,113	0,090	0,129	0,091	0,124	0,090	0,169	0,091	0,095	0,090	0,106	0,090	0,091	0,127	0,090	0,159	0,091	0,116	0,092	0,106	0,091	0,144	0,090	0,110	0,700	0,090	0,246	0,090	0,227	0,089	0,340	0,091	0,334	0,090	0,103	0,089	0,090	0,140	0,090	0,359	0,090	0,117	0,089	0,156	0,089	0,246	0,089	0,105	0,091	0,131	0,091	0,138	0,091	0,235	0,091	0,137	0,092	0,134	0,090	0,199	0,090	0,089	0,091	0,091	0,089	0,089	0,089	0,089	0,090	0,089	0,089	0,090
4:18:04	37,0	0,090	0,090	0,094	0,091	0,091	0,093	0,091	0,092	0,090	0,090	0,090	0,093	0,091	0,233	0,090	0,181	0,091	0,157	0,090	0,158	0,094	0,181	0,089	0,226	0,118	0,090	0,143	0,091	0,136	0,090	0,200	0,091	0,097	0,090	0,112	0,091	0,091	0,140	0,090	0,185	0,091	0,126	0,092	0,111	0,091	0,159	0,090	0,117	0,720	0,090	0,283	0,091	0,271	0,089	0,381	0,091	0,369	0,090	0,109	0,089	0,090	0,161	0,090	0,399	0,090	0,127	0,090	0,179	0,089	0,287	0,089	0,111	0,091	0,143	0,091	0,150	0,091	0,261	0,091	0,150	0,091	0,146	0,090	0,229	0,090	0,090	0,091	0,091	0,090	0,089	0,089	0,089	0,091	0,089	0,089	0,090
4:28:04	37,0	0,090	0,089	0,095	0,091	0,091	0,093	0,090	0,092	0,090	0,090	0,090	0,093	0,091	0,262	0,090	0,200	0,091	0,173	0,090	0,172	0,094	0,202	0,089	0,251	0,124	0,090	0,163	0,091	0,152	0,090	0,241	0,091	0,100	0,090	0,120	0,090	0,091	0,155	0,089	0,219	0,092	0,138	0,092	0,118	0,091	0,179	0,090	0,127	0,735	0,090	0,323	0,091	0,315	0,089	0,418	0,091	0,408	0,090	0,118	0,089	0,090	0,188	0,090	0,427	0,090	0,141	0,089	0,235	0,089	0,325	0,089	0,119	0,091	0,154	0,091	0,163	0,091	0,283	0,091	0,163	0,092	0,159	0,090	0,264	0,090	0,089	0,091	0,091	0,089	0,089	0,089	0,089	0,090	0,089	0,089	0,090
4:38:04	37,0	0,090	0,090	0,095	0,091	0,092	0,093	0,091	0,092	0,090	0,090	0,090	0,094	0,091	0,293	0,090	0,222	0,091	0,192	0,090	0,188	0,094	0,226	0,090	0,279	0,134	0,090	0,187	0,091	0,172	0,090	0,294	0,091	0,104	0,090	0,131	0,090	0,091	0,174	0,090	0,259	0,092	0,152	0,092	0,129	0,091	0,205	0,090	0,139	0,753	0,090	0,369	0,091	0,359	0,089	0,461	0,091	0,454	0,090	0,132	0,089	0,090	0,237	0,090	0,453	0,090	0,161	0,089	0,265	0,089	0,360	0,089	0,129	0,091	0,168	0,091	0,179	0,091	0,304	0,091	0,180	0,092	0,174	0,090	0,299	0,090	0,089	0,091	0,091	0,090	0,090	0,089	0,089	0,091	0,089	0,089	0,090
4:48:04	37,0	0,090	0,090	0,095	0,091	0,092	0,093	0,091	0,092	0,090	0,090	0,090	0,093	0,091	0,325	0,090	0,248	0,091	0,210	0,090	0,211	0,094	0,252	0,090	0,311	0,147	0,090	0,216	0,091	0,198	0,090	0,357	0,091	0,110	0,090	0,147	0,090	0,091	0,198	0,090	0,302	0,092	0,169	0,092	0,141	0,091	0,239	0,090	0,155	0,774	0,090	0,408	0,091	0,412	0,090	0,511	0,091	0,494	0,090	0,149	0,089	0,090	0,271	0,090	0,486	0,090	0,184	0,089	0,301	0,089	0,396	0,089	0,142	0,091	0,185	0,091	0,201	0,091	0,325	0,091	0,202	0,092	0,192	0,090	0,334	0,090	0,089	0,091	0,091	0,090	0,089	0,089	0,089	0,091	0,089	0,089	0,090
4:58:04	37,0	0,090	0,090	0,096	0,091	0,092	0,093	0,091	0,092	0,090	0,090	0,090	0,094	0,091	0,348	0,090	0,276	0,091	0,235	0,090	0,230	0,094	0,284	0,089	0,348	0,164	0,090	0,248	0,091	0,233	0,090	0,419	0,091	0,119	0,090	0,168	0,090	0,092	0,227	0,089	0,334	0,091	0,188	0,092	0,157	0,091	0,282	0,090	0,175	0,797	0,090	0,451	0,091	0,452	0,090	0,547	0,091	0,532	0,090	0,173	0,088	0,091	0,308	0,090	0,516	0,090	0,219	0,089	0,332	0,089	0,434	0,089	0,161	0,091	0,209	0,091	0,227	0,091	0,340	0,091	0,230	0,091	0,215	0,090	0,361	0,090	0,090	0,091	0,091	0,090	0,090	0,089	0,089	0,091	0,089	0,089	0,090
5:08:04	37,0	0,089	0,089	0,096	0,090	0,092	0,093	0,091	0,091	0,090	0,090	0,090	0,093	0,091	0,370	0,089	0,302	0,091	0,257	0,090	0,259	0,094	0,324	0,089	0,388	0,187	0,090	0,278	0,091	0,267	0,090	0,470	0,091	0,130	0,090	0,195	0,090	0,091	0,258	0,089	0,400	0,091	0,208	0,092	0,177	0,091	0,334	0,090	0,200	0,823	0,090	0,503	0,091	0,486	0,089	0,582	0,091	0,557	0,090	0,203	0,088	0,090	0,350	0,090	0,543	0,090	0,250	0,089	0,368	0,089	0,464	0,089	0,192	0,091	0,234	0,091	0,253	0,091	0,356	0,091	0,257	0,091	0,242	0,090	0,383	0,090	0,089	0,091	0,091	0,089	0,089	0,089	0,089	0,090	0,089	0,089	0,090
5:18:04	37,0	0,090	0,090	0,097	0,091	0,092	0,093	0,091	0,092	0,091	0,090	0,090	0,094	0,091	0,396	0,090	0,326	0,091	0,283	0,090	0,289	0,094	0,349	0,089	0,427	0,217	0,090	0,313	0,091	0,305	0,090	0,516	0,091	0,146	0,090	0,230	0,090	0,091	0,289	0,090	0,454	0,092	0,234	0,092	0,199	0,091	0,392	0,090	0,228	0,838	0,090	0,551	0,091	0,552	0,090	0,614	0,091	0,577	0,090	0,243	0,089	0,090	0,395	0,090	0,574	0,090	0,278	0,090	0,399	0,090	0,503	0,089	0,235	0,091	0,264	0,091	0,281	0,091	0,373	0,091	0,286	0,092	0,271	0,090	0,405	0,090	0,090	0,091	0,091	0,090	0,089	0,089	0,089	0,091	0,089	0,089	0,090
5:28:04	37,0	0,090	0,090	0,098	0,091	0,093	0,093	0,091	0,092	0,090	0,090	0,090	0,094	0,091	0,427	0,090	0,348	0,091	0,307	0,090	0,321	0,094	0,378	0,089	0,471	0,249	0,090	0,350	0,091	0,345	0,090	0,558	0,091	0,166	0,090	0,268	0,090	0,091	0,323	0,090	0,506	0,092	0,261	0,092	0,227	0,091	0,430	0,090	0,265	0,862	0,090	0,567	0,091	0,597	0,090	0,637	0,091	0,607	0,090	0,286	0,089	0,090	0,439	0,090	0,596	0,090	0,306	0,089	0,427	0,089	0,542	0,089	0,274	0,091	0,292	0,091	0,303	0,091	0,388	0,091	0,311	0,092	0,300	0,090	0,429	0,090	0,090	0,091	0,091	0,090	0,089	0,089	0,089	0,090	0,089	0,089	0,090
5:38:04	37,0	0,090	0,090	0,099	0,091	0,094	0,093	0,091	0,091	0,090	0,090	0,090	0,093	0,091	0,447	0,090	0,373	0,091	0,332	0,090	0,347	0,094	0,411	0,089	0,509	0,283	0,090	0,387	0,091	0,385	0,090	0,609	0,091	0,193	0,090	0,305	0,090	0,091	0,350	0,090	0,525	0,091	0,297	0,092	0,257	0,091	0,458	0,090	0,304	0,877	0,090	0,596	0,091	0,627	0,089	0,642	0,091	0,629	0,090	0,328	0,089	0,090	0,447	0,090	0,624	0,090	0,361	0,089	0,444	0,089	0,577	0,089	0,315	0,091	0,320	0,091	0,324	0,091	0,402	0,091	0,335	0,091	0,327	0,090	0,453	0,090	0,090	0,091	0,091	0,089	0,089	0,089	0,089	0,091	0,089	0,089	0,090
5:48:04	37,0	0,090	0,090	0,101	0,091	0,094	0,093	0,091	0,092	0,090	0,090	0,091	0,094	0,091	0,474	0,090	0,402	0,091	0,359	0,090	0,369	0,094	0,443	0,090	0,553	0,319	0,090	0,431	0,091	0,422	0,090	0,632	0,091	0,225	0,090	0,340	0,090	0,091	0,384	0,090	0,552	0,091	0,350	0,092	0,295	0,091	0,489	0,090	0,348	0,897	0,090	0,621	0,091	0,648	0,090	0,669	0,091	0,651	0,090	0,372	0,089	0,091	0,460	0,090	0,647	0,090	0,392	0,089	0,476	0,089	0,606	0,089	0,359	0,091	0,341	0,091	0,341	0,091	0,417	0,091	0,356	0,091	0,352	0,090	0,473	0,090	0,089	0,091	0,091	0,090	0,089	0,089	0,089	0,090	0,089	0,089	0,090
5:58:04	37,0	0,090	0,090	0,103	0,091	0,095	0,093	0,091	0,092	0,090	0,090	0,091	0,093	0,091	0,488	0,090	0,428	0,091	0,387	0,090	0,407	0,094	0,475	0,089	0,594	0,357	0,090	0,472	0,091	0,461	0,090	0,648	0,091	0,264	0,090	0,378	0,090	0,091	0,420	0,089	0,579	0,091	0,418	0,092	0,342	0,091	0,521	0,090	0,393	0,911	0,090	0,633	0,091	0,667	0,089	0,679	0,091	0,678	0,090	0,416	0,089	0,090	0,490	0,090	0,667	0,090	0,416	0,089	0,518	0,089	0,633	0,089	0,399	0,091	0,362	0,091	0,358	0,091	0,432	0,091	0,375	0,091	0,373	0,090	0,492	0,090	0,089	0,091	0,091	0,089	0,089	0,089	0,089	0,090	0,089	0,089	0,090
6:08:04	37,0	0,090	0,090	0,105	0,091	0,096	0,093	0,091	0,092	0,090	0,090	0,091	0,094	0,091	0,500	0,090	0,453	0,091	0,418	0,090	0,442	0,094	0,509	0,089	0,630	0,395	0,090	0,499	0,091	0,503	0,090	0,667	0,091	0,307	0,090	0,434	0,090	0,091	0,455	0,090	0,593	0,092	0,487	0,092	0,394	0,091	0,555	0,090	0,431	0,929	0,090	0,651	0,091	0,684	0,090	0,706	0,091	0,688	0,090	0,465	0,089	0,090	0,520	0,090	0,685	0,090	0,445	0,089	0,556	0,089	0,658	0,089	0,448	0,091	0,388	0,091	0,376	0,091	0,448	0,091	0,394	0,092	0,395	0,090	0,513	0,090	0,090	0,091	0,091	0,089	0,089	0,089	0,089	0,090	0,089	0,089	0,090
6:18:04	37,0	0,090	0,090	0,108	0,091	0,097	0,093	0,091	0,091	0,090	0,090	0,091	0,093	0,091	0,511	0,090	0,466	0,091	0,448	0,090	0,474	0,094	0,527	0,089	0,652	0,438	0,090	0,512	0,091	0,525	0,090	0,687	0,091	0,360	0,090	0,495	0,090	0,092	0,486	0,089	0,601	0,091	0,511	0,092	0,437	0,091	0,589	0,090	0,477	0,945	0,090	0,667	0,091	0,696	0,089	0,708	0,091	0,700	0,090	0,517	0,089	0,090	0,555	0,090	0,695	0,090	0,469	0,089	0,581	0,089	0,679	0,089	0,489	0,091	0,401	0,091	0,392	0,091	0,461	0,091	0,411	0,091	0,416	0,090	0,530	0,090	0,089	0,091	0,091	0,089	0,089	0,089	0,089	0,090	0,089	0,089	0,090
6:28:04	37,0	0,090	0,090	0,111	0,091	0,099	0,093	0,092	0,092	0,090	0,090	0,092	0,094	0,091	0,521	0,090	0,476	0,091	0,468	0,090	0,499	0,094	0,538	0,089	0,674	0,481	0,090	0,523	0,091	0,544	0,090	0,704	0,091	0,410	0,090	0,543	0,091	0,092	0,502	0,090	0,607	0,092	0,539	0,092	0,473	0,091	0,603	0,090	0,518	0,959	0,090	0,677	0,091	0,700	0,090	0,717	0,091	0,710	0,090	0,556	0,089	0,090	0,585	0,090	0,704	0,090	0,504	0,089	0,611	0,090	0,698	0,089	0,527	0,091	0,426	0,091	0,410	0,091	0,472	0,091	0,427	0,092	0,436	0,090	0,545	0,090	0,089	0,091	0,091	0,090	0,089	0,089	0,089	0,091	0,089	0,089	0,090
6:38:04	37,0	0,090	0,090	0,113	0,091	0,101	0,093	0,092	0,092	0,090	0,090	0,092	0,093	0,091	0,532	0,090	0,487	0,091	0,481	0,090	0,519	0,094	0,548	0,089	0,697	0,536	0,090	0,543	0,091	0,561	0,090	0,720	0,091	0,462	0,090	0,570	0,090	0,091	0,516	0,089	0,615	0,092	0,566	0,092	0,516	0,091	0,624	0,090	0,561	0,971	0,090	0,701	0,091	0,704	0,090	0,726	0,091	0,726	0,090	0,588	0,089	0,090	0,617	0,090	0,713	0,090	0,524	0,089	0,635	0,089	0,715	0,089	0,570	0,091	0,446	0,091	0,425	0,091	0,484	0,091	0,443	0,092	0,457	0,090	0,560	0,090	0,089	0,091	0,091	0,090	0,089	0,089	0,089	0,091	0,089	0,089	0,090
6:48:04	36,9	0,090	0,090	0,116	0,091	0,103	0,093	0,092	0,091	0,090	0,090	0,092	0,093	0,091	0,540	0,090	0,497	0,091	0,495	0,090	0,528	0,094	0,564	0,089	0,716	0,582	0,090	0,559	0,091	0,577	0,090	0,735	0,091	0,512	0,090	0,590	0,090	0,091	0,528	0,090	0,621	0,092	0,571	0,092	0,544	0,091	0,634	0,090	0,590	0,983	0,090	0,702	0,091	0,701	0,089	0,737	0,091	0,736	0,090	0,614	0,089	0,090	0,642	0,090	0,723	0,090	0,553	0,089	0,653	0,089	0,727	0,089	0,607	0,091	0,472	0,091	0,441	0,091	0,492	0,091	0,458	0,091	0,475	0,090	0,571	0,090	0,090	0,091	0,091	0,090	0,089	0,089	0,089	0,091	0,089	0,089	0,090
6:58:04	37,0	0,090	0,089	0,119	0,091	0,105	0,093	0,093	0,091	0,090	0,090	0,092	0,093	0,091	0,552	0,089	0,509	0,091	0,511	0,090	0,546	0,094	0,579	0,089	0,738	0,623	0,090	0,566	0,091	0,591	0,090	0,759	0,091	0,560	0,090	0,617	0,090	0,091	0,544	0,090	0,634	0,091	0,598	0,092	0,579	0,091	0,651	0,090	0,606	1,000	0,090	0,713	0,091	0,715	0,089	0,750	0,091	0,756	0,090	0,646	0,089	0,090	0,660	0,090	0,738	0,090	0,587	0,089	0,674	0,089	0,740	0,089	0,643	0,091	0,489	0,091	0,456	0,091	0,499	0,091	0,473	0,091	0,495	0,090	0,585	0,090	0,089	0,091	0,091	0,089	0,089	0,089	0,089	0,090	0,089	0,089	0,090
7:08:04	37,0	0,090	0,090	0,123	0,091	0,107	0,093	0,093	0,092	0,090	0,090	0,093	0,094	0,091	0,561	0,090	0,521	0,091	0,525	0,090	0,562	0,094	0,590	0,089	0,758	0,651	0,090	0,577	0,091	0,605	0,090	0,779	0,091	0,597	0,090	0,637	0,090	0,091	0,556	0,089	0,643	0,091	0,616	0,092	0,600	0,091	0,668	0,090	0,631	1,012	0,090	0,727	0,091	0,720	0,089	0,760	0,091	0,767	0,090	0,681	0,089	0,090	0,675	0,090	0,754	0,090	0,609	0,089	0,690	0,089	0,750	0,089	0,672	0,091	0,507	0,091	0,470	0,091	0,506	0,091	0,487	0,091	0,512	0,090	0,595	0,090	0,090	0,091	0,091	0,089	0,089	0,089	0,089	0,091	0,089	0,089	0,090
7:18:04	37,0	0,090	0,090	0,127	0,091	0,110	0,093	0,094	0,092	0,091	0,090	0,094	0,093	0,091	0,575	0,089	0,532	0,091	0,542	0,090	0,581	0,094	0,606	0,089	0,776	0,680	0,090	0,586	0,091	0,621	0,090	0,796	0,091	0,619	0,090	0,655	0,090	0,091	0,571	0,089	0,654	0,091	0,632	0,092	0,611	0,091	0,679	0,090	0,642	1,029	0,090	0,741	0,090	0,735	0,089	0,778	0,091	0,786	0,090	0,712	0,089	0,090	0,688	0,090	0,774	0,090	0,627	0,089	0,702	0,089	0,759	0,089	0,699	0,091	0,527	0,091	0,484	0,091	0,513	0,091	0,502	0,092	0,529	0,090	0,605	0,090	0,089	0,091	0,091	0,090	0,089	0,089	0,089	0,090	0,089	0,089	0,090
7:28:04	37,0	0,090	0,089	0,133	0,091	0,112	0,093	0,094	0,092	0,090	0,090	0,094	0,093	0,091	0,584	0,089	0,543	0,091	0,556	0,090	0,598	0,094	0,616	0,089	0,792	0,699	0,090	0,594	0,091	0,634	0,090	0,805	0,091	0,643	0,090	0,670	0,090	0,091	0,582	0,089	0,659	0,091	0,634	0,092	0,618	0,091	0,691	0,090	0,673	1,038	0,090	0,757	0,091	0,739	0,089	0,795	0,091	0,798	0,090	0,741	0,089	0,090	0,699	0,090	0,795	0,090	0,640	0,089	0,711	0,089	0,765	0,089	0,724	0,091	0,539	0,091	0,493	0,091	0,518	0,091	0,514	0,091	0,544	0,090	0,615	0,090	0,089	0,091	0,091	0,089	0,089	0,089	0,089	0,090	0,089	0,089	0,090
7:38:04	37,0	0,090	0,090	0,140	0,091	0,116	0,093	0,095	0,092	0,090	0,090	0,096	0,094	0,091	0,594	0,090	0,551	0,091	0,567	0,090	0,610	0,094	0,627	0,089	0,804	0,694	0,090	0,602	0,091	0,645	0,090	0,802	0,091	0,651	0,090	0,668	0,090	0,091	0,593	0,090	0,662	0,091	0,639	0,092	0,616	0,091	0,696	0,090	0,702	1,046	0,090	0,766	0,091	0,736	0,089	0,798	0,091	0,814	0,090	0,759	0,089	0,090	0,705	0,090	0,817	0,090	0,652	0,089	0,712	0,089	0,770	0,089	0,740	0,091	0,549	0,091	0,502	0,091	0,524	0,091	0,521	0,092	0,555	0,090	0,621	0,090	0,090	0,091	0,091	0,090	0,089	0,089	0,089	0,091	0,089	0,089	0,090
7:48:04	37,0	0,090	0,090	0,148	0,091	0,118	0,093	0,096	0,092	0,090	0,090	0,097	0,093	0,091	0,604	0,089	0,565	0,091	0,586	0,090	0,625	0,094	0,646	0,090	0,819	0,727	0,090	0,620	0,091	0,668	0,090	0,827	0,091	0,672	0,090	0,693	0,090	0,091	0,609	0,089	0,680	0,091	0,667	0,092	0,630	0,091	0,706	0,090	0,714	1,065	0,090	0,790	0,091	0,752	0,089	0,816	0,091	0,838	0,090	0,781	0,089	0,090	0,713	0,090	0,843	0,090	0,667	0,089	0,723	0,089	0,785	0,089	0,760	0,091	0,559	0,091	0,509	0,091	0,526	0,091	0,529	0,092	0,565	0,090	0,631	0,090	0,090	0,091	0,091	0,090	0,089	0,089	0,089	0,090	0,089	0,089	0,090
7:58:04	37,0	0,090	0,090	0,156	0,091	0,121	0,093	0,098	0,092	0,091	0,090	0,098	0,094	0,092	0,610	0,090	0,576	0,091	0,599	0,090	0,644	0,094	0,656	0,090	0,835	0,750	0,090	0,634	0,091	0,685	0,090	0,840	0,091	0,689	0,090	0,721	0,091	0,091	0,628	0,089	0,684	0,092	0,679	0,092	0,645	0,091	0,714	0,090	0,734	1,078	0,090	0,807	0,091	0,764	0,090	0,827	0,091	0,845	0,090	0,802	0,089	0,091	0,722	0,090	0,860	0,090	0,676	0,089	0,736	0,089	0,798	0,089	0,777	0,091	0,567	0,091	0,517	0,091	0,533	0,091	0,536	0,092	0,575	0,090	0,641	0,090	0,089	0,091	0,091	0,090	0,089	0,089	0,089	0,091	0,089	0,089	0,090
8:08:04	37,0	0,090	0,089	0,165	0,091	0,124	0,093	0,099	0,091	0,090	0,090	0,100	0,093	0,091	0,614	0,089	0,584	0,091	0,612	0,090	0,654	0,094	0,667	0,089	0,846	0,766	0,090	0,646	0,091	0,700	0,089	0,847	0,091	0,703	0,090	0,742	0,090	0,091	0,640	0,089	0,686	0,091	0,685	0,092	0,652	0,091	0,720	0,090	0,755	1,088	0,090	0,816	0,091	0,768	0,089	0,840	0,091	0,856	0,090	0,814	0,089	0,090	0,733	0,090	0,875	0,090	0,684	0,089	0,749	0,089	0,812	0,089	0,791	0,091	0,576	0,091	0,522	0,091	0,538	0,090	0,541	0,091	0,583	0,090	0,649	0,090	0,089	0,091	0,091	0,089	0,089	0,089	0,089	0,090	0,089	0,089	0,090
8:18:04	37,0	0,091	0,090	0,177	0,091	0,128	0,093	0,100	0,092	0,091	0,090	0,102	0,094	0,092	0,625	0,090	0,593	0,091	0,629	0,090	0,667	0,094	0,677	0,090	0,857	0,776	0,090	0,653	0,091	0,714	0,090	0,855	0,091	0,719	0,090	0,767	0,091	0,091	0,652	0,089	0,699	0,092	0,690	0,092	0,661	0,091	0,730	0,090	0,773	1,101	0,090	0,827	0,091	0,776	0,089	0,853	0,091	0,867	0,090	0,838	0,089	0,091	0,745	0,090	0,891	0,091	0,696	0,089	0,764	0,089	0,829	0,090	0,805	0,091	0,585	0,091	0,528	0,091	0,544	0,091	0,546	0,092	0,591	0,090	0,660	0,090	0,090	0,091	0,091	0,090	0,089	0,090	0,089	0,091	0,089	0,089	0,090
8:28:04	37,0	0,091	0,090	0,187	0,091	0,132	0,093	0,102	0,092	0,091	0,090	0,105	0,093	0,091	0,631	0,090	0,603	0,091	0,643	0,090	0,679	0,094	0,696	0,089	0,870	0,785	0,090	0,660	0,091	0,735	0,090	0,867	0,091	0,736	0,090	0,793	0,090	0,092	0,671	0,090	0,709	0,091	0,707	0,092	0,674	0,091	0,739	0,090	0,788	1,113	0,090	0,844	0,091	0,789	0,089	0,864	0,091	0,880	0,090	0,860	0,089	0,090	0,759	0,090	0,906	0,090	0,709	0,089	0,783	0,090	0,848	0,089	0,818	0,091	0,595	0,091	0,533	0,091	0,550	0,091	0,552	0,092	0,598	0,090	0,670	0,090	0,089	0,091	0,091	0,089	0,089	0,089	0,089	0,090	0,089	0,089	0,090
8:38:04	37,0	0,091	0,090	0,199	0,091	0,136	0,093	0,104	0,092	0,091	0,090	0,108	0,093	0,091	0,639	0,090	0,613	0,091	0,657	0,090	0,695	0,094	0,707	0,089	0,883	0,797	0,090	0,675	0,091	0,751	0,090	0,876	0,090	0,753	0,090	0,816	0,090	0,091	0,687	0,090	0,715	0,091	0,716	0,092	0,685	0,091	0,749	0,090	0,804	1,123	0,090	0,860	0,091	0,802	0,089	0,881	0,091	0,891	0,090	0,878	0,089	0,090	0,773	0,090	0,921	0,090	0,723	0,089	0,801	0,089	0,871	0,089	0,832	0,091	0,603	0,091	0,539	0,091	0,558	0,090	0,558	0,091	0,606	0,090	0,695	0,090	0,089	0,091	0,091	0,090	0,089	0,089	0,089	0,091	0,089	0,089	0,090
8:48:04	37,0	0,092	0,090	0,211	0,091	0,141	0,093	0,106	0,092	0,091	0,090	0,111	0,093	0,091	0,647	0,090	0,622	0,091	0,671	0,090	0,704	0,094	0,714	0,089	0,887	0,803	0,090	0,682	0,091	0,761	0,090	0,880	0,091	0,767	0,090	0,826	0,091	0,091	0,699	0,090	0,715	0,091	0,720	0,092	0,689	0,091	0,754	0,090	0,821	1,129	0,090	0,869	0,091	0,809	0,089	0,892	0,091	0,901	0,090	0,891	0,089	0,090	0,789	0,090	0,935	0,090	0,738	0,089	0,818	0,089	0,889	0,089	0,842	0,091	0,612	0,091	0,543	0,091	0,565	0,091	0,563	0,092	0,613	0,090	0,714	0,090	0,090	0,091	0,091	0,089	0,089	0,089	0,089	0,091	0,089	0,089	0,090
8:58:04	37,0	0,093	0,090	0,223	0,091	0,148	0,093	0,109	0,092	0,091	0,090	0,115	0,094	0,092	0,653	0,090	0,628	0,091	0,685	0,090	0,720	0,094	0,722	0,089	0,895	0,813	0,090	0,686	0,091	0,769	0,090	0,888	0,091	0,778	0,090	0,837	0,090	0,091	0,710	0,090	0,716	0,091	0,726	0,092	0,693	0,091	0,759	0,090	0,837	1,138	0,090	0,883	0,091	0,818	0,090	0,903	0,091	0,911	0,090	0,906	0,089	0,091	0,806	0,090	0,950	0,090	0,757	0,089	0,839	0,089	0,906	0,089	0,855	0,091	0,622	0,091	0,548	0,091	0,573	0,091	0,568	0,091	0,620	0,090	0,727	0,090	0,090	0,091	0,091	0,090	0,089	0,089	0,089	0,091	0,089	0,089	0,090
9:08:04	37,0	0,094	0,090	0,236	0,091	0,156	0,093	0,112	0,092	0,091	0,090	0,119	0,093	0,091	0,666	0,090	0,632	0,091	0,699	0,090	0,728	0,094	0,731	0,089	0,904	0,823	0,090	0,690	0,091	0,772	0,089	0,896	0,090	0,783	0,090	0,839	0,090	0,091	0,720	0,089	0,710	0,091	0,723	0,092	0,689	0,091	0,762	0,090	0,849	1,141	0,090	0,889	0,091	0,826	0,089	0,906	0,091	0,919	0,090	0,916	0,089	0,090	0,823	0,090	0,963	0,090	0,780	0,089	0,855	0,089	0,921	0,089	0,866	0,091	0,631	0,091	0,552	0,091	0,581	0,091	0,571	0,091	0,628	0,090	0,739	0,090	0,089	0,091	0,091	0,089	0,089	0,089	0,089	0,090	0,089	0,089	0,090
9:18:04	37,0	0,095	0,090	0,249	0,091	0,164	0,093	0,116	0,091	0,091	0,090	0,124	0,094	0,091	0,667	0,090	0,639	0,091	0,703	0,090	0,740	0,094	0,740	0,089	0,911	0,833	0,090	0,702	0,091	0,784	0,090	0,910	0,091	0,791	0,090	0,855	0,090	0,091	0,732	0,089	0,714	0,091	0,734	0,092	0,695	0,091	0,768	0,090	0,862	1,151	0,090	0,899	0,091	0,841	0,090	0,918	0,091	0,932	0,090	0,933	0,089	0,090	0,842	0,090	0,978	0,090	0,804	0,089	0,872	0,089	0,938	0,089	0,884	0,091	0,641	0,091	0,559	0,091	0,588	0,091	0,578	0,092	0,635	0,090	0,753	0,090	0,090	0,091	0,091	0,090	0,089	0,089	0,089	0,091	0,089	0,089	0,090
9:28:04	37,0	0,096	0,089	0,266	0,091	0,173	0,093	0,121	0,092	0,091	0,090	0,129	0,093	0,091	0,677	0,089	0,643	0,091	0,716	0,090	0,748	0,094	0,749	0,089	0,910	0,843	0,089	0,710	0,091	0,793	0,089	0,921	0,091	0,796	0,090	0,860	0,090	0,091	0,743	0,089	0,710	0,091	0,737	0,092	0,695	0,091	0,773	0,090	0,874	1,159	0,090	0,918	0,091	0,851	0,089	0,926	0,091	0,943	0,090	0,944	0,089	0,090	0,858	0,090	0,994	0,090	0,825	0,089	0,888	0,089	0,954	0,089	0,904	0,091	0,651	0,091	0,565	0,091	0,597	0,091	0,583	0,091	0,643	0,090	0,767	0,090	0,089	0,091	0,091	0,089	0,089	0,089	0,089	0,090	0,089	0,089	0,090
9:38:04	36,9	0,098	0,090	0,282	0,091	0,185	0,093	0,127	0,092	0,092	0,089	0,136	0,093	0,091	0,679	0,090	0,648	0,091	0,723	0,090	0,753	0,094	0,755	0,089	0,909	0,854	0,090	0,721	0,091	0,802	0,090	0,929	0,091	0,800	0,090	0,871	0,090	0,091	0,748	0,089	0,706	0,091	0,742	0,092	0,700	0,091	0,778	0,090	0,883	1,164	0,090	0,919	0,090	0,865	0,089	0,939	0,091	0,956	0,090	0,956	0,089	0,090	0,875	0,090	1,010	0,090	0,846	0,089	0,904	0,089	0,969	0,089	0,920	0,091	0,662	0,091	0,573	0,091	0,607	0,090	0,588	0,091	0,653	0,090	0,781	0,090	0,090	0,091	0,091	0,089	0,089	0,089	0,089	0,090	0,089	0,089	0,090
9:48:04	37,0	0,101	0,089	0,302	0,091	0,197	0,093	0,134	0,092	0,092	0,090	0,143	0,093	0,091	0,685	0,089	0,652	0,091	0,730	0,090	0,760	0,094	0,760	0,089	0,917	0,863	0,090	0,731	0,091	0,809	0,090	0,938	0,091	0,804	0,090	0,883	0,090	0,091	0,755	0,089	0,707	0,091	0,739	0,092	0,705	0,091	0,782	0,090	0,894	1,172	0,090	0,931	0,090	0,876	0,089	0,950	0,091	0,967	0,090	0,970	0,089	0,090	0,892	0,090	1,024	0,090	0,865	0,089	0,918	0,089	0,985	0,089	0,938	0,091	0,673	0,091	0,581	0,091	0,618	0,090	0,596	0,091	0,664	0,090	0,797	0,090	0,089	0,091	0,091	0,089	0,089	0,089	0,089	0,090	0,089	0,089	0,090
9:58:04	37,0	0,103	0,090	0,322	0,091	0,211	0,093	0,141	0,091	0,093	0,090	0,153	0,094	0,092	0,688	0,090	0,657	0,091	0,736	0,090	0,764	0,094	0,767	0,089	0,926	0,874	0,090	0,743	0,091	0,819	0,090	0,948	0,091	0,810	0,090	0,894	0,090	0,092	0,765	0,089	0,708	0,092	0,751	0,092	0,708	0,091	0,788	0,090	0,910	1,180	0,091	0,953	0,091	0,888	0,090	0,962	0,091	0,978	0,090	0,984	0,089	0,090	0,908	0,090	1,038	0,090	0,883	0,090	0,934	0,089	1,001	0,089	0,955	0,091	0,686	0,091	0,591	0,091	0,632	0,091	0,605	0,092	0,678	0,090	0,815	0,090	0,090	0,091	0,091	0,089	0,089	0,089	0,089	0,091	0,089	0,089	0,090
10:08:04	37,0	0,106	0,090	0,344	0,091	0,224	0,093	0,151	0,092	0,093	0,090	0,164	0,093	0,092	0,692	0,090	0,660	0,091	0,744	0,090	0,765	0,094	0,775	0,089	0,924	0,882	0,090	0,752	0,091	0,826	0,090	0,956	0,091	0,816	0,090	0,909	0,090	0,091	0,775	0,090	0,713	0,091	0,759	0,092	0,716	0,091	0,792	0,090	0,921	1,186	0,090	0,951	0,091	0,901	0,089	0,977	0,091	0,991	0,090	0,994	0,089	0,090	0,924	0,090	1,050	0,090	0,902	0,089	0,951	0,089	1,018	0,089	0,973	0,091	0,700	0,091	0,602	0,091	0,647	0,091	0,618	0,091	0,696	0,090	0,828	0,090	0,090	0,091	0,091	0,090	0,089	0,089	0,089	0,091	0,089	0,089	0,090
10:18:04	37,0	0,110	0,089	0,367	0,091	0,238	0,093	0,162	0,092	0,093	0,090	0,176	0,094	0,092	0,702	0,090	0,667	0,091	0,753	0,090	0,774	0,094	0,784	0,089	0,929	0,892	0,090	0,762	0,091	0,835	0,090	0,968	0,091	0,828	0,090	0,930	0,090	0,091	0,789	0,090	0,723	0,091	0,769	0,092	0,729	0,091	0,799	0,090	0,935	1,194	0,090	0,964	0,091	0,916	0,089	0,995	0,091	1,005	0,090	1,008	0,089	0,090	0,942	0,090	1,063	0,090	0,920	0,089	0,967	0,089	1,036	0,089	0,991	0,091	0,713	0,091	0,614	0,091	0,663	0,091	0,632	0,092	0,711	0,090	0,842	0,090	0,089	0,091	0,091	0,090	0,089	0,089	0,089	0,091	0,089	0,089	0,090
10:28:04	37,0	0,115	0,090	0,392	0,091	0,253	0,093	0,176	0,092	0,094	0,090	0,192	0,093	0,092	0,706	0,090	0,671	0,091	0,758	0,090	0,776	0,094	0,784	0,089	0,933	0,902	0,090	0,772	0,091	0,844	0,090	0,975	0,091	0,833	0,090	0,939	0,090	0,092	0,793	0,090	0,726	0,091	0,772	0,092	0,735	0,091	0,803	0,090	0,943	1,199	0,090	0,976	0,090	0,925	0,089	1,002	0,091	1,015	0,090	1,018	0,089	0,090	0,958	0,090	1,073	0,090	0,938	0,089	0,985	0,089	1,051	0,089	1,008	0,091	0,725	0,091	0,625	0,091	0,672	0,090	0,647	0,091	0,726	0,090	0,852	0,090	0,090	0,091	0,091	0,089	0,089	0,089	0,089	0,091	0,089	0,089	0,090
10:38:04	37,0	0,119	0,090	0,414	0,091	0,266	0,093	0,189	0,092	0,095	0,090	0,206	0,093	0,092	0,710	0,090	0,675	0,091	0,761	0,090	0,779	0,094	0,790	0,089	0,935	0,912	0,090	0,781	0,091	0,849	0,090	0,983	0,091	0,842	0,090	0,949	0,090	0,091	0,801	0,090	0,733	0,091	0,776	0,092	0,743	0,091	0,808	0,090	0,950	1,206	0,090	0,989	0,091	0,937	0,089	1,016	0,091	1,024	0,090	1,031	0,089	0,090	0,975	0,090	1,083	0,090	0,953	0,089	1,001	0,089	1,066	0,089	1,024	0,091	0,735	0,091	0,639	0,091	0,683	0,091	0,664	0,092	0,739	0,090	0,864	0,090	0,090	0,091	0,091	0,090	0,089	0,089	0,089	0,091	0,089	0,089	0,090
10:48:04	37,0	0,125	0,090	0,444	0,091	0,283	0,093	0,204	0,092	0,096	0,090	0,225	0,093	0,092	0,713	0,090	0,678	0,091	0,767	0,090	0,783	0,094	0,796	0,090	0,931	0,923	0,090	0,788	0,091	0,858	0,090	0,990	0,091	0,849	0,090	0,960	0,090	0,091	0,805	0,090	0,737	0,091	0,779	0,092	0,749	0,091	0,815	0,090	0,956	1,212	0,090	0,996	0,091	0,947	0,089	1,024	0,091	1,033	0,090	1,046	0,089	0,090	0,991	0,090	1,093	0,090	0,974	0,089	1,016	0,089	1,080	0,089	1,041	0,091	0,748	0,091	0,654	0,091	0,692	0,091	0,681	0,092	0,754	0,090	0,875	0,090	0,090	0,091	0,091	0,090	0,089	0,089	0,089	0,091	0,089	0,089	0,090
10:58:04	37,0	0,130	0,090	0,468	0,091	0,300	0,093	0,222	0,092	0,097	0,090	0,244	0,093	0,092	0,715	0,089	0,681	0,091	0,771	0,090	0,785	0,094	0,797	0,089	0,947	0,935	0,090	0,797	0,091	0,867	0,089	0,996	0,091	0,857	0,090	0,970	0,090	0,091	0,809	0,089	0,742	0,091	0,783	0,092	0,756	0,091	0,823	0,090	0,965	1,217	0,090	1,007	0,091	0,959	0,089	1,034	0,091	1,041	0,090	1,054	0,089	0,090	1,006	0,090	1,102	0,090	0,989	0,089	1,030	0,089	1,093	0,089	1,056	0,091	0,757	0,091	0,665	0,091	0,701	0,090	0,693	0,091	0,766	0,090	0,887	0,090	0,089	0,091	0,091	0,090	0,089	0,089	0,089	0,090	0,089	0,089	0,090
11:08:04	37,0	0,137	0,090	0,493	0,091	0,319	0,093	0,242	0,092	0,099	0,090	0,266	0,094	0,092	0,712	0,090	0,682	0,091	0,780	0,090	0,787	0,094	0,800	0,089	0,943	0,943	0,090	0,804	0,091	0,874	0,090	1,002	0,091	0,864	0,090	0,976	0,090	0,091	0,809	0,089	0,744	0,091	0,786	0,092	0,759	0,091	0,825	0,090	0,971	1,224	0,090	1,017	0,091	0,967	0,089	1,040	0,091	1,048	0,090	1,065	0,089	0,090	1,021	0,090	1,111	0,090	1,006	0,089	1,042	0,089	1,105	0,089	1,072	0,091	0,766	0,091	0,675	0,091	0,710	0,091	0,704	0,092	0,777	0,090	0,898	0,090	0,090	0,091	0,091	0,090	0,089	0,089	0,089	0,090	0,089	0,089	0,090
11:18:04	37,0	0,144	0,090	0,516	0,091	0,337	0,093	0,263	0,092	0,101	0,090	0,289	0,094	0,092	0,724	0,090	0,687	0,091	0,775	0,090	0,791	0,094	0,803	0,090	0,957	0,953	0,090	0,814	0,091	0,884	0,090	1,010	0,091	0,875	0,090	0,988	0,091	0,092	0,813	0,090	0,751	0,092	0,793	0,092	0,767	0,091	0,833	0,090	0,979	1,230	0,090	1,026	0,091	0,979	0,090	1,053	0,091	1,057	0,090	1,078	0,089	0,090	1,035	0,090	1,120	0,090	1,020	0,089	1,055	0,090	1,117	0,089	1,091	0,091	0,778	0,091	0,683	0,091	0,722	0,091	0,713	0,092	0,788	0,090	0,909	0,090	0,090	0,091	0,091	0,090	0,089	0,089	0,089	0,091	0,089	0,089	0,090
11:28:04	37,0	0,152	0,090	0,539	0,091	0,356	0,093	0,285	0,092	0,103	0,090	0,313	0,094	0,092	0,725	0,090	0,690	0,091	0,780	0,090	0,795	0,094	0,809	0,089	0,957	0,959	0,090	0,820	0,091	0,892	0,090	1,014	0,091	0,880	0,090	0,995	0,091	0,092	0,814	0,090	0,754	0,092	0,796	0,092	0,769	0,091	0,837	0,090	0,980	1,233	0,090	1,037	0,091	0,985	0,089	1,057	0,091	1,063	0,090	1,084	0,089	0,091	1,046	0,090	1,127	0,090	1,034	0,090	1,066	0,089	1,127	0,089	1,105	0,091	0,788	0,091	0,690	0,091	0,732	0,091	0,721	0,092	0,798	0,090	0,918	0,090	0,090	0,091	0,091	0,089	0,090	0,090	0,089	0,091	0,089	0,089	0,090
11:38:04	37,0	0,162	0,090	0,555	0,091	0,378	0,093	0,310	0,091	0,106	0,090	0,339	0,093	0,092	0,725	0,090	0,693	0,091	0,783	0,090	0,795	0,094	0,811	0,090	0,971	0,966	0,090	0,829	0,091	0,903	0,090	1,022	0,091	0,893	0,090	1,004	0,090	0,091	0,819	0,089	0,760	0,091	0,801	0,092	0,775	0,091	0,841	0,090	0,990	1,239	0,090	1,042	0,091	0,995	0,089	1,066	0,091	1,072	0,090	1,093	0,089	0,090	1,059	0,090	1,135	0,090	1,047	0,089	1,077	0,089	1,137	0,089	1,120	0,091	0,798	0,091	0,700	0,091	0,743	0,091	0,731	0,091	0,808	0,090	0,929	0,090	0,090	0,091	0,091	0,089	0,089	0,089	0,089	0,090	0,089	0,089	0,090
11:48:04	37,0	0,172	0,089	0,566	0,091	0,400	0,093	0,333	0,092	0,109	0,090	0,364	0,093	0,092	0,723	0,090	0,694	0,091	0,786	0,090	0,794	0,094	0,825	0,090	0,954	0,974	0,090	0,836	0,091	0,910	0,090	1,029	0,091	0,903	0,090	1,010	0,090	0,091	0,823	0,089	0,766	0,091	0,807	0,092	0,780	0,091	0,846	0,090	0,999	1,244	0,090	1,052	0,091	1,004	0,089	1,074	0,091	1,080	0,090	1,103	0,089	0,090	1,069	0,090	1,143	0,090	1,062	0,089	1,087	0,089	1,148	0,089	1,136	0,091	0,811	0,091	0,712	0,091	0,755	0,090	0,742	0,091	0,817	0,090	0,940	0,090	0,090	0,091	0,091	0,090	0,089	0,089	0,089	0,091	0,089	0,089	0,090
11:58:04	37,0	0,184	0,089	0,570	0,090	0,423	0,093	0,359	0,091	0,112	0,090	0,389	0,093	0,091	0,732	0,090	0,701	0,091	0,791	0,090	0,803	0,094	0,824	0,089	0,953	0,982	0,090	0,846	0,091	0,918	0,089	1,035	0,090	0,912	0,090	1,017	0,090	0,091	0,827	0,089	0,772	0,091	0,815	0,092	0,786	0,091	0,852	0,090	1,006	1,248	0,090	1,056	0,090	1,014	0,089	1,081	0,091	1,088	0,090	1,113	0,088	0,090	1,079	0,090	1,151	0,090	1,074	0,089	1,097	0,089	1,158	0,089	1,149	0,091	0,820	0,091	0,721	0,091	0,765	0,090	0,752	0,091	0,829	0,090	0,950	0,090	0,089	0,091	0,091	0,089	0,089	0,089	0,089	0,090	0,089	0,089	0,090
12:08:04	37,0	0,198	0,090	0,572	0,090	0,447	0,093	0,386	0,092	0,116	0,090	0,418	0,093	0,092	0,734	0,090	0,704	0,091	0,804	0,090	0,804	0,094	0,821	0,090	0,968	0,992	0,090	0,857	0,091	0,926	0,090	1,046	0,091	0,921	0,090	1,027	0,091	0,092	0,832	0,090	0,779	0,092	0,823	0,092	0,793	0,091	0,857	0,090	1,018	1,254	0,090	1,065	0,091	1,023	0,089	1,090	0,091	1,097	0,090	1,125	0,089	0,090	1,091	0,090	1,158	0,090	1,086	0,089	1,107	0,089	1,170	0,089	1,164	0,091	0,832	0,091	0,734	0,091	0,778	0,091	0,763	0,092	0,839	0,090	0,961	0,090	0,089	0,091	0,091	0,090	0,089	0,089	0,089	0,091	0,089	0,089	0,090
12:18:04	37,0	0,214	0,090	0,578	0,091	0,469	0,093	0,413	0,092	0,120	0,090	0,448	0,093	0,092	0,739	0,090	0,702	0,091	0,803	0,090	0,807	0,094	0,829	0,089	0,966	0,998	0,090	0,862	0,091	0,930	0,090	1,050	0,091	0,927	0,090	1,032	0,090	0,091	0,833	0,090	0,782	0,092	0,825	0,092	0,796	0,091	0,860	0,090	1,019	1,259	0,090	1,071	0,091	1,028	0,090	1,096	0,091	1,100	0,090	1,129	0,089	0,090	1,099	0,090	1,163	0,091	1,098	0,089	1,117	0,089	1,178	0,089	1,175	0,092	0,841	0,091	0,745	0,091	0,788	0,091	0,775	0,092	0,848	0,090	0,969	0,090	0,090	0,091	0,091	0,090	0,089	0,089	0,089	0,090	0,089	0,089	0,090
12:28:04	37,0	0,230	0,089	0,580	0,091	0,495	0,093	0,439	0,091	0,125	0,090	0,479	0,093	0,091	0,735	0,090	0,702	0,091	0,805	0,090	0,814	0,094	0,824	0,089	0,976	1,004	0,090	0,866	0,091	0,933	0,090	1,056	0,090	0,931	0,090	1,037	0,091	0,091	0,835	0,089	0,782	0,092	0,825	0,092	0,800	0,091	0,862	0,090	1,024	1,261	0,090	1,084	0,091	1,033	0,089	1,100	0,091	1,106	0,090	1,134	0,089	0,090	1,108	0,090	1,169	0,090	1,108	0,089	1,124	0,089	1,185	0,089	1,185	0,091	0,850	0,091	0,756	0,091	0,799	0,091	0,785	0,091	0,857	0,090	0,977	0,090	0,090	0,091	0,091	0,090	0,089	0,089	0,089	0,090	0,089	0,089	0,090
12:38:04	37,0	0,248	0,090	0,585	0,091	0,523	0,093	0,469	0,092	0,131	0,090	0,511	0,094	0,092	0,737	0,090	0,705	0,091	0,801	0,090	0,818	0,094	0,826	0,090	0,974	1,008	0,090	0,872	0,091	0,939	0,090	1,059	0,091	0,936	0,090	1,039	0,091	0,091	0,836	0,090	0,783	0,092	0,827	0,092	0,802	0,091	0,861	0,090	1,024	1,264	0,090	1,090	0,091	1,039	0,090	1,104	0,091	1,111	0,090	1,139	0,089	0,090	1,116	0,090	1,173	0,090	1,115	0,089	1,131	0,090	1,190	0,089	1,193	0,091	0,857	0,091	0,766	0,091	0,807	0,091	0,795	0,092	0,867	0,090	0,984	0,090	0,090	0,091	0,091	0,090	0,090	0,089	0,089	0,090	0,089	0,089	0,090
12:48:04	37,0	0,267	0,090	0,588	0,091	0,548	0,093	0,501	0,092	0,137	0,090	0,545	0,094	0,091	0,739	0,090	0,706	0,091	0,803	0,090	0,817	0,094	0,830	0,090	0,992	1,014	0,090	0,881	0,091	0,947	0,090	1,067	0,091	0,945	0,090	1,049	0,091	0,092	0,840	0,090	0,788	0,092	0,833	0,092	0,807	0,091	0,867	0,090	1,028	1,270	0,090	1,091	0,091	1,048	0,089	1,112	0,091	1,119	0,090	1,147	0,089	0,091	1,124	0,090	1,177	0,090	1,123	0,089	1,139	0,089	1,197	0,089	1,202	0,091	0,864	0,091	0,776	0,091	0,817	0,091	0,806	0,092	0,877	0,090	0,992	0,090	0,089	0,091	0,091	0,090	0,089	0,089	0,089	0,091	0,089	0,089	0,090
12:58:04	37,0	0,286	0,089	0,592	0,091	0,574	0,093	0,534	0,091	0,142	0,089	0,582	0,093	0,091	0,746	0,089	0,709	0,091	0,815	0,090	0,818	0,094	0,836	0,089	0,987	1,022	0,089	0,889	0,091	0,953	0,089	1,076	0,090	0,953	0,090	1,060	0,090	0,091	0,843	0,089	0,794	0,091	0,839	0,092	0,814	0,091	0,872	0,090	1,038	1,274	0,090	1,101	0,091	1,056	0,089	1,121	0,091	1,126	0,090	1,156	0,089	0,090	1,132	0,090	1,182	0,090	1,133	0,089	1,145	0,089	1,204	0,089	1,212	0,091	0,874	0,091	0,786	0,091	0,827	0,090	0,818	0,091	0,887	0,090	1,001	0,090	0,089	0,091	0,091	0,089	0,089	0,089	0,089	0,090	0,089	0,089	0,090
13:08:04	37,0	0,304	0,090	0,598	0,091	0,598	0,093	0,562	0,092	0,151	0,090	0,616	0,093	0,091	0,748	0,090	0,711	0,091	0,824	0,090	0,819	0,094	0,831	0,090	1,009	1,031	0,090	0,895	0,091	0,958	0,090	1,082	0,091	0,960	0,090	1,065	0,091	0,091	0,847	0,089	0,798	0,091	0,842	0,092	0,818	0,091	0,874	0,090	1,044	1,280	0,090	1,108	0,091	1,063	0,089	1,128	0,091	1,133	0,090	1,165	0,089	0,091	1,141	0,090	1,188	0,090	1,139	0,089	1,153	0,089	1,211	0,089	1,221	0,091	0,883	0,091	0,798	0,091	0,837	0,091	0,828	0,091	0,897	0,090	1,010	0,090	0,089	0,091	0,091	0,089	0,090	0,089	0,089	0,090	0,089	0,089	0,090
13:18:04	37,0	0,324	0,090	0,603	0,091	0,614	0,093	0,584	0,092	0,160	0,090	0,643	0,093	0,092	0,749	0,090	0,710	0,091	0,816	0,090	0,823	0,094	0,835	0,090	0,997	1,034	0,090	0,899	0,091	0,961	0,090	1,086	0,090	0,963	0,090	1,071	0,090	0,091	0,847	0,089	0,799	0,092	0,845	0,092	0,819	0,091	0,875	0,090	1,044	1,282	0,090	1,113	0,091	1,066	0,089	1,128	0,091	1,137	0,090	1,167	0,089	0,091	1,146	0,090	1,190	0,090	1,147	0,089	1,157	0,089	1,214	0,089	1,226	0,091	0,891	0,091	0,806	0,091	0,845	0,091	0,838	0,091	0,906	0,090	1,016	0,090	0,090	0,091	0,091	0,090	0,089	0,089	0,089	0,090	0,089	0,089	0,090
13:28:04	37,0	0,345	0,090	0,607	0,091	0,620	0,093	0,603	0,092	0,173	0,090	0,659	0,093	0,091	0,751	0,090	0,714	0,091	0,825	0,090	0,825	0,094	0,840	0,090	0,971	1,038	0,090	0,906	0,091	0,965	0,090	1,092	0,091	0,970	0,090	1,075	0,091	0,092	0,851	0,090	0,801	0,092	0,848	0,092	0,821	0,091	0,877	0,090	1,047	1,286	0,090	1,117	0,091	1,073	0,090	1,134	0,091	1,143	0,090	1,171	0,089	0,091	1,153	0,090	1,193	0,090	1,155	0,089	1,163	0,089	1,217	0,089	1,232	0,091	0,899	0,091	0,814	0,091	0,855	0,091	0,847	0,091	0,916	0,090	1,022	0,091	0,090	0,091	0,091	0,090	0,090	0,090	0,089	0,091	0,089	0,089	0,090
13:38:04	37,0	0,368	0,090	0,613	0,091	0,622	0,093	0,617	0,092	0,187	0,090	0,670	0,093	0,092	0,752	0,090	0,718	0,091	0,822	0,090	0,832	0,094	0,844	0,089	0,980	1,044	0,090	0,911	0,091	0,972	0,090	1,098	0,091	0,976	0,090	1,084	0,090	0,092	0,852	0,090	0,805	0,092	0,849	0,092	0,827	0,091	0,881	0,090	1,053	1,289	0,090	1,125	0,091	1,080	0,089	1,141	0,091	1,148	0,090	1,179	0,089	0,091	1,159	0,090	1,196	0,090	1,161	0,089	1,167	0,089	1,222	0,089	1,238	0,091	0,907	0,091	0,824	0,091	0,861	0,091	0,857	0,092	0,925	0,090	1,029	0,091	0,089	0,091	0,091	0,089	0,090	0,089	0,089	0,091	0,089	0,089	0,090
13:48:04	37,0	0,390	0,090	0,620	0,091	0,624	0,093	0,620	0,092	0,204	0,090	0,674	0,093	0,092	0,752	0,090	0,716	0,091	0,821	0,090	0,826	0,094	0,846	0,089	0,970	1,048	0,090	0,914	0,091	0,973	0,090	1,101	0,091	0,978	0,090	1,086	0,091	0,091	0,852	0,090	0,807	0,092	0,852	0,092	0,826	0,091	0,881	0,090	1,053	1,293	0,090	1,132	0,091	1,083	0,089	1,142	0,091	1,148	0,090	1,182	0,089	0,091	1,164	0,090	1,197	0,090	1,166	0,090	1,171	0,089	1,223	0,089	1,242	0,091	0,913	0,091	0,830	0,091	0,869	0,090	0,864	0,091	0,935	0,090	1,033	0,090	0,089	0,091	0,091	0,090	0,089	0,089	0,089	0,091	0,089	0,089	0,090
13:58:04	37,0	0,413	0,090	0,628	0,091	0,631	0,093	0,633	0,092	0,222	0,090	0,682	0,093	0,091	0,754	0,090	0,718	0,091	0,821	0,090	0,833	0,094	0,849	0,089	0,986	1,056	0,090	0,924	0,091	0,984	0,090	1,109	0,091	0,987	0,090	1,100	0,090	0,091	0,857	0,089	0,814	0,092	0,860	0,092	0,834	0,091	0,888	0,090	1,061	1,296	0,091	1,140	0,091	1,093	0,090	1,151	0,091	1,160	0,090	1,192	0,089	0,091	1,169	0,090	1,201	0,090	1,174	0,089	1,176	0,089	1,229	0,089	1,248	0,091	0,922	0,091	0,841	0,091	0,878	0,090	0,875	0,091	0,945	0,090	1,042	0,090	0,090	0,092	0,091	0,090	0,089	0,089	0,089	0,090	0,089	0,089	0,090
14:08:04	37,0	0,438	0,090	0,636	0,091	0,641	0,093	0,649	0,092	0,241	0,090	0,701	0,093	0,091	0,758	0,090	0,722	0,091	0,825	0,090	0,837	0,094	0,853	0,089	0,988	1,066	0,090	0,934	0,091	0,992	0,090	1,118	0,091	0,996	0,090	1,112	0,091	0,091	0,865	0,090	0,825	0,091	0,870	0,092	0,845	0,091	0,899	0,090	1,072	1,300	0,091	1,148	0,091	1,103	0,089	1,161	0,091	1,169	0,090	1,205	0,089	0,091	1,175	0,090	1,206	0,090	1,180	0,089	1,182	0,089	1,235	0,089	1,256	0,091	0,931	0,091	0,852	0,091	0,888	0,091	0,886	0,092	0,954	0,090	1,051	0,090	0,090	0,091	0,091	0,090	0,089	0,089	0,089	0,091	0,089	0,089	0,090
14:18:04	37,0	0,464	0,090	0,643	0,091	0,645	0,093	0,654	0,092	0,261	0,090	0,707	0,093	0,092	0,763	0,090	0,722	0,091	0,838	0,090	0,841	0,094	0,844	0,090	0,990	1,070	0,090	0,935	0,091	0,992	0,090	1,121	0,091	0,998	0,090	1,111	0,091	0,091	0,865	0,090	0,823	0,091	0,868	0,092	0,844	0,091	0,897	0,090	1,073	1,303	0,091	1,156	0,091	1,105	0,089	1,165	0,091	1,173	0,090	1,205	0,089	0,091	1,180	0,090	1,208	0,091	1,185	0,089	1,185	0,089	1,238	0,089	1,260	0,091	0,938	0,091	0,860	0,091	0,895	0,091	0,895	0,092	0,962	0,090	1,056	0,090	0,090	0,091	0,091	0,090	0,089	0,089	0,089	0,091	0,089	0,089	0,090
14:28:04	37,0	0,490	0,090	0,649	0,091	0,649	0,093	0,662	0,092	0,282	0,090	0,714	0,093	0,092	0,762	0,090	0,719	0,091	0,842	0,090	0,845	0,094	0,851	0,090	0,992	1,077	0,090	0,940	0,091	0,997	0,090	1,126	0,091	1,004	0,090	1,118	0,091	0,091	0,868	0,090	0,825	0,092	0,871	0,092	0,845	0,091	0,899	0,090	1,077	1,306	0,091	1,155	0,091	1,109	0,089	1,169	0,091	1,178	0,090	1,209	0,089	0,091	1,184	0,090	1,210	0,090	1,192	0,089	1,188	0,089	1,240	0,089	1,264	0,091	0,945	0,091	0,866	0,091	0,901	0,091	0,904	0,092	0,971	0,090	1,061	0,090	0,090	0,092	0,091	0,090	0,090	0,089	0,089	0,091	0,089	0,089	0,090
14:38:04	37,0	0,516	0,090	0,656	0,091	0,656	0,093	0,672	0,092	0,306	0,090	0,724	0,093	0,092	0,764	0,090	0,728	0,091	0,839	0,090	0,843	0,094	0,850	0,090	0,988	1,083	0,090	0,946	0,091	1,001	0,090	1,132	0,091	1,008	0,090	1,123	0,091	0,092	0,870	0,090	0,828	0,092	0,872	0,092	0,848	0,091	0,902	0,090	1,081	1,310	0,091	1,164	0,091	1,116	0,090	1,174	0,091	1,182	0,090	1,215	0,089	0,091	1,188	0,090	1,212	0,090	1,197	0,089	1,191	0,089	1,243	0,089	1,268	0,092	0,951	0,091	0,875	0,091	0,909	0,091	0,912	0,092	0,980	0,090	1,067	0,090	0,089	0,091	0,091	0,090	0,090	0,090	0,089	0,091	0,089	0,089	0,090
14:48:04	37,0	0,540	0,090	0,662	0,090	0,663	0,093	0,679	0,092	0,331	0,090	0,733	0,093	0,092	0,768	0,090	0,727	0,091	0,832	0,090	0,845	0,094	0,857	0,089	0,991	1,087	0,090	0,952	0,091	1,004	0,090	1,137	0,091	1,014	0,090	1,128	0,091	0,092	0,874	0,089	0,829	0,091	0,877	0,092	0,850	0,091	0,906	0,090	1,084	1,314	0,090	1,170	0,091	1,121	0,090	1,177	0,091	1,187	0,090	1,221	0,089	0,091	1,191	0,090	1,214	0,091	1,202	0,089	1,194	0,089	1,244	0,089	1,271	0,091	0,956	0,091	0,881	0,091	0,915	0,091	0,920	0,092	0,989	0,090	1,070	0,090	0,090	0,091	0,091	0,090	0,089	0,089	0,089	0,090	0,089	0,089	0,090
14:58:04	37,0	0,565	0,090	0,668	0,091	0,671	0,093	0,692	0,092	0,357	0,090	0,747	0,094	0,092	0,767	0,090	0,729	0,091	0,837	0,090	0,848	0,094	0,859	0,090	1,002	1,095	0,090	0,957	0,091	1,010	0,090	1,143	0,091	1,021	0,090	1,137	0,091	0,092	0,878	0,090	0,834	0,092	0,881	0,092	0,855	0,091	0,908	0,090	1,091	1,316	0,091	1,178	0,091	1,127	0,090	1,182	0,091	1,194	0,090	1,228	0,089	0,091	1,194	0,090	1,218	0,091	1,206	0,089	1,196	0,089	1,248	0,089	1,276	0,091	0,963	0,091	0,889	0,091	0,922	0,091	0,929	0,092	0,998	0,090	1,076	0,091	0,090	0,091	0,091	0,090	0,089	0,090	0,089	0,091	0,089	0,089	0,090
15:08:04	37,0	0,587	0,090	0,674	0,091	0,679	0,093	0,705	0,092	0,387	0,090	0,759	0,093	0,092	0,769	0,090	0,733	0,091	0,848	0,090	0,852	0,094	0,861	0,090	1,000	1,100	0,090	0,962	0,091	1,015	0,090	1,149	0,091	1,026	0,090	1,141	0,091	0,092	0,881	0,090	0,837	0,092	0,883	0,092	0,857	0,091	0,912	0,090	1,095	1,321	0,091	1,179	0,091	1,133	0,090	1,187	0,091	1,196	0,090	1,232	0,089	0,091	1,198	0,090	1,220	0,090	1,210	0,089	1,199	0,090	1,250	0,089	1,279	0,092	0,970	0,091	0,894	0,091	0,928	0,091	0,936	0,091	1,006	0,090	1,081	0,090	0,090	0,091	0,091	0,090	0,089	0,089	0,089	0,091	0,089	0,089	0,090
15:18:04	37,0	0,605	0,090	0,679	0,091	0,688	0,093	0,718	0,092	0,415	0,090	0,772	0,094	0,092	0,770	0,090	0,734	0,091	0,842	0,090	0,854	0,094	0,860	0,090	1,011	1,106	0,090	0,968	0,091	1,022	0,090	1,154	0,091	1,032	0,090	1,151	0,091	0,092	0,884	0,090	0,842	0,092	0,889	0,092	0,863	0,091	0,918	0,090	1,100	1,321	0,091	1,187	0,091	1,139	0,090	1,193	0,091	1,204	0,090	1,239	0,089	0,091	1,202	0,090	1,223	0,091	1,213	0,089	1,202	0,090	1,254	0,089	1,283	0,092	0,976	0,091	0,904	0,091	0,934	0,091	0,944	0,092	1,014	0,090	1,086	0,091	0,090	0,092	0,091	0,090	0,089	0,090	0,089	0,091	0,089	0,089	0,090
15:28:04	37,0	0,618	0,090	0,683	0,091	0,692	0,093	0,724	0,092	0,442	0,090	0,777	0,094	0,092	0,768	0,090	0,730	0,091	0,838	0,090	0,848	0,094	0,861	0,090	1,006	1,108	0,090	0,974	0,091	1,025	0,090	1,158	0,091	1,036	0,090	1,151	0,091	0,092	0,887	0,090	0,845	0,092	0,892	0,092	0,864	0,092	0,919	0,090	1,097	1,324	0,091	1,189	0,091	1,144	0,090	1,196	0,091	1,207	0,090	1,241	0,089	0,091	1,204	0,090	1,224	0,091	1,216	0,090	1,205	0,090	1,254	0,089	1,284	0,091	0,981	0,091	0,909	0,091	0,940	0,091	0,950	0,092	1,020	0,090	1,087	0,091	0,090	0,091	0,091	0,090	0,089	0,090	0,089	0,091	0,089	0,089	0,090
15:38:04	37,0	0,629	0,090	0,687	0,091	0,701	0,093	0,733	0,092	0,470	0,090	0,787	0,093	0,092	0,772	0,090	0,731	0,091	0,838	0,090	0,853	0,094	0,861	0,090	1,012	1,116	0,090	0,981	0,091	1,031	0,090	1,163	0,091	1,042	0,090	1,162	0,090	0,092	0,890	0,090	0,849	0,092	0,897	0,092	0,870	0,091	0,925	0,090	1,102	1,327	0,091	1,196	0,091	1,151	0,089	1,200	0,091	1,212	0,090	1,246	0,089	0,091	1,206	0,090	1,226	0,090	1,219	0,089	1,207	0,090	1,257	0,089	1,287	0,091	0,987	0,091	0,916	0,091	0,946	0,091	0,957	0,091	1,026	0,090	1,092	0,090	0,090	0,091	0,091	0,089	0,090	0,089	0,089	0,090	0,089	0,089	0,090
15:48:04	37,0	0,635	0,090	0,692	0,091	0,707	0,093	0,743	0,092	0,500	0,090	0,796	0,094	0,091	0,774	0,090	0,731	0,091	0,853	0,090	0,848	0,094	0,860	0,089	1,013	1,119	0,090	0,986	0,091	1,037	0,090	1,168	0,090	1,049	0,090	1,166	0,091	0,092	0,895	0,090	0,852	0,092	0,900	0,092	0,873	0,091	0,928	0,090	1,105	1,330	0,091	1,200	0,091	1,156	0,090	1,206	0,091	1,216	0,090	1,251	0,089	0,091	1,210	0,090	1,228	0,090	1,222	0,089	1,210	0,089	1,259	0,089	1,290	0,091	0,992	0,091	0,924	0,091	0,953	0,091	0,965	0,091	1,032	0,090	1,096	0,090	0,090	0,091	0,091	0,090	0,089	0,089	0,089	0,091	0,089	0,089	0,090
15:58:04	37,0	0,634	0,090	0,694	0,091	0,708	0,093	0,741	0,092	0,532	0,089	0,793	0,094	0,092	0,775	0,090	0,734	0,091	0,844	0,090	0,851	0,094	0,861	0,089	1,014	1,120	0,090	0,988	0,091	1,036	0,090	1,169	0,091	1,050	0,090	1,163	0,091	0,092	0,896	0,090	0,849	0,091	0,899	0,092	0,872	0,091	0,925	0,090	1,098	1,329	0,090	1,203	0,091	1,157	0,089	1,206	0,091	1,215	0,090	1,248	0,089	0,091	1,210	0,090	1,228	0,090	1,224	0,089	1,209	0,089	1,257	0,089	1,289	0,091	0,996	0,091	0,926	0,091	0,958	0,091	0,969	0,091	1,035	0,090	1,095	0,090	0,090	0,091	0,091	0,090	0,090	0,090	0,089	0,091	0,089	0,089	0,090
16:08:04	37,0	0,632	0,090	0,698	0,091	0,712	0,093	0,744	0,092	0,565	0,090	0,794	0,094	0,092	0,776	0,090	0,732	0,092	0,846	0,090	0,852	0,095	0,862	0,090	1,012	1,123	0,090	0,992	0,091	1,040	0,090	1,174	0,091	1,053	0,090	1,174	0,091	0,092	0,897	0,090	0,852	0,092	0,902	0,092	0,871	0,092	0,926	0,091	1,099	1,331	0,091	1,210	0,091	1,161	0,090	1,210	0,091	1,220	0,090	1,251	0,089	0,091	1,210	0,090	1,230	0,091	1,223	0,089	1,210	0,090	1,256	0,090	1,289	0,092	1,000	0,091	0,930	0,091	0,960	0,091	0,973	0,092	1,037	0,091	1,096	0,091	0,090	0,091	0,091	0,090	0,089	0,090	0,089	0,091	0,089	0,089	0,090
16:18:04	37,0	0,630	0,090	0,702	0,091	0,715	0,093	0,748	0,092	0,600	0,090	0,799	0,094	0,092	0,772	0,090	0,732	0,091	0,843	0,090	0,853	0,095	0,864	0,090	1,014	1,130	0,090	0,999	0,091	1,046	0,090	1,180	0,091	1,061	0,090	1,174	0,091	0,092	0,900	0,090	0,855	0,092	0,904	0,092	0,873	0,091	0,931	0,090	1,099	1,337	0,091	1,214	0,091	1,167	0,090	1,213	0,091	1,227	0,090	1,256	0,089	0,090	1,212	0,090	1,230	0,090	1,224	0,090	1,211	0,089	1,257	0,089	1,290	0,092	1,004	0,091	0,934	0,091	0,964	0,091	0,978	0,092	1,040	0,090	1,098	0,091	0,090	0,092	0,091	0,090	0,090	0,090	0,089	0,091	0,089	0,089	0,090
16:28:04	37,0	0,628	0,090	0,707	0,091	0,718	0,093	0,750	0,092	0,634	0,090	0,800	0,094	0,092	0,769	0,090	0,728	0,091	0,841	0,090	0,857	0,094	0,858	0,090	1,013	1,135	0,090	1,002	0,091	1,050	0,090	1,184	0,091	1,064	0,090	1,179	0,091	0,092	0,900	0,090	0,856	0,092	0,907	0,092	0,875	0,091	0,932	0,090	1,103	1,337	0,091	1,218	0,091	1,170	0,090	1,218	0,091	1,229	0,090	1,258	0,089	0,091	1,213	0,090	1,231	0,091	1,225	0,090	1,212	0,090	1,257	0,089	1,291	0,092	1,008	0,091	0,941	0,091	0,968	0,091	0,982	0,092	1,043	0,090	1,101	0,090	0,090	0,091	0,091	0,090	0,089	0,089	0,089	0,091	0,089	0,089	0,090
16:38:04	37,0	0,628	0,090	0,711	0,091	0,721	0,093	0,752	0,092	0,667	0,090	0,801	0,094	0,092	0,773	0,090	0,728	0,091	0,843	0,090	0,856	0,094	0,858	0,090	1,013	1,139	0,090	1,006	0,091	1,053	0,090	1,188	0,091	1,067	0,090	1,187	0,091	0,092	0,902	0,090	0,857	0,092	0,909	0,092	0,876	0,091	0,933	0,090	1,103	1,339	0,091	1,221	0,091	1,174	0,089	1,221	0,091	1,230	0,090	1,261	0,089	0,091	1,213	0,090	1,233	0,090	1,225	0,089	1,213	0,089	1,256	0,089	1,291	0,091	1,013	0,091	0,945	0,091	0,972	0,091	0,987	0,092	1,045	0,090	1,102	0,090	0,090	0,091	0,091	0,090	0,089	0,089	0,089	0,091	0,089	0,089	0,090
16:48:04	37,0	0,630	0,090	0,720	0,091	0,726	0,093	0,758	0,092	0,692	0,090	0,807	0,094	0,092	0,773	0,090	0,731	0,091	0,849	0,090	0,853	0,094	0,860	0,090	1,017	1,147	0,090	1,012	0,091	1,059	0,090	1,192	0,091	1,075	0,090	1,193	0,091	0,092	0,904	0,090	0,860	0,092	0,911	0,092	0,880	0,092	0,940	0,091	1,107	1,344	0,091	1,224	0,091	1,179	0,090	1,226	0,091	1,237	0,090	1,264	0,089	0,091	1,216	0,090	1,234	0,091	1,227	0,089	1,215	0,089	1,258	0,089	1,294	0,091	1,018	0,091	0,953	0,091	0,978	0,091	0,992	0,092	1,050	0,090	1,105	0,090	0,090	0,091	0,091	0,089	0,089	0,090	0,089	0,091	0,089	0,089	0,090
16:58:04	37,0	0,633	0,090	0,729	0,091	0,734	0,093	0,767	0,092	0,713	0,090	0,816	0,094	0,092	0,777	0,090	0,727	0,092	0,849	0,090	0,850	0,095	0,863	0,090	1,017	1,155	0,090	1,021	0,091	1,069	0,090	1,200	0,091	1,083	0,090	1,207	0,091	0,092	0,911	0,090	0,871	0,092	0,921	0,092	0,891	0,092	0,950	0,091	1,117	1,347	0,091	1,230	0,091	1,187	0,090	1,234	0,091	1,245	0,090	1,275	0,089	0,091	1,219	0,090	1,239	0,091	1,230	0,090	1,218	0,090	1,263	0,090	1,299	0,092	1,025	0,091	0,962	0,092	0,985	0,091	1,000	0,092	1,056	0,091	1,111	0,091	0,090	0,092	0,091	0,090	0,090	0,090	0,089	0,091	0,089	0,089	0,090
17:08:04	37,0	0,637	0,090	0,735	0,091	0,742	0,093	0,779	0,092	0,728	0,090	0,829	0,093	0,092	0,775	0,090	0,730	0,091	0,852	0,090	0,856	0,095	0,874	0,090	1,021	1,163	0,090	1,032	0,091	1,078	0,090	1,208	0,091	1,094	0,090	1,214	0,091	0,091	0,921	0,090	0,881	0,092	0,931	0,092	0,902	0,091	0,961	0,090	1,127	1,351	0,091	1,236	0,091	1,196	0,090	1,242	0,091	1,253	0,090	1,284	0,089	0,091	1,222	0,090	1,243	0,090	1,233	0,089	1,224	0,089	1,268	0,089	1,304	0,091	1,031	0,091	0,970	0,091	0,993	0,091	1,009	0,092	1,065	0,090	1,119	0,090	0,090	0,091	0,091	0,090	0,089	0,089	0,089	0,091	0,089	0,089	0,090
17:18:04	37,0	0,640	0,090	0,744	0,091	0,751	0,093	0,789	0,092	0,737	0,090	0,837	0,094	0,092	0,782	0,090	0,740	0,091	0,845	0,090	0,849	0,094	0,866	0,090	1,021	1,167	0,090	1,034	0,091	1,082	0,090	1,212	0,091	1,098	0,090	1,220	0,091	0,092	0,926	0,090	0,884	0,092	0,934	0,092	0,904	0,091	0,964	0,090	1,130	1,353	0,091	1,238	0,091	1,198	0,090	1,246	0,091	1,255	0,090	1,285	0,089	0,090	1,224	0,090	1,246	0,091	1,236	0,089	1,227	0,089	1,271	0,089	1,308	0,092	1,037	0,091	0,976	0,091	1,001	0,091	1,018	0,092	1,071	0,090	1,122	0,091	0,090	0,091	0,091	0,090	0,089	0,089	0,089	0,091	0,089	0,089	0,090
17:28:04	37,0	0,644	0,090	0,749	0,091	0,758	0,093	0,793	0,092	0,743	0,090	0,844	0,094	0,092	0,786	0,090	0,736	0,091	0,849	0,090	0,858	0,095	0,859	0,090	1,024	1,170	0,090	1,038	0,091	1,084	0,090	1,215	0,091	1,100	0,090	1,223	0,091	0,092	0,927	0,090	0,883	0,092	0,934	0,092	0,902	0,091	0,963	0,091	1,129	1,356	0,091	1,243	0,091	1,201	0,090	1,249	0,091	1,258	0,090	1,288	0,089	0,091	1,228	0,090	1,248	0,091	1,239	0,090	1,228	0,089	1,273	0,090	1,309	0,092	1,042	0,091	0,982	0,091	1,008	0,091	1,023	0,092	1,076	0,090	1,124	0,091	0,090	0,091	0,091	0,090	0,090	0,090	0,089	0,091	0,089	0,090	0,090
17:38:04	37,0	0,646	0,090	0,753	0,091	0,761	0,093	0,793	0,092	0,746	0,090	0,846	0,094	0,092	0,786	0,090	0,737	0,091	0,860	0,090	0,857	0,094	0,865	0,090	1,024	1,173	0,090	1,040	0,091	1,083	0,090	1,217	0,091	1,103	0,090	1,226	0,091	0,092	0,927	0,090	0,877	0,092	0,933	0,092	0,899	0,092	0,958	0,090	1,129	1,358	0,091	1,243	0,091	1,201	0,090	1,249	0,091	1,259	0,090	1,288	0,089	0,091	1,229	0,090	1,249	0,091	1,242	0,090	1,229	0,090	1,273	0,090	1,309	0,092	1,046	0,091	0,985	0,091	1,012	0,091	1,027	0,092	1,080	0,090	1,125	0,090	0,090	0,091	0,091	0,090	0,090	0,090	0,089	0,091	0,089	0,089	0,090
17:48:04	37,0	0,650	0,090	0,758	0,091	0,767	0,093	0,798	0,092	0,751	0,090	0,850	0,094	0,092	0,784	0,090	0,731	0,091	0,856	0,090	0,855	0,094	0,861	0,090	1,024	1,177	0,090	1,045	0,091	1,087	0,090	1,223	0,091	1,106	0,090	1,232	0,091	0,092	0,926	0,090	0,880	0,092	0,935	0,092	0,901	0,091	0,961	0,090	1,131	1,359	0,091	1,250	0,091	1,207	0,090	1,254	0,091	1,264	0,090	1,292	0,089	0,091	1,230	0,090	1,251	0,091	1,242	0,089	1,230	0,089	1,275	0,089	1,309	0,091	1,049	0,091	0,990	0,091	1,018	0,091	1,032	0,092	1,083	0,090	1,127	0,091	0,090	0,091	0,091	0,090	0,089	0,089	0,089	0,091	0,089	0,089	0,090
17:58:04	37,0	0,656	0,090	0,765	0,091	0,778	0,093	0,809	0,092	0,760	0,090	0,857	0,094	0,092	0,786	0,090	0,738	0,091	0,851	0,090	0,853	0,095	0,868	0,090	1,030	1,183	0,090	1,050	0,091	1,093	0,090	1,227	0,091	1,112	0,090	1,235	0,091	0,092	0,929	0,090	0,883	0,092	0,937	0,092	0,906	0,091	0,965	0,090	1,135	1,362	0,091	1,253	0,091	1,212	0,090	1,258	0,091	1,268	0,090	1,294	0,089	0,091	1,233	0,090	1,254	0,091	1,246	0,090	1,232	0,090	1,278	0,090	1,312	0,092	1,055	0,091	0,997	0,091	1,024	0,091	1,039	0,092	1,087	0,090	1,131	0,091	0,090	0,091	0,091	0,090	0,090	0,090	0,089	0,091	0,089	0,090	0,090
18:08:04	37,0	0,659	0,090	0,769	0,091	0,786	0,093	0,816	0,092	0,770	0,090	0,865	0,094	0,092	0,793	0,090	0,738	0,091	0,860	0,090	0,860	0,094	0,859	0,090	1,028	1,190	0,090	1,055	0,091	1,096	0,090	1,232	0,091	1,116	0,090	1,242	0,091	0,092	0,932	0,090	0,883	0,092	0,943	0,092	0,909	0,091	0,967	0,091	1,139	1,363	0,091	1,256	0,091	1,215	0,090	1,261	0,091	1,272	0,090	1,300	0,089	0,090	1,236	0,090	1,256	0,091	1,246	0,090	1,235	0,089	1,280	0,089	1,314	0,091	1,059	0,091	1,002	0,091	1,030	0,091	1,045	0,092	1,092	0,090	1,135	0,091	0,090	0,091	0,091	0,090	0,089	0,089	0,089	0,091	0,089	0,089	0,090
18:18:04	37,0	0,666	0,090	0,778	0,091	0,799	0,093	0,831	0,092	0,787	0,090	0,877	0,094	0,092	0,790	0,090	0,742	0,091	0,860	0,090	0,859	0,094	0,859	0,090	1,029	1,196	0,090	1,062	0,091	1,105	0,090	1,239	0,091	1,124	0,090	1,250	0,091	0,092	0,937	0,090	0,892	0,092	0,946	0,092	0,916	0,091	0,972	0,090	1,149	1,366	0,091	1,260	0,091	1,222	0,089	1,267	0,091	1,277	0,090	1,309	0,089	0,090	1,240	0,090	1,260	0,090	1,251	0,089	1,239	0,089	1,285	0,089	1,319	0,091	1,064	0,091	1,009	0,091	1,038	0,091	1,052	0,092	1,098	0,090	1,141	0,091	0,090	0,091	0,091	0,089	0,090	0,090	0,089	0,091	0,089	0,089	0,090
18:28:04	37,0	0,673	0,090	0,784	0,091	0,811	0,094	0,841	0,092	0,800	0,090	0,886	0,094	0,092	0,791	0,090	0,743	0,092	0,859	0,091	0,858	0,095	0,863	0,090	1,029	1,202	0,090	1,068	0,091	1,111	0,090	1,245	0,091	1,131	0,090	1,256	0,091	0,092	0,942	0,090	0,897	0,092	0,954	0,093	0,921	0,092	0,978	0,091	1,153	1,368	0,091	1,265	0,091	1,228	0,090	1,272	0,091	1,283	0,090	1,313	0,089	0,091	1,243	0,090	1,263	0,091	1,254	0,090	1,243	0,090	1,288	0,090	1,323	0,092	1,071	0,091	1,017	0,092	1,046	0,091	1,060	0,092	1,104	0,090	1,145	0,091	0,090	0,092	0,091	0,090	0,090	0,090	0,089	0,091	0,089	0,089	0,090
18:38:04	37,0	0,680	0,090	0,792	0,091	0,821	0,093	0,852	0,092	0,814	0,090	0,896	0,094	0,092	0,798	0,090	0,742	0,091	0,860	0,090	0,858	0,095	0,854	0,090	1,031	1,207	0,090	1,073	0,091	1,113	0,090	1,248	0,091	1,134	0,090	1,260	0,091	0,091	0,945	0,090	0,899	0,092	0,955	0,092	0,923	0,091	0,981	0,090	1,156	1,369	0,091	1,268	0,091	1,232	0,090	1,274	0,091	1,287	0,090	1,317	0,089	0,090	1,246	0,090	1,265	0,091	1,255	0,090	1,247	0,090	1,292	0,089	1,326	0,092	1,075	0,091	1,023	0,091	1,053	0,091	1,066	0,092	1,110	0,090	1,148	0,091	0,090	0,092	0,091	0,090	0,090	0,090	0,089	0,091	0,089	0,089	0,090
18:48:04	37,0	0,687	0,090	0,797	0,091	0,833	0,094	0,862	0,092	0,828	0,090	0,905	0,094	0,092	0,795	0,090	0,745	0,091	0,853	0,090	0,858	0,095	0,859	0,090	1,031	1,212	0,090	1,079	0,091	1,121	0,090	1,255	0,091	1,142	0,090	1,267	0,091	0,092	0,950	0,090	0,905	0,092	0,962	0,092	0,930	0,091	0,987	0,091	1,161	1,370	0,091	1,271	0,091	1,237	0,089	1,278	0,091	1,292	0,090	1,321	0,089	0,091	1,249	0,090	1,269	0,091	1,259	0,090	1,250	0,089	1,295	0,090	1,330	0,092	1,080	0,091	1,030	0,091	1,060	0,091	1,073	0,092	1,116	0,090	1,152	0,090	0,090	0,092	0,091	0,090	0,090	0,090	0,089	0,091	0,089	0,089	0,090
18:58:04	37,0	0,693	0,090	0,805	0,091	0,844	0,093	0,871	0,092	0,839	0,090	0,912	0,094	0,092	0,799	0,090	0,747	0,091	0,855	0,090	0,864	0,095	0,858	0,090	1,033	1,217	0,090	1,083	0,091	1,124	0,090	1,258	0,091	1,146	0,090	1,272	0,091	0,092	0,953	0,090	0,907	0,092	0,964	0,092	0,933	0,092	0,990	0,090	1,165	1,373	0,091	1,276	0,091	1,241	0,090	1,281	0,091	1,296	0,090	1,325	0,089	0,091	1,253	0,090	1,271	0,091	1,262	0,090	1,254	0,090	1,298	0,089	1,333	0,092	1,086	0,091	1,036	0,091	1,066	0,091	1,079	0,092	1,121	0,090	1,155	0,091	0,090	0,091	0,091	0,090	0,089	0,090	0,089	0,091	0,089	0,089	0,090
19:08:04	37,0	0,701	0,090	0,813	0,091	0,856	0,093	0,880	0,092	0,853	0,090	0,922	0,093	0,092	0,801	0,090	0,746	0,091	0,864	0,090	0,868	0,094	0,862	0,090	1,035	1,222	0,090	1,090	0,091	1,130	0,090	1,264	0,091	1,152	0,090	1,278	0,090	0,091	0,957	0,090	0,911	0,091	0,968	0,092	0,938	0,091	0,996	0,090	1,171	1,373	0,090	1,277	0,091	1,245	0,090	1,286	0,091	1,300	0,090	1,329	0,089	0,090	1,256	0,090	1,274	0,091	1,265	0,089	1,257	0,090	1,302	0,090	1,336	0,092	1,091	0,091	1,044	0,091	1,073	0,091	1,086	0,092	1,128	0,090	1,159	0,090	0,090	0,091	0,091	0,090	0,089	0,089	0,089	0,091	0,089	0,089	0,090
19:18:04	37,0	0,708	0,090	0,819	0,091	0,860	0,093	0,882	0,092	0,858	0,090	0,923	0,093	0,092	0,802	0,090	0,750	0,091	0,868	0,090	0,864	0,094	0,860	0,090	1,037	1,226	0,090	1,092	0,091	1,132	0,090	1,265	0,091	1,154	0,090	1,280	0,091	0,091	0,957	0,090	0,910	0,091	0,965	0,092	0,937	0,091	0,994	0,090	1,171	1,374	0,090	1,277	0,091	1,247	0,089	1,286	0,091	1,301	0,090	1,328	0,089	0,090	1,258	0,090	1,275	0,090	1,267	0,089	1,258	0,089	1,303	0,089	1,337	0,091	1,095	0,091	1,049	0,091	1,078	0,091	1,090	0,092	1,131	0,090	1,160	0,090	0,090	0,091	0,091	0,090	0,089	0,090	0,089	0,091	0,089	0,089	0,090
19:28:04	37,0	0,708	0,090	0,818	0,091	0,852	0,093	0,869	0,092	0,850	0,090	0,912	0,094	0,092	0,798	0,090	0,746	0,091	0,856	0,090	0,868	0,094	0,864	0,090	1,037	1,225	0,090	1,092	0,091	1,129	0,090	1,266	0,091	1,154	0,090	1,274	0,091	0,092	0,956	0,090	0,905	0,092	0,965	0,092	0,928	0,092	0,986	0,090	1,156	1,375	0,091	1,279	0,091	1,246	0,090	1,282	0,091	1,298	0,090	1,323	0,089	0,091	1,258	0,090	1,273	0,091	1,266	0,089	1,255	0,089	1,299	0,090	1,332	0,091	1,094	0,091	1,050	0,091	1,077	0,091	1,089	0,092	1,130	0,090	1,155	0,090	0,090	0,091	0,091	0,090	0,090	0,089	0,089	0,091	0,089	0,089	0,090
19:38:04	37,0	0,711	0,090	0,821	0,091	0,848	0,094	0,865	0,092	0,849	0,090	0,908	0,094	0,092	0,799	0,090	0,747	0,092	0,858	0,090	0,873	0,094	0,861	0,090	1,038	1,230	0,090	1,095	0,091	1,132	0,090	1,269	0,091	1,159	0,090	1,276	0,091	0,092	0,955	0,090	0,905	0,092	0,963	0,092	0,929	0,091	0,985	0,091	1,155	1,374	0,091	1,281	0,091	1,249	0,090	1,286	0,091	1,301	0,090	1,324	0,089	0,091	1,258	0,090	1,273	0,091	1,265	0,090	1,254	0,090	1,296	0,090	1,329	0,092	1,095	0,091	1,050	0,091	1,078	0,091	1,090	0,092	1,131	0,090	1,153	0,091	0,090	0,092	0,091	0,090	0,090	0,090	0,089	0,091	0,089	0,089	0,090
19:48:04	37,0	0,716	0,090	0,826	0,091	0,858	0,094	0,875	0,092	0,861	0,090	0,919	0,094	0,092	0,801	0,090	0,742	0,091	0,868	0,090	0,869	0,095	0,855	0,090	1,038	1,237	0,090	1,101	0,091	1,138	0,090	1,273	0,091	1,163	0,090	1,291	0,091	0,092	0,959	0,090	0,909	0,092	0,967	0,092	0,936	0,091	0,991	0,091	1,167	1,377	0,091	1,286	0,091	1,254	0,090	1,292	0,091	1,306	0,090	1,331	0,089	0,091	1,260	0,090	1,276	0,091	1,267	0,090	1,256	0,089	1,299	0,089	1,333	0,092	1,099	0,091	1,056	0,091	1,082	0,091	1,096	0,092	1,134	0,090	1,157	0,091	0,090	0,091	0,091	0,090	0,089	0,090	0,089	0,091	0,089	0,089	0,090
19:58:04	37,0	0,718	0,090	0,828	0,091	0,859	0,093	0,876	0,092	0,861	0,090	0,920	0,093	0,092	0,802	0,090	0,746	0,092	0,865	0,090	0,871	0,094	0,858	0,090	1,040	1,240	0,090	1,105	0,091	1,142	0,090	1,278	0,091	1,167	0,090	1,292	0,091	0,092	0,959	0,090	0,911	0,092	0,971	0,092	0,935	0,091	0,992	0,091	1,165	1,378	0,091	1,287	0,091	1,257	0,090	1,294	0,091	1,310	0,090	1,333	0,089	0,091	1,260	0,090	1,276	0,091	1,267	0,089	1,256	0,089	1,299	0,089	1,331	0,092	1,100	0,091	1,059	0,091	1,083	0,091	1,097	0,092	1,134	0,090	1,157	0,091	0,090	0,091	0,091	0,089	0,089	0,090	0,089	0,091	0,089	0,089	0,090
20:08:04	37,0	0,722	0,090	0,833	0,091	0,868	0,093	0,886	0,092	0,870	0,090	0,929	0,093	0,092	0,800	0,090	0,740	0,091	0,865	0,090	0,864	0,094	0,850	0,090	1,042	1,247	0,090	1,112	0,091	1,147	0,090	1,282	0,091	1,173	0,090	1,299	0,091	0,092	0,963	0,089	0,915	0,092	0,974	0,092	0,941	0,091	0,996	0,091	1,172	1,381	0,090	1,288	0,091	1,261	0,089	1,298	0,091	1,313	0,090	1,336	0,089	0,091	1,263	0,090	1,279	0,090	1,269	0,089	1,259	0,089	1,301	0,089	1,334	0,091	1,105	0,091	1,065	0,091	1,087	0,091	1,102	0,092	1,137	0,090	1,161	0,090	0,090	0,091	0,091	0,090	0,089	0,090	0,089	0,091	0,089	0,089	0,090
20:18:04	37,0	0,725	0,090	0,835	0,090	0,870	0,093	0,886	0,092	0,869	0,090	0,929	0,094	0,092	0,803	0,090	0,740	0,091	0,863	0,090	0,870	0,094	0,857	0,090	1,044	1,250	0,090	1,114	0,091	1,149	0,090	1,286	0,091	1,176	0,090	1,299	0,091	0,092	0,965	0,090	0,914	0,092	0,975	0,092	0,940	0,091	0,996	0,090	1,170	1,380	0,091	1,292	0,091	1,262	0,089	1,299	0,091	1,312	0,090	1,338	0,089	0,090	1,264	0,090	1,280	0,090	1,269	0,089	1,261	0,089	1,300	0,089	1,334	0,092	1,106	0,091	1,067	0,091	1,088	0,091	1,103	0,092	1,138	0,090	1,160	0,091	0,090	0,091	0,091	0,090	0,090	0,090	0,089	0,090	0,089	0,089	0,090
20:28:04	37,0	0,726	0,090	0,838	0,091	0,869	0,093	0,885	0,092	0,868	0,090	0,928	0,094	0,092	0,800	0,090	0,741	0,091	0,861	0,090	0,869	0,095	0,850	0,090	1,046	1,253	0,090	1,119	0,091	1,152	0,090	1,287	0,091	1,180	0,090	1,298	0,091	0,092	0,965	0,090	0,914	0,092	0,978	0,092	0,939	0,091	0,994	0,091	1,169	1,379	0,091	1,295	0,091	1,265	0,090	1,300	0,091	1,314	0,090	1,338	0,089	0,091	1,263	0,090	1,279	0,090	1,270	0,089	1,260	0,090	1,299	0,089	1,332	0,092	1,107	0,091	1,068	0,091	1,089	0,091	1,103	0,092	1,139	0,090	1,159	0,091	0,090	0,092	0,091	0,090	0,090	0,090	0,089	0,091	0,089	0,089	0,090
20:38:04	37,0	0,732	0,090	0,842	0,091	0,871	0,093	0,885	0,092	0,870	0,090	0,930	0,094	0,092	0,801	0,090	0,741	0,091	0,862	0,090	0,871	0,095	0,849	0,090	1,049	1,258	0,090	1,122	0,091	1,156	0,090	1,290	0,091	1,185	0,090	1,304	0,091	0,092	0,967	0,090	0,915	0,092	0,978	0,092	0,940	0,092	0,996	0,091	1,170	1,381	0,091	1,297	0,091	1,268	0,090	1,303	0,091	1,317	0,090	1,339	0,089	0,091	1,265	0,090	1,281	0,091	1,268	0,089	1,261	0,090	1,299	0,090	1,331	0,092	1,109	0,091	1,070	0,091	1,091	0,091	1,105	0,092	1,140	0,090	1,159	0,090	0,090	0,092	0,091	0,090	0,090	0,090	0,089	0,091	0,089	0,089	0,090
20:48:04	37,0	0,737	0,090	0,847	0,091	0,877	0,093	0,892	0,092	0,875	0,090	0,935	0,094	0,092	0,799	0,090	0,735	0,091	0,860	0,090	0,867	0,094	0,842	0,090	1,049	1,261	0,090	1,127	0,091	1,160	0,090	1,294	0,090	1,188	0,090	1,316	0,091	0,092	0,969	0,090	0,920	0,092	0,980	0,092	0,945	0,091	0,996	0,090	1,174	1,383	0,091	1,298	0,091	1,269	0,090	1,306	0,091	1,318	0,090	1,340	0,089	0,091	1,266	0,090	1,281	0,090	1,270	0,089	1,263	0,089	1,299	0,089	1,333	0,091	1,111	0,091	1,073	0,091	1,093	0,091	1,107	0,092	1,142	0,090	1,161	0,090	0,090	0,091	0,091	0,090	0,089	0,089	0,089	0,091	0,089	0,089	0,090
20:58:04	37,0	0,744	0,090	0,851	0,091	0,883	0,094	0,898	0,092	0,882	0,090	0,943	0,094	0,092	0,798	0,090	0,736	0,092	0,865	0,091	0,865	0,095	0,842	0,090	1,051	1,267	0,090	1,131	0,091	1,163	0,090	1,298	0,091	1,194	0,090	1,317	0,091	0,092	0,971	0,090	0,922	0,092	0,983	0,093	0,946	0,091	0,999	0,091	1,179	1,383	0,091	1,301	0,091	1,272	0,090	1,308	0,091	1,320	0,090	1,345	0,089	0,091	1,268	0,090	1,284	0,091	1,272	0,090	1,264	0,090	1,302	0,090	1,334	0,092	1,112	0,091	1,076	0,091	1,096	0,091	1,110	0,092	1,144	0,090	1,163	0,091	0,090	0,092	0,091	0,090	0,090	0,090	0,089	0,091	0,089	0,090	0,090
21:08:04	37,0	0,752	0,090	0,857	0,091	0,893	0,093	0,910	0,092	0,897	0,090	0,954	0,094	0,092	0,800	0,090	0,735	0,092	0,868	0,091	0,864	0,095	0,842	0,090	1,054	1,272	0,090	1,137	0,091	1,171	0,090	1,302	0,091	1,198	0,090	1,322	0,091	0,092	0,974	0,090	0,924	0,092	0,985	0,092	0,952	0,092	1,003	0,091	1,187	1,386	0,091	1,303	0,091	1,275	0,090	1,312	0,092	1,324	0,090	1,350	0,089	0,091	1,270	0,090	1,287	0,091	1,275	0,090	1,266	0,090	1,305	0,090	1,338	0,092	1,117	0,091	1,080	0,091	1,099	0,091	1,114	0,092	1,148	0,090	1,168	0,091	0,090	0,092	0,091	0,090	0,090	0,090	0,089	0,091	0,089	0,089	0,090
21:18:04	37,0	0,759	0,090	0,862	0,091	0,902	0,094	0,919	0,092	0,907	0,090	0,962	0,094	0,092	0,799	0,090	0,735	0,092	0,869	0,090	0,864	0,095	0,845	0,090	1,056	1,278	0,090	1,142	0,091	1,175	0,090	1,305	0,091	1,204	0,090	1,326	0,091	0,092	0,977	0,090	0,927	0,092	0,989	0,092	0,954	0,091	1,007	0,091	1,192	1,387	0,091	1,302	0,091	1,279	0,090	1,315	0,091	1,329	0,090	1,353	0,089	0,091	1,272	0,090	1,288	0,091	1,277	0,089	1,269	0,090	1,307	0,090	1,340	0,092	1,120	0,091	1,084	0,092	1,103	0,091	1,118	0,092	1,151	0,090	1,171	0,091	0,090	0,092	0,091	0,090	0,090	0,090	0,089	0,091	0,089	0,089	0,090
21:28:04	37,0	0,764	0,090	0,866	0,091	0,907	0,093	0,923	0,092	0,914	0,090	0,968	0,094	0,092	0,800	0,090	0,734	0,091	0,866	0,090	0,862	0,095	0,844	0,090	1,059	1,281	0,090	1,147	0,091	1,179	0,090	1,309	0,091	1,207	0,090	1,330	0,091	0,092	0,979	0,090	0,931	0,091	0,991	0,092	0,956	0,091	1,009	0,091	1,194	1,387	0,091	1,307	0,091	1,281	0,090	1,316	0,091	1,332	0,090	1,355	0,089	0,091	1,274	0,090	1,290	0,090	1,278	0,089	1,271	0,090	1,308	0,090	1,341	0,092	1,121	0,091	1,086	0,091	1,105	0,091	1,120	0,092	1,153	0,090	1,172	0,090	0,090	0,091	0,091	0,090	0,090	0,090	0,089	0,091	0,089	0,089	0,090
21:38:04	37,0	0,772	0,090	0,874	0,091	0,915	0,094	0,932	0,092	0,922	0,090	0,975	0,094	0,092	0,800	0,090	0,735	0,092	0,866	0,090	0,867	0,095	0,839	0,090	1,063	1,286	0,090	1,153	0,091	1,186	0,090	1,312	0,091	1,213	0,090	1,332	0,091	0,092	0,983	0,090	0,935	0,092	0,993	0,092	0,962	0,092	1,014	0,091	1,198	1,388	0,091	1,307	0,091	1,286	0,090	1,320	0,091	1,333	0,090	1,357	0,089	0,091	1,276	0,090	1,292	0,091	1,280	0,090	1,273	0,090	1,310	0,090	1,344	0,092	1,125	0,091	1,089	0,092	1,110	0,091	1,124	0,092	1,157	0,090	1,174	0,091	0,090	0,092	0,091	0,090	0,090	0,090	0,089	0,091	0,089	0,089	0,090
21:48:04	37,0	0,777	0,090	0,877	0,091	0,920	0,093	0,937	0,092	0,927	0,089	0,979	0,094	0,092	0,801	0,090	0,734	0,091	0,864	0,090	0,861	0,095	0,835	0,090	1,065	1,289	0,090	1,156	0,091	1,189	0,090	1,314	0,091	1,216	0,090	1,337	0,091	0,092	0,986	0,090	0,935	0,092	0,996	0,092	0,963	0,092	1,013	0,091	1,200	1,390	0,091	1,308	0,091	1,288	0,090	1,321	0,091	1,336	0,090	1,357	0,089	0,091	1,277	0,090	1,293	0,091	1,282	0,089	1,274	0,089	1,311	0,089	1,345	0,092	1,126	0,091	1,091	0,091	1,111	0,091	1,126	0,092	1,159	0,090	1,175	0,091	0,090	0,092	0,091	0,090	0,090	0,090	0,089	0,091	0,089	0,089	0,090
21:58:04	37,0	0,789	0,090	0,888	0,091	0,939	0,093	0,955	0,092	0,944	0,090	0,996	0,094	0,092	0,800	0,090	0,733	0,091	0,863	0,090	0,870	0,095	0,836	0,090	1,069	1,294	0,090	1,164	0,091	1,197	0,090	1,319	0,091	1,225	0,090	1,342	0,091	0,092	0,992	0,090	0,944	0,092	1,003	0,092	0,972	0,091	1,022	0,091	1,210	1,389	0,091	1,310	0,091	1,294	0,090	1,325	0,091	1,339	0,090	1,365	0,089	0,090	1,281	0,090	1,295	0,091	1,286	0,090	1,280	0,090	1,317	0,090	1,351	0,091	1,133	0,091	1,097	0,091	1,116	0,091	1,132	0,092	1,165	0,090	1,181	0,091	0,090	0,091	0,091	0,090	0,090	0,089	0,089	0,091	0,089	0,089	0,090
22:08:04	37,0	0,795	0,090	0,893	0,091	0,942	0,094	0,959	0,092	0,948	0,090	0,998	0,094	0,092	0,800	0,090	0,734	0,091	0,866	0,090	0,869	0,095	0,837	0,090	1,073	1,298	0,090	1,168	0,091	1,200	0,090	1,322	0,091	1,228	0,090	1,344	0,091	0,092	0,994	0,090	0,945	0,092	1,004	0,092	0,974	0,091	1,024	0,091	1,210	1,392	0,091	1,310	0,091	1,294	0,090	1,326	0,091	1,340	0,090	1,365	0,089	0,091	1,283	0,090	1,296	0,091	1,288	0,090	1,280	0,089	1,318	0,090	1,351	0,092	1,136	0,091	1,100	0,091	1,121	0,091	1,135	0,092	1,167	0,090	1,182	0,091	0,090	0,091	0,091	0,090	0,090	0,090	0,089	0,091	0,089	0,089	0,090

