Time	T∞ Optical Density:600	A1	A2	A3	A4	A5	A6	A7	A8	A9	A10	A11	A12	B1	B2	B3	B4	B5	B6	B7	B8	B9	B10	B11	B12	C1	C2	C3	C4	C5	C6	C7	C8	C9	C10	C11	C12	D1	D2	D3	D4	D5	D6	D7	D8	D9	D10	D11	D12	E1	E2	E3	E4	E5	E6	E7	E8	E9	E10	E11	E12	F1	F2	F3	F4	F5	F6	F7	F8	F9	F10	F11	F12	G1	G2	G3	G4	G5	G6	G7	G8	G9	G10	G11	G12	H1	H2	H3	H4	H5	H6	H7	H8	H9	H10	H11	H12
0:08:04	37,0	0,101	0,103	0,110	0,169	0,102	0,166	0,145	0,135	0,130	0,186	0,129	0,149	0,122	0,143	0,144	0,135	0,136	0,112	0,124	0,129	0,159	0,104	0,130	0,095	0,133	0,115	0,122	0,141	0,132	0,113	0,167	0,122	0,141	0,134	0,101	0,108	0,119	0,106	0,102	0,105	0,108	0,114	0,121	0,126	0,152	0,119	0,111	0,103	0,127	0,142	0,149	0,128	0,202	0,136	0,141	0,115	0,120	0,150	0,105	0,108	0,138	0,113	0,172	0,117	0,159	0,107	0,143	0,122	0,103	0,097	0,104	0,102	0,148	0,121	0,122	0,133	0,170	0,122	0,125	0,116	0,133	0,132	0,107	0,091	0,115	0,091	0,113	0,092	0,123	0,093	0,124	0,092	0,129	0,091	0,136	0,091
0:18:04	36,9	0,102	0,104	0,112	0,173	0,103	0,155	0,150	0,146	0,133	0,187	0,132	0,138	0,125	0,143	0,144	0,141	0,137	0,113	0,133	0,132	0,173	0,104	0,131	0,096	0,130	0,117	0,132	0,134	0,140	0,113	0,153	0,119	0,155	0,129	0,100	0,109	0,126	0,107	0,102	0,106	0,107	0,117	0,123	0,125	0,150	0,122	0,111	0,104	0,134	0,143	0,145	0,127	0,206	0,134	0,142	0,117	0,120	0,138	0,105	0,111	0,142	0,110	0,158	0,117	0,151	0,109	0,143	0,122	0,105	0,097	0,104	0,103	0,131	0,124	0,126	0,141	0,159	0,123	0,132	0,118	0,136	0,134	0,109	0,091	0,120	0,091	0,117	0,091	0,129	0,093	0,125	0,091	0,133	0,091	0,139	0,091
0:28:04	37,0	0,104	0,107	0,114	0,185	0,104	0,163	0,156	0,159	0,138	0,201	0,137	0,161	0,131	0,147	0,147	0,146	0,141	0,115	0,141	0,135	0,181	0,105	0,134	0,096	0,133	0,118	0,142	0,135	0,145	0,116	0,156	0,122	0,159	0,130	0,102	0,113	0,131	0,109	0,104	0,109	0,108	0,119	0,126	0,128	0,154	0,124	0,113	0,106	0,138	0,149	0,147	0,128	0,210	0,141	0,146	0,120	0,123	0,138	0,107	0,115	0,149	0,111	0,163	0,118	0,156	0,111	0,146	0,127	0,106	0,098	0,109	0,105	0,144	0,127	0,129	0,149	0,156	0,126	0,135	0,120	0,140	0,138	0,110	0,091	0,126	0,091	0,120	0,091	0,133	0,093	0,128	0,091	0,137	0,091	0,143	0,091
0:38:04	37,0	0,107	0,110	0,117	0,207	0,109	0,177	0,166	0,176	0,144	0,248	0,146	0,218	0,140	0,151	0,154	0,153	0,147	0,120	0,152	0,141	0,192	0,107	0,138	0,098	0,138	0,122	0,148	0,142	0,148	0,120	0,167	0,126	0,162	0,138	0,103	0,119	0,137	0,110	0,106	0,111	0,110	0,122	0,131	0,131	0,162	0,127	0,116	0,108	0,143	0,162	0,156	0,131	0,222	0,154	0,154	0,128	0,129	0,146	0,108	0,120	0,160	0,115	0,173	0,123	0,161	0,115	0,151	0,131	0,108	0,100	0,108	0,107	0,154	0,132	0,131	0,158	0,158	0,130	0,138	0,124	0,143	0,143	0,112	0,091	0,132	0,091	0,125	0,091	0,139	0,093	0,133	0,091	0,144	0,091	0,150	0,091
0:48:04	37,0	0,111	0,114	0,122	0,253	0,113	0,195	0,182	0,201	0,155	0,362	0,161	0,296	0,152	0,157	0,162	0,165	0,157	0,124	0,165	0,148	0,207	0,110	0,145	0,099	0,146	0,128	0,156	0,154	0,155	0,127	0,179	0,134	0,167	0,149	0,106	0,126	0,145	0,114	0,110	0,114	0,113	0,127	0,139	0,138	0,171	0,130	0,122	0,111	0,151	0,182	0,171	0,135	0,242	0,176	0,168	0,140	0,137	0,161	0,114	0,129	0,177	0,122	0,188	0,133	0,172	0,122	0,160	0,139	0,112	0,103	0,116	0,111	0,167	0,141	0,136	0,171	0,163	0,137	0,144	0,130	0,148	0,153	0,116	0,090	0,142	0,091	0,133	0,091	0,150	0,093	0,141	0,091	0,155	0,091	0,162	0,091
0:58:04	37,0	0,117	0,121	0,132	0,330	0,120	0,222	0,206	0,234	0,171	0,427	0,182	0,352	0,168	0,183	0,173	0,184	0,170	0,131	0,180	0,163	0,228	0,116	0,154	0,101	0,158	0,136	0,168	0,171	0,164	0,138	0,194	0,145	0,177	0,162	0,110	0,136	0,157	0,118	0,116	0,120	0,118	0,133	0,150	0,143	0,186	0,138	0,129	0,116	0,164	0,208	0,195	0,143	0,267	0,205	0,187	0,157	0,151	0,181	0,124	0,141	0,201	0,131	0,208	0,147	0,186	0,132	0,176	0,152	0,117	0,107	0,131	0,116	0,184	0,152	0,144	0,184	0,171	0,147	0,153	0,140	0,156	0,166	0,123	0,091	0,155	0,091	0,145	0,091	0,167	0,093	0,155	0,091	0,171	0,091	0,179	0,090
1:08:04	37,0	0,125	0,132	0,143	0,389	0,130	0,254	0,238	0,271	0,191	0,483	0,208	0,410	0,189	0,196	0,188	0,211	0,186	0,147	0,201	0,177	0,252	0,124	0,167	0,105	0,176	0,146	0,182	0,196	0,176	0,153	0,211	0,160	0,192	0,179	0,116	0,153	0,173	0,126	0,124	0,128	0,125	0,143	0,166	0,153	0,205	0,146	0,140	0,124	0,180	0,239	0,224	0,153	0,297	0,239	0,213	0,180	0,168	0,203	0,130	0,159	0,231	0,143	0,234	0,167	0,206	0,145	0,196	0,169	0,127	0,113	0,142	0,124	0,209	0,168	0,154	0,203	0,184	0,161	0,166	0,152	0,168	0,181	0,130	0,091	0,174	0,091	0,162	0,091	0,187	0,094	0,173	0,091	0,191	0,091	0,200	0,091
1:18:04	37,0	0,137	0,146	0,160	0,441	0,144	0,293	0,274	0,318	0,216	0,540	0,239	0,466	0,216	0,212	0,208	0,245	0,208	0,157	0,228	0,192	0,285	0,134	0,182	0,110	0,197	0,161	0,199	0,230	0,192	0,172	0,233	0,177	0,211	0,201	0,125	0,174	0,197	0,136	0,136	0,140	0,135	0,157	0,186	0,166	0,231	0,163	0,157	0,134	0,203	0,276	0,260	0,168	0,328	0,278	0,246	0,206	0,192	0,231	0,141	0,182	0,260	0,161	0,267	0,194	0,231	0,164	0,224	0,189	0,140	0,121	0,156	0,134	0,238	0,187	0,170	0,224	0,205	0,179	0,182	0,167	0,185	0,200	0,142	0,091	0,197	0,091	0,183	0,091	0,209	0,094	0,195	0,091	0,217	0,091	0,225	0,090
1:28:04	37,0	0,151	0,170	0,183	0,485	0,164	0,343	0,307	0,369	0,245	0,594	0,274	0,518	0,243	0,236	0,234	0,284	0,233	0,175	0,262	0,208	0,322	0,150	0,205	0,116	0,222	0,179	0,222	0,269	0,214	0,195	0,261	0,199	0,235	0,223	0,138	0,189	0,223	0,153	0,152	0,156	0,149	0,178	0,212	0,181	0,257	0,182	0,178	0,150	0,228	0,314	0,300	0,185	0,361	0,318	0,278	0,235	0,220	0,265	0,158	0,213	0,297	0,185	0,333	0,226	0,260	0,186	0,253	0,215	0,157	0,132	0,176	0,148	0,276	0,214	0,189	0,251	0,221	0,203	0,204	0,187	0,205	0,226	0,159	0,090	0,225	0,091	0,208	0,091	0,239	0,094	0,222	0,091	0,246	0,091	0,255	0,091
1:38:04	37,0	0,171	0,191	0,206	0,534	0,187	0,386	0,346	0,418	0,276	0,643	0,316	0,568	0,269	0,263	0,262	0,337	0,263	0,203	0,300	0,227	0,366	0,173	0,236	0,125	0,247	0,196	0,248	0,310	0,239	0,213	0,291	0,218	0,266	0,247	0,157	0,213	0,246	0,172	0,172	0,177	0,165	0,203	0,235	0,210	0,281	0,208	0,204	0,172	0,254	0,350	0,346	0,207	0,394	0,357	0,309	0,268	0,251	0,293	0,181	0,246	0,337	0,216	0,336	0,264	0,293	0,214	0,279	0,244	0,180	0,148	0,201	0,168	0,315	0,244	0,214	0,282	0,262	0,230	0,228	0,210	0,228	0,256	0,178	0,090	0,253	0,091	0,235	0,091	0,267	0,094	0,253	0,091	0,277	0,091	0,288	0,091
1:48:04	37,0	0,192	0,223	0,234	0,580	0,211	0,433	0,380	0,470	0,305	0,690	0,357	0,616	0,300	0,294	0,293	0,370	0,295	0,232	0,343	0,249	0,409	0,199	0,275	0,136	0,270	0,216	0,276	0,354	0,267	0,239	0,320	0,243	0,297	0,271	0,179	0,238	0,273	0,199	0,195	0,202	0,183	0,231	0,260	0,237	0,307	0,239	0,224	0,202	0,282	0,387	0,400	0,234	0,426	0,394	0,344	0,298	0,287	0,322	0,205	0,282	0,375	0,249	0,377	0,307	0,326	0,243	0,309	0,271	0,205	0,169	0,229	0,193	0,352	0,272	0,240	0,311	0,275	0,260	0,255	0,239	0,256	0,286	0,209	0,090	0,279	0,091	0,262	0,091	0,297	0,094	0,281	0,091	0,309	0,091	0,318	0,090
1:58:04	37,0	0,214	0,260	0,268	0,618	0,242	0,482	0,415	0,523	0,339	0,729	0,399	0,661	0,330	0,323	0,328	0,407	0,330	0,260	0,387	0,270	0,453	0,229	0,321	0,150	0,298	0,240	0,309	0,399	0,295	0,265	0,353	0,272	0,332	0,306	0,200	0,262	0,299	0,230	0,215	0,229	0,199	0,265	0,286	0,268	0,335	0,274	0,250	0,238	0,310	0,427	0,452	0,262	0,457	0,432	0,382	0,329	0,326	0,355	0,236	0,320	0,420	0,283	0,421	0,356	0,360	0,276	0,348	0,306	0,237	0,196	0,268	0,226	0,396	0,303	0,270	0,339	0,303	0,289	0,288	0,267	0,294	0,318	0,243	0,090	0,306	0,091	0,289	0,091	0,327	0,094	0,312	0,091	0,341	0,091	0,350	0,090
2:08:04	37,0	0,242	0,303	0,306	0,663	0,280	0,527	0,451	0,572	0,373	0,766	0,446	0,707	0,369	0,356	0,358	0,436	0,364	0,289	0,429	0,287	0,500	0,259	0,370	0,171	0,326	0,261	0,345	0,447	0,329	0,292	0,390	0,305	0,367	0,334	0,227	0,291	0,321	0,260	0,239	0,261	0,218	0,296	0,307	0,298	0,361	0,304	0,276	0,278	0,339	0,475	0,504	0,293	0,492	0,475	0,421	0,366	0,366	0,397	0,273	0,353	0,465	0,321	0,464	0,415	0,399	0,313	0,390	0,340	0,271	0,229	0,304	0,263	0,450	0,332	0,304	0,369	0,334	0,316	0,324	0,298	0,332	0,351	0,279	0,090	0,332	0,091	0,318	0,091	0,356	0,094	0,343	0,091	0,372	0,091	0,381	0,091
2:18:04	37,0	0,273	0,347	0,344	0,709	0,316	0,572	0,485	0,624	0,416	0,789	0,494	0,752	0,408	0,387	0,383	0,456	0,406	0,317	0,475	0,303	0,550	0,284	0,418	0,196	0,361	0,289	0,380	0,493	0,367	0,327	0,428	0,337	0,404	0,369	0,255	0,326	0,346	0,297	0,267	0,295	0,237	0,330	0,330	0,333	0,384	0,340	0,298	0,316	0,369	0,516	0,551	0,324	0,530	0,517	0,460	0,407	0,412	0,445	0,310	0,396	0,506	0,364	0,502	0,488	0,443	0,351	0,441	0,384	0,311	0,264	0,342	0,303	0,501	0,363	0,363	0,399	0,370	0,345	0,367	0,333	0,387	0,385	0,315	0,090	0,362	0,091	0,347	0,091	0,389	0,094	0,372	0,091	0,404	0,091	0,413	0,090
2:28:04	37,0	0,299	0,395	0,384	0,732	0,354	0,612	0,518	0,667	0,463	0,817	0,540	0,789	0,461	0,420	0,411	0,470	0,447	0,351	0,528	0,323	0,596	0,313	0,471	0,220	0,396	0,324	0,420	0,533	0,411	0,370	0,469	0,378	0,444	0,406	0,282	0,365	0,369	0,329	0,293	0,324	0,251	0,365	0,351	0,366	0,405	0,384	0,321	0,354	0,395	0,547	0,607	0,357	0,555	0,553	0,495	0,452	0,459	0,492	0,352	0,443	0,540	0,408	0,532	0,554	0,473	0,393	0,487	0,438	0,350	0,300	0,375	0,343	0,541	0,395	0,399	0,427	0,406	0,381	0,420	0,373	0,418	0,423	0,359	0,090	0,390	0,091	0,377	0,091	0,419	0,094	0,405	0,091	0,436	0,091	0,443	0,091
2:38:04	37,0	0,326	0,450	0,428	0,757	0,393	0,656	0,554	0,713	0,512	0,833	0,587	0,824	0,510	0,453	0,449	0,483	0,481	0,386	0,578	0,341	0,646	0,344	0,530	0,252	0,425	0,365	0,457	0,574	0,453	0,407	0,505	0,415	0,483	0,446	0,315	0,402	0,389	0,367	0,319	0,359	0,265	0,407	0,372	0,414	0,426	0,430	0,344	0,395	0,429	0,572	0,651	0,398	0,582	0,580	0,541	0,490	0,509	0,527	0,399	0,491	0,573	0,456	0,553	0,599	0,497	0,440	0,520	0,477	0,395	0,340	0,419	0,385	0,569	0,426	0,438	0,458	0,444	0,421	0,470	0,412	0,469	0,454	0,412	0,090	0,415	0,091	0,406	0,091	0,446	0,094	0,432	0,091	0,468	0,091	0,470	0,090
2:48:04	37,0	0,351	0,503	0,468	0,770	0,433	0,688	0,586	0,745	0,563	0,839	0,625	0,849	0,552	0,480	0,480	0,495	0,511	0,422	0,611	0,359	0,679	0,380	0,586	0,287	0,459	0,412	0,496	0,613	0,490	0,445	0,542	0,456	0,515	0,486	0,353	0,444	0,408	0,413	0,346	0,401	0,282	0,450	0,390	0,456	0,446	0,483	0,365	0,443	0,469	0,594	0,678	0,437	0,630	0,600	0,587	0,520	0,560	0,561	0,446	0,532	0,594	0,493	0,573	0,628	0,519	0,474	0,542	0,510	0,453	0,377	0,470	0,434	0,595	0,448	0,469	0,490	0,473	0,458	0,503	0,448	0,504	0,482	0,469	0,090	0,436	0,091	0,432	0,091	0,470	0,094	0,460	0,091	0,497	0,091	0,493	0,090
2:58:04	37,0	0,377	0,556	0,510	0,791	0,469	0,715	0,617	0,776	0,600	0,858	0,664	0,875	0,587	0,502	0,522	0,506	0,540	0,455	0,645	0,378	0,708	0,419	0,628	0,323	0,500	0,454	0,534	0,648	0,532	0,492	0,574	0,483	0,543	0,522	0,394	0,482	0,431	0,462	0,370	0,443	0,295	0,481	0,410	0,492	0,462	0,519	0,385	0,493	0,535	0,615	0,706	0,469	0,670	0,620	0,640	0,550	0,613	0,592	0,496	0,556	0,614	0,516	0,601	0,653	0,545	0,493	0,570	0,544	0,504	0,422	0,515	0,487	0,621	0,477	0,501	0,521	0,497	0,496	0,541	0,481	0,542	0,511	0,512	0,090	0,458	0,091	0,456	0,091	0,495	0,095	0,487	0,091	0,525	0,091	0,518	0,091
3:08:04	37,0	0,397	0,597	0,560	0,807	0,503	0,736	0,647	0,797	0,634	0,870	0,695	0,886	0,614	0,520	0,554	0,513	0,568	0,482	0,676	0,395	0,739	0,443	0,659	0,360	0,538	0,494	0,567	0,670	0,568	0,531	0,608	0,513	0,565	0,547	0,439	0,511	0,449	0,496	0,396	0,466	0,306	0,502	0,428	0,513	0,480	0,542	0,405	0,537	0,611	0,639	0,732	0,493	0,703	0,644	0,683	0,582	0,660	0,620	0,558	0,587	0,636	0,540	0,628	0,676	0,568	0,512	0,588	0,570	0,537	0,470	0,541	0,533	0,638	0,500	0,538	0,554	0,517	0,534	0,574	0,513	0,563	0,534	0,553	0,090	0,478	0,091	0,479	0,091	0,519	0,094	0,512	0,091	0,554	0,091	0,540	0,090
3:18:04	37,0	0,420	0,631	0,597	0,824	0,537	0,758	0,681	0,817	0,664	0,885	0,724	0,901	0,644	0,534	0,585	0,522	0,604	0,508	0,707	0,407	0,759	0,466	0,692	0,400	0,575	0,519	0,594	0,689	0,602	0,556	0,623	0,543	0,579	0,573	0,477	0,538	0,468	0,519	0,419	0,488	0,316	0,520	0,446	0,533	0,497	0,563	0,426	0,563	0,671	0,659	0,746	0,518	0,725	0,663	0,724	0,611	0,693	0,646	0,618	0,617	0,656	0,561	0,658	0,694	0,593	0,531	0,607	0,598	0,575	0,509	0,566	0,569	0,655	0,518	0,573	0,587	0,553	0,568	0,612	0,546	0,587	0,560	0,585	0,090	0,498	0,091	0,500	0,091	0,547	0,094	0,539	0,091	0,584	0,091	0,566	0,090
3:28:04	37,0	0,442	0,658	0,619	0,834	0,571	0,770	0,712	0,831	0,690	0,892	0,750	0,909	0,662	0,547	0,613	0,539	0,630	0,536	0,730	0,423	0,778	0,487	0,719	0,434	0,595	0,538	0,608	0,704	0,622	0,571	0,633	0,571	0,587	0,597	0,508	0,570	0,483	0,538	0,441	0,507	0,328	0,534	0,460	0,555	0,509	0,580	0,444	0,583	0,707	0,678	0,758	0,540	0,744	0,681	0,755	0,637	0,712	0,670	0,662	0,641	0,678	0,578	0,685	0,705	0,618	0,547	0,631	0,626	0,607	0,530	0,590	0,598	0,679	0,535	0,596	0,608	0,578	0,594	0,649	0,576	0,610	0,587	0,619	0,090	0,519	0,091	0,520	0,091	0,571	0,095	0,573	0,091	0,610	0,091	0,593	0,091
3:38:04	37,0	0,464	0,683	0,654	0,853	0,594	0,786	0,743	0,850	0,718	0,909	0,776	0,925	0,684	0,563	0,641	0,545	0,656	0,567	0,756	0,439	0,798	0,507	0,753	0,460	0,623	0,548	0,611	0,718	0,634	0,597	0,644	0,598	0,598	0,623	0,535	0,611	0,499	0,555	0,465	0,523	0,341	0,551	0,473	0,568	0,522	0,598	0,460	0,601	0,737	0,694	0,775	0,560	0,759	0,697	0,785	0,658	0,735	0,684	0,697	0,668	0,704	0,598	0,705	0,716	0,648	0,566	0,651	0,651	0,643	0,547	0,613	0,627	0,701	0,554	0,621	0,624	0,606	0,617	0,677	0,607	0,634	0,608	0,655	0,090	0,542	0,091	0,539	0,091	0,593	0,095	0,612	0,091	0,640	0,091	0,621	0,091
3:48:04	37,0	0,483	0,703	0,674	0,866	0,619	0,798	0,768	0,869	0,743	0,915	0,801	0,939	0,706	0,580	0,667	0,555	0,681	0,597	0,780	0,457	0,821	0,531	0,780	0,485	0,645	0,572	0,613	0,729	0,641	0,614	0,657	0,633	0,608	0,638	0,554	0,644	0,511	0,571	0,487	0,545	0,349	0,564	0,488	0,593	0,530	0,611	0,476	0,618	0,758	0,711	0,783	0,584	0,771	0,711	0,813	0,675	0,751	0,693	0,722	0,688	0,723	0,616	0,727	0,726	0,674	0,581	0,673	0,672	0,665	0,560	0,638	0,654	0,719	0,571	0,644	0,634	0,629	0,636	0,715	0,636	0,661	0,626	0,691	0,090	0,564	0,091	0,557	0,091	0,615	0,095	0,645	0,091	0,661	0,091	0,644	0,091
3:58:04	37,0	0,500	0,722	0,699	0,884	0,641	0,816	0,792	0,885	0,766	0,936	0,827	0,958	0,732	0,599	0,693	0,564	0,714	0,629	0,802	0,493	0,840	0,552	0,809	0,513	0,668	0,602	0,620	0,741	0,656	0,633	0,673	0,658	0,619	0,662	0,568	0,680	0,526	0,586	0,502	0,567	0,357	0,578	0,501	0,613	0,544	0,626	0,488	0,643	0,778	0,726	0,794	0,603	0,785	0,722	0,844	0,691	0,771	0,701	0,748	0,710	0,761	0,629	0,762	0,736	0,703	0,595	0,699	0,693	0,698	0,574	0,666	0,682	0,745	0,586	0,669	0,642	0,652	0,653	0,745	0,665	0,683	0,643	0,731	0,090	0,583	0,091	0,577	0,091	0,634	0,095	0,673	0,091	0,683	0,091	0,665	0,091
4:08:04	37,0	0,517	0,741	0,719	0,887	0,663	0,823	0,809	0,899	0,791	0,936	0,846	0,970	0,758	0,612	0,718	0,577	0,735	0,661	0,815	0,529	0,860	0,578	0,833	0,535	0,685	0,630	0,630	0,764	0,663	0,651	0,695	0,696	0,634	0,689	0,572	0,705	0,535	0,604	0,510	0,582	0,367	0,593	0,511	0,640	0,553	0,638	0,500	0,659	0,786	0,739	0,800	0,626	0,795	0,730	0,868	0,700	0,780	0,706	0,769	0,717	0,788	0,648	0,779	0,742	0,731	0,607	0,724	0,709	0,720	0,584	0,687	0,705	0,772	0,599	0,695	0,653	0,671	0,665	0,783	0,685	0,712	0,649	0,759	0,090	0,602	0,091	0,593	0,091	0,650	0,095	0,691	0,091	0,702	0,091	0,682	0,091
4:18:04	37,0	0,537	0,765	0,745	0,919	0,687	0,852	0,835	0,928	0,825	0,964	0,878	0,997	0,788	0,628	0,750	0,591	0,773	0,701	0,843	0,558	0,884	0,615	0,864	0,569	0,710	0,660	0,637	0,772	0,687	0,680	0,708	0,725	0,647	0,719	0,581	0,730	0,545	0,615	0,515	0,607	0,375	0,606	0,522	0,650	0,561	0,659	0,509	0,679	0,807	0,750	0,815	0,648	0,812	0,745	0,898	0,714	0,799	0,716	0,795	0,737	0,815	0,670	0,801	0,749	0,765	0,625	0,758	0,729	0,750	0,596	0,719	0,728	0,802	0,615	0,730	0,664	0,698	0,675	0,813	0,702	0,737	0,665	0,797	0,090	0,622	0,091	0,611	0,091	0,671	0,095	0,713	0,091	0,724	0,091	0,706	0,091
4:28:04	37,0	0,555	0,787	0,767	0,933	0,709	0,864	0,852	0,946	0,853	0,978	0,896	1,012	0,817	0,641	0,780	0,610	0,795	0,738	0,862	0,589	0,907	0,639	0,889	0,591	0,729	0,695	0,647	0,788	0,697	0,712	0,733	0,763	0,668	0,750	0,586	0,769	0,555	0,631	0,523	0,615	0,384	0,621	0,533	0,673	0,568	0,671	0,519	0,698	0,822	0,758	0,831	0,672	0,826	0,752	0,920	0,725	0,820	0,727	0,816	0,748	0,837	0,690	0,819	0,755	0,793	0,640	0,784	0,741	0,768	0,608	0,743	0,752	0,837	0,632	0,761	0,674	0,720	0,685	0,821	0,722	0,758	0,676	0,827	0,090	0,643	0,091	0,627	0,091	0,690	0,095	0,732	0,091	0,740	0,091	0,726	0,090
4:38:04	37,0	0,575	0,816	0,797	0,960	0,737	0,889	0,882	0,971	0,876	1,010	0,924	1,035	0,847	0,656	0,813	0,628	0,831	0,771	0,889	0,616	0,931	0,676	0,918	0,627	0,763	0,731	0,659	0,811	0,709	0,733	0,748	0,795	0,687	0,777	0,596	0,809	0,564	0,646	0,530	0,638	0,394	0,638	0,547	0,697	0,576	0,685	0,529	0,721	0,839	0,765	0,849	0,695	0,844	0,765	0,947	0,736	0,839	0,735	0,836	0,766	0,860	0,705	0,852	0,766	0,820	0,654	0,811	0,760	0,796	0,624	0,776	0,779	0,874	0,652	0,796	0,678	0,745	0,695	0,840	0,744	0,789	0,698	0,864	0,090	0,665	0,091	0,646	0,091	0,712	0,095	0,752	0,091	0,759	0,091	0,748	0,091
4:48:04	37,0	0,591	0,838	0,811	0,966	0,758	0,901	0,898	0,985	0,906	1,010	0,941	1,041	0,872	0,671	0,833	0,647	0,853	0,800	0,904	0,642	0,950	0,697	0,941	0,676	0,774	0,770	0,672	0,835	0,723	0,763	0,780	0,834	0,714	0,810	0,602	0,837	0,576	0,660	0,538	0,651	0,404	0,645	0,557	0,720	0,582	0,704	0,540	0,732	0,851	0,771	0,864	0,719	0,857	0,768	0,965	0,743	0,858	0,742	0,859	0,773	0,878	0,720	0,877	0,766	0,846	0,669	0,841	0,772	0,815	0,636	0,803	0,805	0,908	0,670	0,824	0,696	0,765	0,703	0,857	0,761	0,809	0,706	0,892	0,090	0,686	0,091	0,662	0,091	0,731	0,095	0,766	0,091	0,773	0,091	0,767	0,091
4:58:04	37,0	0,609	0,863	0,833	0,978	0,783	0,914	0,929	0,998	0,926	1,020	0,960	1,052	0,898	0,688	0,859	0,669	0,878	0,824	0,921	0,665	0,970	0,731	0,965	0,732	0,800	0,809	0,684	0,858	0,741	0,792	0,803	0,860	0,737	0,852	0,610	0,876	0,587	0,675	0,546	0,667	0,415	0,660	0,571	0,738	0,589	0,722	0,550	0,751	0,862	0,774	0,879	0,746	0,871	0,776	0,984	0,750	0,876	0,748	0,882	0,782	0,903	0,739	0,899	0,768	0,876	0,681	0,873	0,788	0,838	0,648	0,833	0,827	0,947	0,689	0,856	0,703	0,792	0,713	0,878	0,780	0,828	0,722	0,925	0,090	0,707	0,091	0,678	0,091	0,753	0,095	0,783	0,091	0,791	0,091	0,787	0,091
5:08:04	37,0	0,629	0,887	0,860	0,999	0,806	0,932	0,963	1,017	0,945	1,036	0,983	1,063	0,925	0,709	0,883	0,691	0,903	0,850	0,940	0,691	0,988	0,771	0,989	0,790	0,826	0,837	0,698	0,882	0,755	0,823	0,825	0,893	0,769	0,876	0,621	0,907	0,599	0,688	0,552	0,679	0,423	0,676	0,584	0,752	0,598	0,739	0,560	0,767	0,874	0,777	0,896	0,768	0,884	0,784	1,002	0,755	0,890	0,755	0,902	0,793	0,929	0,753	0,921	0,769	0,903	0,698	0,901	0,805	0,867	0,658	0,861	0,845	0,981	0,711	0,891	0,720	0,832	0,724	0,903	0,798	0,856	0,737	0,961	0,090	0,729	0,091	0,696	0,091	0,777	0,095	0,800	0,091	0,811	0,091	0,809	0,091
5:18:04	37,0	0,649	0,908	0,879	1,017	0,836	0,953	0,987	1,042	0,969	1,058	1,002	1,082	0,954	0,726	0,914	0,715	0,928	0,875	0,964	0,718	1,009	0,797	1,015	0,836	0,851	0,865	0,713	0,906	0,774	0,852	0,846	0,922	0,790	0,899	0,633	0,935	0,612	0,702	0,560	0,694	0,431	0,692	0,599	0,766	0,607	0,762	0,574	0,785	0,888	0,782	0,917	0,792	0,899	0,790	1,021	0,764	0,910	0,766	0,922	0,810	0,956	0,762	0,945	0,773	0,927	0,713	0,930	0,823	0,900	0,670	0,894	0,870	1,015	0,731	0,929	0,731	0,874	0,740	0,920	0,823	0,878	0,762	0,985	0,090	0,749	0,091	0,716	0,091	0,803	0,095	0,823	0,091	0,835	0,091	0,834	0,091
5:28:04	37,0	0,667	0,931	0,901	1,033	0,866	0,966	0,983	1,058	0,984	1,073	1,016	1,093	0,983	0,751	0,937	0,739	0,945	0,893	0,983	0,738	1,026	0,822	1,039	0,876	0,874	0,895	0,732	0,931	0,794	0,884	0,869	0,964	0,811	0,930	0,648	0,958	0,627	0,716	0,567	0,702	0,441	0,710	0,615	0,783	0,615	0,783	0,588	0,805	0,898	0,787	0,936	0,815	0,909	0,798	1,036	0,769	0,928	0,771	0,943	0,821	0,978	0,770	0,965	0,777	0,949	0,725	0,953	0,842	0,929	0,680	0,918	0,901	1,046	0,751	0,960	0,741	0,905	0,757	0,940	0,848	0,892	0,788	1,009	0,090	0,772	0,091	0,736	0,091	0,826	0,095	0,845	0,091	0,855	0,091	0,854	0,091
5:38:04	37,0	0,684	0,948	0,921	1,054	0,917	0,982	1,017	1,078	1,001	1,086	1,032	1,107	1,009	0,768	0,956	0,761	0,964	0,909	1,004	0,760	1,052	0,849	1,057	0,913	0,899	0,926	0,744	0,953	0,803	0,933	0,889	0,996	0,834	0,961	0,661	0,983	0,640	0,730	0,575	0,712	0,451	0,723	0,628	0,801	0,623	0,799	0,601	0,825	0,909	0,792	0,948	0,833	0,923	0,808	1,052	0,777	0,947	0,779	0,963	0,832	1,002	0,775	0,989	0,778	0,978	0,737	0,970	0,857	0,949	0,690	0,947	0,930	1,072	0,773	0,991	0,753	0,931	0,771	0,969	0,870	0,913	0,814	1,038	0,090	0,798	0,091	0,756	0,091	0,848	0,095	0,867	0,091	0,874	0,091	0,875	0,091
5:48:04	37,0	0,702	0,963	0,929	1,067	0,904	0,998	1,036	1,098	1,014	1,098	1,042	1,118	1,033	0,784	0,973	0,785	0,984	0,928	1,024	0,786	1,062	0,870	1,076	0,944	0,926	0,951	0,755	0,972	0,820	0,951	0,905	1,026	0,861	0,987	0,674	1,006	0,652	0,743	0,584	0,723	0,462	0,737	0,644	0,825	0,632	0,816	0,614	0,839	0,919	0,797	0,966	0,857	0,936	0,813	1,065	0,781	0,963	0,786	0,981	0,842	1,021	0,783	0,999	0,777	1,003	0,748	0,990	0,881	0,966	0,700	0,969	0,948	1,096	0,795	1,009	0,775	0,956	0,781	0,990	0,894	0,940	0,827	1,054	0,090	0,820	0,091	0,776	0,091	0,869	0,095	0,883	0,091	0,894	0,091	0,894	0,091
5:58:04	37,0	0,717	0,979	0,947	1,081	0,954	1,015	1,049	1,116	1,028	1,112	1,056	1,131	1,056	0,807	0,989	0,801	1,000	0,948	1,043	0,807	1,079	0,894	1,095	0,974	0,944	0,977	0,766	0,996	0,842	0,986	0,927	1,053	0,883	1,012	0,689	1,026	0,667	0,756	0,594	0,729	0,473	0,750	0,660	0,840	0,638	0,835	0,628	0,854	0,931	0,802	0,978	0,873	0,949	0,818	1,082	0,790	0,978	0,796	0,997	0,855	1,041	0,789	1,020	0,780	1,026	0,756	1,009	0,897	0,981	0,709	0,986	0,965	1,119	0,819	1,037	0,793	0,977	0,799	1,002	0,914	0,968	0,850	1,079	0,090	0,839	0,091	0,796	0,091	0,889	0,095	0,902	0,091	0,911	0,091	0,916	0,091
6:08:04	37,0	0,733	0,993	0,964	1,094	0,941	1,032	1,062	1,135	1,039	1,126	1,067	1,145	1,078	0,826	1,004	0,825	1,017	0,971	1,058	0,832	1,090	0,915	1,111	0,997	0,959	1,000	0,784	1,010	0,855	0,996	0,946	1,079	0,900	1,036	0,702	1,045	0,679	0,769	0,603	0,741	0,486	0,760	0,678	0,857	0,646	0,852	0,641	0,867	0,941	0,806	0,991	0,894	0,962	0,827	1,093	0,795	0,990	0,804	1,009	0,861	1,058	0,794	1,037	0,782	1,047	0,762	1,029	0,912	0,997	0,717	1,007	0,981	1,137	0,836	1,057	0,805	0,999	0,816	1,024	0,941	0,993	0,862	1,106	0,090	0,860	0,091	0,817	0,091	0,910	0,095	0,922	0,091	0,928	0,091	0,936	0,091
6:18:04	37,0	0,750	1,006	0,979	1,113	0,991	1,051	1,075	1,150	1,056	1,145	1,084	1,161	1,099	0,847	1,021	0,847	1,035	0,984	1,075	0,847	1,101	0,938	1,131	1,024	0,976	1,024	0,798	1,035	0,870	1,014	0,961	1,112	0,919	1,048	0,718	1,066	0,695	0,780	0,612	0,753	0,497	0,773	0,695	0,873	0,658	0,869	0,653	0,882	0,954	0,810	1,001	0,914	0,972	0,835	1,104	0,803	1,004	0,812	1,024	0,871	1,075	0,798	1,052	0,785	1,063	0,769	1,051	0,932	1,016	0,726	1,026	1,001	1,154	0,857	1,083	0,824	1,022	0,835	1,057	0,960	1,017	0,895	1,127	0,090	0,881	0,091	0,840	0,091	0,933	0,095	0,942	0,091	0,950	0,091	0,956	0,091
6:28:04	37,0	0,764	1,023	0,991	1,128	0,977	1,073	1,091	1,171	1,071	1,159	1,103	1,176	1,121	0,868	1,040	0,875	1,046	1,002	1,092	0,874	1,112	0,959	1,151	1,044	0,995	1,048	0,810	1,055	0,885	1,050	0,983	1,124	0,936	1,071	0,736	1,085	0,710	0,793	0,621	0,761	0,509	0,783	0,711	0,884	0,666	0,886	0,673	0,901	0,966	0,817	1,017	0,929	0,984	0,843	1,115	0,812	1,022	0,820	1,041	0,884	1,092	0,805	1,069	0,791	1,085	0,776	1,071	0,945	1,034	0,737	1,044	1,018	1,177	0,876	1,103	0,843	1,044	0,854	1,069	0,981	1,038	0,915	1,141	0,090	0,902	0,091	0,864	0,091	0,956	0,095	0,963	0,091	0,969	0,092	0,976	0,091
6:38:04	37,0	0,778	1,036	1,017	1,142	1,021	1,089	1,105	1,184	1,082	1,171	1,116	1,183	1,141	0,885	1,053	0,895	1,060	1,008	1,105	0,887	1,126	0,980	1,168	1,061	1,008	1,068	0,827	1,069	0,905	1,065	0,996	1,152	0,955	1,090	0,751	1,106	0,726	0,805	0,632	0,769	0,523	0,793	0,725	0,894	0,674	0,897	0,685	0,917	0,976	0,825	1,031	0,949	0,996	0,848	1,125	0,818	1,035	0,827	1,054	0,892	1,106	0,809	1,084	0,792	1,104	0,782	1,087	0,958	1,048	0,743	1,065	1,026	1,194	0,893	1,123	0,858	1,061	0,871	1,089	0,998	1,055	0,932	1,158	0,090	0,919	0,091	0,883	0,091	0,975	0,095	0,982	0,091	0,986	0,091	0,993	0,091
6:48:04	37,0	0,790	1,049	1,019	1,154	1,012	1,105	1,118	1,199	1,094	1,183	1,129	1,194	1,160	0,911	1,067	0,915	1,074	1,028	1,118	0,896	1,139	0,996	1,184	1,077	1,022	1,088	0,839	1,087	0,917	1,096	1,003	1,165	0,967	1,111	0,767	1,120	0,740	0,818	0,641	0,776	0,535	0,803	0,741	0,902	0,682	0,908	0,699	0,925	0,986	0,832	1,042	0,966	1,007	0,852	1,136	0,824	1,050	0,834	1,063	0,903	1,120	0,814	1,099	0,797	1,119	0,789	1,103	0,969	1,061	0,752	1,084	1,044	1,210	0,910	1,146	0,872	1,081	0,887	1,102	1,022	1,072	0,956	1,176	0,090	0,940	0,091	0,902	0,091	0,997	0,095	1,001	0,091	1,008	0,091	1,015	0,091
6:58:04	37,0	0,804	1,062	1,028	1,165	1,046	1,121	1,132	1,207	1,108	1,198	1,141	1,204	1,177	0,924	1,079	0,934	1,086	1,046	1,131	0,911	1,152	1,009	1,200	1,095	1,036	1,107	0,853	1,102	0,929	1,105	1,020	1,190	0,980	1,126	0,781	1,135	0,756	0,825	0,653	0,783	0,546	0,810	0,754	0,916	0,693	0,916	0,714	0,932	0,995	0,833	1,054	0,984	1,018	0,861	1,142	0,826	1,065	0,841	1,079	0,911	1,132	0,820	1,114	0,804	1,133	0,794	1,118	0,983	1,076	0,760	1,098	1,055	1,222	0,929	1,167	0,883	1,091	0,902	1,118	1,042	1,086	0,972	1,189	0,090	0,961	0,091	0,923	0,091	1,018	0,095	1,022	0,091	1,027	0,091	1,031	0,091
7:08:04	37,0	0,816	1,074	1,041	1,172	1,067	1,134	1,140	1,220	1,111	1,205	1,147	1,211	1,192	0,944	1,091	0,954	1,099	1,062	1,142	0,929	1,161	1,034	1,214	1,107	1,048	1,131	0,856	1,119	0,937	1,121	1,030	1,199	0,990	1,147	0,795	1,149	0,772	0,833	0,662	0,791	0,557	0,817	0,772	0,922	0,700	0,928	0,723	0,936	1,006	0,841	1,065	1,000	1,028	0,865	1,152	0,832	1,074	0,849	1,086	0,918	1,147	0,829	1,125	0,806	1,148	0,799	1,131	0,994	1,087	0,764	1,112	1,063	1,233	0,949	1,177	0,899	1,115	0,916	1,140	1,063	1,106	0,996	1,203	0,090	0,981	0,091	0,945	0,091	1,032	0,095	1,037	0,091	1,039	0,091	1,045	0,091
7:18:04	37,0	0,828	1,087	1,054	1,184	1,075	1,153	1,148	1,230	1,123	1,217	1,160	1,225	1,206	0,962	1,104	0,974	1,110	1,087	1,156	0,947	1,171	1,051	1,227	1,124	1,061	1,140	0,872	1,133	0,951	1,137	1,046	1,216	1,005	1,160	0,809	1,166	0,785	0,840	0,673	0,800	0,569	0,822	0,790	0,930	0,709	0,943	0,735	0,942	1,014	0,848	1,076	1,019	1,041	0,875	1,160	0,838	1,082	0,857	1,098	0,928	1,160	0,836	1,139	0,812	1,161	0,805	1,146	1,006	1,102	0,774	1,127	1,079	1,246	0,963	1,194	0,918	1,131	0,931	1,150	1,080	1,124	1,007	1,221	0,090	0,998	0,091	0,968	0,091	1,046	0,095	1,053	0,091	1,056	0,091	1,060	0,091
7:28:04	37,0	0,836	1,096	1,067	1,187	1,073	1,163	1,153	1,237	1,125	1,224	1,163	1,231	1,219	0,979	1,112	0,989	1,121	1,096	1,163	0,960	1,183	1,066	1,238	1,138	1,071	1,158	0,882	1,149	0,961	1,146	1,054	1,224	1,020	1,179	0,823	1,177	0,798	0,847	0,682	0,805	0,578	0,827	0,802	0,936	0,717	0,952	0,748	0,942	1,020	0,853	1,086	1,033	1,050	0,879	1,168	0,843	1,091	0,862	1,107	0,932	1,168	0,843	1,152	0,813	1,176	0,811	1,158	1,017	1,114	0,781	1,142	1,086	1,259	0,976	1,205	0,933	1,143	0,944	1,165	1,099	1,139	1,016	1,232	0,091	1,008	0,091	0,983	0,091	1,056	0,095	1,061	0,091	1,063	0,091	1,069	0,091
7:38:04	37,0	0,846	1,109	1,078	1,193	1,089	1,176	1,159	1,244	1,129	1,230	1,169	1,233	1,231	0,996	1,120	1,002	1,131	1,103	1,172	0,969	1,193	1,079	1,248	1,151	1,076	1,175	0,895	1,162	0,968	1,165	1,064	1,250	1,031	1,190	0,836	1,188	0,811	0,853	0,692	0,810	0,591	0,833	0,817	0,944	0,726	0,958	0,759	0,941	1,029	0,857	1,088	1,049	1,057	0,882	1,173	0,844	1,098	0,869	1,110	0,936	1,181	0,847	1,161	0,818	1,187	0,817	1,170	1,029	1,123	0,788	1,152	1,095	1,267	0,991	1,217	0,946	1,153	0,956	1,181	1,108	1,156	1,035	1,241	0,091	1,022	0,091	0,997	0,091	1,068	0,095	1,071	0,091	1,072	0,091	1,077	0,091
7:48:04	37,0	0,853	1,114	1,087	1,198	1,091	1,187	1,160	1,250	1,133	1,236	1,173	1,236	1,238	1,012	1,127	1,017	1,137	1,117	1,179	0,984	1,199	1,093	1,258	1,161	1,084	1,188	0,901	1,171	0,978	1,175	1,069	1,254	1,039	1,203	0,848	1,199	0,826	0,857	0,703	0,815	0,602	0,837	0,843	0,952	0,734	0,965	0,770	0,943	1,034	0,861	1,094	1,059	1,064	0,888	1,177	0,852	1,102	0,871	1,119	0,943	1,186	0,851	1,173	0,819	1,197	0,824	1,180	1,038	1,136	0,794	1,165	1,105	1,276	1,002	1,226	0,956	1,166	0,970	1,195	1,116	1,167	1,048	1,250	0,090	1,034	0,091	1,009	0,091	1,075	0,095	1,082	0,091	1,079	0,091	1,083	0,091
7:58:04	36,9	0,864	1,127	1,101	1,211	1,107	1,205	1,171	1,262	1,143	1,250	1,183	1,245	1,250	1,025	1,139	1,030	1,150	1,129	1,192	1,000	1,211	1,102	1,268	1,177	1,095	1,203	0,913	1,182	0,982	1,186	1,074	1,259	1,047	1,219	0,857	1,212	0,841	0,862	0,711	0,819	0,614	0,841	0,850	0,955	0,743	0,975	0,780	0,947	1,045	0,863	1,100	1,076	1,075	0,890	1,186	0,855	1,110	0,880	1,121	0,950	1,199	0,858	1,178	0,823	1,205	0,830	1,196	1,049	1,143	0,798	1,172	1,110	1,291	1,017	1,236	0,971	1,181	0,983	1,208	1,133	1,181	1,062	1,258	0,090	1,048	0,091	1,024	0,091	1,088	0,095	1,095	0,091	1,088	0,091	1,096	0,091
8:08:04	37,0	0,874	1,139	1,114	1,221	1,119	1,219	1,178	1,271	1,154	1,263	1,196	1,255	1,262	1,036	1,150	1,045	1,160	1,139	1,207	1,006	1,222	1,116	1,284	1,188	1,106	1,218	0,925	1,194	0,997	1,203	1,083	1,274	1,061	1,229	0,871	1,220	0,856	0,868	0,723	0,825	0,622	0,845	0,867	0,961	0,750	0,982	0,793	0,954	1,055	0,870	1,114	1,092	1,085	0,898	1,196	0,861	1,122	0,887	1,133	0,965	1,211	0,867	1,189	0,827	1,216	0,836	1,204	1,058	1,159	0,809	1,188	1,124	1,303	1,029	1,251	0,982	1,196	0,998	1,219	1,144	1,193	1,081	1,270	0,090	1,060	0,091	1,035	0,091	1,102	0,095	1,110	0,091	1,103	0,091	1,107	0,091
8:18:04	37,0	0,885	1,149	1,125	1,230	1,124	1,231	1,186	1,279	1,161	1,271	1,204	1,266	1,275	1,049	1,160	1,066	1,170	1,139	1,218	1,016	1,234	1,128	1,296	1,197	1,115	1,236	0,937	1,206	1,009	1,218	1,093	1,284	1,064	1,239	0,882	1,232	0,869	0,873	0,734	0,829	0,631	0,849	0,880	0,966	0,762	0,992	0,805	0,959	1,062	0,875	1,122	1,103	1,094	0,904	1,204	0,867	1,127	0,896	1,140	0,977	1,224	0,876	1,199	0,835	1,230	0,841	1,213	1,069	1,165	0,820	1,204	1,137	1,312	1,040	1,265	0,994	1,209	1,010	1,232	1,157	1,203	1,085	1,281	0,090	1,071	0,091	1,049	0,091	1,113	0,095	1,120	0,091	1,111	0,091	1,117	0,091
8:28:04	37,0	0,889	1,153	1,124	1,230	1,131	1,234	1,185	1,282	1,161	1,271	1,203	1,264	1,281	1,060	1,163	1,077	1,176	1,139	1,220	1,024	1,240	1,139	1,300	1,200	1,120	1,248	0,944	1,215	1,017	1,226	1,101	1,298	1,068	1,252	0,892	1,239	0,881	0,876	0,743	0,832	0,641	0,852	0,890	0,973	0,767	0,998	0,819	0,954	1,066	0,881	1,127	1,115	1,096	0,909	1,207	0,869	1,132	0,897	1,147	0,979	1,229	0,879	1,212	0,834	1,236	0,844	1,219	1,074	1,171	0,825	1,209	1,138	1,317	1,044	1,272	0,998	1,214	1,022	1,240	1,168	1,212	1,092	1,288	0,090	1,080	0,091	1,057	0,091	1,121	0,095	1,126	0,091	1,118	0,091	1,124	0,091
8:38:04	37,0	0,896	1,158	1,129	1,234	1,129	1,241	1,188	1,285	1,163	1,274	1,204	1,263	1,290	1,075	1,167	1,089	1,181	1,139	1,226	1,034	1,247	1,148	1,302	1,209	1,122	1,259	0,951	1,224	1,019	1,242	1,102	1,308	1,071	1,263	0,897	1,241	0,894	0,880	0,755	0,831	0,652	0,853	0,899	0,973	0,776	1,007	0,829	0,951	1,069	0,881	1,125	1,123	1,099	0,910	1,210	0,872	1,135	0,902	1,144	0,981	1,233	0,881	1,221	0,834	1,242	0,848	1,229	1,084	1,182	0,827	1,216	1,144	1,322	1,058	1,272	1,004	1,222	1,027	1,251	1,170	1,220	1,101	1,293	0,090	1,085	0,091	1,065	0,091	1,126	0,095	1,133	0,091	1,125	0,091	1,131	0,091
8:48:04	37,0	0,904	1,165	1,136	1,238	1,138	1,250	1,191	1,289	1,168	1,281	1,209	1,268	1,297	1,075	1,174	1,104	1,189	1,141	1,232	1,043	1,254	1,157	1,307	1,219	1,127	1,269	0,954	1,232	1,024	1,253	1,103	1,323	1,077	1,272	0,905	1,251	0,905	0,883	0,765	0,832	0,663	0,855	0,910	0,975	0,783	1,008	0,840	0,949	1,074	0,883	1,130	1,132	1,106	0,914	1,214	0,874	1,139	0,906	1,148	0,986	1,239	0,885	1,227	0,836	1,250	0,851	1,239	1,089	1,188	0,830	1,223	1,150	1,328	1,070	1,278	1,010	1,231	1,032	1,259	1,178	1,230	1,113	1,300	0,091	1,094	0,091	1,071	0,091	1,134	0,095	1,142	0,092	1,133	0,091	1,137	0,091
8:58:04	37,0	0,915	1,175	1,148	1,250	1,145	1,265	1,200	1,300	1,179	1,293	1,222	1,279	1,309	1,091	1,185	1,117	1,195	1,143	1,247	1,055	1,266	1,168	1,317	1,229	1,140	1,282	0,966	1,240	1,032	1,263	1,114	1,321	1,086	1,283	0,915	1,265	0,916	0,887	0,776	0,836	0,671	0,859	0,923	0,981	0,793	1,010	0,850	0,957	1,083	0,887	1,145	1,145	1,115	0,922	1,223	0,876	1,149	0,915	1,161	1,000	1,255	0,896	1,236	0,840	1,262	0,855	1,244	1,097	1,194	0,834	1,231	1,159	1,338	1,071	1,288	1,028	1,247	1,047	1,270	1,186	1,240	1,127	1,307	0,090	1,103	0,091	1,084	0,091	1,146	0,095	1,153	0,091	1,141	0,091	1,147	0,091
9:08:04	37,0	0,920	1,181	1,152	1,252	1,157	1,271	1,204	1,304	1,184	1,298	1,226	1,280	1,313	1,108	1,191	1,129	1,202	1,147	1,254	1,065	1,272	1,178	1,322	1,233	1,145	1,293	0,972	1,245	1,042	1,270	1,123	1,327	1,089	1,293	0,925	1,272	0,926	0,890	0,786	0,838	0,677	0,860	0,930	0,986	0,802	1,015	0,862	0,958	1,087	0,892	1,150	1,154	1,120	0,929	1,230	0,882	1,155	0,920	1,166	1,009	1,262	0,900	1,246	0,844	1,269	0,858	1,252	1,103	1,203	0,837	1,241	1,167	1,343	1,077	1,295	1,035	1,255	1,058	1,277	1,200	1,246	1,131	1,313	0,090	1,110	0,091	1,095	0,091	1,155	0,095	1,159	0,091	1,150	0,092	1,155	0,091
9:18:04	37,0	0,926	1,186	1,157	1,254	1,192	1,277	1,207	1,306	1,185	1,302	1,228	1,284	1,321	1,117	1,196	1,143	1,206	1,148	1,259	1,071	1,278	1,187	1,327	1,239	1,148	1,301	0,976	1,254	1,048	1,282	1,121	1,341	1,095	1,300	0,933	1,278	0,932	0,894	0,795	0,840	0,684	0,862	0,939	0,988	0,810	1,018	0,873	0,955	1,091	0,895	1,154	1,164	1,123	0,932	1,236	0,883	1,159	0,922	1,172	1,014	1,271	0,904	1,252	0,846	1,275	0,862	1,261	1,110	1,206	0,840	1,250	1,173	1,347	1,085	1,300	1,039	1,262	1,066	1,280	1,208	1,252	1,137	1,319	0,090	1,118	0,091	1,103	0,091	1,161	0,095	1,167	0,092	1,157	0,091	1,161	0,091
9:28:04	37,0	0,935	1,192	1,169	1,265	1,162	1,288	1,217	1,312	1,195	1,311	1,237	1,294	1,330	1,127	1,203	1,149	1,216	1,152	1,271	1,081	1,286	1,195	1,336	1,247	1,156	1,313	0,988	1,263	1,054	1,294	1,126	1,342	1,100	1,307	0,939	1,286	0,943	0,896	0,808	0,842	0,692	0,864	0,945	0,986	0,821	1,022	0,877	0,962	1,096	0,895	1,158	1,172	1,129	0,935	1,240	0,886	1,166	0,930	1,179	1,025	1,280	0,911	1,258	0,849	1,280	0,865	1,267	1,119	1,215	0,843	1,258	1,181	1,351	1,095	1,310	1,047	1,269	1,075	1,299	1,221	1,264	1,148	1,323	0,090	1,129	0,091	1,112	0,091	1,169	0,096	1,176	0,091	1,165	0,092	1,170	0,091
9:38:04	37,0	0,941	1,201	1,175	1,269	1,168	1,295	1,222	1,317	1,200	1,316	1,242	1,294	1,337	1,133	1,208	1,156	1,219	1,157	1,277	1,088	1,290	1,204	1,340	1,254	1,162	1,320	0,989	1,270	1,060	1,297	1,130	1,341	1,107	1,314	0,949	1,289	0,952	0,899	0,820	0,844	0,699	0,867	0,952	0,989	0,827	1,025	0,883	0,959	1,101	0,898	1,165	1,179	1,135	0,937	1,247	0,891	1,173	0,931	1,184	1,036	1,288	0,916	1,269	0,854	1,289	0,870	1,274	1,126	1,224	0,847	1,266	1,190	1,354	1,101	1,316	1,052	1,276	1,082	1,308	1,229	1,272	1,158	1,334	0,090	1,135	0,091	1,118	0,091	1,177	0,095	1,183	0,091	1,171	0,092	1,177	0,091
9:48:04	37,0	0,945	1,204	1,177	1,271	1,171	1,298	1,224	1,319	1,202	1,319	1,243	1,297	1,342	1,138	1,212	1,162	1,226	1,162	1,280	1,094	1,296	1,209	1,341	1,257	1,166	1,326	0,995	1,275	1,063	1,302	1,135	1,349	1,112	1,322	0,955	1,299	0,952	0,901	0,830	0,847	0,703	0,868	0,956	0,994	0,837	1,029	0,887	0,952	1,105	0,901	1,170	1,186	1,139	0,945	1,251	0,894	1,176	0,938	1,190	1,041	1,294	0,919	1,273	0,857	1,296	0,872	1,278	1,130	1,226	0,852	1,270	1,197	1,361	1,105	1,319	1,057	1,282	1,088	1,303	1,235	1,274	1,161	1,333	0,090	1,140	0,091	1,129	0,091	1,183	0,096	1,185	0,091	1,176	0,091	1,183	0,091
9:58:04	37,0	0,950	1,210	1,183	1,276	1,175	1,304	1,228	1,323	1,206	1,323	1,247	1,304	1,348	1,143	1,216	1,164	1,232	1,165	1,287	1,099	1,303	1,214	1,343	1,261	1,167	1,333	0,999	1,285	1,067	1,315	1,135	1,362	1,113	1,328	0,962	1,305	0,957	0,904	0,839	0,847	0,709	0,869	0,962	0,993	0,846	1,030	0,890	0,955	1,110	0,906	1,174	1,189	1,144	0,950	1,255	0,899	1,180	0,943	1,193	1,048	1,299	0,924	1,277	0,859	1,302	0,875	1,285	1,136	1,233	0,854	1,279	1,203	1,363	1,113	1,321	1,065	1,287	1,092	1,308	1,232	1,280	1,174	1,340	0,090	1,147	0,091	1,136	0,091	1,188	0,095	1,193	0,092	1,182	0,091	1,187	0,091
10:08:04	37,0	0,955	1,216	1,187	1,277	1,178	1,309	1,230	1,327	1,209	1,328	1,248	1,304	1,353	1,151	1,219	1,170	1,235	1,171	1,291	1,102	1,308	1,221	1,345	1,265	1,171	1,340	1,002	1,286	1,071	1,313	1,135	1,370	1,115	1,334	0,971	1,308	0,964	0,905	0,847	0,850	0,714	0,870	0,966	0,998	0,854	1,030	0,896	0,956	1,113	0,907	1,178	1,193	1,149	0,952	1,258	0,903	1,186	0,947	1,198	1,057	1,305	0,929	1,283	0,863	1,306	0,878	1,289	1,140	1,237	0,858	1,282	1,208	1,369	1,120	1,327	1,074	1,294	1,099	1,315	1,246	1,285	1,174	1,342	0,091	1,150	0,091	1,142	0,092	1,192	0,096	1,200	0,092	1,187	0,092	1,193	0,091
10:18:04	37,0	0,961	1,221	1,193	1,284	1,184	1,314	1,235	1,331	1,214	1,331	1,254	1,309	1,356	1,154	1,225	1,176	1,240	1,173	1,298	1,104	1,312	1,226	1,350	1,269	1,177	1,347	1,010	1,291	1,078	1,322	1,141	1,370	1,120	1,340	0,977	1,316	0,969	0,908	0,854	0,852	0,717	0,872	0,971	0,994	0,862	1,032	0,897	0,955	1,116	0,909	1,180	1,200	1,152	0,955	1,263	0,905	1,191	0,953	1,204	1,065	1,312	0,934	1,289	0,864	1,311	0,882	1,296	1,147	1,242	0,861	1,292	1,215	1,372	1,127	1,332	1,077	1,298	1,104	1,322	1,253	1,293	1,186	1,346	0,090	1,157	0,091	1,150	0,091	1,198	0,095	1,205	0,091	1,193	0,091	1,199	0,091
10:28:04	37,0	0,965	1,225	1,198	1,286	1,186	1,318	1,238	1,335	1,218	1,335	1,256	1,312	1,361	1,158	1,229	1,181	1,244	1,177	1,302	1,108	1,316	1,232	1,353	1,273	1,180	1,352	1,010	1,297	1,085	1,331	1,144	1,374	1,125	1,345	0,983	1,319	0,976	0,910	0,861	0,854	0,719	0,874	0,975	0,996	0,869	1,032	0,901	0,955	1,119	0,913	1,187	1,204	1,157	0,960	1,268	0,909	1,196	0,955	1,209	1,071	1,319	0,939	1,293	0,869	1,316	0,885	1,301	1,152	1,248	0,865	1,297	1,221	1,375	1,131	1,335	1,084	1,303	1,111	1,328	1,260	1,298	1,192	1,352	0,091	1,163	0,091	1,156	0,091	1,204	0,095	1,209	0,092	1,200	0,092	1,205	0,091
10:38:04	37,0	0,972	1,229	1,202	1,289	1,188	1,320	1,240	1,336	1,217	1,336	1,258	1,313	1,365	1,163	1,232	1,182	1,248	1,181	1,307	1,109	1,321	1,234	1,356	1,274	1,182	1,358	1,013	1,301	1,089	1,332	1,148	1,381	1,121	1,351	0,987	1,326	0,978	0,913	0,866	0,856	0,723	0,876	0,977	0,997	0,873	1,036	0,904	0,954	1,121	0,914	1,189	1,207	1,158	0,963	1,271	0,912	1,198	0,962	1,212	1,076	1,323	0,943	1,299	0,870	1,322	0,889	1,305	1,158	1,251	0,869	1,304	1,228	1,380	1,137	1,341	1,085	1,308	1,117	1,338	1,261	1,302	1,196	1,357	0,090	1,168	0,091	1,161	0,091	1,208	0,095	1,215	0,092	1,206	0,091	1,210	0,091
10:48:04	37,0	0,975	1,233	1,204	1,289	1,189	1,324	1,240	1,338	1,217	1,338	1,258	1,316	1,367	1,167	1,234	1,184	1,250	1,183	1,308	1,111	1,324	1,238	1,354	1,277	1,184	1,362	1,017	1,304	1,088	1,338	1,146	1,383	1,125	1,354	0,991	1,330	0,980	0,915	0,872	0,858	0,725	0,877	0,981	0,999	0,878	1,036	0,907	0,951	1,124	0,919	1,193	1,208	1,161	0,966	1,272	0,912	1,201	0,964	1,216	1,075	1,326	0,946	1,305	0,872	1,325	0,891	1,309	1,162	1,256	0,873	1,307	1,234	1,382	1,143	1,342	1,090	1,312	1,121	1,340	1,266	1,305	1,200	1,359	0,091	1,172	0,091	1,167	0,091	1,211	0,096	1,218	0,092	1,209	0,092	1,212	0,091
10:58:04	37,0	0,981	1,237	1,208	1,292	1,192	1,327	1,242	1,341	1,222	1,343	1,261	1,318	1,369	1,168	1,238	1,187	1,256	1,187	1,312	1,113	1,329	1,243	1,357	1,280	1,185	1,367	1,020	1,308	1,092	1,339	1,148	1,388	1,127	1,357	0,996	1,334	0,985	0,917	0,875	0,861	0,728	0,878	0,986	1,005	0,881	1,035	0,908	0,954	1,125	0,921	1,194	1,210	1,166	0,970	1,277	0,917	1,206	0,973	1,223	1,078	1,331	0,949	1,309	0,878	1,330	0,895	1,313	1,168	1,259	0,878	1,313	1,238	1,385	1,149	1,345	1,097	1,316	1,127	1,341	1,270	1,310	1,211	1,360	0,090	1,176	0,091	1,172	0,091	1,215	0,096	1,224	0,092	1,214	0,092	1,216	0,091
11:08:04	37,0	0,985	1,239	1,213	1,295	1,194	1,331	1,243	1,343	1,225	1,344	1,264	1,319	1,373	1,171	1,241	1,189	1,258	1,188	1,318	1,114	1,334	1,246	1,358	1,283	1,188	1,368	1,024	1,315	1,096	1,340	1,150	1,388	1,130	1,360	0,999	1,336	0,993	0,918	0,879	0,862	0,730	0,880	0,987	1,007	0,883	1,034	0,912	0,950	1,129	0,922	1,199	1,215	1,169	0,974	1,282	0,920	1,209	0,977	1,226	1,085	1,337	0,955	1,312	0,879	1,336	0,899	1,317	1,173	1,264	0,881	1,319	1,245	1,386	1,154	1,349	1,101	1,319	1,131	1,349	1,274	1,316	1,214	1,368	0,090	1,182	0,091	1,178	0,091	1,221	0,096	1,231	0,092	1,221	0,092	1,221	0,091
11:18:04	37,0	0,988	1,243	1,215	1,296	1,194	1,331	1,244	1,345	1,222	1,347	1,260	1,320	1,374	1,173	1,242	1,190	1,258	1,187	1,318	1,112	1,333	1,248	1,358	1,282	1,191	1,370	1,021	1,313	1,097	1,349	1,146	1,389	1,128	1,367	1,000	1,342	0,995	0,918	0,882	0,863	0,730	0,879	0,990	1,001	0,886	1,037	0,913	0,944	1,129	0,928	1,202	1,216	1,173	0,980	1,283	0,920	1,213	0,977	1,226	1,086	1,339	0,956	1,316	0,880	1,340	0,901	1,320	1,174	1,268	0,883	1,319	1,248	1,389	1,158	1,349	1,103	1,323	1,137	1,349	1,276	1,316	1,215	1,365	0,090	1,185	0,091	1,182	0,092	1,225	0,096	1,232	0,092	1,224	0,092	1,223	0,091
11:28:04	37,0	0,990	1,246	1,211	1,294	1,193	1,330	1,238	1,345	1,223	1,348	1,257	1,319	1,375	1,173	1,241	1,189	1,260	1,188	1,317	1,111	1,335	1,248	1,351	1,283	1,187	1,373	1,018	1,315	1,097	1,351	1,146	1,401	1,128	1,367	1,002	1,348	0,995	0,919	0,883	0,864	0,731	0,876	0,994	1,003	0,882	1,035	0,915	0,939	1,128	0,928	1,200	1,215	1,174	0,983	1,282	0,922	1,212	0,979	1,233	1,081	1,339	0,958	1,319	0,880	1,342	0,903	1,323	1,179	1,272	0,884	1,323	1,251	1,387	1,159	1,348	1,107	1,322	1,138	1,342	1,276	1,319	1,218	1,369	0,090	1,187	0,091	1,188	0,091	1,226	0,095	1,236	0,092	1,228	0,092	1,220	0,091
11:38:04	37,0	0,993	1,250	1,219	1,296	1,195	1,335	1,243	1,346	1,224	1,348	1,261	1,322	1,377	1,176	1,244	1,192	1,262	1,191	1,320	1,112	1,338	1,251	1,355	1,285	1,190	1,373	1,017	1,318	1,096	1,351	1,145	1,396	1,129	1,370	1,004	1,348	0,999	0,919	0,884	0,865	0,733	0,877	0,994	1,006	0,888	1,035	0,917	0,937	1,131	0,930	1,207	1,213	1,178	0,986	1,286	0,921	1,215	0,983	1,232	1,083	1,347	0,960	1,322	0,883	1,345	0,904	1,328	1,182	1,274	0,888	1,324	1,255	1,391	1,166	1,351	1,111	1,329	1,142	1,349	1,275	1,327	1,229	1,371	0,090	1,192	0,091	1,194	0,091	1,230	0,095	1,240	0,092	1,233	0,092	1,224	0,091
11:48:04	37,0	0,998	1,251	1,222	1,301	1,200	1,340	1,246	1,348	1,229	1,350	1,266	1,327	1,382	1,175	1,249	1,194	1,267	1,191	1,328	1,112	1,345	1,253	1,362	1,288	1,194	1,377	1,020	1,322	1,102	1,361	1,148	1,399	1,131	1,375	1,010	1,350	1,004	0,921	0,887	0,866	0,734	0,878	0,998	1,002	0,889	1,035	0,918	0,945	1,136	0,932	1,210	1,218	1,180	0,990	1,292	0,930	1,222	0,988	1,240	1,092	1,352	0,965	1,325	0,887	1,348	0,908	1,332	1,188	1,278	0,892	1,330	1,263	1,397	1,172	1,358	1,113	1,334	1,148	1,362	1,284	1,329	1,231	1,373	0,090	1,195	0,091	1,198	0,091	1,234	0,096	1,246	0,092	1,237	0,092	1,229	0,091
11:58:04	37,0	1,000	1,256	1,224	1,301	1,201	1,341	1,246	1,351	1,229	1,353	1,265	1,326	1,383	1,177	1,250	1,194	1,268	1,191	1,328	1,110	1,345	1,253	1,364	1,288	1,196	1,381	1,020	1,323	1,103	1,357	1,147	1,398	1,129	1,377	1,011	1,352	1,005	0,920	0,888	0,867	0,734	0,876	1,000	1,005	0,890	1,034	0,920	0,939	1,136	0,934	1,212	1,216	1,182	0,992	1,295	0,932	1,225	0,988	1,241	1,096	1,354	0,966	1,327	0,886	1,352	0,909	1,333	1,191	1,280	0,896	1,337	1,266	1,397	1,174	1,360	1,117	1,336	1,151	1,367	1,289	1,335	1,237	1,375	0,091	1,199	0,091	1,203	0,091	1,238	0,096	1,249	0,092	1,241	0,091	1,231	0,091
12:08:04	37,0	1,002	1,258	1,226	1,304	1,202	1,344	1,249	1,351	1,232	1,355	1,268	1,329	1,386	1,177	1,253	1,194	1,272	1,192	1,331	1,110	1,351	1,253	1,367	1,286	1,197	1,383	1,024	1,324	1,106	1,358	1,151	1,395	1,131	1,380	1,014	1,353	1,010	0,921	0,891	0,870	0,735	0,876	1,003	1,003	0,892	1,037	0,922	0,942	1,138	0,937	1,218	1,219	1,185	0,994	1,297	0,936	1,228	0,990	1,245	1,099	1,357	0,970	1,331	0,892	1,355	0,912	1,337	1,196	1,284	0,899	1,340	1,270	1,397	1,179	1,362	1,119	1,340	1,156	1,368	1,290	1,336	1,240	1,379	0,091	1,202	0,091	1,210	0,092	1,240	0,096	1,253	0,092	1,244	0,092	1,234	0,091
12:18:04	36,9	1,000	1,260	1,223	1,300	1,200	1,342	1,245	1,353	1,229	1,358	1,265	1,329	1,380	1,175	1,252	1,192	1,271	1,190	1,329	1,107	1,349	1,253	1,364	1,285	1,196	1,383	1,017	1,327	1,106	1,361	1,148	1,402	1,133	1,380	1,014	1,356	1,011	0,921	0,891	0,871	0,734	0,874	1,003	1,001	0,892	1,034	0,922	0,930	1,138	0,943	1,220	1,218	1,188	0,995	1,299	0,938	1,231	0,987	1,247	1,095	1,359	0,971	1,331	0,889	1,355	0,914	1,339	1,197	1,284	0,899	1,341	1,271	1,397	1,181	1,361	1,123	1,342	1,160	1,367	1,295	1,338	1,239	1,380	0,090	1,204	0,091	1,213	0,091	1,243	0,096	1,252	0,092	1,245	0,092	1,232	0,091
12:28:04	37,0	1,002	1,260	1,221	1,300	1,198	1,343	1,244	1,354	1,230	1,357	1,264	1,331	1,383	1,173	1,253	1,191	1,272	1,189	1,331	1,106	1,353	1,252	1,362	1,285	1,196	1,389	1,020	1,330	1,106	1,361	1,150	1,403	1,131	1,381	1,016	1,358	1,012	0,919	0,892	0,871	0,735	0,872	1,007	1,000	0,891	1,035	0,924	0,932	1,139	0,946	1,222	1,216	1,190	0,995	1,301	0,939	1,231	0,990	1,250	1,095	1,359	0,974	1,333	0,893	1,357	0,916	1,341	1,200	1,287	0,905	1,342	1,275	1,398	1,185	1,360	1,126	1,342	1,163	1,365	1,293	1,340	1,246	1,382	0,090	1,206	0,091	1,216	0,091	1,244	0,096	1,254	0,092	1,248	0,092	1,233	0,091
12:38:04	37,0	1,003	1,264	1,223	1,303	1,196	1,345	1,243	1,353	1,232	1,359	1,264	1,328	1,384	1,173	1,254	1,192	1,272	1,188	1,331	1,106	1,355	1,252	1,362	1,283	1,198	1,389	1,020	1,331	1,106	1,365	1,149	1,407	1,130	1,384	1,018	1,361	1,014	0,919	0,891	0,872	0,734	0,871	1,009	0,999	0,891	1,035	0,924	0,932	1,139	0,946	1,224	1,217	1,193	0,994	1,302	0,941	1,234	0,991	1,251	1,092	1,361	0,975	1,336	0,893	1,358	0,918	1,343	1,204	1,289	0,906	1,343	1,277	1,397	1,188	1,362	1,130	1,344	1,165	1,363	1,296	1,343	1,249	1,383	0,091	1,208	0,091	1,223	0,091	1,245	0,096	1,254	0,092	1,249	0,092	1,233	0,091
12:48:04	37,0	1,004	1,268	1,226	1,303	1,196	1,347	1,243	1,353	1,232	1,357	1,264	1,329	1,383	1,171	1,254	1,191	1,275	1,189	1,334	1,104	1,356	1,252	1,362	1,282	1,199	1,388	1,017	1,333	1,109	1,369	1,145	1,408	1,129	1,386	1,019	1,360	1,017	0,919	0,892	0,872	0,733	0,871	1,011	0,999	0,893	1,033	0,926	0,931	1,140	0,949	1,223	1,215	1,195	0,995	1,305	0,941	1,238	0,992	1,255	1,097	1,362	0,975	1,337	0,895	1,360	0,919	1,345	1,207	1,292	0,909	1,347	1,281	1,399	1,192	1,363	1,135	1,348	1,171	1,368	1,298	1,346	1,254	1,381	0,091	1,210	0,091	1,228	0,091	1,248	0,096	1,257	0,092	1,250	0,092	1,234	0,091
12:58:04	37,0	1,006	1,269	1,226	1,303	1,195	1,348	1,244	1,355	1,232	1,360	1,264	1,329	1,385	1,170	1,256	1,190	1,277	1,189	1,336	1,104	1,357	1,252	1,364	1,280	1,199	1,390	1,018	1,333	1,108	1,372	1,146	1,409	1,131	1,386	1,020	1,362	1,019	0,918	0,891	0,873	0,733	0,871	1,012	1,000	0,894	1,033	0,926	0,932	1,142	0,950	1,227	1,216	1,196	0,996	1,307	0,943	1,240	0,993	1,255	1,101	1,365	0,978	1,337	0,898	1,362	0,922	1,345	1,212	1,294	0,912	1,351	1,286	1,400	1,194	1,364	1,139	1,350	1,175	1,370	1,298	1,347	1,258	1,386	0,091	1,210	0,091	1,232	0,091	1,249	0,096	1,259	0,092	1,253	0,092	1,236	0,091
13:08:04	37,0	1,006	1,268	1,225	1,305	1,194	1,347	1,241	1,355	1,231	1,360	1,261	1,326	1,388	1,170	1,255	1,185	1,276	1,189	1,335	1,102	1,357	1,252	1,360	1,278	1,197	1,388	1,019	1,333	1,107	1,372	1,147	1,406	1,129	1,386	1,021	1,367	1,020	0,917	0,893	0,872	0,732	0,869	1,013	0,998	0,893	1,032	0,925	0,927	1,141	0,951	1,227	1,214	1,194	0,995	1,309	0,940	1,240	0,990	1,256	1,098	1,363	0,978	1,337	0,896	1,360	0,922	1,346	1,214	1,294	0,912	1,351	1,286	1,398	1,196	1,362	1,138	1,350	1,176	1,369	1,299	1,347	1,258	1,382	0,091	1,212	0,091	1,236	0,091	1,248	0,096	1,257	0,092	1,252	0,092	1,233	0,091
13:18:04	37,0	1,005	1,269	1,225	1,304	1,191	1,348	1,240	1,356	1,231	1,358	1,260	1,328	1,387	1,168	1,256	1,180	1,278	1,188	1,335	1,099	1,358	1,249	1,356	1,276	1,196	1,387	1,018	1,329	1,107	1,369	1,144	1,411	1,127	1,389	1,022	1,368	1,022	0,915	0,893	0,871	0,731	0,867	1,014	0,994	0,892	1,032	0,926	0,924	1,142	0,952	1,229	1,213	1,197	0,996	1,310	0,941	1,241	0,991	1,261	1,096	1,365	0,978	1,336	0,896	1,361	0,922	1,347	1,216	1,296	0,915	1,351	1,287	1,396	1,199	1,363	1,140	1,350	1,181	1,371	1,301	1,351	1,259	1,387	0,091	1,213	0,091	1,236	0,091	1,251	0,096	1,258	0,092	1,254	0,092	1,233	0,091
13:28:04	37,0	1,006	1,270	1,224	1,306	1,192	1,348	1,239	1,356	1,230	1,360	1,261	1,328	1,389	1,163	1,256	1,177	1,279	1,186	1,336	1,099	1,358	1,251	1,355	1,276	1,197	1,388	1,015	1,335	1,107	1,372	1,144	1,411	1,126	1,390	1,024	1,369	1,022	0,915	0,894	0,871	0,730	0,866	1,015	0,992	0,891	1,030	0,926	0,926	1,142	0,952	1,229	1,212	1,199	0,995	1,311	0,942	1,244	0,989	1,262	1,099	1,364	0,979	1,337	0,897	1,362	0,923	1,347	1,219	1,296	0,917	1,353	1,292	1,396	1,200	1,364	1,142	1,351	1,184	1,366	1,305	1,354	1,264	1,385	0,091	1,215	0,091	1,240	0,091	1,251	0,096	1,259	0,092	1,256	0,092	1,235	0,091
13:38:04	37,0	1,006	1,272	1,224	1,306	1,189	1,349	1,238	1,357	1,230	1,359	1,261	1,327	1,391	1,161	1,256	1,179	1,279	1,186	1,337	1,099	1,359	1,249	1,352	1,274	1,198	1,389	1,016	1,334	1,107	1,375	1,142	1,410	1,126	1,391	1,023	1,370	1,022	0,914	0,894	0,870	0,728	0,865	1,016	0,989	0,891	1,031	0,925	0,925	1,142	0,952	1,233	1,211	1,202	0,993	1,312	0,939	1,243	0,986	1,261	1,095	1,365	0,981	1,337	0,898	1,362	0,923	1,347	1,221	1,298	0,920	1,351	1,293	1,395	1,203	1,362	1,142	1,353	1,187	1,371	1,302	1,351	1,266	1,385	0,091	1,215	0,091	1,244	0,091	1,251	0,096	1,258	0,092	1,254	0,092	1,234	0,091
13:48:04	37,0	1,006	1,272	1,222	1,307	1,187	1,346	1,235	1,356	1,228	1,362	1,256	1,327	1,391	1,159	1,256	1,170	1,277	1,182	1,334	1,096	1,358	1,249	1,347	1,272	1,196	1,391	1,015	1,335	1,106	1,375	1,143	1,417	1,127	1,389	1,023	1,371	1,023	0,912	0,893	0,869	0,727	0,863	1,016	0,988	0,888	1,028	0,925	0,920	1,140	0,950	1,236	1,211	1,202	0,993	1,311	0,938	1,245	0,985	1,263	1,093	1,363	0,981	1,336	0,897	1,363	0,923	1,347	1,223	1,300	0,922	1,352	1,292	1,391	1,203	1,359	1,147	1,354	1,189	1,365	1,305	1,350	1,267	1,383	0,091	1,216	0,091	1,245	0,092	1,253	0,096	1,258	0,092	1,254	0,092	1,233	0,092
13:58:04	37,0	1,005	1,274	1,220	1,307	1,185	1,346	1,232	1,355	1,229	1,360	1,254	1,325	1,392	1,155	1,255	1,167	1,276	1,183	1,333	1,096	1,358	1,249	1,343	1,270	1,191	1,391	1,012	1,336	1,106	1,373	1,145	1,417	1,123	1,390	1,022	1,373	1,022	0,909	0,891	0,868	0,724	0,862	1,018	0,984	0,886	1,026	0,924	0,921	1,140	0,946	1,237	1,208	1,201	0,989	1,312	0,934	1,246	0,980	1,262	1,094	1,365	0,981	1,337	0,898	1,361	0,923	1,347	1,223	1,301	0,924	1,351	1,290	1,393	1,203	1,358	1,148	1,353	1,190	1,364	1,300	1,354	1,270	1,381	0,091	1,216	0,091	1,245	0,091	1,251	0,096	1,259	0,092	1,254	0,092	1,231	0,091
14:08:04	36,9	1,006	1,273	1,219	1,310	1,182	1,345	1,230	1,354	1,230	1,360	1,254	1,324	1,392	1,151	1,254	1,164	1,275	1,181	1,332	1,097	1,359	1,246	1,339	1,268	1,193	1,390	1,010	1,335	1,104	1,373	1,142	1,415	1,123	1,390	1,024	1,375	1,022	0,908	0,892	0,866	0,722	0,859	1,020	0,979	0,884	1,024	0,923	0,920	1,137	0,942	1,234	1,206	1,200	0,985	1,311	0,932	1,247	0,981	1,264	1,091	1,362	0,983	1,335	0,899	1,362	0,925	1,345	1,227	1,300	0,922	1,352	1,291	1,388	1,207	1,357	1,151	1,351	1,192	1,363	1,298	1,354	1,272	1,381	0,091	1,216	0,091	1,245	0,092	1,249	0,096	1,256	0,092	1,254	0,092	1,230	0,091
14:18:04	37,0	1,006	1,273	1,222	1,306	1,182	1,349	1,234	1,354	1,226	1,358	1,257	1,324	1,390	1,150	1,256	1,163	1,280	1,182	1,337	1,097	1,360	1,247	1,342	1,269	1,196	1,389	1,013	1,336	1,103	1,378	1,137	1,412	1,121	1,391	1,024	1,368	1,023	0,907	0,891	0,865	0,720	0,858	1,018	0,980	0,887	1,023	0,921	0,919	1,137	0,943	1,233	1,205	1,203	0,985	1,316	0,934	1,250	0,978	1,267	1,099	1,367	0,984	1,335	0,900	1,360	0,924	1,345	1,230	1,298	0,923	1,351	1,298	1,390	1,210	1,358	1,152	1,355	1,196	1,365	1,299	1,355	1,278	1,382	0,091	1,218	0,091	1,252	0,091	1,255	0,096	1,258	0,092	1,255	0,092	1,232	0,091
14:28:04	37,0	1,007	1,274	1,222	1,308	1,181	1,348	1,235	1,357	1,228	1,360	1,258	1,323	1,389	1,148	1,258	1,167	1,280	1,182	1,337	1,096	1,363	1,246	1,343	1,267	1,197	1,391	1,012	1,335	1,102	1,375	1,138	1,415	1,124	1,391	1,023	1,371	1,022	0,906	0,891	0,864	0,718	0,856	1,017	0,980	0,886	1,022	0,923	0,916	1,138	0,942	1,238	1,205	1,205	0,985	1,319	0,929	1,252	0,977	1,268	1,101	1,368	0,985	1,333	0,901	1,358	0,923	1,345	1,232	1,301	0,925	1,352	1,300	1,389	1,213	1,359	1,153	1,356	1,201	1,364	1,302	1,356	1,279	1,383	0,091	1,217	0,091	1,254	0,091	1,256	0,096	1,259	0,092	1,257	0,092	1,234	0,091
14:38:04	37,0	1,007	1,274	1,221	1,308	1,180	1,349	1,232	1,356	1,226	1,359	1,258	1,323	1,388	1,146	1,257	1,165	1,279	1,184	1,339	1,097	1,362	1,246	1,343	1,267	1,197	1,390	1,010	1,333	1,106	1,372	1,137	1,409	1,124	1,393	1,025	1,373	1,023	0,904	0,891	0,863	0,717	0,856	1,018	0,976	0,884	1,020	0,922	0,915	1,138	0,937	1,238	1,204	1,206	0,984	1,318	0,928	1,252	0,977	1,269	1,102	1,369	0,986	1,331	0,902	1,357	0,924	1,343	1,233	1,300	0,928	1,351	1,300	1,389	1,216	1,359	1,156	1,354	1,204	1,361	1,304	1,358	1,281	1,380	0,091	1,218	0,091	1,253	0,091	1,256	0,096	1,259	0,092	1,257	0,092	1,234	0,092
14:48:04	37,0	1,007	1,274	1,219	1,308	1,178	1,349	1,232	1,357	1,225	1,360	1,257	1,324	1,388	1,143	1,257	1,163	1,280	1,182	1,338	1,095	1,362	1,245	1,341	1,264	1,196	1,392	1,009	1,336	1,107	1,376	1,137	1,407	1,122	1,393	1,023	1,371	1,022	0,902	0,887	0,862	0,714	0,854	1,017	0,974	0,883	1,019	0,920	0,911	1,137	0,935	1,238	1,200	1,202	0,983	1,319	0,924	1,255	0,973	1,269	1,099	1,365	0,987	1,330	0,902	1,355	0,925	1,341	1,235	1,301	0,928	1,352	1,301	1,387	1,217	1,357	1,157	1,354	1,206	1,361	1,302	1,356	1,281	1,381	0,091	1,220	0,091	1,258	0,091	1,255	0,096	1,259	0,092	1,256	0,092	1,233	0,091
14:58:04	37,0	1,008	1,275	1,222	1,309	1,178	1,350	1,232	1,355	1,225	1,362	1,258	1,321	1,386	1,141	1,256	1,161	1,279	1,180	1,339	1,096	1,361	1,244	1,341	1,264	1,196	1,392	1,012	1,333	1,107	1,375	1,135	1,410	1,121	1,394	1,022	1,370	1,024	0,901	0,887	0,860	0,712	0,854	1,019	0,972	0,881	1,016	0,921	0,914	1,136	0,933	1,238	1,199	1,202	0,980	1,321	0,922	1,255	0,972	1,271	1,101	1,367	0,988	1,327	0,902	1,356	0,925	1,340	1,236	1,300	0,932	1,352	1,301	1,383	1,221	1,357	1,157	1,353	1,208	1,365	1,303	1,352	1,283	1,382	0,091	1,220	0,091	1,256	0,091	1,257	0,096	1,259	0,092	1,257	0,092	1,233	0,092
15:08:04	37,0	1,008	1,277	1,219	1,311	1,175	1,349	1,234	1,356	1,226	1,362	1,257	1,322	1,385	1,139	1,256	1,161	1,278	1,179	1,339	1,095	1,360	1,243	1,339	1,263	1,194	1,391	1,009	1,333	1,107	1,383	1,137	1,407	1,121	1,393	1,023	1,372	1,023	0,901	0,885	0,858	0,710	0,852	1,019	0,974	0,879	1,017	0,920	0,912	1,136	0,931	1,235	1,197	1,203	0,977	1,321	0,919	1,256	0,970	1,272	1,102	1,365	0,989	1,325	0,903	1,355	0,924	1,339	1,237	1,300	0,931	1,352	1,300	1,384	1,222	1,354	1,159	1,355	1,210	1,358	1,305	1,355	1,284	1,382	0,091	1,219	0,091	1,260	0,091	1,257	0,096	1,259	0,092	1,257	0,092	1,233	0,092
15:18:04	37,0	1,008	1,278	1,222	1,310	1,175	1,352	1,231	1,355	1,228	1,360	1,257	1,324	1,384	1,139	1,256	1,159	1,282	1,180	1,341	1,097	1,363	1,243	1,341	1,263	1,193	1,394	1,010	1,335	1,106	1,376	1,137	1,402	1,123	1,395	1,025	1,371	1,024	0,899	0,885	0,857	0,709	0,852	1,019	0,973	0,878	1,015	0,920	0,911	1,135	0,928	1,240	1,197	1,203	0,977	1,323	0,919	1,258	0,969	1,275	1,103	1,367	0,992	1,323	0,906	1,353	0,926	1,338	1,238	1,302	0,933	1,350	1,304	1,381	1,226	1,356	1,166	1,352	1,213	1,359	1,310	1,357	1,289	1,383	0,091	1,220	0,092	1,261	0,092	1,256	0,096	1,259	0,092	1,258	0,092	1,234	0,092
15:28:04	37,0	1,009	1,277	1,219	1,310	1,173	1,348	1,230	1,354	1,228	1,360	1,254	1,323	1,386	1,138	1,254	1,156	1,278	1,181	1,339	1,096	1,360	1,243	1,338	1,264	1,192	1,393	1,010	1,333	1,105	1,373	1,137	1,409	1,124	1,395	1,024	1,371	1,022	0,896	0,884	0,856	0,707	0,851	1,018	0,969	0,876	1,013	0,920	0,906	1,133	0,924	1,237	1,194	1,203	0,974	1,321	0,915	1,259	0,967	1,275	1,101	1,365	0,992	1,320	0,905	1,351	0,925	1,337	1,240	1,299	0,935	1,350	1,302	1,377	1,226	1,351	1,167	1,351	1,215	1,356	1,309	1,354	1,288	1,382	0,091	1,221	0,091	1,261	0,091	1,256	0,096	1,257	0,092	1,257	0,092	1,234	0,092
15:38:04	37,0	1,009	1,276	1,215	1,308	1,171	1,347	1,226	1,355	1,226	1,359	1,252	1,323	1,386	1,135	1,252	1,152	1,274	1,181	1,337	1,095	1,363	1,240	1,334	1,260	1,189	1,393	1,005	1,333	1,104	1,372	1,139	1,407	1,124	1,393	1,024	1,373	1,021	0,895	0,883	0,855	0,704	0,850	1,016	0,968	0,874	1,010	0,920	0,902	1,131	0,924	1,241	1,193	1,204	0,973	1,319	0,914	1,257	0,961	1,275	1,099	1,360	0,993	1,317	0,905	1,349	0,925	1,335	1,240	1,299	0,935	1,348	1,300	1,374	1,226	1,348	1,165	1,351	1,217	1,354	1,304	1,352	1,287	1,380	0,091	1,221	0,092	1,262	0,091	1,253	0,096	1,257	0,092	1,255	0,092	1,234	0,092
15:48:04	37,0	1,008	1,275	1,216	1,307	1,169	1,347	1,225	1,354	1,223	1,361	1,250	1,321	1,387	1,134	1,250	1,148	1,272	1,181	1,335	1,094	1,360	1,241	1,331	1,259	1,188	1,390	1,007	1,335	1,103	1,373	1,137	1,406	1,122	1,392	1,023	1,374	1,019	0,893	0,879	0,854	0,703	0,849	1,016	0,970	0,872	1,009	0,917	0,900	1,127	0,918	1,239	1,188	1,202	0,969	1,318	0,908	1,257	0,959	1,273	1,095	1,358	0,993	1,314	0,904	1,346	0,924	1,332	1,240	1,297	0,936	1,349	1,300	1,372	1,227	1,347	1,166	1,349	1,218	1,350	1,305	1,354	1,288	1,379	0,091	1,221	0,091	1,261	0,091	1,252	0,096	1,255	0,092	1,255	0,092	1,233	0,091
15:58:04	37,0	1,009	1,272	1,214	1,308	1,168	1,348	1,226	1,353	1,224	1,359	1,251	1,322	1,385	1,134	1,249	1,147	1,274	1,181	1,338	1,095	1,361	1,241	1,331	1,259	1,187	1,391	1,005	1,334	1,103	1,372	1,136	1,400	1,121	1,394	1,024	1,371	1,020	0,891	0,880	0,853	0,701	0,847	1,016	0,966	0,870	1,010	0,917	0,899	1,128	0,916	1,241	1,188	1,204	0,966	1,317	0,906	1,260	0,957	1,276	1,096	1,359	0,996	1,312	0,905	1,343	0,925	1,331	1,238	1,298	0,938	1,346	1,301	1,373	1,229	1,345	1,170	1,348	1,221	1,353	1,310	1,354	1,292	1,377	0,091	1,222	0,091	1,263	0,092	1,253	0,096	1,256	0,092	1,256	0,092	1,235	0,092
16:08:04	37,0	1,010	1,275	1,215	1,308	1,166	1,348	1,225	1,353	1,224	1,358	1,249	1,323	1,385	1,131	1,249	1,143	1,271	1,181	1,335	1,095	1,358	1,239	1,330	1,258	1,186	1,389	1,003	1,333	1,100	1,373	1,133	1,405	1,119	1,394	1,024	1,370	1,019	0,892	0,878	0,851	0,699	0,846	1,016	0,972	0,870	1,007	0,917	0,897	1,126	0,914	1,237	1,186	1,202	0,964	1,318	0,905	1,258	0,956	1,275	1,096	1,358	0,996	1,308	0,906	1,341	0,925	1,330	1,242	1,297	0,939	1,346	1,300	1,368	1,229	1,343	1,171	1,347	1,221	1,349	1,305	1,350	1,290	1,377	0,091	1,220	0,091	1,263	0,091	1,252	0,096	1,255	0,092	1,255	0,092	1,235	0,092
16:18:04	37,0	1,010	1,272	1,210	1,308	1,163	1,344	1,221	1,352	1,220	1,358	1,244	1,317	1,382	1,128	1,246	1,140	1,270	1,179	1,332	1,095	1,359	1,239	1,324	1,257	1,178	1,391	1,001	1,333	1,098	1,369	1,135	1,402	1,118	1,391	1,022	1,374	1,018	0,891	0,878	0,850	0,697	0,845	1,016	0,963	0,868	1,006	0,917	0,894	1,122	0,908	1,237	1,185	1,199	0,962	1,313	0,900	1,260	0,950	1,275	1,085	1,356	0,996	1,306	0,903	1,339	0,924	1,326	1,240	1,294	0,939	1,343	1,297	1,368	1,229	1,341	1,170	1,347	1,221	1,345	1,303	1,348	1,290	1,376	0,091	1,221	0,091	1,261	0,092	1,249	0,096	1,254	0,092	1,251	0,092	1,232	0,092
16:28:04	37,0	1,010	1,272	1,207	1,305	1,161	1,344	1,217	1,351	1,216	1,358	1,241	1,319	1,384	1,127	1,245	1,140	1,268	1,179	1,331	1,097	1,355	1,238	1,322	1,258	1,175	1,388	1,000	1,333	1,095	1,369	1,131	1,408	1,115	1,391	1,020	1,372	1,016	0,887	0,873	0,849	0,695	0,843	1,014	0,963	0,866	1,005	0,915	0,891	1,119	0,905	1,235	1,180	1,199	0,956	1,312	0,894	1,257	0,948	1,271	1,083	1,352	0,994	1,301	0,904	1,338	0,923	1,324	1,240	1,292	0,939	1,343	1,296	1,368	1,229	1,339	1,169	1,343	1,222	1,346	1,301	1,344	1,288	1,373	0,091	1,218	0,091	1,264	0,092	1,247	0,096	1,250	0,092	1,250	0,092	1,232	0,092
16:38:04	37,0	1,011	1,270	1,211	1,305	1,162	1,345	1,221	1,349	1,218	1,355	1,245	1,319	1,383	1,129	1,244	1,139	1,272	1,182	1,334	1,099	1,355	1,240	1,324	1,260	1,178	1,386	1,003	1,333	1,095	1,367	1,125	1,400	1,115	1,393	1,022	1,369	1,016	0,887	0,873	0,848	0,695	0,843	1,012	0,957	0,863	1,003	0,915	0,892	1,121	0,898	1,235	1,180	1,201	0,950	1,314	0,893	1,259	0,946	1,265	1,087	1,353	0,999	1,302	0,906	1,335	0,924	1,322	1,242	1,297	0,940	1,343	1,298	1,367	1,232	1,338	1,174	1,343	1,223	1,346	1,307	1,349	1,291	1,369	0,091	1,218	0,091	1,265	0,091	1,249	0,096	1,252	0,092	1,252	0,092	1,235	0,092
16:48:04	37,0	1,011	1,272	1,208	1,305	1,159	1,344	1,217	1,348	1,216	1,357	1,240	1,318	1,382	1,128	1,242	1,135	1,267	1,180	1,331	1,098	1,353	1,240	1,322	1,258	1,176	1,386	1,001	1,331	1,093	1,368	1,126	1,403	1,110	1,391	1,020	1,369	1,014	0,885	0,870	0,847	0,693	0,842	1,012	0,957	0,861	1,000	0,914	0,887	1,118	0,895	1,234	1,176	1,200	0,949	1,312	0,888	1,256	0,943	1,268	1,085	1,350	0,999	1,297	0,904	1,333	0,923	1,321	1,236	1,289	0,940	1,341	1,295	1,363	1,233	1,337	1,173	1,343	1,224	1,339	1,303	1,342	1,290	1,371	0,091	1,218	0,091	1,262	0,092	1,247	0,096	1,250	0,092	1,251	0,092	1,234	0,092
16:58:04	37,0	1,010	1,272	1,205	1,305	1,157	1,342	1,217	1,348	1,214	1,356	1,240	1,316	1,381	1,128	1,241	1,134	1,268	1,181	1,330	1,100	1,351	1,240	1,320	1,257	1,171	1,386	0,998	1,332	1,093	1,370	1,128	1,402	1,110	1,391	1,021	1,370	1,012	0,883	0,867	0,847	0,692	0,841	1,012	0,959	0,859	1,001	0,913	0,885	1,116	0,893	1,231	1,174	1,198	0,947	1,309	0,886	1,256	0,941	1,268	1,083	1,350	0,998	1,294	0,905	1,331	0,922	1,319	1,240	1,288	0,941	1,340	1,294	1,360	1,233	1,336	1,172	1,341	1,225	1,338	1,302	1,343	1,289	1,369	0,091	1,216	0,091	1,264	0,092	1,246	0,096	1,249	0,092	1,250	0,092	1,235	0,092
17:08:04	37,0	1,010	1,270	1,205	1,304	1,155	1,342	1,214	1,347	1,212	1,354	1,236	1,316	1,381	1,126	1,239	1,131	1,266	1,181	1,327	1,101	1,352	1,240	1,317	1,256	1,167	1,386	1,000	1,330	1,090	1,364	1,127	1,400	1,112	1,389	1,019	1,369	1,012	0,881	0,866	0,846	0,691	0,839	1,010	0,956	0,858	1,001	0,913	0,883	1,114	0,889	1,232	1,172	1,197	0,946	1,308	0,881	1,256	0,937	1,268	1,076	1,347	0,999	1,291	0,903	1,329	0,921	1,316	1,238	1,286	0,943	1,335	1,293	1,358	1,235	1,332	1,175	1,339	1,226	1,339	1,303	1,338	1,289	1,371	0,091	1,216	0,091	1,262	0,091	1,244	0,096	1,247	0,092	1,249	0,092	1,234	0,092
17:18:04	37,0	1,011	1,271	1,202	1,305	1,152	1,342	1,209	1,346	1,210	1,354	1,232	1,312	1,379	1,124	1,237	1,130	1,260	1,181	1,326	1,103	1,348	1,241	1,313	1,256	1,162	1,383	0,997	1,331	1,087	1,364	1,124	1,399	1,109	1,388	1,017	1,372	1,010	0,880	0,864	0,845	0,690	0,838	1,010	0,954	0,857	1,000	0,913	0,880	1,111	0,886	1,231	1,171	1,198	0,942	1,306	0,880	1,256	0,934	1,267	1,067	1,343	0,999	1,288	0,902	1,325	0,920	1,314	1,237	1,283	0,942	1,335	1,287	1,357	1,234	1,329	1,173	1,335	1,227	1,336	1,301	1,340	1,287	1,371	0,091	1,215	0,091	1,258	0,092	1,241	0,096	1,245	0,092	1,247	0,092	1,233	0,092
17:28:04	37,0	1,011	1,270	1,200	1,301	1,151	1,341	1,208	1,345	1,209	1,354	1,233	1,313	1,379	1,119	1,234	1,128	1,257	1,182	1,325	1,104	1,350	1,239	1,312	1,255	1,162	1,383	0,995	1,328	1,087	1,361	1,123	1,400	1,107	1,386	1,017	1,369	1,010	0,879	0,863	0,844	0,689	0,836	1,011	0,957	0,855	1,000	0,912	0,879	1,109	0,881	1,230	1,170	1,194	0,937	1,304	0,876	1,255	0,935	1,266	1,064	1,344	1,000	1,285	0,901	1,324	0,919	1,312	1,236	1,283	0,943	1,333	1,287	1,354	1,235	1,329	1,176	1,334	1,227	1,335	1,299	1,337	1,287	1,367	0,091	1,213	0,091	1,257	0,091	1,241	0,096	1,245	0,092	1,246	0,092	1,233	0,092
17:38:04	37,0	1,011	1,269	1,199	1,303	1,149	1,340	1,206	1,344	1,206	1,351	1,232	1,315	1,379	1,119	1,233	1,128	1,258	1,181	1,325	1,104	1,345	1,242	1,310	1,257	1,160	1,381	0,995	1,326	1,084	1,361	1,120	1,400	1,108	1,388	1,019	1,368	1,008	0,878	0,861	0,843	0,688	0,835	1,008	0,953	0,854	0,999	0,910	0,878	1,108	0,877	1,228	1,169	1,195	0,934	1,304	0,873	1,254	0,931	1,263	1,064	1,342	1,001	1,283	0,903	1,322	0,920	1,311	1,238	1,280	0,945	1,332	1,288	1,355	1,236	1,328	1,174	1,333	1,228	1,333	1,300	1,337	1,287	1,367	0,091	1,212	0,091	1,260	0,091	1,240	0,096	1,242	0,092	1,246	0,092	1,234	0,092
17:48:04	37,0	1,012	1,267	1,198	1,302	1,149	1,341	1,206	1,345	1,206	1,350	1,232	1,314	1,377	1,118	1,231	1,127	1,260	1,183	1,324	1,105	1,346	1,242	1,312	1,256	1,159	1,381	0,991	1,326	1,083	1,364	1,119	1,397	1,107	1,386	1,017	1,365	1,008	0,878	0,861	0,843	0,687	0,835	1,007	0,952	0,852	0,998	0,910	0,876	1,107	0,872	1,227	1,168	1,195	0,930	1,303	0,867	1,254	0,927	1,262	1,066	1,341	1,002	1,280	0,902	1,319	0,920	1,309	1,236	1,279	0,944	1,332	1,288	1,351	1,236	1,325	1,178	1,332	1,229	1,331	1,302	1,335	1,287	1,363	0,091	1,212	0,091	1,260	0,091	1,240	0,096	1,241	0,092	1,246	0,092	1,234	0,092
17:58:04	37,0	1,013	1,267	1,196	1,302	1,147	1,338	1,204	1,341	1,205	1,350	1,230	1,314	1,377	1,117	1,230	1,124	1,255	1,183	1,321	1,104	1,347	1,241	1,311	1,256	1,155	1,381	0,990	1,327	1,081	1,359	1,120	1,390	1,105	1,386	1,016	1,366	1,008	0,876	0,860	0,842	0,686	0,835	1,005	0,951	0,850	0,997	0,911	0,876	1,104	0,868	1,229	1,169	1,195	0,930	1,301	0,865	1,253	0,921	1,260	1,061	1,339	1,004	1,278	0,902	1,318	0,918	1,307	1,231	1,279	0,944	1,326	1,286	1,349	1,236	1,325	1,175	1,329	1,229	1,329	1,298	1,330	1,287	1,359	0,091	1,212	0,091	1,260	0,091	1,237	0,096	1,242	0,092	1,243	0,092	1,234	0,092
18:08:04	37,0	1,013	1,265	1,197	1,301	1,146	1,340	1,204	1,342	1,203	1,351	1,231	1,314	1,376	1,119	1,228	1,125	1,256	1,184	1,321	1,105	1,342	1,243	1,309	1,257	1,155	1,379	0,992	1,329	1,080	1,358	1,118	1,390	1,102	1,384	1,015	1,363	1,007	0,875	0,861	0,843	0,686	0,835	1,004	0,950	0,848	0,996	0,909	0,876	1,103	0,863	1,227	1,167	1,196	0,923	1,300	0,862	1,252	0,922	1,259	1,062	1,338	1,002	1,279	0,903	1,317	0,918	1,305	1,233	1,276	0,945	1,329	1,285	1,346	1,236	1,324	1,178	1,330	1,229	1,327	1,302	1,334	1,289	1,359	0,091	1,211	0,091	1,259	0,092	1,237	0,096	1,240	0,092	1,243	0,092	1,235	0,092
18:18:04	37,0	1,012	1,267	1,195	1,300	1,145	1,339	1,201	1,342	1,202	1,349	1,225	1,312	1,373	1,116	1,225	1,121	1,253	1,183	1,318	1,103	1,343	1,240	1,305	1,254	1,151	1,379	0,987	1,325	1,079	1,355	1,117	1,397	1,102	1,381	1,013	1,364	1,006	0,874	0,859	0,842	0,686	0,835	1,004	0,946	0,846	0,995	0,911	0,873	1,101	0,860	1,225	1,166	1,195	0,920	1,299	0,856	1,253	0,917	1,261	1,056	1,335	1,003	1,275	0,900	1,313	0,915	1,303	1,230	1,276	0,945	1,325	1,282	1,347	1,238	1,322	1,178	1,327	1,230	1,326	1,296	1,337	1,288	1,361	0,091	1,209	0,092	1,258	0,092	1,235	0,096	1,238	0,092	1,240	0,092	1,233	0,092
18:28:04	37,0	1,013	1,264	1,195	1,301	1,145	1,340	1,203	1,343	1,202	1,350	1,229	1,315	1,374	1,116	1,224	1,123	1,252	1,187	1,320	1,108	1,340	1,243	1,307	1,256	1,151	1,380	0,989	1,326	1,076	1,357	1,114	1,388	1,101	1,384	1,014	1,361	1,006	0,874	0,857	0,841	0,685	0,835	1,001	0,947	0,846	0,995	0,910	0,874	1,103	0,857	1,226	1,166	1,195	0,919	1,300	0,857	1,251	0,917	1,257	1,058	1,336	1,003	1,274	0,901	1,312	0,915	1,302	1,229	1,275	0,945	1,326	1,282	1,345	1,237	1,323	1,182	1,326	1,231	1,326	1,300	1,332	1,290	1,358	0,091	1,210	0,091	1,258	0,092	1,235	0,096	1,239	0,092	1,243	0,092	1,235	0,092
18:38:04	37,0	1,014	1,264	1,193	1,298	1,143	1,340	1,202	1,341	1,200	1,350	1,228	1,315	1,371	1,116	1,222	1,122	1,252	1,186	1,319	1,108	1,339	1,243	1,306	1,255	1,150	1,377	0,990	1,326	1,074	1,357	1,111	1,390	1,099	1,383	1,014	1,359	1,006	0,874	0,855	0,841	0,684	0,835	1,000	0,946	0,845	0,994	0,911	0,873	1,101	0,852	1,224	1,165	1,192	0,915	1,300	0,853	1,249	0,915	1,255	1,056	1,334	1,005	1,272	0,901	1,312	0,915	1,300	1,228	1,272	0,945	1,322	1,280	1,343	1,237	1,321	1,178	1,328	1,231	1,326	1,299	1,329	1,288	1,354	0,091	1,207	0,091	1,256	0,092	1,236	0,096	1,239	0,092	1,243	0,092	1,234	0,092
18:48:04	37,0	1,014	1,266	1,191	1,298	1,142	1,338	1,200	1,339	1,199	1,350	1,224	1,315	1,370	1,114	1,221	1,119	1,248	1,188	1,315	1,106	1,339	1,242	1,304	1,254	1,149	1,379	0,984	1,325	1,072	1,357	1,113	1,389	1,098	1,384	1,010	1,357	1,006	0,874	0,854	0,840	0,683	0,833	1,000	0,946	0,842	0,994	0,910	0,871	1,099	0,850	1,222	1,164	1,192	0,912	1,296	0,848	1,250	0,912	1,258	1,050	1,331	1,005	1,270	0,899	1,309	0,914	1,298	1,228	1,270	0,946	1,321	1,278	1,342	1,237	1,319	1,180	1,324	1,232	1,325	1,300	1,329	1,288	1,356	0,091	1,207	0,091	1,257	0,091	1,234	0,096	1,237	0,092	1,241	0,092	1,233	0,092
18:58:04	37,0	1,014	1,264	1,188	1,296	1,141	1,337	1,196	1,338	1,195	1,347	1,220	1,311	1,373	1,112	1,219	1,118	1,245	1,187	1,313	1,107	1,339	1,244	1,303	1,255	1,143	1,379	0,983	1,322	1,070	1,354	1,111	1,389	1,095	1,381	1,012	1,360	1,005	0,873	0,853	0,839	0,684	0,833	0,998	0,948	0,841	0,994	0,912	0,869	1,097	0,847	1,222	1,163	1,190	0,910	1,296	0,844	1,248	0,906	1,256	1,047	1,327	1,004	1,268	0,897	1,308	0,912	1,296	1,226	1,269	0,946	1,316	1,276	1,341	1,236	1,315	1,178	1,321	1,231	1,323	1,295	1,333	1,287	1,355	0,091	1,205	0,091	1,254	0,092	1,232	0,096	1,234	0,092	1,240	0,092	1,229	0,092
19:08:04	37,0	1,014	1,263	1,188	1,297	1,139	1,334	1,192	1,337	1,193	1,348	1,217	1,310	1,370	1,111	1,217	1,117	1,241	1,186	1,310	1,106	1,337	1,243	1,299	1,254	1,144	1,376	0,983	1,319	1,067	1,351	1,110	1,390	1,094	1,379	1,011	1,359	1,004	0,871	0,852	0,839	0,683	0,833	0,998	0,939	0,839	0,994	0,910	0,866	1,094	0,841	1,222	1,162	1,190	0,905	1,293	0,839	1,248	0,901	1,255	1,043	1,327	1,004	1,266	0,895	1,304	0,910	1,294	1,224	1,268	0,946	1,315	1,272	1,339	1,238	1,314	1,177	1,321	1,230	1,320	1,293	1,325	1,286	1,354	0,091	1,205	0,091	1,254	0,091	1,232	0,096	1,235	0,092	1,237	0,092	1,227	0,092
19:18:04	37,0	1,014	1,261	1,185	1,293	1,138	1,334	1,192	1,336	1,192	1,347	1,218	1,311	1,369	1,112	1,216	1,119	1,243	1,188	1,311	1,107	1,336	1,245	1,300	1,258	1,141	1,375	0,980	1,323	1,066	1,354	1,109	1,390	1,095	1,379	1,009	1,355	1,004	0,871	0,850	0,838	0,683	0,832	0,994	0,940	0,838	0,993	0,910	0,865	1,094	0,838	1,219	1,161	1,192	0,901	1,292	0,836	1,247	0,902	1,251	1,044	1,325	1,003	1,265	0,896	1,304	0,909	1,293	1,222	1,267	0,944	1,315	1,273	1,340	1,237	1,314	1,178	1,320	1,228	1,319	1,291	1,327	1,285	1,348	0,091	1,202	0,091	1,254	0,091	1,232	0,096	1,234	0,092	1,238	0,092	1,227	0,092
19:28:04	37,0	1,015	1,261	1,185	1,294	1,137	1,334	1,190	1,335	1,190	1,346	1,215	1,309	1,367	1,115	1,214	1,119	1,238	1,190	1,306	1,107	1,335	1,245	1,298	1,255	1,138	1,378	0,982	1,321	1,066	1,349	1,106	1,389	1,093	1,378	1,008	1,355	1,002	0,871	0,851	0,837	0,683	0,832	0,995	0,939	0,836	0,992	0,911	0,865	1,093	0,834	1,220	1,162	1,191	0,900	1,292	0,833	1,246	0,897	1,252	1,041	1,324	1,004	1,263	0,893	1,302	0,906	1,291	1,219	1,265	0,946	1,309	1,268	1,337	1,236	1,311	1,177	1,318	1,230	1,317	1,292	1,322	1,283	1,353	0,091	1,203	0,091	1,252	0,091	1,230	0,096	1,232	0,092	1,237	0,092	1,226	0,092
19:38:04	37,0	1,015	1,261	1,182	1,291	1,134	1,332	1,186	1,333	1,185	1,344	1,210	1,307	1,369	1,114	1,212	1,115	1,236	1,189	1,304	1,107	1,329	1,244	1,294	1,254	1,137	1,375	0,980	1,319	1,063	1,348	1,103	1,391	1,091	1,376	1,007	1,354	1,002	0,871	0,850	0,837	0,682	0,831	0,992	0,938	0,835	0,991	0,910	0,859	1,090	0,830	1,217	1,159	1,188	0,894	1,291	0,829	1,245	0,893	1,247	1,038	1,322	1,006	1,263	0,892	1,299	0,905	1,290	1,215	1,264	0,945	1,310	1,266	1,335	1,237	1,311	1,178	1,315	1,228	1,316	1,295	1,322	1,282	1,351	0,091	1,203	0,091	1,250	0,091	1,228	0,096	1,230	0,092	1,234	0,092	1,222	0,092
19:48:04	37,0	1,015	1,260	1,181	1,292	1,133	1,331	1,185	1,332	1,184	1,344	1,211	1,306	1,367	1,115	1,211	1,116	1,234	1,190	1,305	1,107	1,330	1,245	1,294	1,257	1,134	1,374	0,978	1,320	1,060	1,347	1,101	1,388	1,086	1,375	1,005	1,354	1,003	0,871	0,849	0,836	0,682	0,831	0,991	0,935	0,834	0,991	0,909	0,859	1,089	0,828	1,215	1,159	1,189	0,892	1,289	0,826	1,244	0,891	1,248	1,036	1,321	1,003	1,261	0,889	1,298	0,904	1,288	1,218	1,264	0,944	1,311	1,266	1,334	1,237	1,310	1,177	1,315	1,228	1,313	1,288	1,322	1,284	1,349	0,091	1,200	0,091	1,251	0,091	1,229	0,096	1,230	0,092	1,234	0,092	1,222	0,092
19:58:04	37,0	1,016	1,260	1,181	1,292	1,134	1,332	1,189	1,334	1,187	1,342	1,216	1,313	1,366	1,116	1,210	1,117	1,235	1,192	1,306	1,109	1,330	1,247	1,294	1,257	1,135	1,373	0,979	1,317	1,060	1,349	1,097	1,382	1,085	1,377	1,004	1,349	1,003	0,871	0,849	0,836	0,682	0,830	0,990	0,938	0,835	0,992	0,910	0,863	1,091	0,825	1,212	1,158	1,190	0,890	1,290	0,823	1,242	0,894	1,246	1,035	1,320	1,004	1,262	0,892	1,297	0,903	1,287	1,216	1,262	0,943	1,310	1,268	1,337	1,238	1,313	1,177	1,318	1,228	1,315	1,293	1,319	1,284	1,347	0,091	1,200	0,091	1,251	0,091	1,228	0,096	1,230	0,092	1,237	0,092	1,225	0,091
20:08:04	37,0	1,017	1,258	1,180	1,291	1,135	1,332	1,189	1,334	1,188	1,342	1,216	1,314	1,366	1,117	1,210	1,118	1,237	1,195	1,306	1,111	1,329	1,248	1,295	1,259	1,133	1,375	0,980	1,317	1,059	1,347	1,098	1,380	1,083	1,378	1,004	1,347	1,005	0,871	0,851	0,835	0,683	0,830	0,989	0,939	0,832	0,991	0,912	0,865	1,092	0,821	1,217	1,159	1,189	0,887	1,291	0,822	1,242	0,892	1,244	1,039	1,320	1,004	1,261	0,889	1,296	0,902	1,287	1,215	1,262	0,943	1,309	1,268	1,340	1,238	1,311	1,181	1,317	1,230	1,314	1,295	1,321	1,283	1,351	0,091	1,199	0,091	1,251	0,091	1,229	0,096	1,230	0,092	1,236	0,092	1,224	0,092
20:18:04	37,0	1,017	1,257	1,181	1,290	1,135	1,333	1,189	1,332	1,188	1,343	1,215	1,315	1,364	1,117	1,209	1,117	1,237	1,197	1,305	1,112	1,328	1,246	1,295	1,258	1,131	1,375	0,979	1,318	1,058	1,349	1,096	1,379	1,084	1,379	1,003	1,347	1,005	0,871	0,850	0,835	0,682	0,830	0,988	0,937	0,833	0,991	0,913	0,867	1,093	0,819	1,211	1,160	1,189	0,885	1,289	0,818	1,243	0,889	1,242	1,039	1,320	1,006	1,260	0,891	1,296	0,901	1,287	1,212	1,262	0,943	1,308	1,266	1,338	1,238	1,313	1,181	1,319	1,230	1,317	1,294	1,321	1,282	1,349	0,091	1,199	0,091	1,251	0,091	1,228	0,096	1,231	0,092	1,238	0,092	1,224	0,091
20:28:04	37,0	1,018	1,257	1,175	1,290	1,131	1,329	1,182	1,331	1,179	1,341	1,207	1,309	1,363	1,116	1,207	1,113	1,232	1,196	1,301	1,112	1,321	1,247	1,291	1,258	1,130	1,374	0,976	1,317	1,053	1,347	1,093	1,386	1,082	1,377	1,002	1,347	1,004	0,871	0,850	0,834	0,682	0,831	0,988	0,938	0,831	0,990	0,911	0,858	1,089	0,817	1,209	1,158	1,187	0,881	1,286	0,816	1,242	0,886	1,241	1,033	1,318	1,003	1,260	0,887	1,295	0,900	1,286	1,212	1,259	0,941	1,306	1,259	1,336	1,237	1,308	1,178	1,314	1,229	1,312	1,292	1,321	1,282	1,349	0,091	1,196	0,091	1,248	0,091	1,225	0,096	1,226	0,092	1,232	0,092	1,218	0,092
20:38:04	36,9	1,018	1,255	1,179	1,290	1,134	1,333	1,186	1,333	1,185	1,340	1,216	1,315	1,364	1,117	1,207	1,117	1,236	1,199	1,302	1,113	1,325	1,248	1,292	1,262	1,130	1,374	0,978	1,315	1,054	1,349	1,096	1,377	1,082	1,376	1,003	1,346	1,005	0,871	0,849	0,834	0,683	0,830	0,986	0,935	0,831	0,990	0,912	0,865	1,089	0,814	1,212	1,159	1,188	0,882	1,287	0,814	1,241	0,887	1,244	1,036	1,318	1,004	1,260	0,886	1,294	0,898	1,285	1,211	1,260	0,942	1,302	1,264	1,337	1,239	1,310	1,181	1,316	1,229	1,314	1,294	1,321	1,282	1,347	0,091	1,198	0,091	1,251	0,091	1,227	0,096	1,230	0,092	1,236	0,092	1,221	0,091
20:48:04	37,0	1,019	1,256	1,179	1,290	1,135	1,332	1,189	1,331	1,186	1,342	1,218	1,319	1,364	1,118	1,207	1,117	1,237	1,200	1,303	1,113	1,326	1,251	1,294	1,263	1,131	1,374	0,975	1,316	1,053	1,352	1,094	1,378	1,081	1,376	1,004	1,342	1,006	0,871	0,852	0,834	0,684	0,831	0,985	0,936	0,832	0,991	0,915	0,867	1,091	0,813	1,209	1,160	1,188	0,881	1,288	0,812	1,242	0,887	1,245	1,038	1,318	1,005	1,260	0,888	1,294	0,898	1,285	1,208	1,258	0,943	1,305	1,265	1,337	1,240	1,311	1,181	1,319	1,230	1,312	1,298	1,319	1,285	1,352	0,091	1,199	0,091	1,251	0,091	1,228	0,096	1,231	0,092	1,239	0,092	1,222	0,092
20:58:04	37,0	1,019	1,253	1,176	1,288	1,133	1,331	1,184	1,331	1,181	1,342	1,210	1,314	1,362	1,118	1,205	1,114	1,231	1,200	1,300	1,113	1,320	1,250	1,291	1,262	1,127	1,373	0,972	1,318	1,052	1,349	1,093	1,379	1,079	1,376	1,001	1,343	1,007	0,870	0,848	0,833	0,684	0,831	0,985	0,934	0,832	0,990	0,915	0,863	1,089	0,810	1,209	1,157	1,187	0,877	1,285	0,809	1,239	0,883	1,242	1,033	1,317	1,005	1,259	0,884	1,293	0,895	1,284	1,206	1,256	0,942	1,303	1,260	1,336	1,241	1,309	1,180	1,317	1,231	1,313	1,295	1,315	1,286	1,349	0,091	1,196	0,091	1,249	0,091	1,227	0,096	1,227	0,092	1,235	0,092	1,219	0,092
21:08:04	37,0	1,020	1,254	1,172	1,285	1,131	1,329	1,180	1,329	1,176	1,339	1,206	1,309	1,363	1,117	1,203	1,117	1,227	1,202	1,296	1,114	1,316	1,253	1,287	1,264	1,124	1,375	0,974	1,316	1,050	1,346	1,093	1,383	1,081	1,375	0,999	1,346	1,007	0,871	0,848	0,832	0,684	0,831	0,984	0,933	0,832	0,990	0,914	0,859	1,088	0,807	1,209	1,157	1,189	0,877	1,283	0,805	1,239	0,880	1,239	1,030	1,316	1,004	1,259	0,882	1,292	0,893	1,283	1,204	1,257	0,940	1,304	1,257	1,333	1,240	1,307	1,179	1,314	1,228	1,313	1,294	1,318	1,284	1,346	0,091	1,195	0,091	1,248	0,091	1,225	0,096	1,226	0,092	1,232	0,092	1,215	0,092
21:18:04	37,0	1,020	1,251	1,169	1,282	1,127	1,325	1,178	1,327	1,171	1,339	1,199	1,304	1,360	1,117	1,199	1,113	1,225	1,201	1,293	1,113	1,312	1,252	1,284	1,263	1,121	1,373	0,970	1,311	1,045	1,341	1,089	1,379	1,075	1,372	0,996	1,344	1,006	0,871	0,847	0,831	0,683	0,830	0,984	0,930	0,830	0,987	0,914	0,853	1,083	0,804	1,206	1,155	1,184	0,870	1,282	0,801	1,237	0,873	1,239	1,026	1,315	1,003	1,257	0,879	1,290	0,890	1,281	1,203	1,256	0,939	1,297	1,252	1,331	1,238	1,301	1,176	1,312	1,226	1,305	1,288	1,318	1,282	1,348	0,091	1,194	0,091	1,244	0,091	1,223	0,096	1,224	0,092	1,229	0,092	1,211	0,092
21:28:04	37,0	1,020	1,251	1,169	1,283	1,127	1,325	1,184	1,325	1,171	1,339	1,202	1,305	1,360	1,117	1,199	1,113	1,224	1,203	1,292	1,114	1,312	1,252	1,284	1,264	1,121	1,371	0,967	1,312	1,046	1,344	1,087	1,376	1,074	1,371	0,995	1,341	1,006	0,870	0,847	0,831	0,684	0,830	0,985	0,930	0,830	0,986	0,914	0,853	1,084	0,802	1,206	1,154	1,187	0,868	1,280	0,799	1,237	0,873	1,239	1,024	1,313	1,004	1,257	0,878	1,288	0,889	1,280	1,201	1,253	0,938	1,296	1,251	1,334	1,239	1,305	1,178	1,314	1,226	1,309	1,291	1,320	1,282	1,349	0,091	1,191	0,091	1,243	0,091	1,223	0,096	1,224	0,092	1,230	0,092	1,213	0,091
21:38:04	37,0	1,020	1,250	1,168	1,282	1,128	1,325	1,186	1,324	1,173	1,339	1,202	1,307	1,359	1,117	1,199	1,114	1,223	1,205	1,293	1,115	1,313	1,254	1,283	1,266	1,120	1,371	0,970	1,312	1,044	1,346	1,086	1,379	1,073	1,372	0,995	1,340	1,007	0,870	0,848	0,831	0,684	0,829	0,983	0,931	0,830	0,986	0,913	0,853	1,083	0,798	1,203	1,153	1,184	0,867	1,281	0,796	1,237	0,872	1,234	1,025	1,313	1,004	1,257	0,877	1,290	0,887	1,280	1,201	1,254	0,936	1,297	1,252	1,336	1,239	1,306	1,177	1,315	1,225	1,308	1,290	1,318	1,282	1,345	0,091	1,191	0,091	1,245	0,091	1,224	0,096	1,223	0,092	1,229	0,092	1,211	0,092
21:48:04	37,0	1,022	1,250	1,174	1,285	1,131	1,329	1,194	1,325	1,177	1,339	1,210	1,315	1,359	1,118	1,200	1,115	1,228	1,206	1,297	1,115	1,316	1,255	1,287	1,269	1,121	1,370	0,971	1,310	1,043	1,344	1,084	1,376	1,071	1,374	0,995	1,336	1,008	0,870	0,848	0,830	0,685	0,830	0,981	0,931	0,831	0,986	0,915	0,859	1,086	0,796	1,206	1,155	1,185	0,866	1,283	0,797	1,236	0,877	1,233	1,029	1,314	1,004	1,259	0,879	1,287	0,888	1,280	1,202	1,255	0,937	1,300	1,256	1,337	1,239	1,307	1,181	1,317	1,225	1,310	1,296	1,313	1,280	1,345	0,091	1,194	0,091	1,247	0,091	1,225	0,096	1,228	0,092	1,234	0,092	1,216	0,092
21:58:04	37,0	1,023	1,247	1,169	1,283	1,130	1,327	1,190	1,323	1,173	1,338	1,204	1,312	1,359	1,117	1,198	1,113	1,224	1,207	1,293	1,115	1,311	1,256	1,285	1,267	1,117	1,373	0,972	1,310	1,042	1,343	1,083	1,375	1,071	1,370	0,996	1,336	1,009	0,870	0,847	0,829	0,686	0,829	0,980	0,932	0,831	0,985	0,917	0,857	1,086	0,795	1,202	1,153	1,183	0,865	1,282	0,794	1,233	0,872	1,234	1,026	1,312	1,005	1,259	0,874	1,288	0,886	1,280	1,198	1,254	0,936	1,297	1,252	1,336	1,238	1,305	1,179	1,314	1,226	1,310	1,295	1,315	1,283	1,344	0,091	1,193	0,091	1,244	0,091	1,222	0,096	1,226	0,092	1,230	0,091	1,212	0,091
22:08:04	37,0	1,024	1,248	1,166	1,281	1,129	1,325	1,187	1,324	1,170	1,338	1,201	1,307	1,357	1,117	1,198	1,112	1,221	1,207	1,291	1,115	1,308	1,257	1,282	1,266	1,115	1,372	0,969	1,309	1,041	1,343	1,083	1,376	1,068	1,370	0,995	1,336	1,009	0,869	0,847	0,829	0,685	0,829	0,980	0,931	0,831	0,985	0,917	0,852	1,083	0,793	1,201	1,153	1,184	0,863	1,278	0,791	1,233	0,869	1,236	1,022	1,312	1,003	1,258	0,874	1,288	0,885	1,280	1,199	1,253	0,935	1,297	1,249	1,337	1,239	1,305	1,178	1,313	1,227	1,306	1,293	1,313	1,282	1,338	0,091	1,191	0,091	1,243	0,091	1,224	0,096	1,225	0,092	1,228	0,092	1,210	0,092

