Time	T∞ Optical Density:600	A1	A2	A3	A4	A5	A6	A7	A8	A9	A10	A11	A12	B1	B2	B3	B4	B5	B6	B7	B8	B9	B10	B11	B12	C1	C2	C3	C4	C5	C6	C7	C8	C9	C10	C11	C12	D1	D2	D3	D4	D5	D6	D7	D8	D9	D10	D11	D12	E1	E2	E3	E4	E5	E6	E7	E8	E9	E10	E11	E12	F1	F2	F3	F4	F5	F6	F7	F8	F9	F10	F11	F12	G1	G2	G3	G4	G5	G6	G7	G8	G9	G10	G11	G12	H1	H2	H3	H4	H5	H6	H7	H8	H9	H10	H11	H12
0:08:04	36,9	0,139	0,121	0,140	0,134	0,167	0,142	0,172	0,206	0,140	0,201	0,196	0,155	0,121	0,102	0,100	0,121	0,104	0,116	0,128	0,137	0,130	0,164	0,115	0,107	0,133	0,143	0,106	0,116	0,109	0,117	0,143	0,129	0,136	0,144	0,110	0,141	0,137	0,115	0,124	0,111	0,134	0,101	0,108	0,135	0,107	0,096	0,094	0,098	0,136	0,148	0,130	0,156	0,117	0,107	0,143	0,148	0,121	0,114	0,138	0,106	0,133	0,101	0,181	0,099	0,145	0,100	0,197	0,173	0,119	0,151	0,102	0,142	0,129	0,142	0,209	0,119	0,095	0,124	0,118	0,133	0,119	0,124	0,123	0,089	0,120	0,090	0,131	0,090	0,111	0,090	0,147	0,090	0,143	0,092	0,126	0,090
0:18:04	37,0	0,146	0,118	0,142	0,136	0,171	0,149	0,172	0,199	0,140	0,195	0,223	0,148	0,128	0,105	0,100	0,125	0,104	0,120	0,131	0,139	0,136	0,152	0,115	0,108	0,138	0,147	0,106	0,116	0,113	0,118	0,146	0,134	0,134	0,154	0,112	0,172	0,145	0,120	0,121	0,111	0,136	0,101	0,108	0,112	0,106	0,097	0,094	0,097	0,142	0,142	0,128	0,152	0,120	0,108	0,150	0,149	0,120	0,115	0,120	0,104	0,134	0,101	0,152	0,099	0,144	0,100	0,199	0,176	0,120	0,158	0,103	0,138	0,126	0,137	0,176	0,120	0,094	0,127	0,119	0,133	0,119	0,126	0,123	0,089	0,123	0,090	0,134	0,090	0,113	0,090	0,144	0,090	0,142	0,092	0,123	0,090
0:28:04	37,0	0,152	0,120	0,146	0,138	0,174	0,155	0,180	0,196	0,141	0,232	0,264	0,145	0,133	0,106	0,101	0,128	0,106	0,122	0,133	0,143	0,136	0,141	0,128	0,110	0,148	0,161	0,108	0,118	0,115	0,120	0,150	0,141	0,137	0,158	0,117	0,178	0,146	0,130	0,124	0,120	0,135	0,101	0,109	0,136	0,107	0,098	0,095	0,098	0,145	0,143	0,130	0,152	0,124	0,110	0,168	0,154	0,122	0,121	0,121	0,107	0,137	0,102	0,150	0,100	0,151	0,102	0,209	0,185	0,121	0,162	0,105	0,145	0,130	0,138	0,167	0,122	0,095	0,131	0,125	0,139	0,121	0,128	0,138	0,089	0,124	0,090	0,137	0,090	0,115	0,090	0,145	0,090	0,145	0,092	0,132	0,090
0:38:04	37,0	0,158	0,122	0,151	0,141	0,179	0,165	0,187	0,232	0,144	0,314	0,252	0,147	0,136	0,107	0,102	0,132	0,106	0,126	0,136	0,146	0,136	0,138	0,141	0,113	0,162	0,173	0,110	0,120	0,118	0,122	0,155	0,149	0,142	0,164	0,124	0,186	0,154	0,138	0,129	0,119	0,139	0,102	0,112	0,127	0,109	0,099	0,095	0,099	0,151	0,150	0,136	0,154	0,128	0,114	0,194	0,166	0,125	0,132	0,124	0,110	0,142	0,121	0,155	0,101	0,158	0,104	0,221	0,195	0,124	0,171	0,108	0,159	0,134	0,143	0,165	0,126	0,095	0,136	0,128	0,145	0,123	0,134	0,177	0,089	0,127	0,090	0,143	0,090	0,118	0,090	0,149	0,090	0,150	0,092	0,161	0,090
0:48:04	37,0	0,167	0,124	0,159	0,148	0,186	0,178	0,195	0,290	0,150	0,383	0,263	0,155	0,142	0,109	0,104	0,137	0,108	0,131	0,140	0,154	0,141	0,143	0,156	0,118	0,177	0,187	0,115	0,124	0,120	0,124	0,161	0,160	0,149	0,173	0,133	0,203	0,169	0,130	0,135	0,121	0,143	0,104	0,116	0,125	0,112	0,100	0,097	0,100	0,160	0,165	0,147	0,156	0,136	0,121	0,229	0,187	0,133	0,149	0,131	0,117	0,152	0,123	0,163	0,104	0,165	0,107	0,234	0,203	0,128	0,187	0,113	0,171	0,143	0,153	0,171	0,132	0,095	0,145	0,133	0,154	0,125	0,143	0,209	0,089	0,133	0,090	0,151	0,090	0,124	0,090	0,156	0,090	0,156	0,092	0,191	0,090
0:58:04	37,0	0,179	0,129	0,173	0,156	0,200	0,196	0,212	0,343	0,158	0,462	0,282	0,168	0,151	0,112	0,106	0,143	0,111	0,137	0,146	0,162	0,145	0,152	0,176	0,125	0,191	0,207	0,121	0,128	0,125	0,128	0,168	0,171	0,153	0,185	0,140	0,223	0,187	0,148	0,144	0,133	0,147	0,107	0,120	0,125	0,115	0,101	0,098	0,101	0,174	0,186	0,163	0,162	0,148	0,131	0,261	0,217	0,145	0,172	0,141	0,126	0,165	0,127	0,174	0,108	0,176	0,112	0,246	0,217	0,133	0,209	0,120	0,181	0,154	0,164	0,178	0,141	0,096	0,156	0,148	0,167	0,129	0,155	0,172	0,089	0,141	0,090	0,164	0,090	0,131	0,090	0,165	0,089	0,166	0,091	0,216	0,089
1:08:04	37,0	0,197	0,135	0,191	0,168	0,222	0,220	0,236	0,386	0,169	0,493	0,310	0,186	0,165	0,116	0,109	0,152	0,114	0,145	0,155	0,177	0,153	0,165	0,205	0,135	0,225	0,230	0,128	0,135	0,130	0,132	0,179	0,185	0,164	0,200	0,145	0,270	0,210	0,240	0,156	0,139	0,155	0,111	0,128	0,129	0,121	0,103	0,101	0,103	0,193	0,214	0,187	0,170	0,165	0,147	0,297	0,256	0,162	0,203	0,155	0,140	0,183	0,134	0,193	0,114	0,191	0,118	0,264	0,239	0,142	0,238	0,131	0,194	0,171	0,181	0,189	0,153	0,097	0,171	0,159	0,184	0,135	0,168	0,172	0,089	0,153	0,090	0,181	0,090	0,142	0,090	0,179	0,090	0,180	0,091	0,234	0,089
1:18:04	37,0	0,218	0,145	0,215	0,193	0,251	0,246	0,261	0,443	0,187	0,551	0,343	0,210	0,185	0,122	0,114	0,164	0,119	0,156	0,166	0,194	0,163	0,184	0,232	0,150	0,240	0,264	0,140	0,144	0,137	0,139	0,192	0,201	0,180	0,219	0,153	0,288	0,236	0,263	0,172	0,149	0,164	0,117	0,137	0,137	0,129	0,105	0,105	0,107	0,219	0,247	0,211	0,182	0,187	0,170	0,342	0,305	0,186	0,239	0,174	0,161	0,205	0,143	0,212	0,122	0,208	0,127	0,289	0,267	0,156	0,272	0,145	0,210	0,195	0,203	0,203	0,168	0,099	0,191	0,165	0,208	0,143	0,183	0,185	0,089	0,168	0,090	0,202	0,090	0,157	0,090	0,198	0,090	0,197	0,091	0,257	0,089
1:28:04	37,0	0,244	0,162	0,245	0,214	0,274	0,279	0,290	0,497	0,210	0,563	0,386	0,241	0,214	0,131	0,121	0,179	0,129	0,171	0,184	0,214	0,177	0,209	0,259	0,169	0,272	0,308	0,155	0,155	0,147	0,148	0,210	0,223	0,199	0,253	0,165	0,313	0,264	0,207	0,191	0,163	0,175	0,124	0,150	0,149	0,140	0,111	0,111	0,112	0,244	0,294	0,238	0,198	0,214	0,198	0,390	0,356	0,216	0,279	0,192	0,191	0,236	0,156	0,235	0,134	0,233	0,139	0,316	0,304	0,170	0,305	0,163	0,231	0,225	0,230	0,225	0,189	0,101	0,217	0,186	0,241	0,155	0,202	0,201	0,089	0,189	0,090	0,231	0,090	0,177	0,090	0,220	0,090	0,220	0,092	0,286	0,090
1:38:04	37,0	0,270	0,182	0,275	0,242	0,304	0,313	0,322	0,534	0,233	0,565	0,434	0,285	0,251	0,144	0,131	0,199	0,141	0,188	0,204	0,238	0,196	0,243	0,289	0,188	0,318	0,376	0,174	0,171	0,161	0,160	0,231	0,245	0,222	0,291	0,182	0,350	0,292	0,237	0,211	0,182	0,189	0,137	0,167	0,165	0,152	0,118	0,119	0,119	0,274	0,343	0,266	0,216	0,243	0,231	0,437	0,408	0,247	0,323	0,218	0,226	0,269	0,174	0,262	0,150	0,256	0,155	0,346	0,347	0,193	0,352	0,185	0,254	0,263	0,261	0,247	0,215	0,105	0,246	0,208	0,276	0,172	0,227	0,219	0,089	0,214	0,090	0,258	0,090	0,200	0,090	0,246	0,090	0,245	0,092	0,316	0,090
1:48:04	37,0	0,298	0,205	0,311	0,272	0,334	0,341	0,351	0,571	0,265	0,594	0,493	0,332	0,293	0,162	0,146	0,222	0,159	0,209	0,224	0,263	0,213	0,276	0,319	0,206	0,368	0,426	0,199	0,190	0,179	0,174	0,257	0,269	0,248	0,326	0,202	0,392	0,318	0,274	0,232	0,207	0,198	0,152	0,185	0,187	0,166	0,129	0,129	0,129	0,303	0,393	0,296	0,237	0,274	0,268	0,486	0,464	0,285	0,377	0,247	0,268	0,308	0,196	0,292	0,170	0,289	0,175	0,377	0,397	0,208	0,382	0,208	0,284	0,303	0,291	0,275	0,245	0,110	0,274	0,235	0,312	0,195	0,254	0,245	0,089	0,241	0,090	0,286	0,090	0,229	0,090	0,274	0,090	0,270	0,091	0,344	0,090
1:58:04	37,0	0,329	0,241	0,347	0,303	0,363	0,380	0,385	0,602	0,300	0,622	0,558	0,380	0,338	0,178	0,162	0,243	0,179	0,231	0,245	0,296	0,232	0,308	0,371	0,234	0,428	0,476	0,226	0,213	0,204	0,192	0,286	0,287	0,278	0,356	0,220	0,417	0,339	0,319	0,254	0,243	0,207	0,171	0,202	0,213	0,181	0,144	0,139	0,145	0,332	0,451	0,331	0,261	0,304	0,305	0,529	0,539	0,327	0,426	0,271	0,316	0,344	0,223	0,325	0,191	0,317	0,202	0,408	0,449	0,243	0,431	0,235	0,324	0,344	0,320	0,298	0,274	0,118	0,304	0,263	0,346	0,223	0,284	0,277	0,089	0,264	0,090	0,319	0,090	0,256	0,090	0,299	0,090	0,297	0,092	0,374	0,090
2:08:04	37,0	0,357	0,281	0,381	0,330	0,393	0,415	0,418	0,637	0,335	0,670	0,625	0,431	0,375	0,198	0,180	0,275	0,201	0,258	0,265	0,326	0,250	0,340	0,410	0,260	0,505	0,524	0,256	0,238	0,235	0,210	0,318	0,309	0,308	0,395	0,255	0,474	0,363	0,362	0,274	0,279	0,215	0,195	0,221	0,244	0,193	0,165	0,149	0,165	0,367	0,494	0,365	0,284	0,340	0,337	0,572	0,595	0,373	0,488	0,300	0,358	0,382	0,252	0,357	0,217	0,345	0,229	0,442	0,496	0,268	0,467	0,257	0,356	0,381	0,353	0,328	0,303	0,128	0,335	0,292	0,380	0,254	0,316	0,309	0,089	0,290	0,090	0,351	0,090	0,286	0,090	0,327	0,090	0,326	0,091	0,403	0,090
2:18:04	37,0	0,386	0,328	0,419	0,361	0,419	0,452	0,452	0,671	0,371	0,718	0,685	0,483	0,405	0,219	0,199	0,306	0,228	0,285	0,283	0,362	0,268	0,380	0,439	0,287	0,553	0,575	0,286	0,261	0,269	0,231	0,351	0,331	0,340	0,450	0,294	0,526	0,384	0,403	0,292	0,315	0,222	0,222	0,239	0,282	0,207	0,189	0,163	0,194	0,404	0,517	0,397	0,312	0,377	0,369	0,627	0,623	0,425	0,546	0,330	0,402	0,425	0,285	0,395	0,245	0,373	0,259	0,473	0,535	0,300	0,508	0,285	0,403	0,435	0,389	0,358	0,333	0,142	0,367	0,325	0,408	0,285	0,351	0,390	0,088	0,315	0,090	0,385	0,090	0,317	0,090	0,355	0,090	0,353	0,091	0,432	0,090
2:28:04	37,0	0,414	0,383	0,458	0,399	0,446	0,498	0,485	0,710	0,413	0,757	0,741	0,538	0,433	0,242	0,217	0,338	0,259	0,315	0,305	0,403	0,288	0,422	0,484	0,323	0,578	0,625	0,317	0,285	0,305	0,250	0,389	0,349	0,373	0,495	0,312	0,593	0,402	0,452	0,311	0,359	0,231	0,249	0,256	0,325	0,220	0,217	0,176	0,229	0,440	0,559	0,433	0,337	0,415	0,413	0,663	0,651	0,489	0,617	0,363	0,462	0,476	0,320	0,430	0,271	0,419	0,293	0,504	0,571	0,333	0,542	0,318	0,460	0,488	0,424	0,393	0,367	0,161	0,402	0,367	0,441	0,318	0,393	0,453	0,089	0,342	0,090	0,421	0,090	0,347	0,090	0,383	0,090	0,381	0,091	0,466	0,090
2:38:04	37,0	0,438	0,440	0,498	0,428	0,470	0,539	0,520	0,737	0,457	0,782	0,784	0,597	0,447	0,263	0,241	0,373	0,286	0,341	0,332	0,437	0,311	0,469	0,505	0,370	0,622	0,665	0,348	0,305	0,343	0,272	0,430	0,367	0,411	0,533	0,357	0,644	0,420	0,507	0,329	0,413	0,239	0,276	0,271	0,371	0,235	0,244	0,191	0,277	0,477	0,588	0,471	0,373	0,461	0,470	0,689	0,670	0,562	0,685	0,394	0,528	0,535	0,360	0,467	0,308	0,441	0,329	0,536	0,601	0,370	0,549	0,355	0,509	0,522	0,459	0,431	0,393	0,185	0,439	0,420	0,470	0,352	0,440	0,482	0,089	0,367	0,090	0,456	0,090	0,380	0,090	0,411	0,090	0,406	0,092	0,491	0,090
2:48:04	37,0	0,463	0,498	0,533	0,463	0,493	0,576	0,554	0,761	0,494	0,794	0,815	0,648	0,474	0,289	0,260	0,421	0,319	0,377	0,365	0,484	0,336	0,517	0,546	0,425	0,657	0,700	0,384	0,331	0,389	0,296	0,471	0,386	0,455	0,562	0,395	0,683	0,440	0,558	0,345	0,447	0,243	0,300	0,285	0,428	0,248	0,282	0,207	0,320	0,514	0,597	0,520	0,410	0,518	0,507	0,706	0,686	0,622	0,720	0,426	0,587	0,565	0,405	0,487	0,351	0,458	0,370	0,556	0,623	0,411	0,565	0,392	0,557	0,561	0,500	0,456	0,425	0,217	0,466	0,466	0,483	0,398	0,488	0,556	0,089	0,393	0,090	0,484	0,090	0,410	0,090	0,438	0,090	0,431	0,092	0,518	0,090
2:58:04	37,0	0,485	0,556	0,569	0,492	0,512	0,609	0,584	0,778	0,535	0,801	0,844	0,695	0,492	0,317	0,292	0,460	0,359	0,418	0,392	0,527	0,359	0,564	0,572	0,487	0,663	0,728	0,427	0,362	0,445	0,319	0,508	0,402	0,493	0,593	0,460	0,717	0,460	0,597	0,364	0,508	0,252	0,333	0,296	0,488	0,260	0,314	0,216	0,368	0,551	0,608	0,594	0,442	0,590	0,524	0,720	0,695	0,677	0,742	0,460	0,630	0,586	0,453	0,497	0,396	0,464	0,421	0,577	0,636	0,453	0,575	0,420	0,604	0,589	0,528	0,476	0,449	0,256	0,502	0,491	0,496	0,449	0,527	0,576	0,089	0,412	0,090	0,513	0,090	0,441	0,090	0,463	0,090	0,451	0,091	0,547	0,090
3:08:04	37,0	0,509	0,607	0,600	0,517	0,532	0,645	0,611	0,787	0,573	0,808	0,865	0,729	0,517	0,354	0,321	0,505	0,396	0,461	0,420	0,565	0,381	0,613	0,607	0,532	0,695	0,751	0,461	0,395	0,500	0,344	0,542	0,413	0,525	0,613	0,512	0,744	0,473	0,631	0,384	0,546	0,251	0,363	0,307	0,526	0,272	0,358	0,228	0,403	0,582	0,628	0,634	0,474	0,640	0,539	0,733	0,703	0,710	0,762	0,494	0,666	0,605	0,497	0,508	0,450	0,477	0,465	0,596	0,639	0,488	0,596	0,441	0,633	0,602	0,558	0,497	0,473	0,297	0,539	0,512	0,514	0,481	0,561	0,606	0,089	0,434	0,090	0,538	0,090	0,467	0,090	0,492	0,090	0,474	0,092	0,580	0,090
3:18:04	37,0	0,527	0,641	0,623	0,535	0,548	0,672	0,634	0,793	0,608	0,812	0,883	0,748	0,547	0,402	0,348	0,552	0,430	0,503	0,442	0,590	0,403	0,652	0,632	0,567	0,719	0,784	0,486	0,418	0,522	0,365	0,576	0,426	0,557	0,611	0,552	0,766	0,489	0,658	0,399	0,577	0,257	0,385	0,319	0,541	0,281	0,402	0,240	0,454	0,607	0,644	0,654	0,499	0,670	0,552	0,741	0,709	0,726	0,769	0,532	0,702	0,627	0,519	0,520	0,486	0,494	0,480	0,614	0,655	0,512	0,613	0,461	0,653	0,647	0,578	0,516	0,493	0,341	0,581	0,533	0,531	0,504	0,588	0,630	0,089	0,449	0,090	0,573	0,090	0,490	0,090	0,522	0,090	0,503	0,092	0,611	0,090
3:28:04	37,0	0,548	0,663	0,649	0,568	0,564	0,696	0,657	0,801	0,633	0,824	0,904	0,772	0,574	0,425	0,382	0,573	0,467	0,530	0,461	0,608	0,430	0,685	0,656	0,596	0,708	0,814	0,511	0,432	0,565	0,382	0,601	0,434	0,598	0,619	0,576	0,777	0,510	0,693	0,415	0,606	0,258	0,401	0,331	0,562	0,291	0,452	0,246	0,518	0,635	0,656	0,677	0,517	0,706	0,564	0,758	0,717	0,740	0,780	0,581	0,732	0,644	0,531	0,530	0,517	0,522	0,498	0,629	0,668	0,545	0,643	0,480	0,668	0,663	0,588	0,535	0,522	0,392	0,603	0,557	0,547	0,532	0,613	0,656	0,089	0,467	0,090	0,604	0,090	0,514	0,090	0,560	0,090	0,542	0,092	0,636	0,090
3:38:04	37,0	0,564	0,685	0,672	0,601	0,587	0,728	0,678	0,809	0,666	0,836	0,928	0,793	0,603	0,454	0,408	0,600	0,501	0,554	0,481	0,632	0,465	0,711	0,662	0,631	0,713	0,853	0,538	0,446	0,592	0,392	0,621	0,447	0,627	0,634	0,614	0,791	0,527	0,728	0,426	0,639	0,261	0,416	0,343	0,592	0,300	0,487	0,255	0,573	0,661	0,662	0,703	0,534	0,727	0,575	0,769	0,728	0,755	0,795	0,624	0,759	0,669	0,548	0,542	0,543	0,536	0,510	0,656	0,671	0,569	0,661	0,505	0,681	0,690	0,592	0,556	0,556	0,432	0,620	0,573	0,573	0,566	0,625	0,680	0,089	0,485	0,090	0,624	0,090	0,537	0,090	0,597	0,090	0,577	0,091	0,665	0,090
3:48:04	37,0	0,580	0,700	0,694	0,634	0,608	0,751	0,698	0,816	0,693	0,846	0,939	0,806	0,611	0,466	0,427	0,622	0,531	0,575	0,503	0,650	0,496	0,737	0,647	0,652	0,719	0,882	0,559	0,463	0,619	0,403	0,652	0,466	0,660	0,635	0,640	0,802	0,541	0,765	0,437	0,669	0,267	0,429	0,354	0,627	0,310	0,518	0,265	0,604	0,686	0,674	0,721	0,555	0,746	0,587	0,780	0,736	0,771	0,800	0,656	0,780	0,686	0,562	0,553	0,570	0,563	0,525	0,673	0,677	0,594	0,679	0,528	0,700	0,712	0,600	0,573	0,580	0,479	0,640	0,598	0,581	0,596	0,642	0,701	0,089	0,508	0,090	0,642	0,090	0,559	0,090	0,617	0,090	0,604	0,091	0,685	0,090
3:58:04	37,0	0,593	0,707	0,714	0,665	0,611	0,783	0,720	0,821	0,717	0,856	0,957	0,821	0,619	0,504	0,441	0,647	0,556	0,614	0,528	0,668	0,535	0,759	0,641	0,678	0,734	0,916	0,574	0,476	0,659	0,412	0,683	0,487	0,695	0,639	0,664	0,816	0,556	0,804	0,445	0,705	0,271	0,442	0,365	0,660	0,322	0,542	0,274	0,623	0,710	0,685	0,741	0,572	0,764	0,607	0,789	0,743	0,789	0,809	0,684	0,799	0,700	0,571	0,568	0,576	0,580	0,540	0,693	0,691	0,623	0,701	0,555	0,721	0,746	0,608	0,591	0,602	0,526	0,653	0,621	0,587	0,624	0,653	0,724	0,089	0,531	0,090	0,660	0,090	0,582	0,090	0,638	0,090	0,629	0,092	0,705	0,090
4:08:04	37,0	0,608	0,721	0,734	0,694	0,628	0,811	0,740	0,836	0,744	0,872	0,978	0,842	0,630	0,533	0,450	0,669	0,576	0,635	0,553	0,685	0,564	0,775	0,638	0,694	0,750	0,942	0,596	0,482	0,698	0,423	0,694	0,505	0,723	0,642	0,685	0,836	0,568	0,839	0,454	0,743	0,277	0,457	0,371	0,680	0,332	0,565	0,284	0,647	0,731	0,692	0,760	0,589	0,785	0,631	0,805	0,750	0,810	0,822	0,716	0,818	0,728	0,582	0,583	0,587	0,596	0,561	0,707	0,698	0,644	0,716	0,582	0,739	0,767	0,618	0,614	0,619	0,578	0,667	0,649	0,598	0,646	0,663	0,748	0,089	0,547	0,090	0,679	0,090	0,601	0,090	0,653	0,090	0,647	0,091	0,723	0,090
4:18:04	37,0	0,621	0,738	0,757	0,723	0,652	0,838	0,766	0,851	0,770	0,889	1,006	0,869	0,643	0,559	0,471	0,694	0,600	0,657	0,578	0,703	0,593	0,798	0,641	0,716	0,767	0,962	0,615	0,490	0,731	0,442	0,709	0,515	0,749	0,653	0,710	0,847	0,582	0,864	0,461	0,781	0,284	0,476	0,379	0,719	0,339	0,597	0,291	0,674	0,752	0,698	0,783	0,604	0,802	0,652	0,819	0,759	0,835	0,833	0,743	0,841	0,739	0,597	0,602	0,607	0,620	0,581	0,730	0,711	0,658	0,729	0,606	0,750	0,799	0,629	0,639	0,635	0,617	0,681	0,667	0,605	0,675	0,672	0,776	0,089	0,562	0,090	0,697	0,090	0,619	0,090	0,667	0,090	0,665	0,092	0,746	0,090
4:28:04	37,0	0,638	0,752	0,774	0,747	0,659	0,865	0,791	0,859	0,792	0,903	1,013	0,887	0,658	0,604	0,475	0,726	0,620	0,683	0,608	0,723	0,620	0,828	0,643	0,745	0,787	0,987	0,636	0,502	0,761	0,468	0,726	0,526	0,774	0,677	0,733	0,861	0,597	0,887	0,469	0,811	0,293	0,491	0,390	0,732	0,344	0,621	0,298	0,682	0,775	0,710	0,801	0,624	0,819	0,667	0,835	0,764	0,854	0,840	0,771	0,855	0,773	0,609	0,612	0,616	0,650	0,578	0,744	0,717	0,685	0,731	0,630	0,779	0,833	0,644	0,675	0,656	0,654	0,696	0,706	0,615	0,703	0,680	0,798	0,088	0,575	0,090	0,716	0,090	0,636	0,090	0,681	0,090	0,683	0,091	0,768	0,090
4:38:04	37,0	0,651	0,771	0,792	0,777	0,672	0,885	0,827	0,869	0,816	0,912	1,022	0,905	0,671	0,630	0,482	0,754	0,642	0,710	0,636	0,751	0,644	0,865	0,642	0,772	0,804	1,009	0,657	0,519	0,794	0,501	0,754	0,532	0,794	0,690	0,754	0,895	0,614	0,912	0,476	0,843	0,303	0,510	0,402	0,753	0,350	0,658	0,309	0,707	0,793	0,719	0,821	0,645	0,835	0,678	0,849	0,769	0,867	0,847	0,798	0,868	0,796	0,628	0,633	0,628	0,678	0,598	0,776	0,729	0,693	0,736	0,650	0,784	0,861	0,657	0,709	0,673	0,681	0,710	0,736	0,626	0,731	0,687	0,825	0,089	0,589	0,090	0,732	0,090	0,653	0,090	0,695	0,090	0,700	0,091	0,787	0,090
4:48:04	37,0	0,663	0,789	0,811	0,797	0,702	0,899	0,832	0,876	0,835	0,920	1,025	0,918	0,684	0,677	0,494	0,787	0,662	0,737	0,666	0,790	0,671	0,881	0,643	0,803	0,822	1,025	0,669	0,532	0,824	0,527	0,772	0,542	0,818	0,697	0,767	0,915	0,633	0,936	0,482	0,862	0,315	0,531	0,414	0,760	0,363	0,704	0,326	0,734	0,810	0,729	0,841	0,660	0,848	0,689	0,863	0,773	0,884	0,851	0,817	0,876	0,830	0,636	0,652	0,639	0,716	0,612	0,803	0,735	0,714	0,751	0,674	0,807	0,899	0,670	0,745	0,691	0,700	0,725	0,767	0,635	0,762	0,696	0,847	0,088	0,601	0,089	0,748	0,090	0,669	0,089	0,711	0,090	0,717	0,091	0,804	0,090
4:58:04	37,0	0,677	0,811	0,832	0,821	0,707	0,917	0,856	0,892	0,860	0,934	1,042	0,938	0,705	0,713	0,512	0,815	0,685	0,774	0,695	0,812	0,697	0,915	0,647	0,832	0,846	1,043	0,682	0,548	0,858	0,548	0,799	0,552	0,844	0,718	0,792	0,940	0,648	0,962	0,490	0,883	0,327	0,552	0,424	0,784	0,371	0,742	0,336	0,751	0,827	0,734	0,858	0,680	0,866	0,699	0,879	0,778	0,904	0,858	0,842	0,889	0,862	0,654	0,680	0,650	0,746	0,625	0,826	0,748	0,734	0,760	0,706	0,832	0,928	0,688	0,792	0,705	0,723	0,740	0,808	0,645	0,796	0,706	0,874	0,089	0,615	0,090	0,767	0,090	0,684	0,090	0,729	0,090	0,736	0,091	0,823	0,090
5:08:04	37,0	0,690	0,832	0,850	0,845	0,720	0,931	0,872	0,908	0,882	0,951	1,060	0,954	0,728	0,748	0,531	0,846	0,712	0,801	0,725	0,835	0,725	0,934	0,660	0,865	0,870	1,054	0,695	0,556	0,892	0,566	0,819	0,564	0,868	0,740	0,816	0,955	0,669	0,979	0,497	0,907	0,341	0,575	0,434	0,795	0,379	0,782	0,350	0,773	0,843	0,738	0,882	0,701	0,882	0,708	0,895	0,784	0,924	0,868	0,865	0,902	0,887	0,669	0,707	0,658	0,787	0,643	0,856	0,758	0,759	0,767	0,726	0,843	0,959	0,702	0,818	0,723	0,756	0,755	0,836	0,653	0,835	0,722	0,900	0,089	0,630	0,090	0,788	0,090	0,705	0,090	0,744	0,090	0,758	0,091	0,841	0,090
5:18:04	37,0	0,704	0,850	0,866	0,871	0,749	0,947	0,897	0,918	0,899	0,961	1,065	0,967	0,745	0,779	0,546	0,869	0,731	0,830	0,752	0,864	0,750	0,957	0,666	0,893	0,889	1,071	0,708	0,589	0,920	0,581	0,839	0,570	0,890	0,760	0,830	0,968	0,686	0,993	0,504	0,927	0,354	0,594	0,446	0,809	0,393	0,810	0,369	0,800	0,856	0,742	0,898	0,722	0,892	0,718	0,907	0,790	0,938	0,872	0,881	0,909	0,919	0,681	0,739	0,667	0,826	0,644	0,889	0,767	0,791	0,767	0,747	0,853	0,989	0,716	0,839	0,741	0,794	0,772	0,870	0,667	0,872	0,734	0,916	0,089	0,644	0,090	0,804	0,090	0,722	0,090	0,761	0,090	0,775	0,091	0,854	0,090
5:28:04	37,0	0,719	0,869	0,881	0,889	0,777	0,961	0,903	0,933	0,919	0,978	1,079	0,983	0,765	0,814	0,561	0,896	0,751	0,861	0,777	0,890	0,776	0,979	0,675	0,920	0,915	1,078	0,722	0,607	0,948	0,591	0,864	0,583	0,914	0,780	0,840	0,988	0,703	1,007	0,513	0,950	0,369	0,614	0,458	0,824	0,403	0,841	0,388	0,820	0,872	0,748	0,919	0,746	0,909	0,729	0,920	0,795	0,953	0,878	0,898	0,920	0,942	0,701	0,776	0,678	0,853	0,653	0,901	0,780	0,804	0,770	0,779	0,871	1,012	0,735	0,863	0,761	0,798	0,791	0,903	0,675	0,909	0,749	0,935	0,089	0,662	0,090	0,824	0,090	0,741	0,090	0,783	0,090	0,795	0,091	0,870	0,090
5:38:04	37,0	0,733	0,888	0,894	0,912	0,767	0,976	0,920	0,945	0,935	0,990	1,088	0,997	0,785	0,844	0,575	0,919	0,770	0,893	0,804	0,923	0,799	1,003	0,686	0,943	0,936	1,081	0,741	0,627	0,972	0,605	0,885	0,587	0,934	0,810	0,856	1,003	0,721	1,020	0,523	0,970	0,385	0,629	0,472	0,838	0,413	0,866	0,404	0,838	0,884	0,753	0,937	0,769	0,920	0,736	0,935	0,798	0,967	0,885	0,914	0,929	0,970	0,713	0,805	0,692	0,883	0,667	0,938	0,785	0,835	0,767	0,797	0,888	1,034	0,750	0,883	0,780	0,831	0,807	0,927	0,688	0,945	0,760	0,954	0,089	0,680	0,090	0,838	0,090	0,762	0,090	0,800	0,090	0,815	0,091	0,885	0,090
5:48:04	37,0	0,746	0,905	0,907	0,927	0,780	0,993	0,945	0,959	0,950	1,006	1,096	1,010	0,802	0,877	0,592	0,951	0,793	0,932	0,828	0,931	0,823	1,029	0,698	0,971	0,963	1,087	0,758	0,674	0,997	0,635	0,908	0,597	0,957	0,837	0,869	1,016	0,740	1,034	0,533	0,983	0,400	0,645	0,488	0,850	0,424	0,887	0,420	0,853	0,895	0,760	0,957	0,791	0,935	0,744	0,948	0,802	0,978	0,892	0,930	0,937	0,986	0,723	0,836	0,696	0,921	0,670	0,961	0,792	0,866	0,774	0,829	0,911	1,060	0,772	0,903	0,802	0,843	0,827	0,953	0,700	0,974	0,772	0,973	0,088	0,699	0,090	0,858	0,090	0,782	0,090	0,818	0,090	0,835	0,091	0,903	0,090
5:58:04	37,0	0,761	0,926	0,927	0,955	0,796	1,014	0,955	0,984	0,968	1,031	1,126	1,030	0,822	0,908	0,606	0,973	0,818	0,959	0,850	0,961	0,842	1,056	0,710	0,992	0,996	1,108	0,777	0,699	1,018	0,660	0,930	0,602	0,979	0,856	0,887	1,032	0,760	1,046	0,543	0,998	0,413	0,660	0,504	0,861	0,439	0,910	0,438	0,871	0,910	0,765	0,964	0,814	0,952	0,751	0,966	0,808	0,997	0,902	0,945	0,952	1,011	0,730	0,851	0,700	0,939	0,679	0,990	0,791	0,880	0,776	0,844	0,930	1,082	0,792	0,923	0,827	0,866	0,840	0,985	0,715	1,007	0,789	0,998	0,089	0,719	0,090	0,876	0,090	0,802	0,090	0,838	0,090	0,855	0,091	0,920	0,090
6:08:04	37,0	0,773	0,944	0,943	0,976	0,809	1,032	0,979	1,005	0,984	1,048	1,140	1,050	0,843	0,944	0,620	0,998	0,839	0,985	0,877	0,980	0,866	1,075	0,718	1,014	1,018	1,120	0,797	0,727	1,040	0,679	0,959	0,609	0,996	0,877	0,892	1,044	0,779	1,057	0,553	1,010	0,428	0,673	0,520	0,868	0,449	0,931	0,456	0,883	0,921	0,772	0,978	0,836	0,965	0,760	0,980	0,815	1,010	0,913	0,960	0,963	1,028	0,743	0,877	0,702	0,967	0,705	1,008	0,810	0,900	0,786	0,861	0,956	1,102	0,812	0,946	0,848	0,887	0,857	1,010	0,729	1,028	0,807	1,016	0,089	0,741	0,090	0,896	0,090	0,822	0,090	0,860	0,090	0,874	0,092	0,940	0,090
6:18:04	37,0	0,784	0,959	0,957	0,998	0,837	1,049	0,995	1,022	0,998	1,065	1,146	1,063	0,863	0,965	0,632	1,026	0,856	1,013	0,900	1,014	0,886	1,103	0,731	1,034	1,045	1,133	0,816	0,749	1,055	0,703	0,975	0,618	1,014	0,897	0,912	1,057	0,797	1,062	0,563	1,021	0,444	0,690	0,536	0,880	0,462	0,951	0,475	0,895	0,931	0,778	0,992	0,857	0,978	0,770	0,990	0,822	1,024	0,919	0,969	0,971	1,045	0,757	0,893	0,719	0,985	0,718	1,025	0,810	0,918	0,795	0,880	0,972	1,118	0,829	0,964	0,869	0,904	0,871	1,025	0,744	1,052	0,824	1,031	0,089	0,765	0,090	0,911	0,090	0,843	0,090	0,877	0,090	0,894	0,091	0,959	0,090
6:28:04	37,0	0,799	0,974	0,972	1,020	0,855	1,066	1,015	1,041	1,012	1,083	1,162	1,079	0,878	0,995	0,651	1,044	0,872	1,038	0,921	1,027	0,906	1,121	0,748	1,055	1,066	1,134	0,835	0,773	1,071	0,720	0,996	0,624	1,029	0,918	0,927	1,071	0,818	1,068	0,574	1,030	0,457	0,708	0,556	0,888	0,476	0,971	0,490	0,906	0,942	0,785	1,002	0,878	0,992	0,778	1,001	0,827	1,038	0,929	0,980	0,983	1,059	0,770	0,912	0,719	1,007	0,727	1,040	0,827	0,936	0,804	0,894	0,990	1,138	0,846	0,979	0,888	0,945	0,889	1,052	0,760	1,078	0,850	1,050	0,089	0,788	0,090	0,929	0,090	0,862	0,090	0,897	0,090	0,915	0,091	0,982	0,090
6:38:04	37,0	0,810	0,989	0,986	1,043	0,871	1,080	1,022	1,062	1,023	1,100	1,170	1,094	0,896	1,022	0,665	1,067	0,892	1,066	0,938	1,042	0,926	1,138	0,754	1,073	1,088	1,140	0,860	0,798	1,085	0,743	1,016	0,628	1,045	0,937	0,940	1,083	0,839	1,075	0,586	1,036	0,470	0,723	0,572	0,899	0,487	0,988	0,504	0,924	0,955	0,792	1,014	0,892	1,004	0,785	1,014	0,833	1,050	0,940	0,989	0,995	1,075	0,789	0,926	0,723	1,026	0,732	1,061	0,818	0,954	0,814	0,912	1,007	1,156	0,864	1,000	0,907	0,961	0,907	1,067	0,778	1,098	0,867	1,067	0,089	0,810	0,090	0,944	0,090	0,881	0,090	0,918	0,090	0,934	0,092	1,002	0,090
6:48:04	37,0	0,824	1,003	1,002	1,063	0,887	1,093	1,038	1,082	1,036	1,118	1,186	1,109	0,913	1,044	0,683	1,088	0,908	1,086	0,956	1,060	0,945	1,155	0,768	1,091	1,107	1,148	0,875	0,820	1,098	0,767	1,031	0,639	1,060	0,957	0,958	1,091	0,859	1,079	0,598	1,045	0,483	0,735	0,584	0,916	0,502	1,005	0,519	0,935	0,965	0,800	1,028	0,909	1,017	0,793	1,026	0,838	1,060	0,948	0,997	1,004	1,092	0,810	0,943	0,727	1,051	0,739	1,074	0,835	0,964	0,825	0,928	1,021	1,169	0,885	1,017	0,927	0,981	0,923	1,086	0,796	1,118	0,884	1,084	0,089	0,831	0,090	0,959	0,090	0,901	0,090	0,937	0,090	0,955	0,091	1,019	0,090
6:58:04	36,9	0,836	1,018	1,014	1,082	0,894	1,106	1,050	1,097	1,047	1,131	1,190	1,120	0,927	1,068	0,700	1,109	0,923	1,104	0,974	1,087	0,960	1,174	0,778	1,107	1,122	1,149	0,895	0,843	1,111	0,788	1,046	0,646	1,075	0,974	0,960	1,101	0,882	1,081	0,611	1,050	0,496	0,749	0,598	0,939	0,516	1,018	0,535	0,944	0,975	0,807	1,045	0,929	1,029	0,800	1,036	0,843	1,069	0,954	1,006	1,011	1,101	0,828	0,953	0,737	1,058	0,742	1,087	0,848	0,976	0,831	0,939	1,034	1,185	0,900	1,030	0,947	1,012	0,943	1,105	0,814	1,137	0,901	1,094	0,089	0,852	0,090	0,971	0,090	0,920	0,090	0,954	0,090	0,972	0,092	1,032	0,090
7:08:04	37,0	0,848	1,029	1,028	1,099	0,906	1,121	1,063	1,110	1,058	1,149	1,195	1,135	0,943	1,093	0,719	1,128	0,938	1,131	0,987	1,110	0,975	1,184	0,787	1,123	1,139	1,156	0,911	0,861	1,124	0,813	1,061	0,652	1,089	0,991	0,980	1,112	0,898	1,084	0,623	1,052	0,506	0,763	0,613	0,966	0,532	1,031	0,548	0,950	0,985	0,814	1,052	0,948	1,041	0,806	1,046	0,848	1,078	0,959	1,012	1,018	1,116	0,844	0,967	0,745	1,073	0,747	1,104	0,857	0,995	0,838	0,957	1,047	1,201	0,919	1,042	0,965	1,040	0,960	1,127	0,830	1,157	0,923	1,105	0,089	0,875	0,090	0,988	0,090	0,941	0,090	0,974	0,090	0,995	0,091	1,045	0,090
7:18:04	37,0	0,859	1,040	1,037	1,118	0,920	1,134	1,074	1,121	1,069	1,162	1,195	1,145	0,959	1,108	0,732	1,149	0,950	1,145	1,003	1,129	0,993	1,203	0,797	1,133	1,153	1,166	0,927	0,886	1,132	0,830	1,073	0,658	1,102	1,006	0,988	1,122	0,912	1,084	0,635	1,054	0,516	0,775	0,629	0,992	0,544	1,040	0,556	0,958	0,993	0,821	1,067	0,966	1,050	0,813	1,052	0,853	1,082	0,965	1,019	1,022	1,129	0,858	0,980	0,752	1,087	0,750	1,116	0,867	1,011	0,843	0,973	1,061	1,209	0,930	1,060	0,977	1,042	0,973	1,135	0,848	1,173	0,934	1,116	0,089	0,896	0,090	0,999	0,090	0,960	0,090	0,991	0,090	1,009	0,092	1,055	0,090
7:28:04	37,0	0,873	1,051	1,046	1,131	0,931	1,143	1,085	1,130	1,076	1,169	1,189	1,151	0,968	1,131	0,744	1,164	0,960	1,159	1,019	1,148	1,003	1,213	0,799	1,149	1,168	1,168	0,936	0,907	1,143	0,847	1,082	0,665	1,113	1,025	0,991	1,132	0,924	1,083	0,644	1,055	0,525	0,786	0,644	1,011	0,559	1,043	0,567	0,962	1,000	0,827	1,073	0,981	1,055	0,819	1,057	0,851	1,087	0,964	1,027	1,024	1,140	0,878	0,989	0,757	1,101	0,753	1,127	0,881	1,018	0,846	0,984	1,070	1,221	0,943	1,076	0,994	1,061	0,982	1,147	0,860	1,187	0,947	1,121	0,089	0,914	0,090	1,006	0,090	0,975	0,090	1,003	0,090	1,019	0,091	1,060	0,090
7:38:04	37,0	0,884	1,064	1,061	1,149	0,946	1,156	1,100	1,147	1,088	1,190	1,207	1,163	0,982	1,146	0,757	1,181	0,975	1,175	1,029	1,161	1,017	1,234	0,809	1,159	1,181	1,168	0,951	0,932	1,151	0,867	1,098	0,670	1,125	1,045	0,998	1,143	0,940	1,083	0,657	1,055	0,534	0,793	0,659	1,022	0,570	1,049	0,576	0,964	1,010	0,833	1,080	0,995	1,064	0,823	1,066	0,856	1,098	0,972	1,041	1,034	1,153	0,896	1,008	0,765	1,110	0,763	1,136	0,892	1,032	0,856	0,992	1,081	1,233	0,961	1,092	1,008	1,082	0,999	1,169	0,874	1,201	0,967	1,134	0,089	0,932	0,090	1,020	0,090	0,990	0,090	1,017	0,090	1,033	0,092	1,072	0,090
7:48:04	37,0	0,893	1,077	1,074	1,163	0,948	1,167	1,109	1,160	1,097	1,206	1,210	1,173	0,993	1,162	0,772	1,197	0,986	1,194	1,038	1,171	1,030	1,247	0,817	1,171	1,195	1,173	0,963	0,945	1,162	0,882	1,108	0,675	1,135	1,062	1,009	1,152	0,952	1,081	0,668	1,052	0,542	0,800	0,671	1,028	0,582	1,051	0,584	0,969	1,017	0,838	1,085	1,010	1,071	0,830	1,073	0,862	1,105	0,981	1,048	1,041	1,165	0,906	1,016	0,772	1,127	0,768	1,154	0,899	1,052	0,860	1,006	1,091	1,243	0,975	1,102	1,024	1,091	1,010	1,173	0,890	1,215	0,978	1,144	0,089	0,947	0,090	1,029	0,090	1,002	0,090	1,028	0,090	1,045	0,092	1,081	0,090
7:58:04	37,0	0,904	1,088	1,084	1,175	0,958	1,180	1,120	1,173	1,105	1,219	1,220	1,183	1,006	1,179	0,794	1,216	0,997	1,208	1,049	1,187	1,043	1,250	0,838	1,183	1,207	1,179	0,977	0,964	1,172	0,909	1,120	0,681	1,147	1,079	1,023	1,161	0,963	1,080	0,680	1,056	0,549	0,809	0,684	1,031	0,597	1,054	0,591	0,971	1,026	0,845	1,093	1,023	1,079	0,834	1,079	0,867	1,111	0,985	1,054	1,052	1,177	0,913	1,028	0,780	1,139	0,775	1,169	0,909	1,063	0,868	1,020	1,102	1,253	0,987	1,115	1,037	1,116	1,023	1,189	0,904	1,227	0,991	1,155	0,089	0,962	0,090	1,036	0,090	1,014	0,090	1,040	0,090	1,054	0,091	1,090	0,090
8:08:04	37,0	0,914	1,100	1,092	1,186	0,957	1,188	1,124	1,182	1,112	1,227	1,218	1,186	1,016	1,194	0,807	1,232	1,006	1,221	1,058	1,199	1,055	1,262	0,834	1,189	1,218	1,183	0,986	0,982	1,181	0,923	1,131	0,686	1,157	1,092	1,021	1,173	0,972	1,079	0,693	1,052	0,556	0,817	0,696	1,037	0,608	1,049	0,597	0,975	1,035	0,850	1,099	1,035	1,085	0,840	1,083	0,872	1,117	0,985	1,060	1,056	1,187	0,923	1,038	0,788	1,155	0,783	1,176	0,918	1,074	0,872	1,028	1,114	1,261	0,996	1,127	1,048	1,131	1,028	1,203	0,919	1,238	1,000	1,159	0,089	0,976	0,090	1,043	0,090	1,026	0,090	1,054	0,090	1,063	0,092	1,095	0,090
8:18:04	37,0	0,923	1,111	1,102	1,197	0,977	1,200	1,133	1,195	1,119	1,242	1,232	1,196	1,026	1,210	0,827	1,244	1,017	1,231	1,066	1,208	1,064	1,268	0,854	1,202	1,229	1,192	0,996	1,002	1,188	0,935	1,142	0,693	1,169	1,108	1,039	1,186	0,980	1,079	0,704	1,052	0,564	0,827	0,708	1,041	0,619	1,048	0,604	0,976	1,042	0,854	1,109	1,048	1,094	0,845	1,091	0,878	1,126	0,993	1,067	1,066	1,197	0,935	1,051	0,792	1,165	0,787	1,186	0,925	1,085	0,880	1,045	1,123	1,271	1,009	1,140	1,061	1,148	1,046	1,213	0,932	1,251	1,014	1,169	0,089	0,989	0,090	1,054	0,090	1,037	0,090	1,065	0,090	1,074	0,092	1,104	0,090
8:28:04	37,0	0,933	1,118	1,109	1,209	0,973	1,209	1,139	1,203	1,125	1,252	1,235	1,204	1,035	1,218	0,850	1,255	1,023	1,244	1,073	1,221	1,071	1,278	0,870	1,210	1,238	1,189	1,006	1,013	1,196	0,950	1,152	0,696	1,181	1,121	1,046	1,196	0,988	1,078	0,716	1,050	0,571	0,834	0,718	1,044	0,627	1,048	0,610	0,978	1,050	0,861	1,113	1,060	1,097	0,849	1,095	0,878	1,130	1,000	1,070	1,071	1,207	0,944	1,063	0,799	1,173	0,793	1,201	0,933	1,095	0,889	1,056	1,135	1,279	1,018	1,148	1,072	1,162	1,054	1,226	0,942	1,262	1,023	1,176	0,089	1,001	0,090	1,061	0,090	1,047	0,090	1,074	0,090	1,082	0,092	1,108	0,090
8:38:04	37,0	0,940	1,129	1,116	1,217	0,978	1,217	1,143	1,212	1,131	1,259	1,236	1,209	1,042	1,231	0,856	1,265	1,030	1,253	1,079	1,230	1,078	1,291	0,873	1,220	1,247	1,189	1,015	1,026	1,205	0,962	1,163	0,702	1,190	1,133	1,051	1,205	0,996	1,077	0,730	1,051	0,576	0,842	0,727	1,052	0,634	1,047	0,616	0,982	1,056	0,864	1,118	1,071	1,103	0,852	1,100	0,884	1,137	1,003	1,077	1,074	1,218	0,954	1,072	0,802	1,185	0,798	1,209	0,941	1,101	0,886	1,062	1,145	1,290	1,026	1,156	1,080	1,174	1,062	1,235	0,951	1,268	1,033	1,179	0,089	1,011	0,090	1,066	0,090	1,057	0,090	1,081	0,090	1,091	0,091	1,113	0,090
8:48:04	37,0	0,948	1,138	1,124	1,227	0,984	1,225	1,151	1,222	1,136	1,267	1,241	1,216	1,050	1,240	0,860	1,274	1,039	1,261	1,084	1,236	1,085	1,296	0,873	1,229	1,257	1,193	1,024	1,040	1,212	0,974	1,172	0,708	1,198	1,145	1,051	1,213	1,002	1,079	0,741	1,052	0,582	0,846	0,733	1,058	0,639	1,048	0,621	0,981	1,063	0,870	1,125	1,083	1,111	0,858	1,107	0,888	1,144	1,012	1,085	1,081	1,229	0,961	1,082	0,811	1,199	0,799	1,219	0,952	1,114	0,890	1,069	1,153	1,294	1,037	1,166	1,092	1,190	1,073	1,243	0,961	1,276	1,042	1,185	0,089	1,021	0,090	1,075	0,090	1,068	0,090	1,091	0,090	1,103	0,092	1,118	0,090
8:58:04	37,0	0,955	1,147	1,131	1,234	0,990	1,233	1,154	1,228	1,142	1,275	1,243	1,224	1,057	1,251	0,877	1,284	1,043	1,269	1,089	1,249	1,092	1,299	0,882	1,238	1,267	1,194	1,031	1,054	1,218	0,987	1,181	0,713	1,208	1,158	1,055	1,216	1,008	1,081	0,755	1,055	0,588	0,852	0,739	1,057	0,646	1,050	0,626	0,981	1,070	0,874	1,132	1,098	1,113	0,862	1,109	0,891	1,149	1,015	1,090	1,083	1,237	0,973	1,091	0,815	1,208	0,807	1,224	0,956	1,125	0,896	1,079	1,162	1,299	1,043	1,176	1,098	1,205	1,080	1,252	0,971	1,290	1,050	1,190	0,089	1,031	0,090	1,081	0,090	1,075	0,090	1,099	0,090	1,107	0,092	1,121	0,090
9:08:04	37,0	0,962	1,154	1,140	1,244	0,995	1,242	1,162	1,238	1,149	1,282	1,256	1,231	1,062	1,261	0,894	1,293	1,052	1,276	1,094	1,251	1,098	1,305	0,894	1,244	1,276	1,198	1,039	1,073	1,226	0,995	1,191	0,717	1,216	1,170	1,065	1,222	1,014	1,086	0,767	1,059	0,593	0,857	0,745	1,061	0,652	1,052	0,630	0,984	1,073	0,878	1,137	1,114	1,121	0,866	1,117	0,893	1,156	1,023	1,098	1,093	1,246	0,982	1,103	0,818	1,218	0,812	1,233	0,963	1,135	0,902	1,090	1,169	1,304	1,052	1,184	1,108	1,218	1,093	1,262	0,983	1,294	1,061	1,197	0,089	1,041	0,090	1,087	0,090	1,084	0,090	1,109	0,090	1,119	0,091	1,129	0,090
9:18:04	37,0	0,970	1,163	1,146	1,250	0,999	1,251	1,167	1,246	1,154	1,288	1,261	1,237	1,068	1,270	0,905	1,300	1,056	1,284	1,099	1,264	1,103	1,316	0,896	1,252	1,284	1,200	1,046	1,088	1,233	1,010	1,200	0,722	1,222	1,180	1,067	1,229	1,018	1,091	0,777	1,061	0,598	0,863	0,750	1,058	0,657	1,054	0,635	0,992	1,080	0,883	1,141	1,124	1,126	0,871	1,122	0,896	1,161	1,028	1,103	1,097	1,255	0,989	1,110	0,827	1,228	0,817	1,242	0,970	1,141	0,906	1,097	1,177	1,312	1,060	1,192	1,118	1,226	1,101	1,268	0,990	1,304	1,067	1,203	0,089	1,049	0,090	1,094	0,090	1,089	0,090	1,119	0,090	1,128	0,092	1,135	0,090
9:28:04	37,0	0,976	1,171	1,154	1,256	1,002	1,261	1,172	1,252	1,158	1,294	1,262	1,242	1,074	1,279	0,912	1,310	1,065	1,290	1,101	1,265	1,107	1,317	0,896	1,260	1,293	1,199	1,051	1,105	1,241	1,021	1,209	0,722	1,232	1,191	1,072	1,234	1,024	1,096	0,785	1,064	0,603	0,870	0,755	1,058	0,661	1,056	0,638	0,992	1,083	0,886	1,146	1,133	1,131	0,876	1,129	0,901	1,168	1,032	1,109	1,103	1,263	1,000	1,119	0,828	1,241	0,824	1,250	0,977	1,145	0,911	1,105	1,190	1,317	1,069	1,198	1,131	1,236	1,109	1,276	1,000	1,311	1,076	1,207	0,089	1,058	0,090	1,101	0,090	1,096	0,090	1,125	0,090	1,136	0,092	1,139	0,090
9:38:04	37,0	0,983	1,177	1,156	1,260	1,010	1,264	1,173	1,255	1,162	1,296	1,258	1,246	1,076	1,287	0,927	1,315	1,067	1,295	1,106	1,275	1,112	1,333	0,912	1,268	1,300	1,196	1,057	1,119	1,246	1,028	1,213	0,724	1,236	1,197	1,080	1,240	1,029	1,102	0,794	1,067	0,607	0,874	0,759	1,056	0,666	1,062	0,642	0,992	1,088	0,892	1,152	1,141	1,134	0,880	1,128	0,903	1,171	1,031	1,109	1,100	1,272	1,009	1,124	0,834	1,248	0,828	1,261	0,985	1,152	0,916	1,118	1,193	1,323	1,076	1,206	1,133	1,244	1,115	1,281	1,008	1,320	1,081	1,210	0,089	1,067	0,090	1,104	0,090	1,101	0,090	1,130	0,090	1,139	0,092	1,139	0,090
9:48:04	37,0	0,989	1,184	1,165	1,268	1,014	1,272	1,179	1,264	1,170	1,302	1,269	1,255	1,083	1,294	0,929	1,320	1,074	1,302	1,111	1,285	1,115	1,332	0,906	1,274	1,309	1,198	1,063	1,128	1,251	1,036	1,220	0,727	1,244	1,204	1,080	1,245	1,033	1,105	0,803	1,069	0,612	0,876	0,761	1,056	0,671	1,064	0,648	0,995	1,093	0,898	1,159	1,151	1,141	0,885	1,136	0,907	1,178	1,039	1,119	1,109	1,278	1,015	1,134	0,840	1,258	0,831	1,267	0,991	1,163	0,917	1,122	1,199	1,328	1,083	1,213	1,144	1,255	1,122	1,291	1,015	1,324	1,091	1,216	0,089	1,073	0,090	1,113	0,090	1,115	0,090	1,137	0,090	1,147	0,091	1,146	0,090
9:58:04	37,0	0,996	1,191	1,173	1,274	1,017	1,276	1,183	1,270	1,174	1,309	1,277	1,261	1,090	1,300	0,940	1,329	1,077	1,303	1,110	1,286	1,119	1,337	0,913	1,277	1,314	1,199	1,069	1,135	1,255	1,042	1,228	0,729	1,250	1,210	1,085	1,251	1,038	1,105	0,810	1,073	0,616	0,880	0,764	1,057	0,675	1,063	0,652	0,997	1,096	0,901	1,160	1,160	1,147	0,888	1,138	0,909	1,183	1,042	1,123	1,114	1,285	1,022	1,140	0,845	1,267	0,838	1,276	1,000	1,169	0,924	1,129	1,210	1,333	1,091	1,220	1,151	1,264	1,129	1,297	1,023	1,326	1,098	1,221	0,089	1,080	0,090	1,118	0,090	1,118	0,090	1,143	0,090	1,155	0,091	1,150	0,090
10:08:04	37,0	1,002	1,198	1,181	1,281	1,026	1,284	1,190	1,276	1,181	1,316	1,286	1,266	1,094	1,310	0,940	1,334	1,085	1,316	1,114	1,287	1,121	1,335	0,915	1,285	1,323	1,202	1,073	1,143	1,263	1,052	1,236	0,730	1,256	1,215	1,090	1,254	1,042	1,107	0,817	1,074	0,619	0,882	0,768	1,057	0,677	1,061	0,655	0,992	1,100	0,907	1,164	1,168	1,153	0,893	1,147	0,914	1,192	1,051	1,128	1,122	1,294	1,032	1,148	0,849	1,276	0,841	1,283	1,005	1,176	0,929	1,135	1,219	1,338	1,099	1,226	1,156	1,273	1,137	1,299	1,030	1,335	1,109	1,225	0,089	1,088	0,090	1,125	0,090	1,125	0,090	1,149	0,090	1,161	0,092	1,156	0,090
10:18:04	37,0	1,006	1,203	1,186	1,283	1,028	1,288	1,192	1,280	1,184	1,319	1,284	1,271	1,099	1,317	0,942	1,338	1,087	1,319	1,115	1,290	1,122	1,344	0,918	1,288	1,329	1,206	1,079	1,147	1,266	1,059	1,239	0,732	1,260	1,218	1,093	1,256	1,048	1,108	0,820	1,075	0,623	0,884	0,771	1,056	0,679	1,061	0,657	0,994	1,104	0,912	1,170	1,172	1,157	0,896	1,150	0,918	1,196	1,054	1,129	1,124	1,300	1,038	1,155	0,854	1,284	0,845	1,289	1,011	1,182	0,931	1,142	1,223	1,342	1,103	1,232	1,163	1,279	1,145	1,307	1,036	1,340	1,114	1,229	0,089	1,094	0,090	1,129	0,090	1,132	0,090	1,158	0,090	1,167	0,091	1,159	0,090
10:28:04	37,0	1,013	1,208	1,191	1,290	1,031	1,295	1,196	1,283	1,188	1,322	1,288	1,274	1,103	1,321	0,945	1,344	1,092	1,325	1,118	1,296	1,124	1,346	0,918	1,294	1,335	1,205	1,084	1,150	1,272	1,065	1,245	0,733	1,265	1,223	1,094	1,259	1,051	1,109	0,825	1,076	0,626	0,885	0,773	1,057	0,682	1,058	0,660	0,993	1,108	0,917	1,172	1,178	1,159	0,899	1,154	0,923	1,201	1,055	1,136	1,126	1,308	1,045	1,161	0,857	1,288	0,849	1,293	1,019	1,188	0,938	1,148	1,231	1,346	1,108	1,233	1,169	1,288	1,148	1,309	1,041	1,343	1,119	1,231	0,089	1,099	0,090	1,134	0,090	1,136	0,090	1,161	0,090	1,172	0,092	1,162	0,090
10:38:04	37,0	1,017	1,212	1,197	1,292	1,033	1,299	1,200	1,290	1,192	1,326	1,292	1,279	1,106	1,326	0,944	1,348	1,097	1,330	1,119	1,299	1,127	1,355	0,929	1,296	1,342	1,203	1,087	1,156	1,276	1,072	1,250	0,733	1,269	1,226	1,101	1,262	1,056	1,110	0,830	1,076	0,630	0,884	0,776	1,059	0,683	1,058	0,663	0,993	1,112	0,920	1,181	1,182	1,164	0,903	1,158	0,926	1,206	1,058	1,141	1,131	1,312	1,052	1,167	0,864	1,298	0,853	1,300	1,024	1,194	0,942	1,157	1,238	1,353	1,115	1,240	1,175	1,295	1,155	1,315	1,048	1,351	1,127	1,236	0,089	1,105	0,090	1,140	0,090	1,143	0,090	1,169	0,090	1,176	0,092	1,166	0,090
10:48:04	37,0	1,023	1,218	1,198	1,299	1,034	1,305	1,202	1,295	1,197	1,332	1,298	1,282	1,108	1,329	0,947	1,352	1,098	1,336	1,122	1,304	1,132	1,353	0,936	1,301	1,343	1,204	1,093	1,163	1,278	1,075	1,255	0,734	1,272	1,227	1,104	1,263	1,060	1,109	0,833	1,075	0,634	0,882	0,779	1,060	0,685	1,058	0,668	0,999	1,117	0,924	1,186	1,184	1,167	0,907	1,161	0,934	1,209	1,058	1,145	1,133	1,317	1,057	1,173	0,867	1,305	0,857	1,307	1,030	1,198	0,946	1,164	1,242	1,354	1,119	1,243	1,182	1,301	1,163	1,314	1,054	1,353	1,132	1,240	0,089	1,110	0,090	1,145	0,090	1,145	0,090	1,174	0,090	1,186	0,091	1,169	0,090
10:58:04	37,0	1,027	1,221	1,201	1,300	1,035	1,306	1,202	1,294	1,199	1,330	1,285	1,281	1,110	1,334	0,950	1,355	1,101	1,336	1,121	1,306	1,131	1,356	0,932	1,303	1,347	1,203	1,095	1,170	1,282	1,079	1,260	0,734	1,275	1,229	1,102	1,263	1,062	1,111	0,834	1,072	0,638	0,880	0,780	1,059	0,687	1,054	0,671	0,994	1,119	0,927	1,187	1,189	1,171	0,910	1,163	0,933	1,211	1,056	1,144	1,129	1,321	1,062	1,178	0,869	1,308	0,861	1,310	1,035	1,204	0,950	1,168	1,246	1,355	1,125	1,247	1,183	1,303	1,166	1,320	1,059	1,360	1,135	1,237	0,089	1,115	0,090	1,149	0,090	1,150	0,090	1,179	0,090	1,187	0,092	1,166	0,090
11:08:04	37,0	1,030	1,222	1,201	1,300	1,035	1,305	1,200	1,291	1,198	1,325	1,272	1,278	1,109	1,335	0,962	1,356	1,101	1,334	1,120	1,317	1,131	1,348	0,945	1,308	1,349	1,205	1,094	1,177	1,279	1,084	1,262	0,734	1,275	1,229	1,103	1,263	1,062	1,111	0,838	1,070	0,642	0,876	0,781	1,057	0,688	1,053	0,680	0,989	1,119	0,929	1,193	1,189	1,169	0,911	1,159	0,933	1,209	1,050	1,135	1,116	1,324	1,066	1,183	0,874	1,310	0,862	1,314	1,042	1,207	0,946	1,173	1,249	1,353	1,127	1,251	1,183	1,304	1,167	1,316	1,061	1,359	1,139	1,236	0,089	1,116	0,090	1,149	0,090	1,153	0,090	1,181	0,090	1,187	0,091	1,158	0,090
11:18:04	37,0	1,034	1,228	1,204	1,304	1,037	1,308	1,200	1,294	1,200	1,329	1,274	1,282	1,111	1,338	0,971	1,358	1,101	1,337	1,122	1,320	1,131	1,345	0,949	1,304	1,354	1,203	1,097	1,182	1,281	1,087	1,266	0,732	1,277	1,232	1,105	1,265	1,063	1,111	0,840	1,069	0,645	0,876	0,783	1,058	0,691	1,051	0,685	0,987	1,122	0,931	1,195	1,190	1,169	0,915	1,163	0,933	1,212	1,048	1,132	1,114	1,328	1,073	1,189	0,877	1,313	0,866	1,320	1,046	1,209	0,953	1,180	1,250	1,355	1,132	1,256	1,187	1,310	1,175	1,322	1,066	1,362	1,143	1,239	0,089	1,119	0,090	1,153	0,090	1,158	0,090	1,185	0,090	1,190	0,092	1,159	0,090
11:28:04	37,0	1,038	1,234	1,207	1,307	1,038	1,311	1,202	1,299	1,203	1,331	1,279	1,286	1,113	1,342	0,970	1,357	1,105	1,344	1,123	1,319	1,132	1,371	0,963	1,308	1,359	1,202	1,101	1,186	1,286	1,090	1,268	0,731	1,282	1,233	1,112	1,266	1,067	1,112	0,843	1,067	0,648	0,874	0,783	1,060	0,691	1,050	0,689	0,992	1,126	0,931	1,200	1,194	1,173	0,920	1,167	0,935	1,218	1,047	1,133	1,119	1,334	1,079	1,194	0,883	1,320	0,868	1,323	1,050	1,215	0,953	1,189	1,259	1,358	1,137	1,259	1,192	1,316	1,180	1,329	1,071	1,371	1,150	1,242	0,089	1,123	0,090	1,156	0,090	1,162	0,090	1,189	0,090	1,197	0,092	1,162	0,090
11:38:04	37,0	1,043	1,238	1,209	1,311	1,039	1,315	1,205	1,302	1,203	1,334	1,284	1,290	1,117	1,344	0,975	1,362	1,107	1,348	1,123	1,321	1,133	1,367	0,982	1,309	1,365	1,201	1,103	1,188	1,288	1,093	1,274	0,729	1,282	1,235	1,120	1,266	1,067	1,113	0,844	1,068	0,650	0,875	0,783	1,059	0,691	1,050	0,695	0,992	1,129	0,937	1,200	1,196	1,176	0,927	1,171	0,935	1,221	1,048	1,139	1,119	1,337	1,083	1,199	0,884	1,323	0,872	1,327	1,054	1,218	0,959	1,198	1,264	1,358	1,141	1,264	1,199	1,321	1,185	1,332	1,075	1,372	1,155	1,246	0,089	1,127	0,090	1,160	0,091	1,168	0,090	1,193	0,090	1,202	0,092	1,165	0,090
11:48:04	37,0	1,045	1,241	1,208	1,314	1,040	1,318	1,208	1,306	1,206	1,337	1,286	1,292	1,119	1,350	0,966	1,365	1,110	1,351	1,123	1,320	1,133	1,364	0,973	1,312	1,364	1,199	1,109	1,190	1,293	1,096	1,278	0,728	1,286	1,233	1,118	1,267	1,073	1,114	0,845	1,068	0,652	0,875	0,784	1,058	0,691	1,047	0,697	0,993	1,133	0,939	1,205	1,198	1,178	0,930	1,174	0,931	1,227	1,047	1,149	1,122	1,340	1,086	1,202	0,886	1,325	0,874	1,328	1,059	1,221	0,961	1,199	1,272	1,363	1,147	1,267	1,205	1,328	1,189	1,338	1,078	1,375	1,162	1,248	0,089	1,130	0,090	1,163	0,090	1,171	0,090	1,199	0,090	1,206	0,092	1,167	0,090
11:58:04	37,0	1,050	1,244	1,209	1,315	1,039	1,321	1,209	1,305	1,208	1,337	1,281	1,293	1,120	1,350	0,967	1,365	1,113	1,351	1,122	1,324	1,133	1,369	0,958	1,313	1,368	1,196	1,111	1,195	1,294	1,098	1,278	0,726	1,288	1,232	1,110	1,265	1,075	1,114	0,845	1,067	0,655	0,875	0,784	1,057	0,691	1,046	0,704	0,989	1,134	0,942	1,205	1,199	1,181	0,932	1,175	0,931	1,228	1,042	1,150	1,120	1,344	1,091	1,206	0,887	1,331	0,877	1,332	1,061	1,227	0,964	1,195	1,274	1,364	1,150	1,270	1,209	1,330	1,193	1,343	1,084	1,377	1,165	1,243	0,089	1,135	0,090	1,163	0,090	1,175	0,090	1,203	0,090	1,210	0,092	1,166	0,090
12:08:04	37,0	1,052	1,248	1,212	1,321	1,039	1,326	1,212	1,310	1,210	1,343	1,295	1,299	1,124	1,354	0,963	1,370	1,115	1,350	1,121	1,325	1,132	1,363	0,988	1,315	1,367	1,193	1,115	1,196	1,298	1,098	1,281	0,723	1,291	1,233	1,119	1,265	1,080	1,115	0,848	1,067	0,657	0,876	0,784	1,056	0,691	1,046	0,706	0,992	1,137	0,949	1,209	1,199	1,188	0,937	1,181	0,934	1,235	1,048	1,163	1,127	1,349	1,096	1,209	0,895	1,334	0,879	1,338	1,066	1,228	0,967	1,205	1,279	1,366	1,156	1,272	1,215	1,336	1,199	1,341	1,090	1,379	1,171	1,250	0,089	1,139	0,090	1,168	0,090	1,181	0,090	1,206	0,090	1,215	0,091	1,173	0,090
12:18:04	37,0	1,055	1,252	1,217	1,321	1,040	1,328	1,214	1,313	1,213	1,345	1,299	1,302	1,125	1,361	0,961	1,372	1,119	1,353	1,123	1,324	1,133	1,364	0,990	1,319	1,370	1,192	1,119	1,197	1,300	1,099	1,282	0,721	1,293	1,233	1,120	1,268	1,083	1,115	0,849	1,067	0,659	0,877	0,785	1,056	0,691	1,046	0,710	0,990	1,140	0,953	1,212	1,200	1,189	0,937	1,182	0,931	1,238	1,052	1,169	1,130	1,352	1,100	1,213	0,899	1,337	0,882	1,343	1,069	1,232	0,971	1,209	1,284	1,368	1,160	1,273	1,218	1,340	1,202	1,348	1,094	1,381	1,176	1,251	0,089	1,142	0,090	1,173	0,091	1,184	0,090	1,210	0,090	1,218	0,092	1,174	0,090
12:28:04	37,0	1,057	1,254	1,218	1,322	1,039	1,331	1,213	1,314	1,214	1,345	1,297	1,303	1,126	1,365	0,963	1,371	1,120	1,356	1,124	1,325	1,134	1,371	0,996	1,320	1,373	1,189	1,121	1,199	1,302	1,098	1,283	0,719	1,295	1,234	1,122	1,265	1,085	1,116	0,850	1,066	0,661	0,877	0,785	1,055	0,691	1,046	0,714	0,988	1,144	0,956	1,218	1,199	1,192	0,940	1,185	0,930	1,241	1,058	1,172	1,129	1,353	1,103	1,218	0,896	1,340	0,884	1,346	1,074	1,236	0,976	1,214	1,288	1,369	1,165	1,275	1,219	1,341	1,204	1,346	1,098	1,387	1,179	1,250	0,089	1,146	0,090	1,175	0,091	1,188	0,090	1,214	0,090	1,223	0,092	1,174	0,090
12:38:04	37,0	1,058	1,255	1,214	1,323	1,039	1,330	1,211	1,314	1,216	1,344	1,287	1,301	1,125	1,363	0,963	1,371	1,120	1,358	1,124	1,331	1,135	1,377	0,985	1,323	1,373	1,186	1,120	1,201	1,302	1,096	1,285	0,716	1,295	1,233	1,115	1,263	1,084	1,115	0,849	1,064	0,663	0,875	0,785	1,053	0,691	1,042	0,720	0,984	1,142	0,955	1,218	1,200	1,193	0,941	1,183	0,929	1,240	1,049	1,168	1,122	1,352	1,105	1,222	0,899	1,339	0,886	1,349	1,075	1,237	0,974	1,206	1,292	1,367	1,165	1,273	1,222	1,345	1,209	1,348	1,100	1,388	1,181	1,248	0,089	1,148	0,090	1,175	0,090	1,191	0,090	1,216	0,090	1,223	0,091	1,170	0,090
12:48:04	37,0	1,060	1,258	1,216	1,324	1,039	1,331	1,210	1,316	1,217	1,345	1,290	1,301	1,126	1,363	0,965	1,372	1,122	1,359	1,123	1,333	1,134	1,375	0,981	1,322	1,374	1,183	1,121	1,202	1,303	1,094	1,287	0,714	1,295	1,234	1,113	1,261	1,083	1,114	0,851	1,064	0,665	0,874	0,785	1,051	0,692	1,040	0,728	0,983	1,147	0,957	1,220	1,198	1,192	0,940	1,186	0,929	1,243	1,044	1,169	1,123	1,354	1,107	1,223	0,901	1,344	0,888	1,350	1,080	1,239	0,980	1,207	1,292	1,367	1,169	1,276	1,227	1,346	1,211	1,349	1,103	1,389	1,185	1,250	0,089	1,151	0,090	1,179	0,091	1,195	0,090	1,219	0,090	1,225	0,092	1,171	0,090
12:58:04	37,0	1,062	1,259	1,215	1,325	1,038	1,331	1,212	1,317	1,218	1,347	1,292	1,303	1,127	1,364	0,965	1,371	1,122	1,357	1,119	1,334	1,134	1,369	0,981	1,324	1,377	1,182	1,122	1,204	1,305	1,093	1,286	0,712	1,296	1,234	1,113	1,260	1,082	1,114	0,853	1,062	0,667	0,874	0,785	1,051	0,691	1,039	0,736	0,980	1,145	0,959	1,224	1,198	1,196	0,941	1,187	0,932	1,245	1,044	1,169	1,122	1,354	1,113	1,227	0,906	1,348	0,888	1,353	1,083	1,242	0,976	1,209	1,298	1,367	1,172	1,276	1,229	1,348	1,213	1,347	1,108	1,390	1,188	1,248	0,089	1,155	0,090	1,181	0,091	1,197	0,090	1,218	0,090	1,227	0,092	1,172	0,090
13:08:04	37,0	1,063	1,262	1,218	1,325	1,038	1,333	1,212	1,318	1,218	1,347	1,297	1,304	1,127	1,364	0,964	1,373	1,124	1,358	1,123	1,338	1,133	1,376	0,989	1,325	1,374	1,179	1,123	1,203	1,305	1,090	1,286	0,709	1,296	1,233	1,115	1,260	1,084	1,113	0,853	1,060	0,669	0,872	0,784	1,050	0,692	1,037	0,743	0,978	1,147	0,959	1,224	1,198	1,196	0,944	1,190	0,935	1,247	1,040	1,172	1,122	1,355	1,115	1,228	0,907	1,348	0,890	1,354	1,085	1,244	0,981	1,211	1,300	1,366	1,174	1,279	1,233	1,354	1,218	1,351	1,111	1,392	1,193	1,250	0,089	1,155	0,090	1,183	0,091	1,199	0,090	1,222	0,090	1,228	0,091	1,175	0,090
13:18:04	37,0	1,064	1,264	1,216	1,328	1,037	1,336	1,214	1,320	1,218	1,349	1,299	1,307	1,128	1,366	0,962	1,375	1,125	1,359	1,122	1,336	1,134	1,375	0,984	1,326	1,377	1,178	1,128	1,202	1,306	1,087	1,288	0,708	1,296	1,231	1,116	1,260	1,086	1,111	0,853	1,059	0,670	0,872	0,784	1,048	0,690	1,036	0,747	0,977	1,151	0,958	1,226	1,197	1,199	0,942	1,192	0,926	1,250	1,042	1,171	1,125	1,358	1,120	1,229	0,906	1,351	0,891	1,355	1,087	1,246	0,983	1,209	1,302	1,365	1,178	1,279	1,235	1,356	1,218	1,355	1,115	1,390	1,196	1,253	0,089	1,159	0,090	1,185	0,091	1,202	0,090	1,223	0,090	1,231	0,092	1,176	0,090
13:28:04	37,0	1,065	1,266	1,222	1,329	1,037	1,337	1,216	1,322	1,219	1,350	1,306	1,309	1,132	1,368	0,964	1,375	1,127	1,359	1,121	1,336	1,133	1,373	0,996	1,323	1,379	1,176	1,130	1,201	1,308	1,084	1,287	0,705	1,300	1,231	1,120	1,259	1,092	1,110	0,853	1,057	0,671	0,871	0,783	1,048	0,690	1,036	0,749	0,978	1,152	0,959	1,229	1,196	1,201	0,944	1,196	0,925	1,256	1,050	1,177	1,131	1,359	1,123	1,232	0,911	1,352	0,893	1,357	1,088	1,250	0,986	1,216	1,307	1,366	1,181	1,280	1,238	1,359	1,225	1,350	1,119	1,392	1,201	1,258	0,089	1,161	0,090	1,187	0,090	1,205	0,090	1,224	0,090	1,235	0,091	1,180	0,090
13:38:04	37,0	1,065	1,270	1,221	1,329	1,036	1,338	1,213	1,320	1,218	1,349	1,301	1,308	1,131	1,373	0,962	1,377	1,125	1,363	1,124	1,343	1,135	1,371	0,973	1,327	1,382	1,175	1,131	1,198	1,307	1,083	1,287	0,703	1,297	1,231	1,113	1,257	1,088	1,109	0,854	1,055	0,673	0,870	0,782	1,047	0,690	1,031	0,758	0,974	1,153	0,959	1,228	1,196	1,202	0,942	1,197	0,924	1,255	1,046	1,174	1,125	1,360	1,125	1,232	0,913	1,355	0,894	1,358	1,091	1,250	0,986	1,205	1,308	1,365	1,184	1,278	1,237	1,365	1,227	1,356	1,121	1,395	1,203	1,253	0,089	1,162	0,090	1,186	0,091	1,208	0,090	1,224	0,090	1,236	0,092	1,179	0,091
13:48:04	37,0	1,065	1,271	1,224	1,329	1,036	1,337	1,214	1,321	1,219	1,349	1,298	1,308	1,131	1,375	0,961	1,377	1,127	1,360	1,122	1,337	1,134	1,374	0,983	1,329	1,381	1,174	1,132	1,196	1,308	1,081	1,288	0,702	1,297	1,230	1,113	1,257	1,092	1,107	0,854	1,055	0,674	0,870	0,782	1,045	0,689	1,030	0,758	0,972	1,154	0,958	1,231	1,195	1,204	0,943	1,197	0,922	1,258	1,047	1,179	1,125	1,361	1,128	1,233	0,914	1,354	0,896	1,361	1,094	1,251	0,988	1,210	1,312	1,365	1,188	1,278	1,241	1,367	1,229	1,352	1,125	1,392	1,204	1,256	0,089	1,165	0,090	1,190	0,091	1,208	0,090	1,225	0,090	1,236	0,092	1,178	0,091
13:58:04	37,0	1,066	1,271	1,222	1,330	1,035	1,337	1,213	1,323	1,220	1,350	1,296	1,307	1,131	1,373	0,959	1,377	1,128	1,364	1,122	1,338	1,135	1,375	0,978	1,327	1,382	1,171	1,133	1,192	1,307	1,079	1,288	0,699	1,297	1,229	1,111	1,255	1,089	1,105	0,853	1,054	0,674	0,869	0,782	1,044	0,690	1,028	0,765	0,967	1,155	0,957	1,233	1,194	1,205	0,942	1,198	0,923	1,258	1,044	1,174	1,124	1,362	1,131	1,233	0,915	1,355	0,896	1,362	1,097	1,252	0,987	1,211	1,313	1,363	1,191	1,278	1,243	1,365	1,231	1,351	1,129	1,393	1,206	1,252	0,089	1,167	0,090	1,189	0,091	1,210	0,090	1,226	0,090	1,238	0,092	1,179	0,090
14:08:04	37,0	1,066	1,270	1,218	1,328	1,033	1,333	1,209	1,319	1,217	1,348	1,283	1,303	1,129	1,371	0,964	1,375	1,126	1,361	1,119	1,341	1,132	1,373	0,960	1,330	1,382	1,169	1,129	1,188	1,301	1,076	1,287	0,698	1,295	1,226	1,101	1,253	1,089	1,103	0,854	1,052	0,675	0,867	0,781	1,042	0,689	1,025	0,779	0,961	1,154	0,952	1,231	1,192	1,203	0,939	1,194	0,919	1,257	1,030	1,169	1,113	1,358	1,132	1,232	0,912	1,353	0,897	1,359	1,097	1,253	0,985	1,206	1,313	1,361	1,194	1,277	1,243	1,370	1,229	1,346	1,130	1,393	1,206	1,245	0,089	1,165	0,090	1,187	0,091	1,209	0,090	1,225	0,090	1,235	0,092	1,173	0,090
14:18:04	37,0	1,068	1,272	1,218	1,328	1,032	1,334	1,208	1,319	1,214	1,346	1,283	1,302	1,129	1,371	0,965	1,372	1,125	1,359	1,118	1,341	1,132	1,371	0,945	1,330	1,380	1,167	1,130	1,185	1,303	1,073	1,286	0,696	1,294	1,226	1,094	1,253	1,089	1,103	0,854	1,050	0,676	0,866	0,780	1,041	0,690	1,025	0,781	0,959	1,155	0,950	1,231	1,187	1,202	0,937	1,196	0,917	1,258	1,031	1,169	1,110	1,357	1,135	1,230	0,914	1,352	0,898	1,360	1,096	1,251	0,986	1,202	1,313	1,361	1,195	1,277	1,246	1,367	1,231	1,346	1,133	1,393	1,209	1,241	0,089	1,167	0,090	1,188	0,091	1,211	0,090	1,226	0,090	1,233	0,092	1,174	0,090
14:28:04	37,0	1,067	1,274	1,224	1,330	1,032	1,336	1,211	1,325	1,219	1,353	1,299	1,306	1,133	1,374	0,964	1,375	1,128	1,361	1,121	1,340	1,131	1,371	0,976	1,329	1,383	1,166	1,134	1,183	1,306	1,072	1,285	0,694	1,295	1,226	1,108	1,254	1,088	1,102	0,853	1,050	0,677	0,865	0,779	1,040	0,688	1,024	0,777	0,961	1,154	0,950	1,237	1,187	1,207	0,938	1,202	0,915	1,264	1,037	1,172	1,121	1,361	1,137	1,229	0,917	1,355	0,899	1,362	1,101	1,252	0,992	1,210	1,317	1,359	1,199	1,278	1,249	1,370	1,238	1,349	1,137	1,390	1,215	1,250	0,089	1,170	0,090	1,194	0,090	1,214	0,090	1,225	0,090	1,240	0,092	1,181	0,090
14:38:04	37,0	1,068	1,276	1,220	1,328	1,032	1,334	1,210	1,322	1,216	1,348	1,286	1,303	1,130	1,375	0,958	1,376	1,127	1,364	1,119	1,340	1,131	1,377	0,956	1,329	1,383	1,164	1,134	1,180	1,303	1,069	1,282	0,694	1,292	1,223	1,099	1,252	1,089	1,101	0,853	1,049	0,678	0,864	0,779	1,040	0,688	1,021	0,784	0,956	1,155	0,949	1,234	1,187	1,207	0,935	1,198	0,909	1,262	1,034	1,167	1,113	1,357	1,141	1,228	0,915	1,355	0,901	1,359	1,103	1,253	0,989	1,206	1,321	1,358	1,199	1,275	1,249	1,369	1,236	1,352	1,139	1,395	1,215	1,244	0,089	1,169	0,090	1,191	0,090	1,213	0,090	1,223	0,090	1,238	0,092	1,178	0,090
14:48:04	37,0	1,067	1,277	1,221	1,330	1,031	1,334	1,209	1,322	1,217	1,350	1,290	1,304	1,129	1,379	0,957	1,376	1,127	1,364	1,121	1,342	1,132	1,371	0,956	1,328	1,383	1,162	1,135	1,177	1,302	1,069	1,282	0,693	1,292	1,219	1,099	1,252	1,087	1,100	0,853	1,048	0,679	0,862	0,778	1,038	0,687	1,021	0,791	0,955	1,155	0,946	1,237	1,185	1,209	0,934	1,201	0,906	1,264	1,033	1,170	1,113	1,357	1,143	1,227	0,915	1,353	0,901	1,359	1,106	1,254	0,988	1,204	1,324	1,355	1,204	1,272	1,250	1,370	1,239	1,349	1,141	1,389	1,216	1,246	0,089	1,171	0,090	1,192	0,091	1,216	0,090	1,225	0,090	1,238	0,092	1,182	0,090
14:58:04	37,0	1,067	1,275	1,220	1,331	1,030	1,333	1,207	1,323	1,216	1,348	1,284	1,302	1,128	1,378	0,957	1,374	1,126	1,364	1,120	1,346	1,132	1,375	0,943	1,328	1,384	1,159	1,134	1,174	1,301	1,067	1,282	0,691	1,291	1,217	1,090	1,251	1,088	1,098	0,853	1,048	0,680	0,861	0,778	1,037	0,687	1,017	0,799	0,952	1,154	0,944	1,235	1,183	1,208	0,931	1,199	0,906	1,264	1,025	1,168	1,109	1,356	1,143	1,223	0,918	1,348	0,903	1,357	1,104	1,254	0,988	1,201	1,324	1,354	1,205	1,271	1,251	1,370	1,239	1,350	1,143	1,391	1,219	1,243	0,089	1,172	0,090	1,192	0,091	1,216	0,090	1,224	0,090	1,238	0,092	1,181	0,090
15:08:04	37,0	1,067	1,276	1,222	1,333	1,030	1,334	1,211	1,323	1,217	1,351	1,299	1,305	1,128	1,378	0,957	1,375	1,127	1,363	1,118	1,341	1,132	1,374	0,955	1,328	1,383	1,157	1,136	1,172	1,300	1,065	1,282	0,690	1,292	1,216	1,095	1,252	1,090	1,097	0,851	1,047	0,680	0,860	0,777	1,036	0,686	1,017	0,798	0,953	1,156	0,943	1,238	1,183	1,210	0,931	1,204	0,908	1,268	1,033	1,177	1,118	1,356	1,146	1,222	0,917	1,349	0,901	1,357	1,107	1,255	0,990	1,202	1,323	1,352	1,206	1,271	1,253	1,373	1,240	1,342	1,146	1,387	1,223	1,247	0,089	1,174	0,090	1,194	0,090	1,215	0,090	1,224	0,090	1,241	0,092	1,192	0,090
15:18:04	37,0	1,067	1,278	1,222	1,331	1,029	1,336	1,215	1,326	1,219	1,355	1,311	1,310	1,131	1,381	0,962	1,373	1,129	1,365	1,119	1,339	1,130	1,372	0,963	1,328	1,381	1,159	1,138	1,170	1,303	1,065	1,282	0,689	1,296	1,214	1,101	1,253	1,091	1,097	0,850	1,045	0,681	0,860	0,777	1,036	0,685	1,016	0,801	0,952	1,158	0,941	1,234	1,183	1,214	0,930	1,208	0,910	1,273	1,043	1,184	1,125	1,355	1,149	1,220	0,921	1,350	0,902	1,357	1,108	1,254	0,991	1,200	1,323	1,349	1,209	1,270	1,256	1,377	1,241	1,348	1,149	1,386	1,226	1,253	0,089	1,174	0,090	1,197	0,091	1,217	0,090	1,226	0,090	1,240	0,092	1,200	0,090
15:28:04	37,0	1,065	1,276	1,220	1,331	1,029	1,335	1,211	1,326	1,218	1,351	1,300	1,306	1,128	1,381	0,959	1,374	1,127	1,365	1,119	1,339	1,131	1,371	0,959	1,330	1,382	1,157	1,137	1,168	1,301	1,063	1,277	0,689	1,292	1,214	1,098	1,253	1,090	1,096	0,850	1,044	0,682	0,859	0,778	1,034	0,684	1,015	0,805	0,949	1,155	0,939	1,236	1,180	1,212	0,926	1,203	0,905	1,268	1,033	1,180	1,117	1,355	1,149	1,219	0,920	1,347	0,902	1,355	1,111	1,252	0,992	1,204	1,325	1,351	1,212	1,267	1,254	1,375	1,242	1,347	1,151	1,386	1,225	1,247	0,089	1,175	0,090	1,195	0,091	1,216	0,090	1,224	0,090	1,239	0,092	1,198	0,090
15:38:04	37,0	1,065	1,275	1,220	1,332	1,027	1,334	1,210	1,324	1,218	1,351	1,297	1,306	1,126	1,378	0,958	1,378	1,128	1,368	1,117	1,338	1,130	1,371	0,958	1,327	1,383	1,155	1,136	1,166	1,300	1,062	1,276	0,688	1,290	1,211	1,096	1,251	1,087	1,094	0,850	1,043	0,683	0,858	0,777	1,032	0,685	1,014	0,809	0,945	1,153	0,936	1,236	1,179	1,213	0,923	1,203	0,901	1,268	1,028	1,176	1,113	1,353	1,151	1,217	0,921	1,345	0,901	1,353	1,110	1,251	0,992	1,201	1,327	1,346	1,212	1,266	1,254	1,370	1,243	1,339	1,153	1,385	1,227	1,244	0,089	1,175	0,090	1,197	0,091	1,216	0,090	1,225	0,090	1,237	0,092	1,198	0,090
15:48:04	37,0	1,064	1,277	1,217	1,329	1,026	1,332	1,209	1,321	1,217	1,350	1,293	1,303	1,123	1,379	0,960	1,375	1,126	1,367	1,118	1,342	1,131	1,377	1,004	1,325	1,380	1,155	1,133	1,163	1,296	1,060	1,275	0,687	1,284	1,209	1,111	1,249	1,088	1,093	0,850	1,042	0,684	0,858	0,778	1,031	0,685	1,013	0,813	0,940	1,153	0,933	1,238	1,177	1,210	0,923	1,199	0,898	1,265	1,020	1,170	1,106	1,350	1,151	1,216	0,924	1,342	0,900	1,353	1,112	1,251	0,992	1,212	1,323	1,346	1,212	1,264	1,255	1,370	1,246	1,339	1,158	1,383	1,230	1,245	0,089	1,174	0,090	1,195	0,091	1,214	0,090	1,221	0,090	1,237	0,092	1,197	0,090
15:58:04	37,0	1,063	1,274	1,212	1,326	1,024	1,328	1,202	1,318	1,210	1,342	1,273	1,297	1,119	1,376	0,957	1,372	1,123	1,361	1,113	1,342	1,129	1,366	0,968	1,326	1,378	1,153	1,129	1,161	1,293	1,057	1,270	0,689	1,280	1,208	1,094	1,247	1,087	1,092	0,850	1,040	0,684	0,857	0,777	1,031	0,686	1,010	0,820	0,933	1,151	0,929	1,232	1,172	1,209	0,918	1,196	0,888	1,260	1,010	1,159	1,089	1,346	1,153	1,212	0,920	1,338	0,901	1,350	1,113	1,250	0,993	1,200	1,322	1,341	1,214	1,259	1,255	1,369	1,244	1,330	1,155	1,379	1,227	1,235	0,089	1,170	0,090	1,192	0,090	1,214	0,090	1,220	0,090	1,231	0,092	1,187	0,090
16:08:04	37,0	1,062	1,271	1,210	1,325	1,024	1,326	1,202	1,316	1,208	1,342	1,272	1,295	1,119	1,376	0,962	1,372	1,122	1,359	1,115	1,341	1,128	1,361	0,987	1,326	1,379	1,151	1,129	1,159	1,291	1,056	1,271	0,688	1,278	1,207	1,098	1,246	1,086	1,090	0,850	1,038	0,685	0,857	0,776	1,028	0,687	1,009	0,823	0,931	1,150	0,924	1,231	1,172	1,206	0,916	1,194	0,886	1,261	1,005	1,153	1,085	1,346	1,154	1,210	0,924	1,337	0,900	1,349	1,113	1,250	0,991	1,204	1,319	1,339	1,214	1,259	1,256	1,365	1,244	1,329	1,158	1,377	1,228	1,235	0,089	1,169	0,090	1,192	0,091	1,213	0,090	1,219	0,090	1,229	0,092	1,185	0,091
16:18:04	37,0	1,061	1,272	1,208	1,323	1,022	1,325	1,199	1,316	1,206	1,342	1,271	1,294	1,116	1,373	0,958	1,370	1,120	1,358	1,114	1,339	1,125	1,359	0,979	1,321	1,377	1,149	1,128	1,156	1,288	1,054	1,268	0,687	1,276	1,204	1,095	1,244	1,085	1,089	0,848	1,036	0,686	0,856	0,776	1,026	0,687	1,008	0,828	0,928	1,147	0,922	1,230	1,169	1,208	0,912	1,193	0,879	1,259	0,999	1,147	1,082	1,344	1,155	1,207	0,922	1,334	0,900	1,345	1,115	1,248	0,993	1,202	1,317	1,337	1,215	1,259	1,255	1,363	1,245	1,326	1,159	1,376	1,228	1,234	0,089	1,167	0,090	1,191	0,091	1,212	0,090	1,218	0,090	1,228	0,091	1,183	0,090
16:28:04	37,0	1,059	1,272	1,210	1,324	1,023	1,325	1,201	1,317	1,205	1,344	1,276	1,296	1,115	1,374	0,960	1,369	1,119	1,357	1,113	1,343	1,125	1,369	0,985	1,321	1,377	1,149	1,130	1,154	1,287	1,055	1,267	0,687	1,274	1,203	1,097	1,245	1,085	1,088	0,848	1,034	0,686	0,855	0,776	1,025	0,688	1,007	0,830	0,927	1,147	0,919	1,232	1,169	1,209	0,911	1,194	0,880	1,260	0,999	1,150	1,082	1,343	1,158	1,205	0,921	1,331	0,899	1,344	1,113	1,245	0,992	1,200	1,319	1,334	1,218	1,255	1,254	1,364	1,245	1,327	1,160	1,375	1,229	1,239	0,089	1,167	0,090	1,192	0,091	1,212	0,090	1,218	0,090	1,229	0,092	1,186	0,090
16:38:04	37,0	1,060	1,271	1,208	1,323	1,022	1,325	1,201	1,318	1,206	1,344	1,280	1,297	1,116	1,374	0,958	1,367	1,119	1,359	1,113	1,339	1,127	1,387	0,998	1,319	1,375	1,149	1,131	1,153	1,286	1,054	1,265	0,686	1,274	1,205	1,101	1,245	1,084	1,087	0,847	1,033	0,686	0,854	0,776	1,024	0,687	1,007	0,831	0,925	1,148	0,916	1,229	1,169	1,208	0,908	1,193	0,877	1,261	0,999	1,151	1,083	1,341	1,158	1,204	0,923	1,329	0,899	1,340	1,114	1,246	0,992	1,203	1,317	1,333	1,221	1,255	1,252	1,368	1,246	1,329	1,161	1,377	1,230	1,244	0,089	1,167	0,090	1,190	0,090	1,210	0,090	1,216	0,090	1,229	0,092	1,188	0,090
16:48:04	37,0	1,059	1,272	1,206	1,325	1,023	1,325	1,199	1,317	1,203	1,345	1,279	1,296	1,114	1,374	0,956	1,368	1,119	1,359	1,113	1,340	1,126	1,367	0,947	1,321	1,376	1,148	1,131	1,151	1,287	1,052	1,262	0,685	1,272	1,202	1,082	1,245	1,083	1,086	0,848	1,032	0,687	0,853	0,777	1,024	0,687	1,005	0,835	0,923	1,146	0,914	1,230	1,164	1,207	0,904	1,195	0,873	1,261	0,993	1,155	1,083	1,340	1,161	1,202	0,920	1,326	0,898	1,337	1,111	1,244	0,990	1,193	1,311	1,333	1,219	1,250	1,256	1,370	1,246	1,332	1,161	1,373	1,231	1,244	0,089	1,168	0,090	1,192	0,091	1,210	0,090	1,216	0,090	1,230	0,092	1,188	0,091
16:58:04	37,0	1,059	1,272	1,206	1,322	1,022	1,323	1,198	1,314	1,202	1,343	1,274	1,295	1,112	1,374	0,957	1,367	1,117	1,359	1,112	1,342	1,123	1,370	0,937	1,319	1,376	1,146	1,129	1,150	1,285	1,051	1,258	0,683	1,269	1,200	1,075	1,244	1,082	1,085	0,845	1,031	0,687	0,852	0,775	1,022	0,687	1,002	0,836	0,921	1,144	0,909	1,230	1,162	1,206	0,900	1,196	0,868	1,257	0,986	1,152	1,079	1,337	1,160	1,198	0,920	1,323	0,899	1,333	1,111	1,241	0,988	1,185	1,311	1,331	1,220	1,249	1,255	1,365	1,245	1,328	1,162	1,370	1,228	1,243	0,089	1,167	0,090	1,191	0,090	1,207	0,090	1,215	0,090	1,229	0,092	1,185	0,090
17:08:04	37,0	1,058	1,271	1,203	1,321	1,021	1,322	1,196	1,313	1,198	1,344	1,274	1,296	1,110	1,372	0,956	1,366	1,116	1,358	1,111	1,339	1,124	1,373	0,933	1,320	1,375	1,146	1,128	1,149	1,283	1,051	1,256	0,682	1,268	1,200	1,074	1,243	1,081	1,085	0,845	1,030	0,688	0,851	0,775	1,020	0,687	1,001	0,836	0,917	1,145	0,906	1,227	1,160	1,207	0,896	1,194	0,868	1,258	0,985	1,154	1,076	1,337	1,160	1,195	0,916	1,320	0,898	1,330	1,111	1,239	0,988	1,184	1,311	1,330	1,218	1,246	1,259	1,365	1,246	1,330	1,162	1,371	1,231	1,244	0,089	1,167	0,090	1,193	0,091	1,207	0,090	1,216	0,090	1,227	0,092	1,186	0,090
17:18:04	37,0	1,058	1,271	1,203	1,319	1,021	1,320	1,195	1,314	1,198	1,344	1,277	1,296	1,107	1,371	0,957	1,366	1,116	1,358	1,108	1,337	1,123	1,369	0,923	1,316	1,375	1,146	1,127	1,146	1,284	1,052	1,254	0,680	1,265	1,199	1,071	1,245	1,080	1,083	0,844	1,029	0,687	0,851	0,776	1,019	0,687	1,000	0,837	0,917	1,143	0,902	1,227	1,159	1,208	0,893	1,191	0,865	1,257	0,983	1,156	1,075	1,335	1,161	1,192	0,917	1,318	0,897	1,327	1,110	1,239	0,986	1,181	1,312	1,329	1,222	1,244	1,257	1,359	1,246	1,325	1,163	1,369	1,230	1,244	0,089	1,167	0,090	1,191	0,091	1,206	0,090	1,214	0,090	1,227	0,092	1,185	0,091
17:28:04	37,0	1,058	1,270	1,203	1,320	1,020	1,322	1,196	1,313	1,197	1,345	1,281	1,296	1,109	1,370	0,954	1,364	1,116	1,359	1,109	1,338	1,123	1,368	0,931	1,317	1,374	1,146	1,127	1,145	1,284	1,052	1,252	0,679	1,263	1,202	1,072	1,246	1,080	1,082	0,842	1,028	0,687	0,850	0,776	1,019	0,687	1,000	0,839	0,916	1,145	0,901	1,227	1,160	1,206	0,890	1,192	0,863	1,256	0,985	1,156	1,078	1,335	1,161	1,190	0,916	1,318	0,896	1,325	1,112	1,237	0,987	1,182	1,308	1,327	1,223	1,246	1,258	1,363	1,246	1,325	1,165	1,365	1,231	1,246	0,089	1,165	0,090	1,191	0,091	1,205	0,090	1,214	0,090	1,228	0,092	1,188	0,091
17:38:04	37,0	1,058	1,270	1,202	1,320	1,020	1,323	1,197	1,316	1,197	1,345	1,290	1,299	1,110	1,373	0,953	1,365	1,118	1,355	1,107	1,337	1,120	1,362	0,950	1,315	1,372	1,146	1,127	1,144	1,283	1,052	1,249	0,680	1,263	1,201	1,077	1,248	1,082	1,081	0,841	1,028	0,688	0,849	0,776	1,018	0,686	1,000	0,838	0,918	1,141	0,898	1,229	1,159	1,207	0,889	1,197	0,862	1,262	0,991	1,165	1,082	1,334	1,161	1,187	0,917	1,318	0,891	1,325	1,110	1,236	0,989	1,182	1,311	1,325	1,224	1,243	1,258	1,358	1,244	1,325	1,165	1,365	1,233	1,252	0,089	1,166	0,090	1,192	0,090	1,204	0,090	1,214	0,090	1,229	0,092	1,192	0,091
17:48:04	37,0	1,058	1,270	1,201	1,321	1,023	1,320	1,195	1,315	1,194	1,346	1,288	1,297	1,109	1,373	0,953	1,364	1,117	1,358	1,108	1,338	1,122	1,362	0,942	1,318	1,372	1,145	1,127	1,143	1,282	1,052	1,246	0,679	1,258	1,202	1,076	1,247	1,081	1,080	0,842	1,027	0,688	0,849	0,776	1,016	0,686	0,999	0,838	0,915	1,140	0,895	1,227	1,159	1,206	0,885	1,197	0,857	1,260	0,995	1,165	1,078	1,331	1,161	1,186	0,917	1,316	0,891	1,323	1,112	1,234	0,988	1,179	1,314	1,323	1,221	1,240	1,256	1,353	1,242	1,316	1,166	1,361	1,232	1,252	0,089	1,165	0,090	1,191	0,091	1,203	0,090	1,210	0,090	1,228	0,092	1,192	0,090
17:58:04	37,0	1,059	1,270	1,200	1,321	1,031	1,324	1,197	1,318	1,197	1,348	1,295	1,301	1,110	1,373	0,955	1,364	1,117	1,355	1,107	1,331	1,121	1,359	0,956	1,313	1,369	1,146	1,128	1,143	1,281	1,052	1,246	0,680	1,261	1,204	1,083	1,250	1,083	1,079	0,841	1,027	0,688	0,849	0,778	1,016	0,685	1,000	0,836	0,916	1,143	0,892	1,229	1,158	1,208	0,882	1,198	0,853	1,262	0,999	1,171	1,085	1,333	1,162	1,184	0,916	1,315	0,890	1,321	1,112	1,233	0,988	1,185	1,311	1,321	1,224	1,239	1,256	1,356	1,244	1,321	1,168	1,361	1,234	1,254	0,089	1,166	0,090	1,195	0,091	1,205	0,090	1,210	0,090	1,228	0,092	1,196	0,090
18:08:04	37,0	1,057	1,270	1,200	1,319	1,041	1,319	1,194	1,317	1,193	1,345	1,290	1,298	1,106	1,373	0,950	1,363	1,115	1,357	1,104	1,339	1,121	1,370	0,943	1,315	1,370	1,146	1,126	1,141	1,278	1,052	1,243	0,679	1,256	1,201	1,075	1,250	1,080	1,080	0,842	1,026	0,688	0,849	0,777	1,016	0,687	0,999	0,838	0,912	1,137	0,890	1,227	1,158	1,206	0,879	1,195	0,850	1,259	0,992	1,170	1,078	1,329	1,162	1,183	0,914	1,310	0,890	1,318	1,111	1,231	0,985	1,178	1,307	1,322	1,225	1,236	1,253	1,353	1,242	1,313	1,168	1,359	1,232	1,249	0,089	1,164	0,090	1,192	0,091	1,202	0,090	1,211	0,090	1,227	0,092	1,193	0,090
18:18:04	37,0	1,058	1,270	1,197	1,318	1,042	1,319	1,192	1,314	1,191	1,343	1,286	1,296	1,104	1,373	0,950	1,364	1,114	1,356	1,103	1,334	1,118	1,365	0,938	1,315	1,370	1,146	1,125	1,142	1,277	1,052	1,242	0,679	1,254	1,204	1,073	1,250	1,080	1,078	0,841	1,026	0,688	0,848	0,778	1,015	0,687	0,998	0,837	0,912	1,137	0,888	1,223	1,157	1,204	0,876	1,192	0,848	1,256	0,989	1,167	1,075	1,327	1,163	1,181	0,913	1,309	0,889	1,316	1,110	1,231	0,984	1,177	1,307	1,320	1,224	1,235	1,253	1,353	1,241	1,316	1,169	1,359	1,232	1,248	0,089	1,163	0,090	1,191	0,091	1,200	0,090	1,208	0,090	1,224	0,092	1,192	0,091
18:28:04	37,0	1,058	1,270	1,196	1,317	1,041	1,318	1,190	1,314	1,190	1,342	1,285	1,295	1,102	1,373	0,948	1,362	1,113	1,356	1,105	1,335	1,119	1,364	0,925	1,315	1,368	1,147	1,126	1,138	1,275	1,051	1,240	0,679	1,251	1,204	1,069	1,250	1,080	1,078	0,843	1,024	0,689	0,848	0,779	1,014	0,688	0,997	0,839	0,910	1,135	0,885	1,223	1,156	1,205	0,873	1,191	0,849	1,255	0,988	1,166	1,072	1,325	1,163	1,180	0,911	1,306	0,889	1,312	1,108	1,229	0,981	1,175	1,305	1,318	1,224	1,232	1,250	1,349	1,240	1,317	1,169	1,357	1,232	1,245	0,089	1,165	0,090	1,191	0,091	1,201	0,090	1,208	0,090	1,223	0,092	1,192	0,091
18:38:04	37,0	1,057	1,267	1,192	1,315	1,042	1,315	1,187	1,313	1,185	1,341	1,276	1,291	1,099	1,370	0,947	1,362	1,110	1,352	1,102	1,333	1,117	1,364	0,920	1,313	1,368	1,148	1,123	1,141	1,272	1,051	1,239	0,677	1,249	1,204	1,066	1,250	1,078	1,076	0,842	1,023	0,688	0,848	0,779	1,012	0,689	0,996	0,841	0,905	1,134	0,882	1,220	1,155	1,202	0,870	1,186	0,845	1,252	0,975	1,162	1,064	1,321	1,163	1,178	0,911	1,302	0,886	1,310	1,106	1,227	0,980	1,171	1,302	1,318	1,224	1,230	1,251	1,354	1,239	1,313	1,167	1,354	1,229	1,242	0,089	1,162	0,090	1,188	0,091	1,198	0,090	1,206	0,090	1,219	0,092	1,188	0,091
18:48:04	37,0	1,057	1,267	1,190	1,314	1,043	1,316	1,187	1,315	1,185	1,342	1,280	1,292	1,100	1,369	0,949	1,359	1,112	1,352	1,099	1,329	1,113	1,364	0,929	1,313	1,367	1,147	1,122	1,141	1,272	1,051	1,236	0,677	1,245	1,204	1,068	1,250	1,077	1,075	0,841	1,022	0,689	0,848	0,779	1,009	0,690	0,995	0,839	0,905	1,134	0,878	1,222	1,155	1,203	0,867	1,189	0,839	1,251	0,973	1,158	1,064	1,321	1,162	1,176	0,909	1,303	0,884	1,310	1,107	1,226	0,981	1,171	1,297	1,316	1,224	1,231	1,251	1,347	1,238	1,306	1,168	1,356	1,232	1,244	0,089	1,162	0,090	1,190	0,091	1,199	0,090	1,208	0,090	1,220	0,092	1,189	0,090
18:58:04	37,0	1,057	1,268	1,189	1,314	1,043	1,314	1,185	1,314	1,184	1,340	1,277	1,290	1,096	1,370	0,947	1,360	1,110	1,351	1,097	1,330	1,116	1,363	0,920	1,312	1,368	1,148	1,121	1,142	1,269	1,052	1,235	0,677	1,242	1,204	1,064	1,251	1,077	1,075	0,840	1,022	0,689	0,848	0,780	1,009	0,690	0,994	0,840	0,904	1,132	0,877	1,220	1,155	1,201	0,864	1,186	0,838	1,250	0,975	1,157	1,061	1,320	1,162	1,174	0,909	1,300	0,883	1,307	1,106	1,225	0,977	1,169	1,295	1,315	1,225	1,228	1,250	1,343	1,237	1,309	1,167	1,352	1,231	1,242	0,089	1,162	0,090	1,189	0,091	1,196	0,090	1,205	0,090	1,218	0,092	1,187	0,091
19:08:04	37,0	1,058	1,265	1,190	1,314	1,042	1,314	1,184	1,312	1,184	1,341	1,284	1,292	1,097	1,371	0,949	1,360	1,110	1,348	1,098	1,327	1,113	1,358	0,938	1,310	1,366	1,148	1,119	1,143	1,268	1,054	1,234	0,678	1,241	1,204	1,072	1,253	1,078	1,075	0,840	1,020	0,689	0,848	0,780	1,007	0,688	0,993	0,837	0,906	1,131	0,874	1,219	1,155	1,201	0,861	1,188	0,833	1,253	0,978	1,165	1,063	1,319	1,162	1,174	0,910	1,301	0,880	1,307	1,106	1,224	0,979	1,171	1,298	1,314	1,225	1,231	1,250	1,345	1,238	1,309	1,168	1,351	1,232	1,247	0,089	1,161	0,090	1,190	0,091	1,195	0,090	1,204	0,091	1,221	0,092	1,191	0,091
19:18:04	37,0	1,058	1,264	1,186	1,314	1,042	1,315	1,183	1,312	1,181	1,342	1,285	1,292	1,094	1,372	0,947	1,359	1,109	1,349	1,097	1,328	1,114	1,361	0,931	1,311	1,365	1,149	1,119	1,142	1,266	1,054	1,232	0,678	1,239	1,205	1,068	1,253	1,078	1,074	0,841	1,020	0,687	0,847	0,780	1,007	0,689	0,994	0,838	0,903	1,130	0,872	1,217	1,155	1,201	0,860	1,188	0,834	1,252	0,978	1,169	1,063	1,319	1,162	1,172	0,907	1,299	0,878	1,304	1,104	1,223	0,975	1,166	1,298	1,314	1,223	1,226	1,248	1,342	1,236	1,307	1,167	1,349	1,232	1,248	0,089	1,161	0,090	1,189	0,091	1,194	0,090	1,204	0,090	1,217	0,092	1,191	0,090
19:28:04	36,9	1,058	1,264	1,187	1,313	1,041	1,314	1,183	1,313	1,182	1,341	1,285	1,291	1,093	1,371	0,948	1,358	1,109	1,345	1,095	1,326	1,111	1,357	0,934	1,307	1,364	1,150	1,118	1,142	1,265	1,055	1,231	0,678	1,237	1,205	1,071	1,255	1,077	1,073	0,840	1,018	0,688	0,847	0,781	1,006	0,689	0,992	0,835	0,902	1,129	0,869	1,216	1,154	1,200	0,856	1,186	0,830	1,252	0,979	1,171	1,062	1,317	1,161	1,171	0,905	1,299	0,877	1,304	1,104	1,222	0,975	1,167	1,297	1,312	1,224	1,225	1,248	1,345	1,236	1,307	1,169	1,347	1,231	1,247	0,089	1,161	0,090	1,190	0,091	1,194	0,090	1,202	0,090	1,220	0,092	1,192	0,091
19:38:04	37,0	1,059	1,265	1,186	1,312	1,040	1,313	1,183	1,313	1,181	1,341	1,285	1,292	1,091	1,370	0,948	1,357	1,108	1,344	1,095	1,324	1,111	1,361	0,932	1,307	1,365	1,150	1,117	1,138	1,263	1,056	1,229	0,678	1,236	1,203	1,069	1,255	1,077	1,072	0,840	1,017	0,689	0,846	0,782	1,005	0,690	0,991	0,835	0,902	1,127	0,867	1,222	1,154	1,200	0,855	1,185	0,829	1,250	0,976	1,171	1,060	1,315	1,162	1,170	0,906	1,298	0,875	1,303	1,104	1,222	0,974	1,165	1,295	1,312	1,226	1,224	1,246	1,342	1,234	1,305	1,169	1,346	1,231	1,248	0,089	1,160	0,090	1,190	0,091	1,193	0,090	1,204	0,090	1,217	0,092	1,192	0,091
19:48:04	37,0	1,059	1,264	1,186	1,314	1,040	1,314	1,184	1,313	1,180	1,343	1,289	1,293	1,090	1,371	0,948	1,357	1,106	1,346	1,093	1,323	1,111	1,360	0,937	1,307	1,363	1,151	1,116	1,138	1,263	1,057	1,228	0,678	1,235	1,204	1,072	1,255	1,079	1,071	0,842	1,017	0,689	0,847	0,782	1,005	0,690	0,991	0,834	0,901	1,128	0,867	1,214	1,154	1,200	0,853	1,185	0,826	1,253	0,979	1,175	1,065	1,316	1,162	1,171	0,905	1,296	0,873	1,302	1,103	1,221	0,971	1,164	1,294	1,313	1,225	1,227	1,246	1,342	1,234	1,301	1,171	1,346	1,231	1,248	0,089	1,160	0,090	1,190	0,091	1,193	0,090	1,203	0,090	1,218	0,092	1,195	0,091
19:58:04	37,0	1,060	1,263	1,187	1,313	1,040	1,314	1,186	1,315	1,182	1,342	1,293	1,295	1,089	1,370	0,947	1,358	1,107	1,345	1,095	1,320	1,112	1,356	0,948	1,307	1,365	1,153	1,116	1,138	1,261	1,058	1,227	0,678	1,234	1,207	1,078	1,257	1,079	1,071	0,843	1,016	0,689	0,847	0,784	1,005	0,690	0,990	0,834	0,904	1,129	0,866	1,219	1,155	1,201	0,851	1,187	0,825	1,251	0,979	1,177	1,066	1,317	1,161	1,171	0,904	1,294	0,871	1,301	1,102	1,221	0,971	1,168	1,296	1,312	1,226	1,228	1,247	1,340	1,235	1,305	1,171	1,344	1,234	1,250	0,089	1,161	0,090	1,192	0,091	1,194	0,090	1,204	0,090	1,217	0,092	1,197	0,091
20:08:04	37,0	1,061	1,262	1,185	1,313	1,038	1,313	1,184	1,315	1,180	1,345	1,294	1,293	1,087	1,370	0,947	1,355	1,106	1,344	1,093	1,324	1,112	1,358	0,936	1,309	1,362	1,152	1,114	1,135	1,261	1,057	1,224	0,677	1,231	1,204	1,073	1,255	1,079	1,069	0,843	1,014	0,689	0,847	0,784	1,003	0,692	0,990	0,833	0,900	1,128	0,865	1,216	1,154	1,199	0,849	1,183	0,822	1,249	0,976	1,177	1,063	1,314	1,161	1,171	0,903	1,292	0,871	1,300	1,101	1,221	0,968	1,163	1,289	1,312	1,225	1,224	1,246	1,338	1,232	1,299	1,172	1,345	1,231	1,249	0,089	1,162	0,090	1,192	0,091	1,193	0,090	1,204	0,090	1,215	0,092	1,198	0,091
20:18:04	37,0	1,061	1,262	1,184	1,311	1,036	1,313	1,184	1,315	1,180	1,343	1,292	1,294	1,086	1,370	0,946	1,354	1,106	1,342	1,091	1,323	1,112	1,356	0,950	1,305	1,361	1,154	1,114	1,135	1,259	1,057	1,224	0,677	1,230	1,208	1,076	1,256	1,079	1,067	0,842	1,013	0,689	0,846	0,784	1,003	0,693	0,988	0,833	0,900	1,128	0,863	1,216	1,153	1,198	0,847	1,185	0,823	1,249	0,978	1,180	1,064	1,314	1,159	1,170	0,905	1,292	0,867	1,300	1,098	1,221	0,968	1,163	1,291	1,310	1,224	1,226	1,246	1,337	1,232	1,307	1,171	1,345	1,233	1,249	0,089	1,161	0,090	1,192	0,090	1,193	0,090	1,205	0,090	1,218	0,092	1,198	0,090
20:28:04	37,0	1,061	1,261	1,182	1,311	1,035	1,310	1,181	1,312	1,177	1,341	1,288	1,291	1,083	1,369	0,944	1,356	1,103	1,344	1,091	1,320	1,111	1,356	0,928	1,305	1,361	1,153	1,112	1,134	1,257	1,059	1,222	0,678	1,227	1,206	1,068	1,256	1,079	1,066	0,843	1,013	0,688	0,846	0,785	1,002	0,693	0,987	0,833	0,896	1,126	0,862	1,214	1,153	1,197	0,844	1,179	0,822	1,246	0,974	1,177	1,058	1,309	1,159	1,170	0,900	1,290	0,867	1,297	1,099	1,220	0,964	1,159	1,289	1,310	1,226	1,223	1,244	1,341	1,230	1,303	1,171	1,343	1,230	1,245	0,089	1,160	0,090	1,190	0,091	1,191	0,090	1,201	0,090	1,213	0,092	1,197	0,091
20:38:04	37,0	1,062	1,259	1,179	1,309	1,033	1,308	1,179	1,310	1,174	1,339	1,285	1,290	1,081	1,368	0,943	1,355	1,101	1,342	1,091	1,321	1,109	1,359	0,930	1,303	1,360	1,154	1,110	1,133	1,256	1,060	1,222	0,678	1,224	1,206	1,066	1,256	1,079	1,065	0,845	1,011	0,688	0,845	0,786	1,000	0,694	0,985	0,836	0,894	1,125	0,859	1,211	1,152	1,196	0,843	1,177	0,820	1,244	0,970	1,177	1,054	1,310	1,158	1,171	0,897	1,289	0,864	1,297	1,097	1,220	0,964	1,158	1,286	1,310	1,226	1,224	1,244	1,334	1,229	1,301	1,170	1,343	1,228	1,244	0,089	1,158	0,090	1,191	0,091	1,192	0,090	1,200	0,090	1,212	0,092	1,197	0,091
20:48:04	37,0	1,062	1,259	1,181	1,309	1,032	1,311	1,181	1,314	1,176	1,342	1,292	1,292	1,081	1,367	0,945	1,353	1,101	1,338	1,090	1,317	1,108	1,353	0,938	1,300	1,360	1,155	1,109	1,133	1,257	1,060	1,220	0,677	1,222	1,207	1,071	1,257	1,079	1,063	0,844	1,011	0,688	0,845	0,786	1,000	0,694	0,984	0,833	0,896	1,125	0,858	1,214	1,150	1,196	0,841	1,179	0,818	1,247	0,971	1,178	1,058	1,311	1,158	1,170	0,899	1,290	0,863	1,297	1,096	1,220	0,962	1,160	1,288	1,311	1,227	1,226	1,245	1,332	1,231	1,301	1,171	1,342	1,231	1,246	0,089	1,159	0,090	1,191	0,090	1,193	0,090	1,203	0,090	1,216	0,092	1,199	0,091
20:58:04	37,0	1,063	1,257	1,178	1,310	1,031	1,310	1,180	1,313	1,176	1,340	1,290	1,292	1,080	1,370	0,946	1,353	1,099	1,338	1,090	1,318	1,106	1,353	0,933	1,303	1,360	1,156	1,108	1,135	1,256	1,060	1,219	0,678	1,220	1,206	1,069	1,256	1,080	1,063	0,845	1,011	0,688	0,845	0,786	0,998	0,695	0,983	0,831	0,894	1,125	0,856	1,209	1,151	1,196	0,839	1,180	0,818	1,246	0,970	1,177	1,056	1,311	1,158	1,170	0,897	1,288	0,863	1,297	1,096	1,221	0,962	1,158	1,287	1,310	1,227	1,225	1,243	1,334	1,229	1,296	1,169	1,340	1,232	1,246	0,089	1,158	0,090	1,190	0,091	1,190	0,090	1,202	0,090	1,214	0,092	1,199	0,091
21:08:04	37,0	1,064	1,259	1,181	1,308	1,030	1,311	1,183	1,314	1,177	1,342	1,299	1,294	1,079	1,371	0,945	1,352	1,100	1,337	1,089	1,317	1,109	1,352	0,943	1,301	1,359	1,157	1,109	1,136	1,256	1,061	1,217	0,679	1,221	1,208	1,074	1,257	1,083	1,062	0,846	1,010	0,688	0,844	0,787	0,998	0,695	0,982	0,832	0,896	1,126	0,856	1,207	1,151	1,195	0,838	1,181	0,817	1,247	0,975	1,182	1,063	1,310	1,158	1,170	0,899	1,288	0,861	1,296	1,094	1,221	0,960	1,159	1,288	1,310	1,227	1,225	1,244	1,334	1,231	1,302	1,171	1,339	1,234	1,248	0,089	1,159	0,090	1,193	0,091	1,192	0,090	1,205	0,090	1,217	0,092	1,203	0,091
21:18:04	37,0	1,064	1,257	1,180	1,309	1,028	1,308	1,181	1,314	1,175	1,340	1,295	1,294	1,077	1,370	0,945	1,350	1,099	1,337	1,089	1,314	1,107	1,352	0,941	1,301	1,359	1,157	1,107	1,136	1,255	1,061	1,217	0,677	1,219	1,209	1,073	1,259	1,083	1,060	0,846	1,009	0,688	0,843	0,788	0,996	0,694	0,980	0,829	0,894	1,126	0,855	1,211	1,149	1,196	0,836	1,177	0,816	1,244	0,970	1,179	1,060	1,310	1,156	1,170	0,896	1,287	0,859	1,296	1,093	1,221	0,958	1,157	1,286	1,310	1,225	1,224	1,243	1,333	1,229	1,302	1,172	1,339	1,233	1,246	0,089	1,159	0,090	1,191	0,091	1,191	0,090	1,204	0,090	1,217	0,092	1,203	0,091
21:28:04	37,0	1,065	1,257	1,177	1,309	1,028	1,308	1,179	1,314	1,173	1,340	1,296	1,293	1,076	1,369	0,944	1,351	1,098	1,336	1,087	1,317	1,106	1,347	0,940	1,300	1,360	1,158	1,106	1,138	1,254	1,060	1,215	0,677	1,217	1,208	1,073	1,258	1,082	1,059	0,847	1,007	0,688	0,842	0,788	0,994	0,696	0,979	0,830	0,893	1,124	0,852	1,206	1,149	1,193	0,834	1,178	0,813	1,244	0,966	1,178	1,057	1,309	1,157	1,170	0,894	1,285	0,859	1,296	1,092	1,220	0,956	1,155	1,282	1,309	1,224	1,224	1,242	1,336	1,228	1,296	1,172	1,339	1,232	1,245	0,089	1,159	0,090	1,193	0,091	1,191	0,090	1,204	0,090	1,215	0,092	1,204	0,091
21:38:04	37,0	1,065	1,257	1,176	1,308	1,027	1,307	1,179	1,312	1,172	1,340	1,297	1,292	1,074	1,367	0,943	1,351	1,096	1,335	1,087	1,316	1,106	1,350	0,931	1,297	1,355	1,159	1,105	1,138	1,253	1,061	1,213	0,676	1,214	1,208	1,070	1,258	1,081	1,058	0,847	1,006	0,688	0,841	0,789	0,992	0,695	0,977	0,828	0,892	1,123	0,851	1,207	1,148	1,192	0,833	1,173	0,812	1,242	0,967	1,176	1,055	1,307	1,157	1,169	0,892	1,285	0,857	1,295	1,093	1,220	0,955	1,153	1,280	1,310	1,224	1,225	1,242	1,330	1,228	1,297	1,171	1,339	1,230	1,244	0,089	1,158	0,090	1,192	0,090	1,190	0,090	1,203	0,090	1,214	0,092	1,205	0,090
21:48:04	37,0	1,066	1,256	1,177	1,308	1,025	1,306	1,179	1,313	1,172	1,340	1,298	1,292	1,074	1,369	0,942	1,349	1,097	1,334	1,086	1,316	1,105	1,350	0,939	1,297	1,357	1,159	1,105	1,138	1,253	1,061	1,213	0,677	1,214	1,210	1,073	1,260	1,082	1,057	0,847	1,005	0,689	0,841	0,789	0,992	0,696	0,977	0,829	0,891	1,125	0,850	1,209	1,147	1,191	0,832	1,177	0,811	1,242	0,968	1,177	1,057	1,307	1,155	1,169	0,892	1,284	0,855	1,295	1,091	1,221	0,954	1,154	1,283	1,311	1,227	1,224	1,241	1,331	1,227	1,300	1,170	1,339	1,232	1,243	0,089	1,158	0,090	1,192	0,091	1,190	0,090	1,205	0,090	1,216	0,092	1,206	0,091
21:58:04	37,0	1,067	1,256	1,177	1,308	1,032	1,308	1,179	1,313	1,171	1,339	1,300	1,293	1,074	1,367	0,943	1,347	1,096	1,332	1,086	1,314	1,104	1,349	0,939	1,297	1,356	1,159	1,103	1,136	1,252	1,062	1,212	0,677	1,213	1,210	1,073	1,260	1,083	1,056	0,848	1,004	0,689	0,840	0,789	0,990	0,697	0,975	0,827	0,892	1,125	0,849	1,209	1,146	1,191	0,831	1,174	0,811	1,241	0,968	1,177	1,056	1,308	1,155	1,169	0,893	1,284	0,853	1,295	1,091	1,222	0,953	1,153	1,281	1,311	1,226	1,225	1,241	1,332	1,229	1,299	1,171	1,341	1,232	1,243	0,089	1,160	0,090	1,192	0,091	1,190	0,090	1,205	0,090	1,216	0,092	1,207	0,091
22:08:04	37,0	1,067	1,255	1,172	1,307	1,030	1,304	1,173	1,308	1,166	1,335	1,287	1,288	1,069	1,367	0,940	1,349	1,091	1,332	1,084	1,312	1,103	1,355	0,931	1,296	1,354	1,159	1,103	1,136	1,250	1,063	1,209	0,676	1,209	1,210	1,068	1,258	1,083	1,054	0,849	1,002	0,689	0,839	0,789	0,988	0,697	0,974	0,829	0,886	1,121	0,847	1,203	1,146	1,188	0,829	1,168	0,808	1,238	0,960	1,173	1,045	1,304	1,154	1,169	0,890	1,282	0,853	1,294	1,090	1,222	0,948	1,149	1,281	1,312	1,224	1,223	1,240	1,333	1,223	1,300	1,169	1,337	1,227	1,238	0,089	1,158	0,090	1,190	0,091	1,187	0,090	1,199	0,090	1,212	0,092	1,204	0,091

