Time	T∞ Optical Density:600	A1	A2	A3	A4	A5	A6	A7	A8	A9	A10	A11	A12	B1	B2	B3	B4	B5	B6	B7	B8	B9	B10	B11	B12	C1	C2	C3	C4	C5	C6	C7	C8	C9	C10	C11	C12	D1	D2	D3	D4	D5	D6	D7	D8	D9	D10	D11	D12	E1	E2	E3	E4	E5	E6	E7	E8	E9	E10	E11	E12	F1	F2	F3	F4	F5	F6	F7	F8	F9	F10	F11	F12	G1	G2	G3	G4	G5	G6	G7	G8	G9	G10	G11	G12	H1	H2	H3	H4	H5	H6	H7	H8	H9	H10	H11	H12
0:08:04	37,0	0,146	0,140	0,156	0,171	0,131	0,200	0,157	0,189	0,124	0,160	0,122	0,160	0,115	0,117	0,124	0,122	0,129	0,118	0,124	0,123	0,132	0,125	0,128	0,128	0,112	0,226	0,122	0,116	0,143	0,113	0,123	0,127	0,116	0,163	0,114	0,121	0,111	0,122	0,124	0,110	0,130	0,139	0,145	0,114	0,129	0,103	0,184	0,106	0,150	0,127	0,153	0,129	0,142	0,142	0,138	0,125	0,115	0,108	0,112	0,109	0,133	0,184	0,129	0,123	0,138	0,178	0,110	0,127	0,104	0,113	0,112	0,104	0,146	0,113	0,134	0,137	0,138	0,131	0,167	0,118	0,132	0,110	0,116	0,092	0,122	0,093	0,139	0,101	0,109	0,093	0,122	0,093	0,105	0,094	0,106	0,093
0:18:04	37,0	0,148	0,144	0,165	0,169	0,133	0,201	0,168	0,181	0,122	0,145	0,124	0,155	0,120	0,118	0,128	0,126	0,133	0,121	0,130	0,124	0,135	0,136	0,134	0,127	0,116	0,277	0,124	0,129	0,142	0,114	0,124	0,143	0,120	0,164	0,117	0,124	0,111	0,125	0,123	0,110	0,129	0,140	0,146	0,115	0,128	0,103	0,182	0,106	0,154	0,125	0,138	0,128	0,138	0,144	0,147	0,127	0,114	0,111	0,111	0,108	0,129	0,165	0,129	0,127	0,134	0,176	0,110	0,129	0,106	0,114	0,112	0,103	0,158	0,114	0,137	0,139	0,143	0,133	0,158	0,119	0,131	0,112	0,124	0,092	0,126	0,093	0,145	0,102	0,112	0,093	0,124	0,093	0,105	0,094	0,106	0,093
0:28:04	36,9	0,152	0,150	0,170	0,166	0,137	0,208	0,171	0,182	0,125	0,146	0,130	0,165	0,124	0,120	0,130	0,128	0,139	0,126	0,133	0,126	0,137	0,139	0,134	0,130	0,122	0,285	0,129	0,134	0,144	0,116	0,127	0,139	0,130	0,166	0,118	0,126	0,114	0,128	0,126	0,111	0,129	0,141	0,146	0,148	0,129	0,104	0,184	0,107	0,159	0,128	0,139	0,128	0,138	0,149	0,164	0,131	0,116	0,116	0,113	0,110	0,133	0,149	0,128	0,133	0,138	0,177	0,117	0,131	0,106	0,117	0,114	0,104	0,181	0,117	0,139	0,141	0,145	0,135	0,158	0,121	0,132	0,113	0,130	0,092	0,133	0,092	0,150	0,102	0,114	0,092	0,124	0,093	0,107	0,093	0,110	0,092
0:38:04	37,0	0,161	0,158	0,178	0,172	0,141	0,221	0,175	0,192	0,129	0,152	0,135	0,173	0,128	0,123	0,133	0,130	0,144	0,128	0,141	0,130	0,142	0,143	0,136	0,134	0,124	0,308	0,131	0,137	0,147	0,118	0,130	0,150	0,127	0,170	0,119	0,129	0,116	0,128	0,128	0,112	0,133	0,145	0,149	0,117	0,132	0,105	0,188	0,108	0,168	0,135	0,143	0,129	0,147	0,160	0,179	0,137	0,118	0,125	0,116	0,113	0,138	0,143	0,130	0,139	0,141	0,186	0,113	0,137	0,107	0,123	0,117	0,106	0,193	0,119	0,142	0,144	0,149	0,139	0,172	0,124	0,136	0,117	0,135	0,092	0,139	0,092	0,156	0,103	0,116	0,092	0,129	0,093	0,109	0,093	0,113	0,093
0:48:04	37,0	0,174	0,170	0,190	0,184	0,148	0,239	0,193	0,208	0,136	0,163	0,143	0,189	0,132	0,127	0,138	0,134	0,149	0,133	0,149	0,137	0,148	0,153	0,141	0,140	0,130	0,335	0,137	0,142	0,154	0,122	0,134	0,160	0,138	0,178	0,123	0,132	0,119	0,132	0,132	0,114	0,135	0,147	0,155	0,120	0,136	0,107	0,193	0,110	0,181	0,144	0,151	0,130	0,165	0,177	0,195	0,147	0,123	0,137	0,120	0,117	0,148	0,145	0,135	0,151	0,151	0,205	0,115	0,146	0,110	0,131	0,122	0,108	0,205	0,124	0,147	0,150	0,154	0,145	0,193	0,128	0,142	0,122	0,139	0,092	0,149	0,092	0,165	0,103	0,121	0,093	0,132	0,093	0,113	0,093	0,114	0,092
0:58:04	37,0	0,193	0,187	0,207	0,203	0,159	0,263	0,202	0,230	0,143	0,179	0,155	0,213	0,140	0,133	0,144	0,141	0,158	0,140	0,158	0,146	0,157	0,171	0,148	0,153	0,136	0,395	0,142	0,148	0,160	0,128	0,138	0,172	0,145	0,189	0,128	0,140	0,125	0,137	0,137	0,116	0,138	0,155	0,160	0,122	0,141	0,110	0,200	0,115	0,200	0,157	0,166	0,133	0,188	0,201	0,215	0,162	0,131	0,153	0,127	0,124	0,161	0,153	0,139	0,168	0,162	0,242	0,120	0,157	0,113	0,143	0,129	0,111	0,235	0,131	0,154	0,159	0,164	0,153	0,185	0,135	0,153	0,128	0,142	0,092	0,163	0,093	0,179	0,104	0,128	0,093	0,141	0,093	0,118	0,094	0,117	0,092
1:08:04	37,0	0,217	0,210	0,229	0,230	0,173	0,288	0,225	0,259	0,157	0,199	0,169	0,242	0,151	0,142	0,153	0,150	0,168	0,149	0,169	0,158	0,170	0,196	0,160	0,172	0,152	0,449	0,149	0,157	0,168	0,134	0,144	0,186	0,155	0,202	0,136	0,144	0,133	0,143	0,145	0,121	0,143	0,162	0,172	0,131	0,147	0,113	0,210	0,119	0,226	0,174	0,189	0,141	0,219	0,231	0,241	0,182	0,141	0,174	0,138	0,134	0,178	0,164	0,147	0,188	0,178	0,290	0,127	0,173	0,118	0,160	0,139	0,117	0,260	0,142	0,166	0,171	0,178	0,166	0,188	0,145	0,164	0,137	0,143	0,092	0,180	0,092	0,195	0,104	0,138	0,092	0,152	0,093	0,125	0,093	0,126	0,092
1:18:04	37,0	0,246	0,233	0,256	0,259	0,194	0,315	0,251	0,285	0,175	0,225	0,190	0,268	0,166	0,155	0,165	0,165	0,180	0,162	0,184	0,172	0,186	0,221	0,176	0,191	0,168	0,516	0,160	0,169	0,178	0,144	0,152	0,205	0,169	0,219	0,147	0,154	0,152	0,153	0,155	0,129	0,150	0,171	0,186	0,134	0,159	0,118	0,223	0,128	0,252	0,197	0,227	0,153	0,253	0,263	0,274	0,207	0,156	0,194	0,152	0,148	0,202	0,178	0,159	0,218	0,199	0,338	0,136	0,194	0,126	0,182	0,153	0,123	0,291	0,155	0,181	0,189	0,197	0,182	0,198	0,159	0,174	0,150	0,150	0,092	0,202	0,092	0,215	0,105	0,151	0,092	0,166	0,093	0,135	0,093	0,138	0,092
1:28:04	37,0	0,271	0,259	0,282	0,289	0,219	0,345	0,278	0,316	0,200	0,253	0,214	0,301	0,187	0,172	0,181	0,182	0,195	0,179	0,202	0,194	0,209	0,256	0,196	0,215	0,187	0,602	0,175	0,183	0,193	0,155	0,162	0,226	0,185	0,237	0,161	0,166	0,169	0,169	0,171	0,139	0,158	0,183	0,201	0,142	0,173	0,125	0,237	0,140	0,278	0,227	0,258	0,166	0,284	0,296	0,312	0,235	0,176	0,214	0,172	0,169	0,234	0,195	0,178	0,253	0,223	0,391	0,148	0,220	0,137	0,212	0,169	0,132	0,326	0,171	0,201	0,210	0,212	0,205	0,214	0,176	0,191	0,167	0,157	0,092	0,226	0,092	0,239	0,105	0,169	0,092	0,186	0,093	0,148	0,093	0,149	0,092
1:38:04	37,0	0,298	0,285	0,312	0,320	0,243	0,374	0,314	0,348	0,225	0,289	0,230	0,331	0,208	0,195	0,200	0,204	0,215	0,203	0,226	0,214	0,232	0,298	0,221	0,237	0,209	0,696	0,193	0,198	0,211	0,170	0,179	0,252	0,206	0,261	0,178	0,183	0,188	0,189	0,190	0,155	0,168	0,201	0,220	0,154	0,187	0,137	0,256	0,159	0,311	0,259	0,304	0,183	0,309	0,328	0,350	0,267	0,203	0,242	0,198	0,196	0,273	0,217	0,199	0,296	0,251	0,446	0,166	0,254	0,151	0,248	0,193	0,146	0,367	0,191	0,222	0,237	0,231	0,233	0,238	0,198	0,211	0,187	0,169	0,092	0,251	0,092	0,264	0,106	0,190	0,092	0,209	0,093	0,165	0,093	0,163	0,092
1:48:04	37,0	0,326	0,314	0,342	0,354	0,270	0,411	0,348	0,382	0,261	0,324	0,260	0,368	0,231	0,209	0,225	0,225	0,240	0,226	0,250	0,249	0,257	0,339	0,250	0,271	0,232	0,779	0,216	0,208	0,233	0,185	0,201	0,280	0,235	0,287	0,203	0,200	0,208	0,213	0,210	0,175	0,179	0,223	0,237	0,174	0,201	0,154	0,269	0,185	0,341	0,294	0,362	0,202	0,348	0,358	0,391	0,300	0,235	0,273	0,225	0,225	0,316	0,249	0,227	0,340	0,282	0,506	0,189	0,298	0,170	0,292	0,222	0,166	0,418	0,216	0,256	0,266	0,256	0,271	0,259	0,229	0,234	0,215	0,184	0,092	0,274	0,092	0,287	0,106	0,216	0,092	0,238	0,093	0,187	0,093	0,183	0,092
1:58:04	37,0	0,355	0,343	0,372	0,389	0,299	0,435	0,378	0,415	0,297	0,360	0,296	0,397	0,252	0,235	0,247	0,256	0,272	0,251	0,276	0,269	0,282	0,384	0,283	0,301	0,263	0,838	0,240	0,232	0,257	0,206	0,229	0,314	0,269	0,305	0,233	0,220	0,228	0,246	0,231	0,201	0,190	0,253	0,256	0,199	0,212	0,174	0,287	0,215	0,372	0,323	0,414	0,222	0,394	0,387	0,429	0,332	0,270	0,306	0,263	0,257	0,358	0,279	0,255	0,379	0,322	0,557	0,217	0,346	0,193	0,341	0,254	0,192	0,462	0,240	0,293	0,296	0,285	0,302	0,293	0,258	0,262	0,243	0,203	0,092	0,296	0,092	0,314	0,106	0,240	0,092	0,264	0,093	0,214	0,093	0,215	0,092
2:08:04	37,0	0,379	0,373	0,408	0,419	0,326	0,470	0,406	0,447	0,338	0,403	0,334	0,435	0,271	0,263	0,276	0,285	0,309	0,279	0,303	0,298	0,304	0,445	0,318	0,333	0,291	0,877	0,269	0,266	0,288	0,227	0,261	0,348	0,297	0,331	0,266	0,242	0,251	0,279	0,256	0,228	0,199	0,289	0,273	0,229	0,229	0,202	0,303	0,252	0,407	0,355	0,458	0,244	0,446	0,427	0,469	0,366	0,310	0,340	0,302	0,299	0,400	0,313	0,288	0,420	0,359	0,591	0,250	0,405	0,223	0,398	0,287	0,221	0,501	0,266	0,333	0,324	0,318	0,339	0,333	0,290	0,294	0,271	0,224	0,092	0,318	0,092	0,339	0,107	0,265	0,092	0,293	0,093	0,241	0,093	0,236	0,092
2:18:04	37,0	0,406	0,403	0,440	0,454	0,356	0,509	0,433	0,482	0,384	0,449	0,373	0,472	0,293	0,294	0,302	0,318	0,346	0,307	0,336	0,326	0,327	0,489	0,351	0,362	0,314	0,903	0,300	0,302	0,324	0,254	0,298	0,389	0,337	0,361	0,305	0,265	0,271	0,314	0,279	0,263	0,210	0,331	0,285	0,266	0,243	0,237	0,317	0,290	0,440	0,386	0,506	0,271	0,477	0,483	0,508	0,403	0,353	0,375	0,339	0,337	0,443	0,350	0,332	0,467	0,400	0,615	0,285	0,468	0,254	0,460	0,322	0,249	0,549	0,299	0,379	0,349	0,353	0,376	0,373	0,340	0,326	0,304	0,251	0,092	0,340	0,092	0,365	0,107	0,293	0,092	0,323	0,093	0,271	0,093	0,265	0,092
2:28:04	37,0	0,428	0,435	0,467	0,502	0,389	0,546	0,456	0,520	0,433	0,494	0,417	0,514	0,319	0,334	0,335	0,353	0,382	0,337	0,373	0,361	0,352	0,538	0,385	0,403	0,355	0,937	0,331	0,326	0,362	0,284	0,330	0,428	0,369	0,391	0,352	0,290	0,295	0,352	0,299	0,291	0,218	0,385	0,301	0,306	0,258	0,281	0,330	0,333	0,472	0,423	0,543	0,303	0,529	0,543	0,551	0,438	0,405	0,423	0,378	0,371	0,488	0,387	0,369	0,517	0,445	0,651	0,321	0,528	0,292	0,516	0,356	0,285	0,589	0,338	0,438	0,384	0,400	0,410	0,424	0,384	0,366	0,334	0,282	0,092	0,364	0,092	0,394	0,107	0,318	0,092	0,356	0,092	0,307	0,093	0,291	0,092
2:38:04	37,0	0,451	0,476	0,493	0,554	0,420	0,579	0,482	0,557	0,478	0,544	0,459	0,560	0,347	0,364	0,372	0,408	0,431	0,374	0,418	0,402	0,377	0,588	0,420	0,437	0,424	0,964	0,371	0,359	0,399	0,310	0,356	0,474	0,420	0,430	0,399	0,323	0,314	0,394	0,320	0,327	0,227	0,442	0,315	0,351	0,272	0,321	0,343	0,371	0,504	0,459	0,584	0,343	0,571	0,586	0,594	0,472	0,462	0,482	0,423	0,416	0,529	0,431	0,418	0,543	0,490	0,677	0,359	0,570	0,330	0,567	0,399	0,322	0,630	0,375	0,493	0,417	0,454	0,452	0,476	0,418	0,414	0,367	0,312	0,092	0,383	0,092	0,421	0,107	0,351	0,092	0,387	0,093	0,344	0,093	0,320	0,092
2:48:04	37,0	0,477	0,518	0,523	0,599	0,446	0,608	0,506	0,586	0,526	0,594	0,497	0,603	0,380	0,415	0,411	0,460	0,481	0,411	0,455	0,446	0,395	0,636	0,448	0,474	0,480	0,993	0,437	0,406	0,449	0,337	0,406	0,520	0,467	0,474	0,447	0,361	0,334	0,442	0,340	0,365	0,236	0,494	0,330	0,395	0,284	0,360	0,349	0,416	0,532	0,489	0,625	0,384	0,627	0,621	0,638	0,496	0,515	0,542	0,471	0,468	0,563	0,473	0,464	0,567	0,539	0,706	0,407	0,624	0,367	0,614	0,451	0,371	0,656	0,421	0,543	0,454	0,496	0,488	0,522	0,456	0,465	0,398	0,347	0,092	0,404	0,092	0,446	0,107	0,379	0,092	0,417	0,093	0,383	0,093	0,349	0,092
2:58:04	37,0	0,497	0,561	0,548	0,639	0,470	0,633	0,534	0,610	0,572	0,640	0,532	0,651	0,407	0,461	0,448	0,505	0,533	0,449	0,490	0,499	0,414	0,678	0,472	0,515	0,525	1,022	0,496	0,445	0,503	0,361	0,455	0,563	0,519	0,509	0,497	0,399	0,363	0,486	0,360	0,414	0,244	0,554	0,337	0,446	0,293	0,395	0,354	0,466	0,562	0,512	0,657	0,425	0,660	0,647	0,676	0,518	0,567	0,585	0,514	0,512	0,591	0,501	0,496	0,585	0,578	0,722	0,458	0,657	0,414	0,651	0,488	0,421	0,684	0,472	0,569	0,488	0,535	0,534	0,558	0,489	0,501	0,428	0,384	0,092	0,421	0,092	0,469	0,108	0,410	0,092	0,450	0,092	0,418	0,093	0,377	0,092
3:08:04	37,0	0,516	0,597	0,578	0,664	0,495	0,650	0,557	0,631	0,621	0,677	0,570	0,700	0,429	0,511	0,493	0,548	0,585	0,491	0,526	0,542	0,443	0,716	0,494	0,544	0,553	1,048	0,534	0,482	0,536	0,385	0,506	0,609	0,571	0,542	0,538	0,436	0,376	0,514	0,378	0,455	0,251	0,604	0,347	0,499	0,297	0,430	0,365	0,525	0,604	0,534	0,684	0,475	0,685	0,662	0,705	0,539	0,616	0,603	0,548	0,547	0,603	0,524	0,516	0,596	0,596	0,729	0,494	0,667	0,462	0,687	0,512	0,479	0,702	0,545	0,595	0,525	0,566	0,552	0,598	0,513	0,534	0,457	0,425	0,092	0,437	0,092	0,489	0,108	0,436	0,092	0,480	0,093	0,449	0,093	0,400	0,092
3:18:04	37,0	0,535	0,624	0,594	0,683	0,516	0,674	0,580	0,654	0,665	0,712	0,607	0,743	0,448	0,541	0,537	0,573	0,617	0,524	0,565	0,574	0,473	0,749	0,524	0,577	0,579	1,071	0,565	0,514	0,561	0,403	0,539	0,648	0,622	0,598	0,572	0,470	0,411	0,535	0,398	0,502	0,257	0,634	0,354	0,563	0,308	0,476	0,373	0,560	0,642	0,558	0,703	0,517	0,707	0,668	0,727	0,557	0,654	0,617	0,582	0,572	0,632	0,546	0,537	0,608	0,611	0,731	0,520	0,692	0,497	0,714	0,533	0,518	0,731	0,582	0,612	0,567	0,594	0,588	0,623	0,548	0,562	0,481	0,471	0,092	0,454	0,092	0,510	0,108	0,465	0,092	0,511	0,092	0,476	0,093	0,421	0,092
3:28:04	37,0	0,551	0,649	0,612	0,703	0,534	0,696	0,613	0,668	0,696	0,750	0,638	0,777	0,480	0,571	0,569	0,608	0,634	0,559	0,596	0,607	0,508	0,771	0,557	0,606	0,596	1,091	0,585	0,535	0,589	0,420	0,589	0,687	0,654	0,648	0,605	0,499	0,427	0,554	0,417	0,534	0,265	0,662	0,362	0,611	0,313	0,524	0,375	0,584	0,688	0,583	0,720	0,545	0,728	0,683	0,745	0,579	0,685	0,635	0,610	0,591	0,654	0,570	0,566	0,614	0,620	0,739	0,545	0,706	0,534	0,732	0,552	0,544	0,747	0,617	0,641	0,603	0,642	0,620	0,649	0,572	0,593	0,501	0,517	0,092	0,471	0,092	0,528	0,108	0,489	0,092	0,547	0,093	0,502	0,093	0,441	0,092
3:38:04	37,0	0,567	0,675	0,633	0,722	0,549	0,718	0,631	0,685	0,723	0,779	0,672	0,807	0,506	0,596	0,593	0,636	0,632	0,593	0,615	0,637	0,555	0,789	0,593	0,635	0,611	1,105	0,599	0,561	0,619	0,435	0,639	0,721	0,676	0,677	0,639	0,534	0,459	0,575	0,437	0,562	0,272	0,692	0,369	0,639	0,321	0,569	0,385	0,609	0,718	0,608	0,745	0,571	0,749	0,692	0,759	0,599	0,703	0,650	0,633	0,616	0,668	0,595	0,592	0,624	0,633	0,750	0,569	0,724	0,568	0,744	0,575	0,565	0,760	0,624	0,674	0,624	0,697	0,640	0,679	0,586	0,627	0,523	0,556	0,092	0,488	0,092	0,543	0,109	0,512	0,092	0,575	0,093	0,528	0,093	0,464	0,092
3:48:04	37,0	0,586	0,705	0,657	0,744	0,572	0,747	0,638	0,702	0,748	0,816	0,707	0,847	0,525	0,625	0,610	0,659	0,650	0,620	0,647	0,668	0,601	0,804	0,640	0,667	0,632	1,113	0,615	0,599	0,652	0,455	0,649	0,762	0,702	0,707	0,668	0,568	0,475	0,595	0,450	0,589	0,280	0,720	0,377	0,668	0,329	0,605	0,395	0,635	0,745	0,634	0,766	0,599	0,768	0,702	0,775	0,618	0,708	0,665	0,655	0,639	0,686	0,625	0,625	0,636	0,652	0,757	0,595	0,747	0,594	0,756	0,608	0,587	0,785	0,638	0,705	0,641	0,726	0,654	0,703	0,603	0,659	0,547	0,596	0,092	0,513	0,092	0,563	0,109	0,538	0,092	0,607	0,093	0,556	0,093	0,490	0,092
3:58:04	37,0	0,602	0,736	0,678	0,764	0,587	0,779	0,655	0,722	0,774	0,855	0,740	0,887	0,556	0,648	0,619	0,683	0,666	0,639	0,672	0,688	0,636	0,816	0,676	0,688	0,648	1,123	0,635	0,624	0,682	0,477	0,684	0,802	0,728	0,735	0,697	0,607	0,504	0,618	0,463	0,611	0,285	0,753	0,389	0,697	0,336	0,640	0,402	0,660	0,766	0,663	0,780	0,621	0,787	0,712	0,789	0,639	0,721	0,682	0,676	0,658	0,706	0,650	0,659	0,663	0,667	0,769	0,617	0,768	0,624	0,768	0,636	0,611	0,794	0,654	0,740	0,662	0,751	0,671	0,732	0,620	0,693	0,574	0,636	0,092	0,535	0,092	0,585	0,109	0,567	0,092	0,641	0,093	0,585	0,093	0,520	0,092
4:08:04	37,0	0,617	0,763	0,707	0,783	0,604	0,809	0,674	0,742	0,803	0,889	0,771	0,922	0,584	0,665	0,630	0,704	0,681	0,664	0,698	0,712	0,675	0,826	0,704	0,723	0,680	1,133	0,649	0,649	0,714	0,506	0,699	0,840	0,750	0,763	0,722	0,651	0,530	0,631	0,476	0,630	0,293	0,783	0,399	0,720	0,341	0,667	0,411	0,686	0,781	0,693	0,794	0,643	0,799	0,721	0,802	0,656	0,735	0,698	0,706	0,677	0,724	0,673	0,690	0,693	0,689	0,778	0,648	0,785	0,647	0,779	0,665	0,625	0,809	0,666	0,773	0,676	0,776	0,684	0,758	0,635	0,730	0,606	0,675	0,092	0,560	0,092	0,610	0,109	0,592	0,092	0,675	0,093	0,615	0,093	0,551	0,092
4:18:04	37,0	0,632	0,790	0,730	0,804	0,622	0,839	0,693	0,766	0,831	0,923	0,803	0,951	0,611	0,690	0,647	0,732	0,699	0,691	0,724	0,735	0,710	0,844	0,727	0,755	0,709	1,142	0,664	0,673	0,745	0,536	0,719	0,874	0,781	0,794	0,744	0,691	0,553	0,648	0,489	0,648	0,303	0,810	0,413	0,747	0,350	0,694	0,423	0,711	0,802	0,718	0,808	0,665	0,816	0,729	0,819	0,672	0,752	0,719	0,738	0,698	0,751	0,702	0,724	0,721	0,710	0,784	0,679	0,805	0,671	0,790	0,694	0,647	0,827	0,677	0,805	0,691	0,800	0,695	0,789	0,652	0,758	0,637	0,711	0,092	0,586	0,092	0,633	0,109	0,618	0,092	0,707	0,093	0,645	0,093	0,584	0,092
4:28:04	37,0	0,650	0,815	0,759	0,825	0,642	0,864	0,712	0,793	0,862	0,955	0,835	0,978	0,639	0,722	0,668	0,767	0,715	0,720	0,755	0,761	0,737	0,863	0,746	0,783	0,743	1,151	0,683	0,686	0,786	0,558	0,748	0,906	0,809	0,815	0,769	0,739	0,571	0,664	0,505	0,667	0,313	0,839	0,429	0,776	0,363	0,722	0,440	0,738	0,821	0,740	0,823	0,695	0,842	0,740	0,837	0,690	0,775	0,744	0,769	0,717	0,784	0,729	0,759	0,751	0,734	0,796	0,704	0,826	0,705	0,801	0,724	0,670	0,851	0,689	0,841	0,707	0,834	0,706	0,826	0,665	0,796	0,660	0,746	0,092	0,609	0,092	0,660	0,109	0,649	0,092	0,733	0,093	0,675	0,093	0,613	0,092
4:38:04	37,0	0,660	0,842	0,780	0,840	0,652	0,883	0,732	0,818	0,886	0,974	0,862	0,988	0,662	0,746	0,683	0,786	0,725	0,746	0,777	0,785	0,772	0,879	0,752	0,825	0,791	1,161	0,704	0,701	0,817	0,580	0,766	0,940	0,828	0,844	0,792	0,784	0,587	0,676	0,519	0,685	0,324	0,865	0,445	0,800	0,375	0,742	0,456	0,763	0,831	0,753	0,835	0,717	0,850	0,746	0,848	0,701	0,790	0,759	0,791	0,736	0,812	0,758	0,792	0,770	0,756	0,796	0,744	0,838	0,729	0,813	0,751	0,684	0,874	0,698	0,871	0,721	0,853	0,715	0,849	0,678	0,826	0,684	0,775	0,092	0,626	0,092	0,689	0,109	0,676	0,092	0,753	0,093	0,701	0,093	0,636	0,092
4:48:04	37,0	0,671	0,864	0,807	0,858	0,670	0,900	0,746	0,839	0,916	0,989	0,889	1,001	0,686	0,777	0,697	0,818	0,739	0,773	0,803	0,807	0,801	0,898	0,766	0,853	0,819	1,164	0,728	0,726	0,846	0,602	0,785	0,969	0,852	0,868	0,821	0,813	0,603	0,695	0,531	0,698	0,336	0,888	0,461	0,818	0,386	0,760	0,475	0,783	0,845	0,763	0,848	0,745	0,873	0,751	0,865	0,712	0,805	0,771	0,810	0,748	0,844	0,776	0,828	0,781	0,786	0,799	0,769	0,845	0,756	0,822	0,777	0,703	0,895	0,709	0,904	0,736	0,877	0,723	0,877	0,691	0,847	0,701	0,802	0,092	0,639	0,093	0,719	0,109	0,699	0,092	0,773	0,093	0,729	0,093	0,661	0,092
4:58:04	37,0	0,686	0,891	0,827	0,874	0,687	0,918	0,771	0,868	0,943	1,012	0,912	1,025	0,715	0,802	0,715	0,857	0,757	0,801	0,833	0,840	0,825	0,922	0,780	0,879	0,849	1,170	0,751	0,749	0,879	0,626	0,821	0,994	0,876	0,893	0,849	0,851	0,622	0,713	0,548	0,716	0,350	0,906	0,479	0,843	0,398	0,780	0,491	0,805	0,864	0,777	0,867	0,769	0,891	0,759	0,881	0,720	0,828	0,786	0,831	0,758	0,878	0,810	0,864	0,810	0,824	0,804	0,803	0,864	0,791	0,829	0,811	0,719	0,922	0,723	0,942	0,751	0,891	0,737	0,918	0,706	0,878	0,722	0,834	0,092	0,657	0,092	0,741	0,109	0,729	0,092	0,792	0,093	0,755	0,093	0,688	0,092
5:08:04	37,0	0,702	0,915	0,848	0,891	0,713	0,933	0,792	0,897	0,970	1,036	0,940	1,052	0,744	0,831	0,735	0,877	0,774	0,825	0,860	0,871	0,858	0,943	0,798	0,912	0,886	1,179	0,776	0,771	0,909	0,654	0,842	1,019	0,902	0,916	0,879	0,892	0,645	0,734	0,565	0,736	0,363	0,929	0,496	0,865	0,410	0,791	0,512	0,826	0,883	0,787	0,882	0,796	0,915	0,767	0,900	0,731	0,851	0,801	0,854	0,777	0,904	0,836	0,890	0,826	0,856	0,810	0,836	0,882	0,818	0,841	0,846	0,734	0,949	0,738	0,976	0,769	0,904	0,752	0,957	0,719	0,909	0,741	0,871	0,092	0,675	0,092	0,765	0,110	0,751	0,092	0,814	0,093	0,783	0,093	0,719	0,092
5:18:04	37,0	0,714	0,935	0,870	0,906	0,732	0,947	0,807	0,918	0,987	1,053	0,960	1,058	0,770	0,856	0,753	0,898	0,791	0,854	0,882	0,895	0,881	0,965	0,819	0,941	0,924	1,196	0,803	0,790	0,936	0,680	0,869	1,046	0,923	0,937	0,902	0,922	0,667	0,753	0,583	0,751	0,376	0,948	0,513	0,882	0,422	0,804	0,535	0,847	0,894	0,793	0,894	0,819	0,929	0,773	0,912	0,739	0,873	0,810	0,872	0,792	0,928	0,863	0,920	0,837	0,886	0,807	0,871	0,893	0,844	0,846	0,875	0,757	0,974	0,750	1,006	0,785	0,925	0,770	0,986	0,736	0,933	0,760	0,907	0,092	0,692	0,092	0,792	0,110	0,768	0,092	0,835	0,092	0,809	0,093	0,750	0,092
5:28:04	37,0	0,728	0,956	0,893	0,924	0,749	0,966	0,826	0,940	1,008	1,071	0,984	1,081	0,793	0,883	0,774	0,929	0,808	0,882	0,906	0,920	0,898	0,986	0,835	0,956	0,950	1,200	0,827	0,800	0,962	0,698	0,896	1,071	0,947	0,957	0,924	0,952	0,691	0,765	0,603	0,766	0,390	0,964	0,533	0,901	0,434	0,816	0,557	0,866	0,910	0,805	0,910	0,843	0,945	0,780	0,929	0,747	0,893	0,823	0,890	0,809	0,957	0,887	0,946	0,846	0,912	0,813	0,898	0,917	0,866	0,858	0,910	0,792	0,999	0,765	1,034	0,804	0,950	0,792	1,008	0,753	0,962	0,781	0,944	0,092	0,714	0,092	0,811	0,110	0,795	0,092	0,857	0,092	0,835	0,093	0,784	0,092
5:38:04	37,0	0,740	0,975	0,904	0,945	0,750	0,983	0,850	0,966	1,025	1,089	1,001	1,093	0,817	0,911	0,790	0,953	0,825	0,913	0,923	0,950	0,919	1,006	0,854	0,981	0,987	1,209	0,851	0,813	0,988	0,721	0,918	1,096	0,972	0,976	0,948	0,977	0,714	0,780	0,624	0,779	0,404	0,982	0,552	0,914	0,447	0,826	0,580	0,877	0,921	0,812	0,922	0,868	0,960	0,786	0,943	0,753	0,912	0,832	0,906	0,824	0,977	0,914	0,969	0,856	0,936	0,817	0,926	0,927	0,889	0,864	0,940	0,816	1,021	0,779	1,061	0,821	0,967	0,813	1,039	0,768	0,993	0,800	0,974	0,092	0,732	0,092	0,836	0,110	0,816	0,092	0,878	0,093	0,863	0,093	0,812	0,092
5:48:04	37,0	0,755	0,994	0,928	0,965	0,777	1,000	0,872	0,992	1,042	1,109	1,016	1,110	0,838	0,942	0,809	0,980	0,842	0,947	0,943	0,977	0,933	1,026	0,871	1,008	1,015	1,219	0,877	0,831	1,013	0,741	0,947	1,119	0,991	0,996	0,966	1,000	0,742	0,792	0,649	0,794	0,418	0,995	0,573	0,935	0,461	0,834	0,605	0,892	0,934	0,824	0,935	0,893	0,984	0,793	0,958	0,760	0,935	0,841	0,922	0,835	0,997	0,934	0,989	0,863	0,956	0,826	0,946	0,945	0,909	0,873	0,968	0,851	1,043	0,797	1,086	0,836	0,988	0,836	1,063	0,787	1,019	0,821	1,003	0,092	0,754	0,092	0,857	0,110	0,837	0,092	0,898	0,093	0,889	0,093	0,839	0,092
5:58:04	37,0	0,766	1,010	0,940	0,992	0,776	1,016	0,895	1,017	1,056	1,127	1,031	1,125	0,856	0,966	0,826	1,002	0,861	0,965	0,959	0,996	0,954	1,049	0,888	1,030	1,037	1,234	0,900	0,844	1,034	0,759	0,968	1,143	1,014	1,017	0,990	1,028	0,766	0,804	0,667	0,803	0,430	1,009	0,592	0,945	0,475	0,837	0,626	0,904	0,947	0,832	0,947	0,915	0,996	0,800	0,971	0,767	0,949	0,850	0,937	0,849	1,014	0,953	1,011	0,869	0,983	0,833	0,968	0,954	0,924	0,878	0,992	0,873	1,064	0,810	1,105	0,854	1,010	0,856	1,086	0,804	1,041	0,843	1,031	0,092	0,777	0,092	0,878	0,110	0,860	0,092	0,918	0,093	0,912	0,093	0,862	0,092
6:08:04	37,0	0,778	1,027	0,955	1,016	0,831	1,029	0,914	1,040	1,068	1,139	1,040	1,135	0,875	0,990	0,845	1,024	0,876	0,992	0,973	1,018	0,966	1,069	0,904	1,053	1,055	1,244	0,921	0,857	1,056	0,780	0,990	1,164	1,028	1,029	1,008	1,046	0,786	0,816	0,688	0,813	0,441	1,020	0,612	0,958	0,487	0,846	0,646	0,917	0,959	0,840	0,959	0,937	1,005	0,807	0,982	0,772	0,962	0,858	0,951	0,858	1,029	0,973	1,030	0,875	1,010	0,842	0,989	0,964	0,939	0,884	1,015	0,900	1,081	0,826	1,126	0,871	1,028	0,876	1,108	0,822	1,060	0,861	1,057	0,092	0,799	0,092	0,893	0,110	0,878	0,092	0,935	0,093	0,932	0,093	0,883	0,092
6:18:04	37,0	0,791	1,044	0,972	1,040	0,861	1,043	0,933	1,065	1,084	1,150	1,054	1,152	0,893	1,015	0,858	1,045	0,892	1,018	0,988	1,040	0,984	1,088	0,920	1,080	1,076	1,251	0,943	0,871	1,072	0,802	1,011	1,182	1,046	1,052	1,029	1,070	0,810	0,827	0,711	0,824	0,451	1,033	0,633	0,966	0,502	0,857	0,664	0,924	0,975	0,848	0,973	0,957	1,028	0,815	0,996	0,778	0,976	0,865	0,962	0,873	1,045	0,990	1,049	0,886	1,030	0,851	1,012	0,977	0,957	0,892	1,036	0,920	1,098	0,845	1,146	0,891	1,042	0,897	1,127	0,839	1,085	0,883	1,080	0,092	0,822	0,092	0,916	0,110	0,898	0,092	0,954	0,093	0,955	0,093	0,907	0,092
6:28:04	37,0	0,804	1,061	0,989	1,063	0,877	1,057	0,953	1,091	1,097	1,165	1,067	1,167	0,908	1,033	0,873	1,066	0,910	1,041	1,004	1,060	0,997	1,106	0,932	1,098	1,096	1,246	0,962	0,888	1,088	0,828	1,032	1,201	1,063	1,073	1,049	1,087	0,834	0,837	0,728	0,831	0,462	1,044	0,649	0,975	0,515	0,863	0,681	0,932	0,987	0,856	0,984	0,977	1,037	0,823	1,007	0,782	0,990	0,872	0,975	0,882	1,056	1,004	1,065	0,892	1,056	0,860	1,034	0,988	0,975	0,897	1,055	0,944	1,113	0,863	1,163	0,910	1,060	0,915	1,145	0,858	1,102	0,902	1,098	0,092	0,845	0,092	0,932	0,110	0,918	0,092	0,970	0,093	0,975	0,093	0,931	0,092
6:38:04	37,0	0,814	1,077	0,999	1,084	0,879	1,071	0,974	1,111	1,110	1,179	1,081	1,179	0,923	1,058	0,890	1,082	0,925	1,062	1,017	1,071	1,011	1,122	0,948	1,118	1,110	1,254	0,980	0,910	1,104	0,838	1,048	1,219	1,078	1,094	1,069	1,106	0,854	0,845	0,746	0,840	0,471	1,052	0,665	0,984	0,528	0,877	0,698	0,935	1,000	0,864	0,995	0,995	1,048	0,830	1,019	0,789	1,001	0,879	0,988	0,892	1,072	1,022	1,082	0,900	1,078	0,872	1,053	0,996	0,990	0,908	1,076	0,967	1,129	0,882	1,182	0,927	1,078	0,932	1,162	0,875	1,119	0,920	1,118	0,092	0,869	0,092	0,951	0,110	0,935	0,092	0,988	0,093	0,997	0,093	0,951	0,092
6:48:04	37,0	0,826	1,091	1,017	1,110	0,898	1,087	0,991	1,131	1,124	1,189	1,099	1,194	0,935	1,075	0,904	1,101	0,937	1,080	1,034	1,095	1,028	1,140	0,962	1,138	1,127	1,245	0,997	0,931	1,121	0,862	1,067	1,235	1,097	1,111	1,086	1,126	0,876	0,850	0,768	0,850	0,480	1,058	0,682	0,991	0,542	0,888	0,712	0,943	1,012	0,873	1,006	1,011	1,067	0,838	1,030	0,797	1,018	0,887	1,001	0,904	1,086	1,032	1,097	0,907	1,101	0,881	1,074	1,005	1,018	0,913	1,095	0,979	1,141	0,900	1,200	0,945	1,095	0,951	1,181	0,893	1,139	0,938	1,141	0,092	0,889	0,092	0,970	0,110	0,957	0,092	1,007	0,093	1,018	0,093	0,972	0,092
6:58:04	36,9	0,839	1,107	1,028	1,125	0,931	1,100	1,006	1,151	1,134	1,198	1,111	1,203	0,949	1,088	0,915	1,116	0,950	1,105	1,044	1,107	1,042	1,154	0,974	1,153	1,142	1,246	1,013	0,947	1,134	0,890	1,084	1,252	1,110	1,117	1,101	1,140	0,896	0,857	0,787	0,852	0,488	1,063	0,699	0,997	0,555	0,892	0,725	0,946	1,022	0,879	1,016	1,026	1,074	0,844	1,039	0,803	1,029	0,893	1,009	0,913	1,099	1,046	1,111	0,911	1,114	0,885	1,092	1,014	1,037	0,917	1,112	0,997	1,154	0,913	1,216	0,961	1,106	0,965	1,197	0,909	1,153	0,954	1,158	0,092	0,911	0,092	0,984	0,110	0,977	0,092	1,025	0,093	1,034	0,093	0,989	0,092
7:08:04	37,0	0,851	1,122	1,045	1,144	0,955	1,113	1,018	1,168	1,140	1,208	1,122	1,212	0,962	1,106	0,926	1,132	0,962	1,118	1,055	1,116	1,054	1,168	0,984	1,160	1,157	1,246	1,026	0,956	1,146	0,901	1,097	1,267	1,121	1,136	1,116	1,157	0,912	0,861	0,802	0,858	0,496	1,068	0,711	1,001	0,571	0,894	0,736	0,945	1,032	0,885	1,025	1,041	1,082	0,849	1,048	0,806	1,040	0,898	1,019	0,920	1,111	1,059	1,124	0,917	1,131	0,888	1,109	1,018	1,054	0,919	1,129	1,008	1,167	0,926	1,231	0,977	1,120	0,985	1,213	0,923	1,167	0,969	1,177	0,092	0,929	0,092	0,997	0,111	0,994	0,092	1,038	0,093	1,047	0,093	1,004	0,092
7:18:04	37,0	0,860	1,137	1,057	1,163	0,959	1,128	1,032	1,187	1,150	1,220	1,135	1,224	0,974	1,118	0,938	1,147	0,974	1,137	1,062	1,130	1,065	1,179	0,994	1,177	1,168	1,249	1,041	0,972	1,156	0,922	1,112	1,281	1,133	1,153	1,127	1,175	0,928	0,864	0,819	0,862	0,504	1,072	0,723	1,006	0,583	0,899	0,747	0,949	1,043	0,892	1,036	1,055	1,093	0,856	1,058	0,813	1,051	0,904	1,029	0,929	1,123	1,073	1,138	0,921	1,149	0,890	1,124	1,019	1,068	0,923	1,144	1,026	1,180	0,940	1,244	0,994	1,133	1,001	1,226	0,940	1,183	0,988	1,190	0,092	0,946	0,092	1,012	0,110	1,008	0,092	1,050	0,093	1,061	0,093	1,020	0,092
7:28:04	37,0	0,872	1,150	1,070	1,183	0,973	1,144	1,052	1,205	1,159	1,236	1,148	1,237	0,986	1,132	0,950	1,160	0,989	1,150	1,073	1,145	1,077	1,193	1,008	1,193	1,179	1,252	1,054	0,983	1,169	0,945	1,124	1,293	1,147	1,174	1,141	1,193	0,942	0,868	0,837	0,865	0,511	1,075	0,737	1,014	0,597	0,902	0,756	0,952	1,055	0,899	1,049	1,072	1,105	0,862	1,071	0,817	1,061	0,911	1,043	0,938	1,134	1,083	1,149	0,928	1,162	0,895	1,138	1,028	1,085	0,928	1,160	1,039	1,191	0,955	1,257	1,006	1,149	1,014	1,237	0,955	1,196	1,004	1,209	0,092	0,961	0,093	1,022	0,111	1,020	0,092	1,063	0,093	1,074	0,093	1,035	0,092
7:38:04	37,0	0,881	1,160	1,080	1,203	0,982	1,160	1,071	1,220	1,168	1,254	1,160	1,248	1,000	1,147	0,961	1,177	1,002	1,169	1,081	1,162	1,083	1,206	1,017	1,202	1,192	1,255	1,067	0,994	1,179	0,965	1,139	1,305	1,160	1,184	1,149	1,209	0,955	0,871	0,855	0,867	0,516	1,075	0,749	1,016	0,608	0,906	0,764	0,952	1,064	0,906	1,059	1,087	1,114	0,869	1,079	0,824	1,071	0,916	1,048	0,950	1,145	1,097	1,159	0,934	1,175	0,899	1,151	1,044	1,096	0,933	1,174	1,052	1,203	0,975	1,268	1,016	1,158	1,028	1,248	0,971	1,210	1,019	1,223	0,092	0,976	0,093	1,036	0,110	1,032	0,092	1,072	0,093	1,087	0,094	1,049	0,092
7:48:04	37,0	0,897	1,172	1,090	1,217	0,975	1,171	1,090	1,233	1,172	1,265	1,166	1,252	1,012	1,160	0,970	1,190	1,012	1,182	1,086	1,167	1,097	1,215	1,026	1,212	1,204	1,245	1,078	1,003	1,188	0,987	1,149	1,316	1,169	1,195	1,163	1,222	0,965	0,874	0,865	0,868	0,523	1,073	0,758	1,020	0,618	0,905	0,772	0,951	1,071	0,909	1,065	1,102	1,119	0,872	1,085	0,828	1,077	0,921	1,060	0,958	1,155	1,104	1,174	0,939	1,187	0,900	1,162	1,040	1,105	0,937	1,186	1,062	1,213	0,982	1,277	1,031	1,167	1,041	1,261	0,980	1,223	1,030	1,234	0,092	0,988	0,093	1,043	0,111	1,044	0,093	1,082	0,093	1,097	0,093	1,061	0,092
7:58:04	37,0	0,905	1,182	1,107	1,233	1,026	1,188	1,105	1,245	1,179	1,280	1,174	1,264	1,022	1,172	0,979	1,202	1,024	1,195	1,094	1,181	1,101	1,227	1,036	1,224	1,214	1,245	1,088	1,015	1,197	1,002	1,160	1,327	1,181	1,210	1,171	1,230	0,974	0,875	0,875	0,869	0,529	1,072	0,767	1,024	0,628	0,907	0,780	0,955	1,077	0,916	1,073	1,115	1,127	0,879	1,092	0,834	1,085	0,928	1,069	0,969	1,166	1,117	1,183	0,944	1,197	0,906	1,171	1,053	1,116	0,944	1,200	1,076	1,223	0,993	1,286	1,038	1,179	1,051	1,270	0,991	1,233	1,041	1,247	0,092	1,000	0,093	1,052	0,111	1,054	0,093	1,089	0,093	1,106	0,094	1,073	0,093
8:08:04	37,0	0,915	1,191	1,115	1,248	1,000	1,203	1,118	1,257	1,186	1,292	1,180	1,268	1,033	1,184	0,987	1,212	1,034	1,206	1,100	1,185	1,107	1,238	1,047	1,230	1,225	1,244	1,098	1,032	1,206	1,017	1,172	1,336	1,188	1,222	1,182	1,239	0,982	0,877	0,885	0,870	0,534	1,071	0,774	1,033	0,635	0,910	0,787	0,953	1,085	0,922	1,081	1,125	1,133	0,883	1,098	0,840	1,093	0,934	1,077	0,978	1,175	1,123	1,192	0,950	1,207	0,910	1,182	1,058	1,123	0,948	1,212	1,085	1,233	0,998	1,295	1,044	1,188	1,058	1,277	1,001	1,243	1,054	1,258	0,092	1,009	0,093	1,056	0,111	1,062	0,092	1,097	0,093	1,115	0,093	1,083	0,092
8:18:04	37,0	0,920	1,200	1,123	1,260	1,045	1,216	1,129	1,267	1,192	1,305	1,188	1,278	1,042	1,199	0,998	1,224	1,045	1,216	1,109	1,200	1,112	1,247	1,058	1,241	1,235	1,244	1,107	1,044	1,214	1,035	1,183	1,345	1,201	1,232	1,192	1,249	0,990	0,877	0,891	0,871	0,540	1,070	0,781	1,040	0,643	0,911	0,793	0,950	1,092	0,928	1,088	1,137	1,141	0,889	1,105	0,845	1,099	0,941	1,081	0,988	1,183	1,136	1,199	0,955	1,219	0,915	1,191	1,065	1,131	0,955	1,222	1,091	1,242	1,008	1,304	1,052	1,198	1,067	1,286	1,012	1,253	1,065	1,265	0,092	1,019	0,093	1,064	0,111	1,073	0,093	1,106	0,093	1,124	0,094	1,093	0,093
8:28:04	37,0	0,932	1,211	1,133	1,274	1,005	1,228	1,139	1,278	1,199	1,312	1,195	1,286	1,050	1,204	1,002	1,232	1,054	1,226	1,109	1,204	1,122	1,256	1,067	1,248	1,246	1,253	1,116	1,050	1,223	1,050	1,193	1,351	1,210	1,242	1,200	1,256	0,997	0,878	0,901	0,872	0,544	1,071	0,789	1,045	0,651	0,911	0,799	0,951	1,096	0,933	1,095	1,146	1,149	0,893	1,110	0,850	1,105	0,948	1,089	0,997	1,192	1,144	1,210	0,960	1,229	0,918	1,202	1,075	1,137	0,960	1,231	1,101	1,249	1,015	1,310	1,060	1,207	1,077	1,298	1,019	1,264	1,075	1,269	0,092	1,029	0,093	1,069	0,111	1,080	0,093	1,114	0,093	1,132	0,093	1,103	0,093
8:38:04	37,0	0,935	1,218	1,145	1,284	1,042	1,244	1,148	1,287	1,204	1,321	1,203	1,294	1,058	1,216	1,008	1,241	1,062	1,238	1,118	1,218	1,123	1,264	1,078	1,258	1,253	1,257	1,125	1,061	1,231	1,060	1,202	1,358	1,222	1,252	1,208	1,265	1,004	0,878	0,907	0,873	0,550	1,071	0,797	1,046	0,657	0,910	0,803	0,951	1,103	0,940	1,102	1,159	1,158	0,899	1,117	0,854	1,115	0,954	1,092	1,009	1,201	1,156	1,217	0,966	1,239	0,923	1,209	1,091	1,145	0,966	1,241	1,111	1,258	1,025	1,317	1,069	1,216	1,086	1,304	1,027	1,272	1,085	1,269	0,092	1,039	0,093	1,079	0,111	1,089	0,093	1,124	0,093	1,141	0,094	1,113	0,092
8:48:04	37,0	0,943	1,228	1,150	1,293	1,068	1,255	1,155	1,295	1,210	1,331	1,208	1,301	1,064	1,225	1,013	1,252	1,068	1,243	1,123	1,226	1,132	1,273	1,085	1,268	1,262	1,260	1,132	1,067	1,238	1,070	1,211	1,363	1,229	1,263	1,217	1,272	1,010	0,879	0,910	0,874	0,553	1,073	0,803	1,049	0,663	0,909	0,809	0,953	1,109	0,946	1,106	1,167	1,165	0,905	1,122	0,859	1,121	0,962	1,098	1,019	1,209	1,162	1,227	0,971	1,250	0,928	1,218	1,095	1,152	0,972	1,251	1,121	1,261	1,032	1,323	1,075	1,224	1,093	1,310	1,036	1,280	1,095	1,270	0,092	1,048	0,093	1,087	0,111	1,097	0,093	1,131	0,093	1,148	0,093	1,122	0,092
8:58:04	37,0	0,955	1,231	1,157	1,298	1,077	1,265	1,160	1,301	1,214	1,334	1,210	1,305	1,070	1,232	1,018	1,256	1,071	1,248	1,124	1,226	1,135	1,277	1,088	1,269	1,273	1,262	1,137	1,070	1,242	1,079	1,215	1,369	1,227	1,268	1,221	1,276	1,016	0,878	0,912	0,873	0,558	1,077	0,806	1,048	0,667	0,904	0,812	0,947	1,110	0,948	1,107	1,175	1,166	0,906	1,124	0,861	1,125	0,968	1,102	1,023	1,214	1,168	1,234	0,973	1,259	0,929	1,226	1,091	1,156	0,973	1,259	1,121	1,268	1,037	1,329	1,082	1,230	1,099	1,315	1,041	1,287	1,101	1,273	0,092	1,055	0,093	1,090	0,111	1,105	0,093	1,135	0,093	1,152	0,094	1,128	0,092
9:08:04	37,0	0,957	1,238	1,161	1,304	1,088	1,272	1,162	1,307	1,218	1,339	1,210	1,307	1,075	1,240	1,021	1,263	1,075	1,254	1,126	1,231	1,131	1,282	1,089	1,275	1,280	1,254	1,143	1,079	1,249	1,088	1,220	1,374	1,233	1,272	1,227	1,280	1,019	0,878	0,915	0,873	0,561	1,080	0,812	1,049	0,671	0,901	0,816	0,945	1,113	0,952	1,110	1,180	1,174	0,907	1,127	0,863	1,125	0,970	1,102	1,024	1,218	1,176	1,240	0,972	1,266	0,928	1,232	1,097	1,159	0,973	1,266	1,131	1,274	1,042	1,334	1,087	1,236	1,105	1,318	1,050	1,291	1,107	1,279	0,092	1,061	0,093	1,094	0,111	1,110	0,093	1,138	0,093	1,156	0,094	1,134	0,092
9:18:04	37,0	0,962	1,245	1,167	1,312	1,099	1,280	1,163	1,313	1,219	1,345	1,212	1,311	1,081	1,246	1,022	1,268	1,080	1,260	1,128	1,241	1,133	1,288	1,091	1,283	1,289	1,252	1,148	1,074	1,254	1,104	1,226	1,377	1,237	1,279	1,228	1,285	1,024	0,877	0,923	0,871	0,567	1,079	0,815	1,050	0,674	0,896	0,821	0,946	1,117	0,956	1,116	1,186	1,179	0,909	1,131	0,863	1,131	0,972	1,105	1,028	1,224	1,183	1,247	0,975	1,273	0,931	1,240	1,104	1,164	0,976	1,271	1,135	1,281	1,049	1,339	1,094	1,242	1,111	1,325	1,057	1,297	1,114	1,286	0,092	1,069	0,093	1,097	0,111	1,117	0,093	1,142	0,093	1,161	0,093	1,141	0,092
9:28:04	37,0	0,967	1,251	1,171	1,318	1,106	1,290	1,165	1,320	1,223	1,351	1,216	1,315	1,083	1,254	1,027	1,272	1,086	1,264	1,132	1,246	1,138	1,295	1,095	1,277	1,291	1,252	1,154	1,083	1,261	1,117	1,232	1,381	1,243	1,285	1,236	1,289	1,030	0,877	0,925	0,870	0,570	1,078	0,821	1,051	0,677	0,894	0,823	0,947	1,123	0,959	1,121	1,193	1,189	0,912	1,135	0,866	1,135	0,977	1,108	1,032	1,231	1,190	1,252	0,982	1,280	0,933	1,244	1,114	1,168	0,980	1,277	1,141	1,286	1,056	1,343	1,099	1,247	1,115	1,328	1,063	1,304	1,121	1,293	0,092	1,075	0,093	1,105	0,111	1,122	0,093	1,147	0,093	1,165	0,094	1,145	0,093
9:38:04	36,9	0,972	1,255	1,175	1,324	1,113	1,296	1,166	1,326	1,228	1,356	1,218	1,319	1,087	1,260	1,028	1,280	1,089	1,268	1,135	1,252	1,143	1,300	1,096	1,289	1,296	1,247	1,156	1,094	1,268	1,126	1,236	1,383	1,247	1,294	1,239	1,292	1,034	0,877	0,924	0,869	0,573	1,076	0,825	1,055	0,681	0,891	0,828	0,948	1,127	0,963	1,123	1,200	1,195	0,915	1,138	0,868	1,136	0,977	1,109	1,036	1,235	1,195	1,256	0,984	1,285	0,935	1,248	1,121	1,171	0,981	1,282	1,145	1,291	1,061	1,345	1,104	1,253	1,122	1,337	1,072	1,308	1,128	1,297	0,093	1,081	0,093	1,108	0,111	1,126	0,093	1,152	0,093	1,168	0,094	1,151	0,093
9:48:04	37,0	0,976	1,260	1,178	1,329	1,118	1,302	1,169	1,331	1,231	1,359	1,221	1,322	1,091	1,265	1,030	1,284	1,093	1,274	1,137	1,257	1,144	1,303	1,098	1,291	1,302	1,245	1,159	1,098	1,271	1,139	1,240	1,386	1,251	1,300	1,243	1,294	1,037	0,875	0,928	0,869	0,577	1,074	0,828	1,055	0,684	0,890	0,831	0,947	1,132	0,965	1,129	1,202	1,201	0,917	1,142	0,868	1,143	0,982	1,115	1,038	1,242	1,201	1,260	0,986	1,290	0,936	1,255	1,128	1,176	0,984	1,289	1,150	1,294	1,068	1,350	1,108	1,259	1,128	1,340	1,076	1,311	1,135	1,304	0,092	1,086	0,093	1,115	0,111	1,126	0,093	1,161	0,094	1,174	0,094	1,154	0,092
9:58:04	37,0	0,982	1,266	1,184	1,333	1,123	1,307	1,171	1,336	1,233	1,364	1,225	1,326	1,095	1,271	1,031	1,286	1,097	1,278	1,139	1,263	1,145	1,307	1,103	1,296	1,308	1,242	1,163	1,108	1,276	1,150	1,245	1,388	1,258	1,304	1,249	1,297	1,042	0,875	0,931	0,868	0,580	1,073	0,831	1,057	0,686	0,889	0,835	0,946	1,137	0,971	1,134	1,204	1,204	0,920	1,145	0,871	1,148	0,987	1,118	1,041	1,246	1,208	1,264	0,990	1,296	0,939	1,261	1,132	1,179	0,988	1,294	1,156	1,300	1,073	1,354	1,113	1,265	1,133	1,344	1,081	1,316	1,141	1,309	0,092	1,092	0,093	1,119	0,111	1,133	0,093	1,166	0,093	1,179	0,094	1,159	0,092
10:08:04	37,0	0,987	1,270	1,190	1,339	1,127	1,316	1,175	1,342	1,237	1,370	1,229	1,331	1,099	1,276	1,035	1,291	1,103	1,279	1,141	1,266	1,151	1,309	1,110	1,304	1,313	1,240	1,168	1,112	1,280	1,156	1,249	1,389	1,263	1,310	1,253	1,298	1,045	0,876	0,933	0,868	0,583	1,072	0,836	1,059	0,690	0,889	0,837	0,949	1,143	0,978	1,141	1,205	1,208	0,926	1,151	0,874	1,155	0,995	1,125	1,046	1,257	1,214	1,271	0,996	1,304	0,944	1,267	1,137	1,183	0,994	1,303	1,166	1,302	1,079	1,357	1,121	1,271	1,143	1,345	1,088	1,321	1,151	1,314	0,092	1,098	0,093	1,123	0,111	1,143	0,093	1,173	0,093	1,186	0,094	1,167	0,092
10:18:04	36,9	0,993	1,275	1,193	1,341	1,131	1,318	1,179	1,344	1,239	1,370	1,230	1,330	1,099	1,280	1,037	1,296	1,103	1,284	1,144	1,270	1,148	1,316	1,111	1,304	1,316	1,237	1,170	1,115	1,288	1,164	1,251	1,394	1,265	1,314	1,256	1,296	1,048	0,876	0,934	0,867	0,587	1,071	0,839	1,054	0,693	0,886	0,841	0,946	1,145	0,982	1,142	1,209	1,214	0,928	1,152	0,876	1,156	0,997	1,123	1,048	1,260	1,219	1,272	1,000	1,307	0,946	1,270	1,141	1,185	0,995	1,307	1,166	1,306	1,082	1,362	1,126	1,276	1,148	1,351	1,090	1,325	1,156	1,319	0,092	1,101	0,093	1,130	0,111	1,145	0,093	1,176	0,093	1,188	0,094	1,169	0,093
10:28:04	37,0	0,995	1,278	1,197	1,345	1,137	1,325	1,183	1,347	1,242	1,374	1,234	1,336	1,104	1,286	1,038	1,299	1,108	1,291	1,148	1,276	1,153	1,319	1,112	1,308	1,322	1,253	1,174	1,122	1,291	1,170	1,255	1,398	1,271	1,310	1,264	1,297	1,052	0,876	0,937	0,867	0,589	1,068	0,841	1,054	0,695	0,887	0,844	0,946	1,151	0,987	1,148	1,209	1,218	0,931	1,157	0,879	1,161	1,002	1,129	1,050	1,263	1,225	1,276	1,002	1,313	0,948	1,276	1,147	1,189	1,001	1,313	1,176	1,309	1,089	1,363	1,131	1,280	1,153	1,354	1,096	1,330	1,162	1,324	0,093	1,106	0,093	1,133	0,111	1,149	0,093	1,181	0,093	1,193	0,094	1,174	0,093
10:38:04	37,0	1,000	1,283	1,200	1,350	1,142	1,330	1,185	1,351	1,243	1,377	1,236	1,337	1,108	1,289	1,040	1,304	1,111	1,293	1,147	1,279	1,154	1,319	1,117	1,313	1,325	1,248	1,177	1,126	1,296	1,174	1,259	1,401	1,274	1,312	1,261	1,295	1,052	0,874	0,939	0,867	0,591	1,068	0,845	1,051	0,697	0,887	0,845	0,945	1,156	0,993	1,151	1,215	1,221	0,935	1,160	0,883	1,167	1,008	1,130	1,052	1,272	1,230	1,281	1,007	1,317	0,954	1,281	1,152	1,190	1,007	1,318	1,179	1,313	1,094	1,366	1,136	1,284	1,160	1,356	1,101	1,334	1,170	1,329	0,093	1,111	0,093	1,136	0,111	1,157	0,093	1,186	0,094	1,198	0,094	1,179	0,093
10:48:04	37,0	1,003	1,288	1,203	1,352	1,148	1,331	1,188	1,354	1,246	1,380	1,238	1,338	1,107	1,293	1,041	1,308	1,112	1,292	1,149	1,280	1,155	1,325	1,118	1,310	1,330	1,250	1,179	1,125	1,301	1,177	1,261	1,403	1,276	1,313	1,267	1,296	1,057	0,874	0,940	0,866	0,594	1,067	0,846	1,050	0,700	0,885	0,849	0,943	1,158	0,994	1,153	1,214	1,226	0,939	1,163	0,885	1,169	1,010	1,134	1,052	1,274	1,236	1,283	1,009	1,321	0,957	1,282	1,156	1,193	1,009	1,323	1,183	1,314	1,097	1,370	1,139	1,288	1,165	1,360	1,106	1,335	1,175	1,333	0,093	1,114	0,093	1,144	0,111	1,157	0,093	1,190	0,094	1,200	0,094	1,181	0,093
10:58:04	37,0	1,007	1,292	1,207	1,355	1,150	1,336	1,192	1,357	1,248	1,382	1,240	1,341	1,111	1,298	1,044	1,311	1,117	1,298	1,150	1,282	1,159	1,326	1,121	1,314	1,333	1,256	1,181	1,125	1,306	1,180	1,264	1,406	1,281	1,313	1,269	1,295	1,058	0,873	0,941	0,865	0,597	1,065	0,849	1,050	0,702	0,885	0,851	0,946	1,163	1,000	1,158	1,217	1,229	0,945	1,166	0,888	1,174	1,013	1,139	1,054	1,277	1,242	1,285	1,013	1,324	0,960	1,287	1,162	1,196	1,013	1,327	1,186	1,317	1,103	1,373	1,145	1,294	1,169	1,362	1,111	1,341	1,181	1,337	0,093	1,118	0,093	1,149	0,111	1,167	0,093	1,194	0,094	1,206	0,094	1,186	0,093
11:08:04	37,0	1,011	1,295	1,208	1,357	1,153	1,341	1,194	1,359	1,250	1,383	1,241	1,341	1,113	1,300	1,042	1,314	1,117	1,302	1,152	1,284	1,160	1,329	1,120	1,319	1,335	1,255	1,183	1,125	1,310	1,183	1,266	1,406	1,283	1,313	1,273	1,295	1,061	0,870	0,943	0,863	0,599	1,064	0,852	1,051	0,704	0,883	0,853	0,942	1,165	1,002	1,160	1,217	1,234	0,948	1,167	0,890	1,176	1,015	1,139	1,053	1,282	1,246	1,287	1,015	1,328	0,962	1,290	1,165	1,198	1,015	1,330	1,190	1,319	1,107	1,376	1,149	1,296	1,175	1,363	1,115	1,343	1,187	1,340	0,093	1,122	0,094	1,155	0,111	1,170	0,093	1,198	0,094	1,208	0,094	1,188	0,093
11:18:04	37,0	1,015	1,298	1,215	1,361	1,158	1,344	1,197	1,363	1,253	1,385	1,243	1,343	1,112	1,302	1,044	1,317	1,121	1,303	1,153	1,289	1,163	1,335	1,125	1,319	1,336	1,251	1,186	1,127	1,314	1,186	1,268	1,406	1,286	1,312	1,275	1,291	1,063	0,869	0,944	0,862	0,601	1,065	0,854	1,046	0,705	0,884	0,855	0,943	1,170	1,005	1,165	1,220	1,234	0,953	1,171	0,894	1,179	1,013	1,141	1,052	1,289	1,250	1,290	1,018	1,332	0,965	1,292	1,167	1,198	1,019	1,335	1,193	1,323	1,112	1,378	1,154	1,300	1,181	1,366	1,119	1,348	1,192	1,344	0,093	1,125	0,093	1,161	0,111	1,174	0,093	1,204	0,093	1,210	0,094	1,191	0,093
11:28:04	37,0	1,017	1,301	1,220	1,363	1,160	1,348	1,200	1,364	1,258	1,388	1,247	1,346	1,115	1,308	1,048	1,322	1,126	1,306	1,157	1,294	1,169	1,339	1,131	1,320	1,341	1,247	1,188	1,128	1,320	1,190	1,272	1,405	1,292	1,310	1,275	1,290	1,065	0,870	0,945	0,862	0,603	1,064	0,857	1,047	0,707	0,884	0,858	0,942	1,175	1,012	1,170	1,222	1,242	0,959	1,175	0,899	1,186	1,014	1,146	1,057	1,293	1,254	1,293	1,026	1,335	0,973	1,298	1,175	1,202	1,024	1,340	1,204	1,325	1,118	1,379	1,161	1,304	1,190	1,374	1,125	1,349	1,201	1,348	0,093	1,130	0,093	1,163	0,111	1,177	0,093	1,212	0,094	1,216	0,094	1,196	0,093
11:38:04	37,0	1,018	1,304	1,221	1,365	1,163	1,351	1,202	1,368	1,258	1,391	1,249	1,348	1,119	1,310	1,052	1,326	1,127	1,310	1,159	1,290	1,168	1,340	1,133	1,327	1,345	1,245	1,190	1,133	1,322	1,191	1,274	1,403	1,294	1,311	1,280	1,286	1,065	0,869	0,946	0,861	0,605	1,065	0,859	1,047	0,708	0,887	0,859	0,944	1,178	1,014	1,172	1,223	1,241	0,964	1,177	0,902	1,190	1,018	1,147	1,059	1,296	1,259	1,294	1,028	1,339	0,976	1,302	1,178	1,203	1,028	1,345	1,207	1,326	1,123	1,382	1,167	1,305	1,194	1,374	1,129	1,353	1,204	1,352	0,093	1,134	0,093	1,168	0,111	1,181	0,093	1,216	0,094	1,221	0,094	1,200	0,093
11:48:04	37,0	1,021	1,305	1,222	1,365	1,164	1,353	1,204	1,369	1,263	1,395	1,251	1,350	1,119	1,314	1,054	1,326	1,130	1,312	1,158	1,294	1,171	1,345	1,135	1,325	1,347	1,240	1,192	1,132	1,326	1,192	1,275	1,401	1,297	1,311	1,281	1,283	1,067	0,869	0,946	0,860	0,607	1,065	0,861	1,047	0,711	0,888	0,861	0,940	1,181	1,015	1,177	1,224	1,242	0,969	1,179	0,909	1,193	1,019	1,152	1,058	1,300	1,264	1,295	1,029	1,341	0,977	1,305	1,179	1,204	1,031	1,348	1,209	1,328	1,127	1,382	1,172	1,309	1,200	1,376	1,134	1,357	1,209	1,354	0,093	1,137	0,093	1,173	0,111	1,185	0,093	1,220	0,094	1,224	0,094	1,201	0,093
11:58:04	37,0	1,025	1,310	1,226	1,369	1,165	1,355	1,206	1,371	1,264	1,396	1,252	1,350	1,120	1,316	1,052	1,330	1,132	1,313	1,158	1,298	1,173	1,347	1,138	1,326	1,347	1,237	1,192	1,131	1,331	1,192	1,277	1,398	1,303	1,306	1,282	1,282	1,070	0,868	0,947	0,857	0,609	1,065	0,863	1,047	0,711	0,888	0,862	0,940	1,183	1,016	1,177	1,227	1,244	0,971	1,180	0,912	1,196	1,018	1,154	1,059	1,302	1,268	1,295	1,032	1,343	0,982	1,307	1,185	1,207	1,034	1,352	1,216	1,327	1,132	1,384	1,175	1,313	1,204	1,379	1,138	1,359	1,214	1,355	0,093	1,139	0,094	1,179	0,111	1,190	0,094	1,224	0,094	1,229	0,095	1,203	0,093
12:08:04	37,0	1,026	1,311	1,228	1,371	1,167	1,358	1,207	1,373	1,266	1,397	1,254	1,353	1,123	1,319	1,055	1,334	1,134	1,313	1,161	1,302	1,175	1,349	1,141	1,326	1,351	1,233	1,193	1,129	1,336	1,191	1,278	1,396	1,305	1,304	1,286	1,277	1,072	0,866	0,947	0,857	0,611	1,064	0,866	1,050	0,712	0,886	0,863	0,942	1,186	1,018	1,180	1,228	1,248	0,975	1,183	0,919	1,200	1,020	1,157	1,062	1,307	1,272	1,296	1,035	1,346	0,981	1,309	1,189	1,208	1,036	1,356	1,217	1,330	1,137	1,384	1,177	1,314	1,209	1,382	1,143	1,362	1,219	1,358	0,093	1,145	0,094	1,185	0,111	1,194	0,093	1,231	0,094	1,232	0,095	1,205	0,093
12:18:04	37,0	1,027	1,315	1,230	1,373	1,168	1,361	1,208	1,374	1,266	1,399	1,252	1,353	1,126	1,323	1,057	1,335	1,133	1,314	1,162	1,302	1,177	1,351	1,142	1,334	1,352	1,228	1,194	1,132	1,341	1,192	1,280	1,393	1,305	1,299	1,286	1,277	1,074	0,866	0,947	0,855	0,613	1,064	0,867	1,048	0,713	0,885	0,865	0,940	1,190	1,020	1,183	1,227	1,251	0,975	1,184	0,924	1,202	1,021	1,158	1,062	1,308	1,275	1,295	1,033	1,349	0,986	1,311	1,193	1,208	1,038	1,359	1,216	1,332	1,140	1,386	1,181	1,316	1,213	1,380	1,147	1,363	1,223	1,361	0,093	1,147	0,094	1,190	0,110	1,198	0,093	1,233	0,094	1,237	0,094	1,207	0,093
12:28:04	37,0	1,029	1,315	1,230	1,371	1,168	1,361	1,208	1,375	1,263	1,400	1,253	1,354	1,124	1,323	1,060	1,336	1,135	1,317	1,161	1,302	1,176	1,351	1,144	1,330	1,351	1,225	1,194	1,133	1,340	1,191	1,279	1,390	1,306	1,297	1,287	1,275	1,074	0,864	0,945	0,854	0,614	1,064	0,868	1,046	0,714	0,884	0,866	0,940	1,191	1,021	1,184	1,225	1,250	0,978	1,185	0,930	1,205	1,024	1,160	1,060	1,310	1,279	1,294	1,036	1,349	0,985	1,314	1,194	1,208	1,042	1,360	1,221	1,330	1,143	1,386	1,184	1,320	1,217	1,381	1,152	1,362	1,224	1,361	0,093	1,149	0,093	1,193	0,111	1,202	0,093	1,235	0,094	1,238	0,095	1,208	0,093
12:38:04	37,0	1,031	1,317	1,226	1,372	1,167	1,363	1,206	1,375	1,262	1,397	1,248	1,349	1,125	1,324	1,054	1,335	1,131	1,313	1,156	1,299	1,168	1,355	1,139	1,328	1,350	1,220	1,192	1,130	1,345	1,189	1,274	1,387	1,301	1,292	1,288	1,274	1,073	0,860	0,944	0,850	0,616	1,064	0,869	1,039	0,714	0,879	0,870	0,933	1,190	1,015	1,181	1,222	1,252	0,972	1,184	0,926	1,200	1,020	1,159	1,050	1,308	1,282	1,291	1,032	1,349	0,981	1,311	1,192	1,206	1,038	1,359	1,212	1,328	1,143	1,385	1,186	1,324	1,214	1,382	1,152	1,361	1,224	1,359	0,093	1,150	0,094	1,196	0,110	1,203	0,093	1,231	0,094	1,235	0,094	1,204	0,093
12:48:04	37,0	1,032	1,318	1,229	1,373	1,168	1,364	1,207	1,375	1,261	1,401	1,249	1,347	1,125	1,325	1,056	1,335	1,131	1,316	1,158	1,300	1,173	1,351	1,137	1,332	1,351	1,217	1,192	1,128	1,345	1,187	1,274	1,384	1,304	1,288	1,288	1,271	1,073	0,857	0,945	0,845	0,617	1,061	0,869	1,038	0,713	0,876	0,868	0,931	1,192	1,016	1,184	1,221	1,255	0,971	1,184	0,926	1,203	1,021	1,162	1,048	1,309	1,284	1,290	1,033	1,350	0,979	1,309	1,196	1,204	1,039	1,359	1,217	1,327	1,149	1,385	1,189	1,325	1,217	1,379	1,156	1,362	1,229	1,360	0,093	1,153	0,093	1,197	0,110	1,209	0,093	1,233	0,094	1,235	0,094	1,205	0,093
12:58:04	37,0	1,031	1,321	1,231	1,376	1,168	1,366	1,208	1,376	1,263	1,402	1,249	1,348	1,125	1,325	1,057	1,336	1,133	1,316	1,157	1,304	1,172	1,355	1,140	1,333	1,351	1,213	1,194	1,125	1,348	1,186	1,276	1,382	1,306	1,285	1,285	1,266	1,072	0,857	0,945	0,844	0,617	1,060	0,873	1,039	0,714	0,876	0,868	0,931	1,194	1,016	1,186	1,221	1,255	0,973	1,186	0,928	1,206	1,016	1,162	1,046	1,312	1,286	1,290	1,036	1,352	0,982	1,310	1,197	1,204	1,042	1,360	1,220	1,328	1,153	1,383	1,193	1,325	1,223	1,380	1,161	1,363	1,234	1,359	0,093	1,156	0,094	1,200	0,110	1,215	0,093	1,236	0,094	1,239	0,095	1,205	0,093
13:08:04	37,0	1,033	1,317	1,230	1,377	1,167	1,368	1,209	1,375	1,263	1,401	1,249	1,349	1,126	1,325	1,059	1,337	1,133	1,317	1,159	1,304	1,177	1,357	1,141	1,331	1,354	1,210	1,195	1,120	1,352	1,184	1,278	1,380	1,308	1,280	1,289	1,261	1,073	0,857	0,944	0,842	0,618	1,060	0,873	1,040	0,715	0,877	0,868	0,931	1,197	1,017	1,188	1,222	1,254	0,974	1,187	0,932	1,209	1,016	1,166	1,047	1,315	1,289	1,290	1,038	1,351	0,985	1,312	1,199	1,207	1,046	1,363	1,222	1,330	1,156	1,384	1,194	1,327	1,226	1,381	1,164	1,363	1,237	1,361	0,093	1,158	0,094	1,207	0,110	1,215	0,093	1,238	0,094	1,241	0,095	1,207	0,093
13:18:04	37,0	1,033	1,323	1,229	1,377	1,165	1,369	1,207	1,376	1,260	1,397	1,247	1,346	1,121	1,328	1,058	1,336	1,131	1,313	1,155	1,308	1,171	1,350	1,137	1,333	1,352	1,207	1,194	1,117	1,352	1,182	1,273	1,378	1,304	1,278	1,288	1,257	1,072	0,854	0,943	0,839	0,619	1,057	0,873	1,033	0,715	0,872	0,869	0,928	1,196	1,014	1,186	1,217	1,255	0,969	1,186	0,932	1,207	1,016	1,162	1,039	1,312	1,291	1,286	1,035	1,351	0,983	1,308	1,198	1,202	1,042	1,359	1,216	1,326	1,158	1,383	1,198	1,324	1,227	1,381	1,165	1,365	1,237	1,358	0,093	1,161	0,093	1,208	0,110	1,220	0,093	1,235	0,094	1,238	0,094	1,204	0,093
13:28:04	37,0	1,032	1,322	1,230	1,376	1,165	1,370	1,210	1,375	1,263	1,401	1,248	1,349	1,125	1,329	1,058	1,337	1,133	1,315	1,162	1,307	1,169	1,354	1,139	1,335	1,354	1,205	1,194	1,113	1,356	1,181	1,275	1,376	1,309	1,274	1,286	1,256	1,071	0,854	0,943	0,837	0,620	1,056	0,876	1,034	0,716	0,874	0,869	0,928	1,198	1,017	1,190	1,217	1,259	0,971	1,189	0,929	1,211	1,013	1,167	1,039	1,315	1,293	1,284	1,040	1,351	0,988	1,311	1,206	1,202	1,047	1,363	1,225	1,327	1,164	1,382	1,203	1,329	1,232	1,380	1,171	1,364	1,243	1,360	0,093	1,163	0,094	1,211	0,110	1,221	0,094	1,240	0,094	1,244	0,095	1,207	0,093
13:38:04	37,0	1,033	1,323	1,232	1,379	1,165	1,373	1,211	1,376	1,263	1,402	1,248	1,351	1,125	1,330	1,058	1,337	1,136	1,315	1,163	1,307	1,176	1,355	1,142	1,333	1,356	1,203	1,194	1,111	1,356	1,181	1,276	1,375	1,312	1,270	1,289	1,255	1,070	0,856	0,943	0,836	0,621	1,056	0,875	1,034	0,717	0,876	0,869	0,927	1,202	1,017	1,191	1,218	1,262	0,972	1,189	0,933	1,214	1,013	1,168	1,039	1,316	1,295	1,285	1,042	1,352	0,991	1,311	1,210	1,204	1,051	1,365	1,229	1,325	1,167	1,382	1,207	1,329	1,237	1,380	1,173	1,365	1,246	1,360	0,093	1,166	0,094	1,217	0,110	1,222	0,094	1,244	0,094	1,247	0,095	1,208	0,093
13:48:04	37,0	1,033	1,322	1,230	1,379	1,163	1,374	1,212	1,376	1,263	1,401	1,249	1,350	1,123	1,332	1,058	1,339	1,134	1,317	1,159	1,308	1,173	1,359	1,143	1,330	1,353	1,199	1,193	1,109	1,357	1,177	1,273	1,374	1,306	1,266	1,290	1,253	1,070	0,855	0,942	0,835	0,621	1,055	0,877	1,032	0,717	0,871	0,868	0,925	1,200	1,014	1,191	1,218	1,258	0,971	1,188	0,934	1,214	1,012	1,169	1,033	1,317	1,296	1,282	1,041	1,349	0,990	1,308	1,205	1,205	1,051	1,364	1,229	1,324	1,168	1,380	1,209	1,331	1,238	1,380	1,176	1,366	1,248	1,359	0,093	1,167	0,094	1,218	0,110	1,224	0,094	1,242	0,094	1,246	0,095	1,207	0,093
13:58:04	37,0	1,034	1,321	1,228	1,377	1,161	1,373	1,211	1,377	1,262	1,401	1,247	1,348	1,122	1,333	1,057	1,338	1,134	1,320	1,156	1,305	1,174	1,358	1,141	1,335	1,354	1,196	1,192	1,107	1,355	1,176	1,271	1,371	1,306	1,264	1,289	1,252	1,069	0,853	0,941	0,833	0,621	1,054	0,877	1,030	0,717	0,869	0,868	0,921	1,199	1,013	1,191	1,214	1,258	0,968	1,188	0,929	1,213	1,010	1,169	1,028	1,315	1,297	1,280	1,042	1,348	0,989	1,308	1,207	1,203	1,052	1,364	1,224	1,321	1,170	1,379	1,211	1,329	1,239	1,375	1,178	1,363	1,248	1,359	0,093	1,167	0,094	1,218	0,110	1,227	0,094	1,242	0,094	1,246	0,095	1,206	0,093
14:08:04	37,0	1,034	1,323	1,226	1,374	1,159	1,372	1,209	1,375	1,259	1,398	1,245	1,345	1,120	1,332	1,056	1,335	1,132	1,319	1,156	1,305	1,170	1,357	1,135	1,328	1,352	1,193	1,192	1,104	1,355	1,170	1,267	1,370	1,303	1,260	1,288	1,248	1,068	0,851	0,939	0,830	0,621	1,051	0,877	1,026	0,717	0,867	0,868	0,917	1,198	1,010	1,191	1,211	1,259	0,965	1,187	0,930	1,212	1,006	1,166	1,021	1,314	1,298	1,277	1,041	1,345	0,987	1,305	1,206	1,200	1,050	1,363	1,221	1,318	1,172	1,378	1,213	1,328	1,240	1,375	1,180	1,363	1,250	1,357	0,093	1,167	0,094	1,220	0,110	1,228	0,094	1,241	0,094	1,244	0,095	1,204	0,093
14:18:04	37,0	1,033	1,323	1,225	1,375	1,159	1,370	1,207	1,373	1,256	1,395	1,241	1,344	1,119	1,329	1,053	1,336	1,128	1,316	1,153	1,300	1,167	1,353	1,131	1,327	1,354	1,192	1,187	1,101	1,352	1,168	1,262	1,368	1,298	1,256	1,288	1,249	1,066	0,847	0,937	0,826	0,621	1,048	0,875	1,017	0,716	0,862	0,867	0,913	1,198	1,006	1,187	1,207	1,261	0,959	1,185	0,924	1,209	1,002	1,166	1,012	1,311	1,297	1,273	1,038	1,344	0,984	1,301	1,203	1,196	1,049	1,359	1,213	1,315	1,173	1,375	1,214	1,326	1,237	1,372	1,179	1,358	1,250	1,356	0,093	1,166	0,094	1,223	0,110	1,222	0,093	1,240	0,094	1,241	0,095	1,200	0,093
14:28:04	37,0	1,032	1,321	1,224	1,376	1,158	1,370	1,207	1,371	1,255	1,394	1,240	1,342	1,121	1,330	1,051	1,335	1,128	1,314	1,153	1,302	1,164	1,350	1,131	1,325	1,354	1,189	1,186	1,098	1,352	1,166	1,259	1,366	1,298	1,253	1,286	1,247	1,064	0,845	0,936	0,823	0,621	1,046	0,876	1,014	0,717	0,861	0,866	0,911	1,197	1,004	1,186	1,204	1,261	0,956	1,183	0,921	1,209	0,998	1,164	1,008	1,310	1,297	1,270	1,039	1,342	0,982	1,298	1,207	1,196	1,050	1,357	1,212	1,313	1,178	1,372	1,213	1,325	1,238	1,370	1,181	1,355	1,252	1,355	0,093	1,166	0,094	1,222	0,110	1,225	0,094	1,238	0,094	1,240	0,095	1,198	0,093
14:38:04	37,0	1,033	1,321	1,222	1,375	1,156	1,371	1,205	1,370	1,251	1,394	1,236	1,342	1,120	1,328	1,051	1,333	1,125	1,310	1,153	1,301	1,167	1,350	1,129	1,324	1,353	1,188	1,185	1,095	1,351	1,166	1,258	1,366	1,295	1,252	1,288	1,243	1,062	0,844	0,935	0,822	0,621	1,045	0,876	1,013	0,717	0,859	0,865	0,909	1,203	0,999	1,187	1,202	1,261	0,955	1,182	0,920	1,208	0,996	1,165	1,004	1,310	1,297	1,268	1,039	1,340	0,980	1,297	1,207	1,194	1,051	1,356	1,213	1,311	1,180	1,371	1,213	1,327	1,241	1,369	1,183	1,355	1,253	1,354	0,093	1,167	0,094	1,223	0,110	1,225	0,094	1,238	0,094	1,240	0,094	1,198	0,093
14:48:04	37,0	1,034	1,319	1,221	1,376	1,155	1,371	1,205	1,371	1,250	1,393	1,236	1,342	1,119	1,328	1,054	1,332	1,128	1,309	1,151	1,302	1,165	1,355	1,127	1,325	1,349	1,186	1,185	1,094	1,350	1,166	1,256	1,365	1,295	1,249	1,286	1,243	1,060	0,844	0,933	0,821	0,621	1,044	0,875	1,011	0,718	0,859	0,864	0,905	1,204	0,997	1,186	1,201	1,261	0,953	1,183	0,923	1,210	0,997	1,166	1,000	1,307	1,298	1,266	1,040	1,339	0,984	1,296	1,208	1,195	1,054	1,354	1,213	1,309	1,183	1,370	1,216	1,327	1,243	1,368	1,185	1,356	1,256	1,352	0,093	1,167	0,094	1,225	0,110	1,225	0,094	1,237	0,094	1,239	0,095	1,199	0,093
14:58:04	37,0	1,035	1,319	1,222	1,375	1,154	1,373	1,205	1,372	1,251	1,395	1,237	1,343	1,116	1,327	1,057	1,330	1,128	1,313	1,154	1,302	1,167	1,352	1,130	1,325	1,348	1,185	1,183	1,094	1,350	1,164	1,255	1,364	1,298	1,245	1,285	1,238	1,059	0,843	0,933	0,821	0,621	1,042	0,875	1,010	0,719	0,859	0,864	0,905	1,204	0,998	1,188	1,199	1,259	0,951	1,182	0,921	1,212	0,993	1,167	0,999	1,307	1,298	1,264	1,042	1,338	0,986	1,295	1,209	1,195	1,056	1,356	1,221	1,308	1,187	1,369	1,220	1,327	1,244	1,364	1,187	1,355	1,259	1,351	0,093	1,168	0,094	1,229	0,109	1,231	0,093	1,239	0,094	1,243	0,095	1,202	0,093
15:08:04	37,0	1,033	1,319	1,221	1,376	1,152	1,373	1,205	1,369	1,251	1,393	1,237	1,341	1,116	1,327	1,053	1,332	1,127	1,310	1,152	1,300	1,165	1,349	1,130	1,324	1,348	1,184	1,182	1,092	1,346	1,162	1,254	1,364	1,297	1,243	1,285	1,235	1,059	0,841	0,931	0,820	0,620	1,040	0,874	1,006	0,719	0,857	0,862	0,902	1,204	0,995	1,186	1,197	1,259	0,950	1,181	0,918	1,212	0,989	1,165	0,992	1,308	1,296	1,262	1,043	1,335	0,986	1,292	1,207	1,193	1,056	1,355	1,219	1,306	1,187	1,366	1,220	1,322	1,245	1,366	1,187	1,353	1,259	1,350	0,093	1,168	0,094	1,228	0,109	1,230	0,094	1,238	0,094	1,241	0,095	1,200	0,093
15:18:04	37,0	1,033	1,317	1,220	1,374	1,152	1,372	1,205	1,367	1,249	1,393	1,236	1,341	1,115	1,326	1,054	1,332	1,129	1,312	1,151	1,302	1,172	1,352	1,129	1,325	1,346	1,183	1,179	1,088	1,346	1,160	1,251	1,363	1,295	1,242	1,284	1,236	1,058	0,840	0,931	0,818	0,620	1,039	0,875	1,003	0,720	0,856	0,861	0,899	1,204	0,994	1,188	1,194	1,259	0,945	1,181	0,915	1,212	0,988	1,166	0,989	1,306	1,296	1,261	1,041	1,334	0,989	1,290	1,210	1,191	1,056	1,354	1,218	1,307	1,190	1,364	1,222	1,322	1,247	1,366	1,189	1,350	1,261	1,349	0,093	1,169	0,094	1,229	0,109	1,227	0,094	1,238	0,094	1,242	0,095	1,201	0,093
15:28:04	37,0	1,033	1,318	1,219	1,374	1,151	1,373	1,204	1,367	1,249	1,392	1,234	1,340	1,113	1,326	1,055	1,333	1,126	1,310	1,151	1,302	1,165	1,352	1,128	1,327	1,348	1,181	1,179	1,086	1,344	1,159	1,249	1,361	1,293	1,240	1,283	1,233	1,057	0,839	0,931	0,817	0,620	1,037	0,872	0,999	0,719	0,854	0,861	0,897	1,204	0,991	1,186	1,192	1,255	0,943	1,179	0,912	1,212	0,984	1,166	0,984	1,305	1,294	1,258	1,042	1,331	0,987	1,288	1,209	1,189	1,057	1,352	1,217	1,302	1,191	1,362	1,222	1,321	1,247	1,363	1,189	1,351	1,261	1,349	0,093	1,170	0,094	1,229	0,109	1,230	0,094	1,238	0,094	1,240	0,095	1,200	0,093
15:38:04	37,0	1,032	1,318	1,217	1,374	1,149	1,370	1,205	1,368	1,249	1,392	1,234	1,340	1,114	1,326	1,052	1,334	1,128	1,309	1,149	1,301	1,161	1,350	1,128	1,321	1,348	1,180	1,177	1,084	1,341	1,159	1,246	1,361	1,292	1,237	1,282	1,232	1,057	0,836	0,929	0,816	0,619	1,036	0,872	0,996	0,720	0,852	0,859	0,897	1,201	0,988	1,186	1,190	1,258	0,939	1,179	0,907	1,212	0,981	1,166	0,981	1,303	1,294	1,255	1,043	1,329	0,988	1,284	1,210	1,188	1,057	1,350	1,213	1,301	1,194	1,361	1,223	1,319	1,246	1,358	1,191	1,347	1,262	1,347	0,093	1,169	0,093	1,229	0,109	1,226	0,093	1,237	0,094	1,239	0,095	1,198	0,093
15:48:04	37,0	1,031	1,317	1,218	1,372	1,146	1,369	1,204	1,367	1,246	1,390	1,233	1,339	1,112	1,327	1,051	1,331	1,125	1,308	1,149	1,299	1,163	1,349	1,125	1,321	1,346	1,180	1,175	1,084	1,340	1,156	1,245	1,360	1,288	1,235	1,283	1,231	1,055	0,834	0,928	0,815	0,620	1,034	0,872	0,991	0,720	0,849	0,859	0,893	1,201	0,985	1,182	1,188	1,256	0,936	1,178	0,904	1,212	0,980	1,165	0,976	1,301	1,292	1,252	1,042	1,327	0,984	1,282	1,208	1,185	1,057	1,348	1,209	1,298	1,195	1,359	1,224	1,318	1,245	1,354	1,192	1,346	1,261	1,346	0,093	1,170	0,094	1,230	0,109	1,228	0,094	1,235	0,094	1,238	0,095	1,198	0,093
15:58:04	37,0	1,030	1,315	1,216	1,369	1,143	1,369	1,204	1,364	1,245	1,388	1,231	1,337	1,110	1,325	1,051	1,330	1,124	1,308	1,147	1,302	1,161	1,346	1,120	1,318	1,347	1,179	1,172	1,083	1,339	1,156	1,242	1,360	1,286	1,233	1,280	1,232	1,054	0,832	0,927	0,814	0,619	1,032	0,871	0,988	0,721	0,848	0,858	0,890	1,200	0,980	1,182	1,186	1,257	0,931	1,177	0,902	1,211	0,977	1,164	0,972	1,298	1,291	1,249	1,041	1,323	0,984	1,278	1,209	1,185	1,057	1,345	1,204	1,295	1,196	1,357	1,223	1,317	1,244	1,354	1,192	1,344	1,262	1,345	0,093	1,169	0,094	1,230	0,109	1,227	0,094	1,233	0,094	1,235	0,095	1,197	0,093
16:08:04	37,0	1,029	1,315	1,215	1,370	1,140	1,369	1,203	1,364	1,242	1,387	1,230	1,335	1,109	1,326	1,048	1,329	1,122	1,303	1,146	1,298	1,159	1,349	1,119	1,321	1,346	1,179	1,169	1,080	1,338	1,154	1,240	1,359	1,283	1,231	1,280	1,230	1,052	0,830	0,926	0,811	0,618	1,031	0,869	0,985	0,722	0,846	0,857	0,890	1,199	0,977	1,181	1,184	1,256	0,926	1,174	0,899	1,210	0,970	1,163	0,968	1,298	1,290	1,246	1,041	1,322	0,984	1,274	1,209	1,183	1,057	1,342	1,202	1,294	1,197	1,356	1,222	1,317	1,243	1,350	1,192	1,342	1,262	1,343	0,093	1,168	0,094	1,231	0,109	1,226	0,093	1,232	0,094	1,236	0,095	1,196	0,093
16:18:04	37,0	1,030	1,315	1,214	1,372	1,139	1,370	1,206	1,363	1,246	1,391	1,232	1,340	1,109	1,325	1,051	1,332	1,124	1,305	1,151	1,298	1,164	1,349	1,126	1,324	1,346	1,180	1,168	1,080	1,337	1,155	1,242	1,360	1,285	1,233	1,280	1,228	1,055	0,830	0,925	0,810	0,618	1,030	0,868	0,988	0,723	0,848	0,857	0,894	1,203	0,978	1,185	1,184	1,255	0,927	1,177	0,899	1,214	0,968	1,166	0,972	1,298	1,290	1,247	1,044	1,321	0,989	1,276	1,209	1,183	1,062	1,344	1,212	1,293	1,202	1,354	1,226	1,315	1,246	1,349	1,195	1,340	1,266	1,346	0,093	1,171	0,094	1,232	0,109	1,231	0,094	1,238	0,094	1,241	0,095	1,203	0,093
16:28:04	37,0	1,029	1,315	1,215	1,371	1,137	1,370	1,205	1,364	1,247	1,389	1,232	1,339	1,108	1,325	1,050	1,330	1,126	1,306	1,152	1,297	1,165	1,349	1,129	1,323	1,345	1,179	1,168	1,079	1,335	1,156	1,241	1,360	1,283	1,231	1,281	1,228	1,055	0,829	0,926	0,811	0,619	1,030	0,868	0,986	0,724	0,847	0,856	0,893	1,202	0,977	1,183	1,184	1,254	0,924	1,176	0,898	1,214	0,969	1,168	0,971	1,296	1,289	1,246	1,045	1,319	0,990	1,274	1,207	1,184	1,064	1,343	1,211	1,291	1,203	1,353	1,224	1,314	1,247	1,350	1,196	1,340	1,266	1,346	0,094	1,172	0,094	1,234	0,109	1,232	0,094	1,235	0,094	1,240	0,095	1,204	0,094
16:38:04	37,0	1,030	1,313	1,214	1,371	1,135	1,371	1,207	1,363	1,246	1,390	1,234	1,339	1,108	1,326	1,047	1,331	1,126	1,306	1,151	1,299	1,165	1,349	1,128	1,324	1,345	1,178	1,165	1,077	1,333	1,153	1,239	1,359	1,282	1,229	1,281	1,226	1,056	0,827	0,925	0,810	0,618	1,030	0,866	0,989	0,724	0,846	0,856	0,896	1,202	0,976	1,185	1,182	1,257	0,921	1,177	0,894	1,215	0,966	1,168	0,969	1,295	1,288	1,243	1,044	1,318	0,991	1,272	1,208	1,183	1,065	1,342	1,211	1,290	1,204	1,351	1,224	1,308	1,248	1,346	1,196	1,338	1,268	1,346	0,093	1,173	0,093	1,234	0,108	1,230	0,093	1,236	0,094	1,241	0,094	1,205	0,093
16:48:04	37,0	1,029	1,311	1,212	1,369	1,133	1,369	1,205	1,362	1,243	1,385	1,230	1,334	1,104	1,329	1,046	1,333	1,121	1,308	1,146	1,296	1,160	1,343	1,124	1,317	1,347	1,177	1,161	1,074	1,330	1,150	1,233	1,356	1,274	1,227	1,280	1,224	1,053	0,823	0,924	0,808	0,618	1,028	0,865	0,983	0,725	0,840	0,855	0,888	1,200	0,968	1,178	1,178	1,253	0,914	1,172	0,885	1,210	0,963	1,165	0,958	1,292	1,285	1,239	1,041	1,314	0,985	1,266	1,206	1,180	1,060	1,338	1,200	1,287	1,204	1,348	1,221	1,309	1,242	1,347	1,195	1,335	1,264	1,340	0,093	1,171	0,094	1,230	0,109	1,225	0,094	1,231	0,094	1,234	0,095	1,197	0,093
16:58:04	37,0	1,029	1,311	1,212	1,369	1,132	1,368	1,206	1,360	1,243	1,387	1,231	1,337	1,106	1,326	1,051	1,329	1,125	1,304	1,149	1,298	1,160	1,349	1,127	1,321	1,344	1,177	1,160	1,073	1,329	1,150	1,235	1,357	1,275	1,226	1,278	1,223	1,054	0,823	0,924	0,806	0,616	1,026	0,864	0,986	0,726	0,841	0,854	0,890	1,202	0,969	1,183	1,177	1,254	0,914	1,176	0,885	1,213	0,959	1,165	0,960	1,289	1,284	1,238	1,043	1,314	0,988	1,266	1,209	1,180	1,064	1,339	1,206	1,284	1,207	1,346	1,226	1,310	1,247	1,346	1,197	1,335	1,267	1,343	0,093	1,173	0,094	1,233	0,108	1,228	0,093	1,235	0,094	1,238	0,095	1,205	0,093
17:08:04	37,0	1,029	1,312	1,212	1,368	1,130	1,369	1,207	1,360	1,244	1,388	1,231	1,336	1,103	1,327	1,048	1,331	1,123	1,305	1,149	1,300	1,161	1,347	1,124	1,323	1,345	1,176	1,158	1,079	1,328	1,149	1,232	1,356	1,274	1,226	1,278	1,220	1,055	0,821	0,924	0,805	0,616	1,026	0,864	0,986	0,726	0,841	0,854	0,891	1,201	0,967	1,182	1,178	1,256	0,911	1,175	0,881	1,213	0,954	1,166	0,958	1,288	1,283	1,236	1,044	1,312	0,989	1,264	1,206	1,180	1,064	1,337	1,206	1,285	1,208	1,345	1,224	1,304	1,245	1,345	1,196	1,335	1,268	1,344	0,093	1,174	0,093	1,233	0,108	1,229	0,093	1,235	0,094	1,239	0,095	1,205	0,093
17:18:04	37,0	1,029	1,311	1,211	1,369	1,128	1,368	1,208	1,361	1,244	1,386	1,230	1,336	1,104	1,328	1,049	1,331	1,123	1,305	1,147	1,299	1,160	1,347	1,125	1,317	1,346	1,176	1,155	1,078	1,325	1,147	1,229	1,356	1,269	1,225	1,278	1,220	1,054	0,820	0,924	0,804	0,617	1,025	0,863	0,984	0,727	0,839	0,854	0,889	1,200	0,963	1,182	1,177	1,252	0,908	1,173	0,878	1,212	0,953	1,167	0,953	1,288	1,281	1,235	1,042	1,310	0,987	1,261	1,203	1,179	1,064	1,335	1,202	1,284	1,209	1,344	1,223	1,304	1,245	1,344	1,196	1,330	1,266	1,342	0,093	1,175	0,094	1,232	0,108	1,226	0,094	1,234	0,094	1,237	0,095	1,204	0,094
17:28:04	37,0	1,028	1,309	1,208	1,365	1,127	1,365	1,206	1,358	1,240	1,385	1,230	1,334	1,100	1,326	1,046	1,328	1,121	1,304	1,144	1,297	1,153	1,347	1,123	1,318	1,345	1,176	1,152	1,077	1,322	1,147	1,226	1,354	1,266	1,224	1,276	1,219	1,052	0,817	0,923	0,803	0,616	1,023	0,862	0,980	0,728	0,836	0,853	0,883	1,200	0,959	1,177	1,174	1,248	0,903	1,173	0,871	1,210	0,947	1,164	0,948	1,285	1,278	1,230	1,041	1,307	0,985	1,258	1,202	1,175	1,063	1,333	1,198	1,281	1,211	1,342	1,225	1,303	1,243	1,342	1,194	1,331	1,266	1,339	0,093	1,173	0,094	1,232	0,108	1,222	0,093	1,231	0,094	1,236	0,094	1,201	0,093
17:38:04	37,0	1,026	1,307	1,204	1,364	1,124	1,363	1,204	1,358	1,238	1,383	1,227	1,329	1,097	1,326	1,041	1,327	1,117	1,303	1,138	1,295	1,151	1,343	1,117	1,314	1,344	1,175	1,148	1,076	1,318	1,143	1,221	1,350	1,258	1,220	1,273	1,217	1,051	0,814	0,923	0,800	0,615	1,021	0,861	0,975	0,728	0,831	0,852	0,877	1,197	0,953	1,178	1,171	1,249	0,896	1,168	0,862	1,207	0,944	1,158	0,939	1,282	1,275	1,225	1,039	1,302	0,981	1,252	1,197	1,172	1,059	1,329	1,188	1,279	1,208	1,338	1,221	1,299	1,238	1,339	1,193	1,329	1,263	1,333	0,093	1,172	0,094	1,230	0,108	1,220	0,094	1,229	0,094	1,231	0,094	1,193	0,093
17:48:04	37,0	1,025	1,308	1,202	1,361	1,122	1,364	1,202	1,356	1,232	1,380	1,223	1,327	1,096	1,325	1,040	1,325	1,114	1,305	1,136	1,295	1,145	1,343	1,114	1,314	1,343	1,175	1,144	1,074	1,316	1,143	1,216	1,349	1,253	1,220	1,271	1,217	1,047	0,813	0,922	0,798	0,615	1,019	0,860	0,970	0,728	0,828	0,851	0,873	1,195	0,948	1,175	1,169	1,245	0,892	1,167	0,857	1,207	0,937	1,160	0,935	1,277	1,273	1,222	1,034	1,300	0,977	1,248	1,196	1,171	1,057	1,325	1,184	1,277	1,210	1,336	1,221	1,295	1,236	1,336	1,192	1,324	1,260	1,331	0,093	1,167	0,094	1,229	0,108	1,217	0,094	1,224	0,094	1,227	0,094	1,189	0,093
17:58:04	37,0	1,025	1,306	1,205	1,365	1,121	1,364	1,206	1,354	1,235	1,383	1,225	1,333	1,097	1,324	1,044	1,327	1,117	1,299	1,142	1,294	1,150	1,344	1,120	1,318	1,343	1,176	1,144	1,075	1,317	1,145	1,220	1,352	1,261	1,219	1,272	1,215	1,051	0,814	0,923	0,798	0,615	1,020	0,860	0,976	0,729	0,832	0,851	0,883	1,199	0,953	1,176	1,171	1,254	0,893	1,170	0,858	1,210	0,935	1,163	0,940	1,280	1,273	1,224	1,038	1,299	0,985	1,250	1,207	1,174	1,063	1,327	1,196	1,278	1,214	1,337	1,225	1,296	1,241	1,338	1,192	1,325	1,265	1,335	0,093	1,172	0,093	1,233	0,108	1,223	0,094	1,231	0,094	1,233	0,095	1,198	0,093
18:08:04	37,0	1,025	1,305	1,202	1,363	1,120	1,364	1,205	1,355	1,235	1,382	1,224	1,331	1,095	1,324	1,042	1,327	1,115	1,299	1,139	1,292	1,147	1,342	1,116	1,314	1,340	1,175	1,143	1,074	1,313	1,143	1,215	1,351	1,252	1,217	1,271	1,213	1,048	0,812	0,924	0,797	0,615	1,019	0,859	0,974	0,729	0,829	0,851	0,878	1,196	0,948	1,175	1,170	1,242	0,888	1,168	0,853	1,208	0,936	1,161	0,937	1,277	1,271	1,223	1,036	1,297	0,982	1,246	1,195	1,170	1,062	1,324	1,187	1,273	1,213	1,337	1,221	1,296	1,237	1,333	1,192	1,322	1,263	1,333	0,093	1,172	0,094	1,230	0,108	1,219	0,094	1,228	0,094	1,231	0,094	1,195	0,093
18:18:04	37,0	1,025	1,304	1,199	1,362	1,118	1,363	1,203	1,353	1,232	1,379	1,222	1,329	1,093	1,322	1,042	1,324	1,115	1,300	1,139	1,291	1,146	1,341	1,114	1,313	1,341	1,175	1,140	1,072	1,311	1,143	1,212	1,350	1,250	1,218	1,269	1,211	1,049	0,810	0,923	0,794	0,615	1,017	0,857	0,971	0,730	0,826	0,851	0,876	1,194	0,945	1,175	1,169	1,243	0,885	1,167	0,849	1,207	0,930	1,160	0,933	1,275	1,269	1,221	1,035	1,295	0,979	1,245	1,190	1,169	1,059	1,323	1,186	1,273	1,212	1,336	1,219	1,293	1,236	1,334	1,190	1,320	1,262	1,333	0,093	1,170	0,094	1,230	0,108	1,219	0,094	1,228	0,094	1,229	0,095	1,193	0,093
18:28:04	37,0	1,024	1,303	1,199	1,361	1,117	1,361	1,203	1,353	1,232	1,381	1,222	1,330	1,090	1,322	1,041	1,324	1,115	1,297	1,137	1,290	1,141	1,343	1,113	1,308	1,337	1,175	1,138	1,071	1,309	1,142	1,209	1,349	1,247	1,217	1,267	1,213	1,048	0,809	0,923	0,794	0,615	1,015	0,858	0,971	0,730	0,825	0,850	0,875	1,194	0,942	1,174	1,167	1,242	0,882	1,166	0,844	1,205	0,927	1,160	0,931	1,274	1,268	1,219	1,034	1,293	0,979	1,240	1,189	1,167	1,058	1,321	1,183	1,272	1,212	1,334	1,219	1,293	1,235	1,333	1,190	1,319	1,262	1,330	0,093	1,170	0,094	1,229	0,108	1,217	0,093	1,228	0,094	1,229	0,095	1,191	0,094
18:38:04	37,0	1,024	1,302	1,198	1,360	1,116	1,361	1,203	1,353	1,229	1,379	1,220	1,327	1,089	1,321	1,040	1,323	1,114	1,296	1,135	1,288	1,141	1,340	1,111	1,306	1,340	1,175	1,136	1,071	1,306	1,142	1,207	1,348	1,244	1,218	1,266	1,210	1,047	0,808	0,924	0,792	0,615	1,014	0,857	0,969	0,731	0,824	0,850	0,871	1,193	0,939	1,173	1,167	1,241	0,880	1,164	0,841	1,204	0,922	1,160	0,930	1,275	1,265	1,218	1,032	1,291	0,976	1,240	1,188	1,167	1,058	1,320	1,180	1,271	1,213	1,333	1,217	1,293	1,234	1,332	1,190	1,316	1,261	1,329	0,093	1,169	0,094	1,228	0,108	1,213	0,093	1,227	0,094	1,227	0,095	1,189	0,093
18:48:04	37,0	1,022	1,301	1,196	1,358	1,113	1,359	1,201	1,351	1,225	1,377	1,215	1,325	1,086	1,322	1,042	1,322	1,111	1,295	1,132	1,287	1,139	1,338	1,108	1,307	1,339	1,176	1,135	1,069	1,302	1,141	1,206	1,348	1,239	1,215	1,265	1,209	1,045	0,806	0,923	0,790	0,615	1,012	0,857	0,965	0,731	0,822	0,849	0,867	1,191	0,934	1,168	1,165	1,241	0,875	1,163	0,838	1,201	0,921	1,157	0,927	1,270	1,263	1,217	1,030	1,288	0,974	1,238	1,186	1,165	1,057	1,316	1,174	1,266	1,214	1,331	1,217	1,290	1,232	1,330	1,187	1,319	1,260	1,330	0,093	1,168	0,094	1,229	0,108	1,211	0,094	1,224	0,094	1,226	0,095	1,187	0,094
18:58:04	37,0	1,023	1,299	1,193	1,357	1,112	1,359	1,202	1,350	1,226	1,377	1,218	1,326	1,085	1,319	1,041	1,321	1,111	1,296	1,132	1,286	1,139	1,339	1,108	1,303	1,336	1,176	1,132	1,068	1,301	1,141	1,202	1,348	1,239	1,216	1,263	1,209	1,044	0,805	0,922	0,790	0,614	1,011	0,855	0,965	0,731	0,822	0,849	0,870	1,190	0,932	1,171	1,165	1,240	0,873	1,163	0,834	1,202	0,917	1,157	0,927	1,271	1,261	1,216	1,030	1,287	0,975	1,236	1,186	1,165	1,057	1,315	1,176	1,266	1,214	1,331	1,216	1,290	1,232	1,327	1,187	1,315	1,259	1,328	0,093	1,169	0,093	1,227	0,107	1,210	0,093	1,224	0,094	1,226	0,095	1,188	0,093
19:08:04	37,0	1,023	1,298	1,192	1,355	1,109	1,358	1,202	1,351	1,225	1,377	1,216	1,325	1,085	1,320	1,038	1,320	1,111	1,294	1,129	1,284	1,136	1,337	1,107	1,302	1,336	1,176	1,131	1,070	1,297	1,143	1,200	1,348	1,236	1,219	1,264	1,206	1,044	0,803	0,923	0,788	0,615	1,009	0,856	0,964	0,731	0,820	0,849	0,867	1,191	0,930	1,170	1,165	1,237	0,872	1,163	0,831	1,200	0,914	1,157	0,925	1,269	1,261	1,214	1,029	1,286	0,972	1,234	1,185	1,165	1,056	1,314	1,175	1,268	1,214	1,332	1,216	1,287	1,230	1,329	1,187	1,316	1,259	1,324	0,093	1,167	0,094	1,226	0,107	1,209	0,093	1,222	0,094	1,225	0,095	1,186	0,094
19:18:04	37,0	1,021	1,298	1,190	1,352	1,108	1,357	1,198	1,348	1,218	1,372	1,212	1,321	1,080	1,319	1,035	1,319	1,106	1,290	1,129	1,281	1,135	1,334	1,103	1,296	1,335	1,177	1,128	1,067	1,296	1,143	1,198	1,345	1,231	1,213	1,262	1,207	1,041	0,801	0,922	0,787	0,615	1,008	0,854	0,958	0,731	0,816	0,847	0,861	1,187	0,926	1,166	1,162	1,239	0,866	1,160	0,826	1,196	0,910	1,155	0,918	1,264	1,258	1,211	1,025	1,284	0,968	1,230	1,182	1,162	1,053	1,310	1,165	1,264	1,214	1,330	1,214	1,285	1,227	1,325	1,183	1,313	1,257	1,323	0,093	1,164	0,094	1,225	0,107	1,206	0,093	1,219	0,094	1,220	0,094	1,181	0,093
19:28:04	37,0	1,020	1,296	1,190	1,353	1,107	1,354	1,198	1,346	1,216	1,372	1,211	1,320	1,081	1,317	1,034	1,315	1,105	1,291	1,125	1,284	1,129	1,334	1,101	1,297	1,334	1,178	1,125	1,067	1,293	1,142	1,195	1,345	1,228	1,213	1,260	1,206	1,041	0,800	0,922	0,785	0,614	1,006	0,853	0,956	0,731	0,815	0,848	0,857	1,187	0,921	1,165	1,162	1,237	0,864	1,159	0,824	1,195	0,908	1,153	0,915	1,263	1,256	1,212	1,024	1,281	0,967	1,229	1,183	1,161	1,052	1,310	1,162	1,262	1,215	1,329	1,214	1,282	1,225	1,324	1,181	1,311	1,256	1,321	0,093	1,165	0,093	1,225	0,107	1,205	0,093	1,217	0,094	1,219	0,094	1,180	0,093
19:38:04	37,0	1,021	1,294	1,190	1,353	1,105	1,355	1,198	1,347	1,217	1,371	1,213	1,322	1,080	1,315	1,032	1,314	1,105	1,290	1,127	1,280	1,133	1,333	1,104	1,300	1,334	1,177	1,125	1,065	1,290	1,143	1,194	1,344	1,227	1,214	1,260	1,206	1,041	0,799	0,922	0,785	0,614	1,006	0,854	0,956	0,732	0,814	0,847	0,860	1,189	0,920	1,165	1,161	1,235	0,863	1,159	0,821	1,195	0,905	1,155	0,917	1,259	1,256	1,211	1,024	1,281	0,967	1,227	1,181	1,161	1,054	1,307	1,164	1,262	1,216	1,328	1,215	1,284	1,224	1,323	1,182	1,309	1,257	1,322	0,093	1,165	0,094	1,225	0,107	1,205	0,094	1,218	0,094	1,219	0,095	1,180	0,094
19:48:04	37,0	1,020	1,292	1,187	1,353	1,103	1,354	1,198	1,346	1,216	1,372	1,210	1,322	1,077	1,313	1,034	1,313	1,105	1,291	1,126	1,279	1,133	1,336	1,101	1,296	1,331	1,177	1,124	1,066	1,289	1,143	1,193	1,344	1,226	1,213	1,256	1,204	1,041	0,800	0,922	0,784	0,615	1,004	0,854	0,956	0,732	0,814	0,846	0,861	1,188	0,921	1,165	1,161	1,234	0,860	1,160	0,818	1,196	0,901	1,155	0,919	1,259	1,256	1,210	1,024	1,280	0,968	1,226	1,177	1,161	1,052	1,308	1,167	1,260	1,216	1,328	1,214	1,279	1,226	1,324	1,181	1,308	1,257	1,322	0,093	1,163	0,094	1,226	0,107	1,202	0,093	1,220	0,094	1,221	0,094	1,180	0,093
19:58:04	37,0	1,021	1,294	1,187	1,353	1,102	1,353	1,198	1,346	1,216	1,372	1,210	1,321	1,076	1,313	1,033	1,313	1,104	1,290	1,124	1,280	1,129	1,334	1,101	1,292	1,331	1,179	1,123	1,065	1,287	1,144	1,193	1,344	1,224	1,213	1,256	1,202	1,041	0,798	0,922	0,783	0,615	1,003	0,854	0,955	0,732	0,814	0,846	0,861	1,185	0,918	1,165	1,161	1,232	0,859	1,160	0,816	1,194	0,897	1,156	0,917	1,260	1,254	1,212	1,023	1,279	0,968	1,226	1,174	1,160	1,052	1,307	1,166	1,262	1,217	1,327	1,213	1,280	1,226	1,327	1,180	1,308	1,257	1,324	0,093	1,164	0,094	1,226	0,107	1,203	0,094	1,218	0,094	1,221	0,095	1,180	0,093
20:08:04	37,0	1,021	1,294	1,187	1,355	1,101	1,354	1,201	1,347	1,217	1,374	1,212	1,324	1,075	1,313	1,032	1,311	1,104	1,288	1,125	1,281	1,127	1,335	1,102	1,291	1,330	1,178	1,122	1,066	1,286	1,145	1,193	1,344	1,226	1,215	1,257	1,202	1,043	0,797	0,922	0,782	0,615	1,002	0,853	0,957	0,733	0,815	0,845	0,864	1,187	0,918	1,168	1,162	1,232	0,858	1,161	0,815	1,195	0,898	1,156	0,920	1,262	1,254	1,212	1,022	1,279	0,967	1,224	1,175	1,161	1,054	1,306	1,166	1,264	1,217	1,329	1,213	1,281	1,228	1,324	1,182	1,308	1,256	1,323	0,093	1,165	0,094	1,226	0,107	1,204	0,094	1,220	0,094	1,223	0,095	1,182	0,094
20:18:04	37,0	1,022	1,292	1,185	1,354	1,100	1,353	1,202	1,345	1,214	1,371	1,210	1,324	1,072	1,312	1,031	1,312	1,103	1,289	1,123	1,277	1,129	1,333	1,102	1,291	1,333	1,179	1,122	1,067	1,286	1,145	1,191	1,344	1,223	1,215	1,258	1,201	1,043	0,796	0,923	0,782	0,615	1,001	0,852	0,958	0,733	0,814	0,844	0,864	1,185	0,916	1,165	1,162	1,230	0,856	1,160	0,813	1,194	0,897	1,155	0,920	1,259	1,252	1,212	1,021	1,279	0,967	1,224	1,174	1,161	1,053	1,306	1,162	1,265	1,218	1,327	1,212	1,281	1,227	1,321	1,180	1,306	1,255	1,325	0,093	1,164	0,094	1,226	0,107	1,202	0,093	1,219	0,094	1,223	0,095	1,181	0,093
20:28:04	37,0	1,021	1,291	1,183	1,352	1,099	1,352	1,201	1,346	1,212	1,371	1,208	1,322	1,072	1,313	1,030	1,310	1,101	1,289	1,123	1,277	1,127	1,335	1,099	1,290	1,329	1,179	1,119	1,066	1,283	1,146	1,190	1,343	1,221	1,213	1,255	1,200	1,043	0,795	0,922	0,781	0,615	1,000	0,854	0,956	0,733	0,813	0,844	0,862	1,184	0,914	1,165	1,162	1,232	0,853	1,159	0,810	1,192	0,892	1,156	0,917	1,258	1,252	1,212	1,021	1,277	0,967	1,222	1,171	1,161	1,051	1,305	1,163	1,263	1,217	1,327	1,212	1,278	1,225	1,325	1,179	1,308	1,255	1,324	0,093	1,164	0,094	1,226	0,107	1,201	0,094	1,218	0,094	1,222	0,095	1,180	0,093
20:38:04	37,0	1,022	1,292	1,182	1,353	1,098	1,352	1,204	1,345	1,212	1,371	1,209	1,323	1,071	1,313	1,031	1,311	1,102	1,287	1,122	1,278	1,127	1,334	1,101	1,295	1,331	1,180	1,119	1,069	1,282	1,147	1,190	1,343	1,221	1,215	1,255	1,198	1,044	0,794	0,922	0,781	0,616	0,999	0,853	0,958	0,734	0,814	0,843	0,866	1,186	0,914	1,165	1,162	1,233	0,854	1,159	0,810	1,193	0,891	1,154	0,920	1,258	1,251	1,212	1,020	1,276	0,967	1,222	1,174	1,162	1,053	1,305	1,166	1,265	1,219	1,328	1,212	1,278	1,227	1,326	1,179	1,307	1,256	1,326	0,093	1,165	0,093	1,228	0,107	1,202	0,093	1,218	0,094	1,224	0,094	1,182	0,093
20:48:04	37,0	1,021	1,291	1,178	1,351	1,097	1,352	1,199	1,342	1,206	1,368	1,205	1,318	1,069	1,313	1,024	1,310	1,099	1,287	1,118	1,276	1,120	1,328	1,093	1,291	1,327	1,180	1,116	1,067	1,279	1,145	1,186	1,339	1,214	1,212	1,254	1,204	1,039	0,792	0,921	0,777	0,616	0,996	0,852	0,950	0,734	0,808	0,843	0,855	1,182	0,909	1,163	1,159	1,230	0,847	1,154	0,802	1,189	0,890	1,152	0,909	1,252	1,249	1,208	1,015	1,274	0,958	1,217	1,170	1,159	1,045	1,301	1,154	1,261	1,218	1,326	1,208	1,277	1,219	1,322	1,177	1,305	1,252	1,323	0,093	1,161	0,094	1,224	0,106	1,195	0,093	1,213	0,094	1,217	0,095	1,171	0,093
20:58:04	37,0	1,021	1,289	1,177	1,348	1,095	1,352	1,197	1,341	1,204	1,366	1,201	1,314	1,067	1,313	1,022	1,308	1,097	1,286	1,116	1,276	1,117	1,331	1,091	1,292	1,326	1,181	1,113	1,066	1,278	1,144	1,184	1,336	1,212	1,212	1,250	1,202	1,037	0,792	0,921	0,777	0,615	0,994	0,852	0,945	0,734	0,806	0,841	0,852	1,181	0,907	1,159	1,156	1,231	0,843	1,153	0,797	1,185	0,885	1,149	0,904	1,251	1,248	1,206	1,013	1,272	0,956	1,214	1,169	1,157	1,042	1,299	1,150	1,258	1,218	1,324	1,207	1,273	1,219	1,320	1,175	1,304	1,250	1,326	0,093	1,158	0,093	1,222	0,106	1,193	0,093	1,212	0,094	1,215	0,094	1,168	0,093
21:08:04	37,0	1,021	1,288	1,175	1,348	1,093	1,350	1,196	1,340	1,200	1,366	1,200	1,313	1,063	1,313	1,022	1,307	1,095	1,285	1,112	1,275	1,115	1,329	1,090	1,290	1,326	1,183	1,111	1,066	1,276	1,144	1,183	1,335	1,210	1,213	1,251	1,202	1,035	0,790	0,920	0,775	0,615	0,992	0,851	0,942	0,732	0,804	0,840	0,846	1,179	0,902	1,159	1,156	1,228	0,840	1,152	0,793	1,185	0,882	1,146	0,900	1,247	1,247	1,205	1,012	1,270	0,956	1,212	1,167	1,156	1,042	1,298	1,148	1,258	1,218	1,325	1,207	1,273	1,216	1,320	1,172	1,304	1,250	1,326	0,093	1,156	0,093	1,223	0,106	1,190	0,093	1,210	0,094	1,213	0,094	1,165	0,093
21:18:04	37,0	1,021	1,286	1,175	1,348	1,090	1,349	1,200	1,341	1,204	1,367	1,204	1,320	1,065	1,309	1,025	1,307	1,097	1,286	1,116	1,274	1,120	1,330	1,089	1,284	1,323	1,185	1,112	1,068	1,274	1,146	1,183	1,337	1,212	1,215	1,250	1,199	1,038	0,791	0,920	0,776	0,615	0,993	0,851	0,946	0,732	0,806	0,839	0,855	1,183	0,903	1,163	1,157	1,228	0,842	1,154	0,793	1,186	0,881	1,149	0,910	1,249	1,247	1,207	1,013	1,270	0,957	1,214	1,166	1,157	1,045	1,299	1,155	1,261	1,220	1,327	1,209	1,276	1,219	1,320	1,175	1,301	1,252	1,327	0,093	1,160	0,093	1,222	0,106	1,196	0,093	1,215	0,094	1,220	0,094	1,171	0,093
21:28:04	37,0	1,022	1,288	1,178	1,349	1,089	1,348	1,203	1,342	1,207	1,369	1,206	1,323	1,065	1,308	1,025	1,306	1,099	1,287	1,118	1,274	1,117	1,331	1,095	1,287	1,323	1,186	1,112	1,071	1,275	1,148	1,184	1,341	1,215	1,220	1,252	1,196	1,040	0,791	0,921	0,777	0,615	0,992	0,852	0,947	0,732	0,808	0,839	0,860	1,183	0,905	1,163	1,159	1,226	0,844	1,155	0,795	1,188	0,879	1,152	0,915	1,251	1,247	1,208	1,014	1,272	0,960	1,216	1,168	1,158	1,048	1,300	1,157	1,262	1,222	1,327	1,210	1,279	1,222	1,322	1,176	1,304	1,253	1,326	0,093	1,161	0,093	1,226	0,106	1,196	0,093	1,215	0,094	1,221	0,094	1,174	0,093
21:38:04	37,0	1,023	1,286	1,173	1,347	1,089	1,349	1,199	1,342	1,202	1,366	1,200	1,318	1,061	1,311	1,024	1,308	1,095	1,287	1,113	1,272	1,115	1,329	1,089	1,282	1,323	1,188	1,111	1,071	1,273	1,149	1,181	1,339	1,207	1,216	1,252	1,202	1,038	0,790	0,920	0,774	0,616	0,990	0,852	0,943	0,732	0,805	0,839	0,851	1,181	0,901	1,159	1,157	1,228	0,839	1,152	0,791	1,184	0,879	1,148	0,905	1,249	1,246	1,207	1,010	1,268	0,957	1,212	1,166	1,156	1,043	1,299	1,149	1,260	1,221	1,327	1,206	1,276	1,216	1,323	1,173	1,304	1,250	1,327	0,093	1,157	0,094	1,222	0,106	1,192	0,094	1,211	0,094	1,217	0,095	1,167	0,094
21:48:04	37,0	1,023	1,286	1,171	1,346	1,086	1,348	1,199	1,340	1,200	1,365	1,200	1,317	1,060	1,311	1,020	1,306	1,094	1,286	1,111	1,275	1,111	1,325	1,086	1,284	1,323	1,189	1,110	1,070	1,271	1,149	1,180	1,338	1,205	1,216	1,251	1,204	1,036	0,788	0,920	0,773	0,616	0,988	0,852	0,940	0,732	0,803	0,837	0,848	1,179	0,898	1,159	1,156	1,228	0,836	1,150	0,787	1,182	0,875	1,146	0,903	1,245	1,245	1,206	1,009	1,268	0,952	1,210	1,165	1,156	1,042	1,298	1,148	1,258	1,220	1,326	1,206	1,274	1,215	1,322	1,173	1,303	1,249	1,325	0,093	1,156	0,094	1,223	0,106	1,190	0,093	1,211	0,094	1,215	0,094	1,164	0,093
21:58:04	37,0	1,023	1,284	1,169	1,345	1,085	1,347	1,195	1,339	1,195	1,361	1,193	1,311	1,056	1,310	1,021	1,304	1,091	1,283	1,110	1,274	1,105	1,328	1,084	1,289	1,321	1,190	1,108	1,071	1,270	1,148	1,178	1,337	1,203	1,217	1,249	1,203	1,034	0,788	0,920	0,773	0,615	0,986	0,852	0,933	0,731	0,800	0,837	0,844	1,178	0,896	1,154	1,153	1,228	0,832	1,148	0,783	1,178	0,872	1,144	0,897	1,246	1,245	1,205	1,008	1,266	0,950	1,209	1,163	1,154	1,039	1,295	1,143	1,258	1,220	1,325	1,204	1,274	1,212	1,321	1,168	1,298	1,247	1,321	0,093	1,153	0,093	1,220	0,106	1,185	0,093	1,208	0,094	1,212	0,095	1,160	0,093
22:08:04	37,0	1,023	1,284	1,168	1,346	1,082	1,347	1,195	1,338	1,194	1,359	1,192	1,312	1,057	1,309	1,020	1,305	1,091	1,284	1,108	1,274	1,107	1,325	1,082	1,285	1,319	1,191	1,108	1,070	1,270	1,148	1,178	1,336	1,202	1,218	1,251	1,203	1,033	0,787	0,919	0,772	0,615	0,985	0,852	0,932	0,731	0,800	0,835	0,845	1,176	0,893	1,152	1,152	1,226	0,830	1,149	0,780	1,177	0,868	1,143	0,894	1,243	1,244	1,206	1,007	1,267	0,950	1,208	1,163	1,153	1,041	1,294	1,143	1,257	1,218	1,325	1,203	1,281	1,211	1,323	1,169	1,301	1,246	1,323	0,093	1,151	0,093	1,219	0,106	1,185	0,093	1,208	0,094	1,212	0,094	1,160	0,093

