Time	T∞ Optical Density:600	A1	A2	A3	A4	A5	A6	A7	A8	A9	A10	A11	A12	B1	B2	B3	B4	B5	B6	B7	B8	B9	B10	B11	B12	C1	C2	C3	C4	C5	C6	C7	C8	C9	C10	C11	C12	D1	D2	D3	D4	D5	D6	D7	D8	D9	D10	D11	D12	E1	E2	E3	E4	E5	E6	E7	E8	E9	E10	E11	E12	F1	F2	F3	F4	F5	F6	F7	F8	F9	F10	F11	F12	G1	G2	G3	G4	G5	G6	G7	G8	G9	G10	G11	G12	H1	H2	H3	H4	H5	H6	H7	H8	H9	H10	H11	H12
0:08:04	37,0	0,145	0,144	0,119	0,156	0,146	0,188	0,158	0,162	0,123	0,146	0,166	0,153	0,136	0,104	0,150	0,111	0,130	0,118	0,131	0,137	0,147	0,140	0,105	0,123	0,111	0,102	0,120	0,111	0,120	0,131	0,146	0,164	0,152	0,131	0,122	0,140	0,138	0,120	0,123	0,176	0,132	0,140	0,109	0,181	0,107	0,167	0,099	0,122	0,117	0,095	0,113	0,111	0,134	0,129	0,146	0,158	0,124	0,125	0,144	0,115	0,122	0,102	0,110	0,115	0,120	0,106	0,127	0,148	0,120	0,139	0,128	0,141	0,216	0,126	0,178	0,111	0,145	0,116	0,141	0,163	0,148	0,123	0,155	0,113	0,092	0,093	0,145	0,092	0,152	0,091	0,157	0,092	0,140	0,091	0,146	0,091
0:18:04	37,0	0,150	0,148	0,121	0,165	0,147	0,192	0,163	0,164	0,130	0,149	0,175	0,153	0,137	0,105	0,146	0,111	0,132	0,117	0,136	0,135	0,145	0,137	0,106	0,126	0,113	0,103	0,125	0,110	0,121	0,125	0,161	0,142	0,159	0,129	0,125	0,139	0,141	0,124	0,124	0,176	0,140	0,151	0,111	0,193	0,107	0,167	0,100	0,123	0,116	0,095	0,115	0,110	0,138	0,125	0,154	0,162	0,132	0,127	0,149	0,117	0,136	0,104	0,111	0,113	0,117	0,107	0,128	0,141	0,121	0,138	0,130	0,141	0,225	0,125	0,173	0,112	0,148	0,115	0,139	0,168	0,152	0,126	0,153	0,115	0,092	0,092	0,149	0,092	0,153	0,090	0,163	0,091	0,143	0,091	0,149	0,091
0:28:04	37,0	0,154	0,157	0,124	0,177	0,152	0,204	0,168	0,171	0,138	0,157	0,184	0,157	0,141	0,106	0,149	0,113	0,136	0,121	0,138	0,138	0,148	0,142	0,108	0,131	0,115	0,104	0,129	0,112	0,123	0,125	0,161	0,142	0,169	0,132	0,128	0,139	0,145	0,127	0,130	0,179	0,143	0,164	0,114	0,211	0,109	0,178	0,101	0,126	0,116	0,096	0,116	0,110	0,142	0,125	0,152	0,164	0,144	0,132	0,150	0,115	0,141	0,105	0,112	0,114	0,119	0,109	0,131	0,139	0,123	0,146	0,136	0,147	0,257	0,129	0,173	0,116	0,152	0,117	0,141	0,172	0,156	0,130	0,158	0,115	0,092	0,091	0,156	0,092	0,159	0,091	0,172	0,091	0,149	0,091	0,157	0,090
0:38:04	37,0	0,161	0,168	0,129	0,192	0,160	0,224	0,180	0,184	0,146	0,167	0,196	0,164	0,145	0,109	0,152	0,117	0,140	0,127	0,143	0,148	0,155	0,150	0,111	0,138	0,118	0,106	0,136	0,114	0,128	0,127	0,172	0,145	0,180	0,136	0,132	0,144	0,154	0,131	0,136	0,190	0,149	0,188	0,118	0,235	0,112	0,199	0,103	0,131	0,118	0,097	0,119	0,111	0,144	0,127	0,156	0,166	0,156	0,137	0,154	0,120	0,149	0,108	0,116	0,118	0,122	0,113	0,134	0,145	0,127	0,158	0,146	0,156	0,256	0,134	0,179	0,120	0,157	0,122	0,144	0,185	0,159	0,136	0,161	0,119	0,092	0,092	0,168	0,092	0,170	0,091	0,186	0,092	0,158	0,091	0,167	0,090
0:48:04	37,0	0,170	0,183	0,137	0,212	0,171	0,250	0,198	0,206	0,157	0,182	0,214	0,175	0,153	0,112	0,160	0,122	0,148	0,137	0,149	0,164	0,162	0,163	0,114	0,151	0,124	0,110	0,144	0,118	0,134	0,132	0,191	0,153	0,195	0,142	0,139	0,149	0,166	0,135	0,144	0,228	0,160	0,220	0,123	0,257	0,116	0,232	0,107	0,138	0,121	0,098	0,123	0,111	0,150	0,128	0,162	0,170	0,167	0,139	0,159	0,126	0,161	0,112	0,121	0,124	0,128	0,119	0,143	0,155	0,134	0,175	0,160	0,169	0,279	0,142	0,190	0,125	0,164	0,128	0,148	0,205	0,164	0,144	0,166	0,125	0,092	0,091	0,184	0,092	0,187	0,091	0,202	0,091	0,172	0,090	0,183	0,090
0:58:04	37,0	0,180	0,201	0,149	0,235	0,187	0,279	0,222	0,233	0,172	0,206	0,240	0,192	0,163	0,118	0,170	0,127	0,158	0,149	0,160	0,183	0,175	0,185	0,119	0,167	0,130	0,114	0,154	0,123	0,141	0,140	0,216	0,161	0,212	0,152	0,148	0,160	0,179	0,143	0,158	0,268	0,176	0,249	0,131	0,281	0,123	0,272	0,111	0,149	0,125	0,099	0,131	0,115	0,158	0,131	0,171	0,176	0,179	0,145	0,165	0,131	0,177	0,117	0,128	0,134	0,137	0,127	0,151	0,170	0,143	0,200	0,175	0,189	0,318	0,153	0,203	0,133	0,174	0,138	0,154	0,233	0,172	0,156	0,173	0,133	0,092	0,091	0,204	0,092	0,208	0,091	0,225	0,091	0,191	0,090	0,203	0,090
1:08:04	37,0	0,196	0,227	0,166	0,259	0,206	0,314	0,250	0,270	0,193	0,232	0,271	0,215	0,179	0,126	0,192	0,137	0,172	0,166	0,174	0,208	0,191	0,209	0,126	0,188	0,140	0,120	0,170	0,129	0,153	0,150	0,235	0,171	0,238	0,167	0,160	0,173	0,199	0,154	0,177	0,292	0,198	0,294	0,144	0,335	0,134	0,308	0,119	0,164	0,131	0,102	0,139	0,117	0,167	0,134	0,180	0,185	0,192	0,153	0,174	0,134	0,198	0,124	0,137	0,147	0,147	0,138	0,163	0,191	0,157	0,231	0,196	0,214	0,371	0,168	0,219	0,144	0,189	0,151	0,163	0,264	0,189	0,171	0,185	0,144	0,093	0,091	0,230	0,092	0,232	0,091	0,254	0,092	0,213	0,091	0,230	0,090
1:18:04	37,0	0,217	0,254	0,185	0,289	0,234	0,352	0,277	0,314	0,222	0,264	0,302	0,241	0,198	0,138	0,221	0,151	0,196	0,186	0,195	0,234	0,212	0,235	0,137	0,209	0,152	0,127	0,193	0,138	0,169	0,162	0,260	0,186	0,279	0,187	0,180	0,194	0,225	0,171	0,201	0,329	0,225	0,331	0,160	0,336	0,149	0,327	0,130	0,183	0,138	0,106	0,148	0,120	0,178	0,139	0,192	0,198	0,206	0,163	0,184	0,141	0,224	0,134	0,151	0,164	0,164	0,154	0,181	0,217	0,176	0,265	0,220	0,247	0,415	0,187	0,241	0,159	0,211	0,167	0,176	0,295	0,199	0,192	0,201	0,160	0,093	0,091	0,261	0,092	0,266	0,091	0,288	0,091	0,240	0,091	0,259	0,090
1:28:04	37,0	0,238	0,287	0,208	0,322	0,260	0,388	0,308	0,363	0,253	0,301	0,337	0,278	0,221	0,156	0,249	0,171	0,220	0,206	0,220	0,266	0,238	0,272	0,152	0,235	0,168	0,139	0,221	0,151	0,191	0,180	0,290	0,207	0,323	0,215	0,205	0,219	0,253	0,195	0,225	0,363	0,255	0,366	0,182	0,373	0,169	0,368	0,144	0,209	0,145	0,112	0,158	0,125	0,190	0,146	0,203	0,216	0,222	0,174	0,195	0,147	0,257	0,148	0,169	0,187	0,184	0,174	0,203	0,250	0,199	0,300	0,251	0,288	0,460	0,211	0,267	0,179	0,237	0,188	0,197	0,327	0,225	0,218	0,224	0,181	0,093	0,091	0,294	0,092	0,300	0,091	0,323	0,091	0,272	0,090	0,290	0,090
1:38:04	37,0	0,262	0,320	0,235	0,363	0,288	0,426	0,336	0,413	0,291	0,347	0,368	0,315	0,245	0,175	0,276	0,187	0,245	0,233	0,248	0,300	0,271	0,316	0,172	0,269	0,187	0,157	0,259	0,168	0,218	0,203	0,326	0,232	0,374	0,251	0,234	0,258	0,282	0,225	0,252	0,393	0,286	0,401	0,207	0,405	0,194	0,408	0,163	0,240	0,150	0,120	0,169	0,133	0,199	0,156	0,214	0,239	0,233	0,188	0,204	0,157	0,293	0,167	0,192	0,216	0,212	0,201	0,235	0,287	0,230	0,336	0,284	0,334	0,535	0,240	0,297	0,204	0,275	0,216	0,224	0,353	0,257	0,248	0,250	0,209	0,095	0,091	0,320	0,092	0,328	0,091	0,352	0,091	0,299	0,090	0,316	0,090
1:48:04	37,0	0,284	0,361	0,265	0,402	0,313	0,468	0,365	0,465	0,329	0,392	0,400	0,351	0,268	0,193	0,325	0,210	0,278	0,263	0,279	0,336	0,306	0,364	0,197	0,297	0,211	0,178	0,300	0,191	0,253	0,230	0,363	0,261	0,429	0,294	0,273	0,321	0,315	0,261	0,277	0,437	0,318	0,448	0,232	0,439	0,217	0,465	0,187	0,277	0,154	0,131	0,178	0,143	0,204	0,168	0,223	0,267	0,241	0,205	0,209	0,170	0,329	0,191	0,221	0,249	0,243	0,233	0,270	0,328	0,265	0,377	0,323	0,380	0,600	0,272	0,330	0,233	0,311	0,247	0,254	0,385	0,290	0,278	0,282	0,241	0,096	0,091	0,343	0,092	0,352	0,090	0,380	0,091	0,327	0,090	0,341	0,091
1:58:04	37,0	0,308	0,411	0,301	0,443	0,346	0,511	0,400	0,525	0,368	0,439	0,435	0,393	0,293	0,221	0,375	0,241	0,305	0,297	0,308	0,390	0,336	0,407	0,224	0,331	0,243	0,207	0,344	0,216	0,290	0,259	0,400	0,292	0,476	0,337	0,316	0,369	0,344	0,313	0,302	0,469	0,350	0,488	0,266	0,476	0,248	0,519	0,210	0,313	0,157	0,145	0,189	0,155	0,208	0,183	0,230	0,296	0,246	0,225	0,213	0,187	0,366	0,218	0,256	0,287	0,282	0,271	0,308	0,370	0,300	0,421	0,382	0,430	0,636	0,303	0,365	0,262	0,359	0,277	0,292	0,417	0,324	0,309	0,314	0,276	0,097	0,091	0,372	0,092	0,379	0,091	0,408	0,091	0,353	0,091	0,368	0,090
2:08:04	37,0	0,333	0,457	0,338	0,484	0,382	0,565	0,434	0,575	0,408	0,489	0,466	0,441	0,318	0,251	0,451	0,282	0,340	0,351	0,340	0,447	0,373	0,461	0,258	0,381	0,278	0,235	0,386	0,251	0,330	0,289	0,438	0,324	0,524	0,387	0,361	0,415	0,375	0,359	0,328	0,524	0,383	0,523	0,296	0,515	0,282	0,560	0,243	0,346	0,158	0,163	0,201	0,171	0,212	0,202	0,235	0,325	0,249	0,246	0,216	0,206	0,412	0,258	0,297	0,334	0,316	0,308	0,365	0,414	0,342	0,476	0,468	0,484	0,670	0,337	0,405	0,293	0,418	0,306	0,333	0,462	0,363	0,342	0,351	0,320	0,099	0,091	0,396	0,092	0,409	0,091	0,435	0,091	0,382	0,091	0,395	0,090
2:18:04	37,0	0,353	0,501	0,375	0,523	0,410	0,619	0,465	0,618	0,447	0,539	0,501	0,489	0,344	0,289	0,522	0,329	0,378	0,407	0,376	0,499	0,419	0,515	0,294	0,442	0,319	0,267	0,434	0,284	0,368	0,320	0,482	0,365	0,561	0,438	0,409	0,470	0,411	0,401	0,353	0,561	0,411	0,561	0,326	0,549	0,312	0,599	0,280	0,383	0,161	0,183	0,215	0,188	0,216	0,222	0,242	0,354	0,253	0,268	0,222	0,225	0,466	0,313	0,332	0,389	0,369	0,341	0,440	0,466	0,394	0,528	0,560	0,537	0,691	0,370	0,449	0,326	0,479	0,344	0,375	0,501	0,407	0,375	0,396	0,361	0,102	0,092	0,426	0,092	0,436	0,091	0,461	0,092	0,412	0,091	0,420	0,090
2:28:04	37,0	0,382	0,543	0,415	0,567	0,444	0,668	0,492	0,666	0,494	0,589	0,546	0,551	0,373	0,337	0,586	0,380	0,419	0,480	0,408	0,545	0,459	0,568	0,334	0,507	0,364	0,296	0,482	0,332	0,404	0,361	0,524	0,414	0,600	0,488	0,491	0,529	0,440	0,468	0,380	0,622	0,440	0,602	0,354	0,605	0,343	0,637	0,317	0,432	0,164	0,202	0,230	0,206	0,222	0,244	0,252	0,386	0,259	0,294	0,229	0,253	0,515	0,389	0,376	0,453	0,426	0,383	0,538	0,518	0,460	0,578	0,639	0,579	0,713	0,411	0,497	0,359	0,526	0,377	0,423	0,546	0,466	0,411	0,444	0,404	0,105	0,091	0,450	0,092	0,463	0,091	0,488	0,091	0,442	0,091	0,447	0,090
2:38:04	37,0	0,395	0,591	0,454	0,601	0,472	0,707	0,530	0,712	0,545	0,655	0,585	0,615	0,397	0,372	0,650	0,432	0,451	0,516	0,462	0,590	0,495	0,635	0,372	0,572	0,410	0,326	0,542	0,377	0,452	0,413	0,603	0,471	0,638	0,542	0,563	0,580	0,475	0,520	0,405	0,658	0,471	0,638	0,382	0,650	0,374	0,678	0,353	0,495	0,172	0,234	0,251	0,234	0,232	0,275	0,266	0,421	0,269	0,325	0,241	0,284	0,570	0,449	0,431	0,529	0,488	0,439	0,617	0,561	0,531	0,618	0,691	0,630	0,740	0,463	0,533	0,393	0,561	0,425	0,471	0,594	0,539	0,467	0,482	0,445	0,110	0,091	0,478	0,092	0,493	0,091	0,513	0,091	0,469	0,090	0,470	0,090
2:48:04	37,0	0,419	0,635	0,490	0,642	0,507	0,736	0,561	0,751	0,587	0,690	0,621	0,671	0,430	0,407	0,663	0,460	0,480	0,559	0,540	0,632	0,529	0,672	0,406	0,617	0,453	0,359	0,583	0,416	0,501	0,457	0,649	0,530	0,671	0,583	0,634	0,623	0,504	0,584	0,430	0,679	0,501	0,658	0,412	0,688	0,406	0,710	0,387	0,551	0,181	0,267	0,272	0,262	0,242	0,305	0,282	0,458	0,280	0,359	0,255	0,318	0,603	0,512	0,482	0,584	0,544	0,487	0,666	0,603	0,585	0,655	0,745	0,670	0,754	0,513	0,565	0,431	0,601	0,467	0,521	0,641	0,590	0,520	0,519	0,481	0,116	0,091	0,501	0,092	0,513	0,091	0,532	0,091	0,495	0,090	0,494	0,090
2:58:04	37,0	0,437	0,671	0,536	0,685	0,545	0,764	0,605	0,778	0,619	0,723	0,655	0,721	0,474	0,442	0,687	0,497	0,508	0,584	0,595	0,667	0,565	0,706	0,440	0,658	0,514	0,395	0,618	0,469	0,551	0,495	0,679	0,567	0,690	0,615	0,688	0,650	0,535	0,625	0,454	0,674	0,527	0,690	0,437	0,708	0,438	0,734	0,421	0,587	0,194	0,298	0,296	0,295	0,255	0,332	0,299	0,492	0,292	0,390	0,271	0,352	0,635	0,572	0,545	0,621	0,592	0,518	0,707	0,639	0,639	0,696	0,781	0,704	0,777	0,569	0,603	0,474	0,649	0,524	0,583	0,676	0,634	0,577	0,552	0,515	0,125	0,091	0,524	0,092	0,538	0,091	0,557	0,091	0,518	0,090	0,515	0,090
3:08:04	37,0	0,462	0,701	0,578	0,728	0,590	0,787	0,667	0,806	0,651	0,746	0,690	0,764	0,528	0,465	0,695	0,550	0,538	0,631	0,641	0,696	0,596	0,739	0,479	0,701	0,556	0,436	0,649	0,514	0,601	0,525	0,709	0,596	0,718	0,645	0,726	0,679	0,560	0,650	0,475	0,701	0,553	0,715	0,468	0,731	0,468	0,751	0,456	0,626	0,208	0,336	0,323	0,327	0,268	0,367	0,319	0,528	0,305	0,424	0,289	0,390	0,665	0,604	0,592	0,653	0,629	0,550	0,738	0,677	0,693	0,736	0,820	0,736	0,795	0,617	0,648	0,523	0,689	0,578	0,627	0,702	0,677	0,622	0,594	0,566	0,136	0,091	0,553	0,092	0,562	0,091	0,581	0,091	0,540	0,090	0,537	0,090
3:18:04	37,0	0,481	0,733	0,605	0,762	0,630	0,805	0,707	0,828	0,671	0,767	0,724	0,790	0,557	0,494	0,686	0,597	0,576	0,684	0,658	0,715	0,622	0,766	0,519	0,732	0,578	0,471	0,679	0,542	0,645	0,550	0,725	0,615	0,745	0,673	0,751	0,698	0,584	0,666	0,494	0,694	0,571	0,737	0,496	0,743	0,499	0,773	0,490	0,661	0,227	0,372	0,349	0,362	0,281	0,397	0,339	0,558	0,318	0,456	0,310	0,425	0,694	0,640	0,620	0,678	0,661	0,582	0,775	0,711	0,745	0,768	0,850	0,763	0,811	0,643	0,709	0,576	0,733	0,625	0,675	0,721	0,706	0,656	0,638	0,611	0,150	0,092	0,580	0,092	0,584	0,091	0,604	0,091	0,563	0,090	0,561	0,090
3:28:04	37,0	0,505	0,764	0,634	0,793	0,664	0,826	0,741	0,846	0,695	0,796	0,751	0,814	0,575	0,528	0,686	0,644	0,600	0,718	0,675	0,737	0,650	0,791	0,550	0,755	0,592	0,501	0,705	0,570	0,668	0,567	0,744	0,626	0,762	0,695	0,770	0,718	0,602	0,687	0,511	0,699	0,587	0,751	0,520	0,755	0,528	0,788	0,524	0,680	0,246	0,415	0,377	0,395	0,295	0,430	0,359	0,583	0,332	0,489	0,333	0,458	0,720	0,669	0,647	0,694	0,687	0,612	0,787	0,742	0,784	0,794	0,874	0,784	0,829	0,662	0,735	0,619	0,769	0,656	0,711	0,738	0,737	0,682	0,683	0,646	0,165	0,091	0,616	0,092	0,606	0,091	0,627	0,091	0,585	0,090	0,588	0,090
3:38:04	37,0	0,518	0,790	0,663	0,831	0,686	0,848	0,772	0,867	0,718	0,830	0,779	0,836	0,589	0,556	0,690	0,684	0,627	0,750	0,691	0,760	0,670	0,814	0,576	0,779	0,601	0,519	0,731	0,593	0,691	0,589	0,775	0,643	0,789	0,716	0,801	0,737	0,619	0,701	0,526	0,709	0,602	0,768	0,541	0,774	0,554	0,800	0,558	0,711	0,269	0,460	0,403	0,428	0,313	0,460	0,383	0,597	0,346	0,519	0,355	0,492	0,744	0,695	0,678	0,711	0,707	0,642	0,810	0,767	0,815	0,816	0,900	0,802	0,852	0,684	0,774	0,654	0,805	0,680	0,745	0,753	0,770	0,708	0,732	0,671	0,181	0,091	0,642	0,092	0,625	0,091	0,648	0,091	0,609	0,090	0,616	0,090
3:48:04	36,9	0,533	0,816	0,691	0,867	0,713	0,871	0,809	0,886	0,742	0,856	0,810	0,860	0,603	0,590	0,701	0,718	0,652	0,780	0,709	0,788	0,693	0,847	0,602	0,807	0,618	0,535	0,758	0,615	0,723	0,600	0,809	0,656	0,814	0,741	0,845	0,757	0,635	0,720	0,541	0,717	0,617	0,779	0,557	0,785	0,572	0,813	0,589	0,743	0,291	0,510	0,433	0,464	0,330	0,489	0,406	0,612	0,361	0,544	0,379	0,516	0,767	0,723	0,707	0,726	0,729	0,675	0,810	0,788	0,849	0,835	0,930	0,820	0,872	0,698	0,796	0,683	0,834	0,705	0,777	0,763	0,791	0,726	0,773	0,694	0,202	0,091	0,664	0,092	0,642	0,091	0,666	0,091	0,629	0,091	0,644	0,090
3:58:04	37,0	0,551	0,841	0,718	0,896	0,739	0,889	0,837	0,903	0,762	0,882	0,835	0,879	0,620	0,619	0,709	0,764	0,672	0,813	0,727	0,820	0,711	0,880	0,619	0,838	0,635	0,547	0,779	0,618	0,747	0,620	0,832	0,672	0,841	0,763	0,870	0,771	0,652	0,734	0,551	0,733	0,626	0,775	0,571	0,782	0,587	0,823	0,610	0,773	0,313	0,538	0,462	0,485	0,344	0,505	0,432	0,625	0,376	0,558	0,404	0,535	0,786	0,744	0,739	0,735	0,747	0,707	0,834	0,804	0,881	0,848	0,954	0,834	0,893	0,708	0,832	0,701	0,851	0,715	0,784	0,775	0,815	0,743	0,816	0,712	0,225	0,092	0,682	0,092	0,659	0,091	0,687	0,091	0,650	0,090	0,668	0,090
4:08:04	37,0	0,567	0,866	0,741	0,917	0,758	0,909	0,867	0,924	0,786	0,906	0,862	0,896	0,638	0,660	0,721	0,799	0,693	0,846	0,746	0,855	0,731	0,913	0,640	0,864	0,656	0,562	0,793	0,617	0,780	0,628	0,856	0,692	0,867	0,780	0,898	0,789	0,667	0,744	0,562	0,741	0,635	0,783	0,584	0,779	0,599	0,827	0,626	0,801	0,337	0,553	0,486	0,497	0,362	0,518	0,459	0,638	0,390	0,573	0,429	0,554	0,809	0,758	0,765	0,749	0,761	0,730	0,848	0,817	0,902	0,860	0,986	0,847	0,912	0,713	0,849	0,717	0,873	0,732	0,802	0,786	0,837	0,758	0,850	0,723	0,254	0,091	0,699	0,092	0,678	0,091	0,704	0,091	0,671	0,090	0,693	0,090
4:18:04	37,0	0,586	0,892	0,763	0,939	0,782	0,926	0,895	0,945	0,814	0,934	0,884	0,913	0,658	0,698	0,734	0,832	0,715	0,875	0,760	0,888	0,752	0,940	0,665	0,897	0,675	0,569	0,808	0,625	0,806	0,653	0,880	0,712	0,890	0,801	0,926	0,805	0,679	0,758	0,572	0,758	0,644	0,780	0,597	0,789	0,612	0,835	0,638	0,817	0,360	0,567	0,525	0,511	0,379	0,531	0,489	0,652	0,405	0,590	0,461	0,572	0,833	0,773	0,793	0,761	0,782	0,744	0,869	0,828	0,930	0,871	1,008	0,857	0,932	0,720	0,864	0,731	0,885	0,740	0,820	0,796	0,859	0,771	0,887	0,737	0,282	0,091	0,714	0,092	0,696	0,091	0,722	0,091	0,691	0,091	0,714	0,090
4:28:04	37,0	0,604	0,917	0,787	0,964	0,811	0,950	0,915	0,971	0,849	0,962	0,915	0,935	0,677	0,737	0,749	0,868	0,733	0,902	0,777	0,912	0,774	0,968	0,696	0,923	0,691	0,583	0,828	0,632	0,839	0,662	0,908	0,742	0,913	0,824	0,949	0,821	0,692	0,772	0,583	0,775	0,654	0,801	0,611	0,805	0,625	0,843	0,650	0,832	0,385	0,588	0,563	0,527	0,405	0,548	0,523	0,665	0,422	0,606	0,492	0,590	0,852	0,782	0,829	0,770	0,806	0,777	0,885	0,840	0,961	0,881	1,028	0,867	0,950	0,727	0,879	0,749	0,905	0,754	0,848	0,809	0,883	0,785	0,921	0,752	0,309	0,091	0,732	0,092	0,719	0,091	0,742	0,091	0,710	0,091	0,737	0,090
4:38:04	37,0	0,624	0,946	0,810	0,986	0,827	0,972	0,943	0,989	0,871	0,979	0,946	0,955	0,692	0,772	0,761	0,897	0,747	0,936	0,790	0,943	0,795	0,992	0,722	0,945	0,710	0,590	0,845	0,652	0,864	0,675	0,927	0,766	0,932	0,844	0,969	0,831	0,703	0,788	0,595	0,791	0,663	0,811	0,623	0,818	0,641	0,852	0,662	0,845	0,416	0,608	0,587	0,545	0,425	0,564	0,551	0,677	0,442	0,620	0,525	0,609	0,870	0,795	0,857	0,782	0,832	0,790	0,903	0,847	0,983	0,890	1,044	0,879	0,968	0,734	0,887	0,761	0,921	0,772	0,871	0,823	0,904	0,798	0,940	0,768	0,332	0,091	0,748	0,092	0,736	0,091	0,760	0,091	0,730	0,091	0,758	0,090
4:48:04	37,0	0,643	0,974	0,833	1,009	0,861	0,990	0,967	1,013	0,900	1,005	0,968	0,982	0,707	0,803	0,777	0,927	0,763	0,961	0,805	0,971	0,815	1,018	0,744	0,971	0,731	0,596	0,865	0,665	0,887	0,694	0,948	0,788	0,952	0,870	0,988	0,848	0,717	0,799	0,605	0,810	0,672	0,819	0,636	0,831	0,654	0,866	0,679	0,864	0,445	0,625	0,603	0,561	0,449	0,576	0,575	0,690	0,465	0,636	0,557	0,627	0,891	0,808	0,881	0,795	0,864	0,815	0,927	0,860	1,003	0,901	1,061	0,890	0,986	0,744	0,902	0,776	0,946	0,785	0,893	0,838	0,930	0,814	0,964	0,785	0,349	0,091	0,770	0,092	0,759	0,091	0,782	0,091	0,752	0,091	0,784	0,090
4:58:04	37,0	0,663	0,999	0,853	1,032	0,887	1,012	0,988	1,036	0,923	1,025	0,999	1,003	0,724	0,840	0,791	0,963	0,779	0,975	0,821	0,995	0,836	1,040	0,757	0,994	0,751	0,607	0,884	0,686	0,912	0,713	0,971	0,810	0,974	0,892	1,011	0,863	0,729	0,809	0,616	0,824	0,680	0,837	0,648	0,848	0,667	0,879	0,696	0,879	0,477	0,645	0,613	0,578	0,473	0,593	0,588	0,705	0,489	0,652	0,587	0,645	0,911	0,819	0,916	0,806	0,898	0,831	0,949	0,872	1,024	0,912	1,079	0,906	1,005	0,763	0,918	0,794	0,961	0,805	0,918	0,859	0,955	0,830	0,987	0,804	0,370	0,092	0,790	0,092	0,785	0,091	0,804	0,091	0,777	0,091	0,808	0,091
5:08:04	37,0	0,683	1,018	0,876	1,053	0,913	1,026	1,006	1,052	0,947	1,038	1,021	1,020	0,735	0,874	0,805	0,974	0,790	1,002	0,834	1,009	0,850	1,061	0,765	1,016	0,766	0,620	0,899	0,709	0,935	0,733	0,988	0,828	0,993	0,910	1,026	0,878	0,740	0,819	0,626	0,844	0,690	0,842	0,657	0,862	0,679	0,892	0,712	0,892	0,503	0,660	0,617	0,592	0,498	0,607	0,598	0,715	0,512	0,665	0,608	0,664	0,936	0,832	0,939	0,818	0,925	0,842	0,965	0,881	1,039	0,920	1,093	0,921	1,023	0,772	0,934	0,810	0,975	0,829	0,928	0,878	0,978	0,844	1,006	0,820	0,396	0,091	0,811	0,092	0,803	0,091	0,824	0,091	0,797	0,090	0,829	0,090
5:18:04	36,9	0,702	1,037	0,896	1,070	0,929	1,042	1,025	1,066	0,972	1,055	1,044	1,031	0,750	0,909	0,824	1,001	0,804	1,031	0,848	1,035	0,870	1,079	0,778	1,042	0,784	0,633	0,922	0,729	0,954	0,756	1,004	0,841	1,001	0,926	1,041	0,892	0,750	0,830	0,635	0,858	0,697	0,856	0,669	0,874	0,691	0,905	0,727	0,904	0,527	0,676	0,624	0,608	0,522	0,619	0,608	0,729	0,537	0,680	0,621	0,685	0,954	0,837	0,962	0,827	0,951	0,850	0,989	0,889	1,058	0,930	1,113	0,930	1,041	0,788	0,950	0,831	0,993	0,841	0,953	0,895	1,004	0,863	1,032	0,838	0,423	0,091	0,833	0,092	0,825	0,091	0,842	0,091	0,817	0,091	0,850	0,090
5:28:04	37,0	0,720	1,053	0,913	1,087	0,956	1,057	1,042	1,076	0,991	1,069	1,062	1,042	0,764	0,940	0,838	1,018	0,817	1,048	0,863	1,054	0,887	1,097	0,792	1,066	0,802	0,646	0,933	0,756	0,971	0,783	1,021	0,858	1,014	0,948	1,052	0,905	0,760	0,840	0,645	0,875	0,705	0,867	0,678	0,887	0,703	0,916	0,742	0,917	0,546	0,686	0,632	0,624	0,537	0,633	0,616	0,739	0,559	0,695	0,634	0,704	0,972	0,847	0,981	0,837	0,972	0,863	1,002	0,899	1,078	0,941	1,129	0,940	1,060	0,806	0,967	0,851	1,011	0,862	0,971	0,914	1,029	0,882	1,053	0,858	0,451	0,091	0,850	0,092	0,844	0,091	0,860	0,091	0,838	0,091	0,870	0,090
5:38:04	37,0	0,736	1,068	0,932	1,105	0,968	1,069	1,053	1,089	1,010	1,081	1,073	1,053	0,778	0,965	0,854	1,033	0,828	1,069	0,874	1,072	0,894	1,116	0,800	1,068	0,818	0,664	0,944	0,779	0,984	0,794	1,033	0,873	1,026	0,962	1,065	0,914	0,769	0,852	0,653	0,884	0,712	0,873	0,685	0,895	0,712	0,927	0,754	0,925	0,556	0,702	0,640	0,637	0,547	0,648	0,622	0,754	0,572	0,709	0,644	0,722	0,989	0,851	0,996	0,841	0,990	0,864	1,009	0,906	1,091	0,944	1,143	0,947	1,077	0,824	0,982	0,872	1,031	0,884	0,982	0,929	1,050	0,898	1,071	0,880	0,471	0,091	0,864	0,092	0,862	0,091	0,877	0,091	0,854	0,090	0,888	0,090
5:48:04	37,0	0,752	1,082	0,954	1,117	0,990	1,079	1,063	1,103	1,030	1,097	1,093	1,067	0,795	0,991	0,869	1,052	0,842	1,083	0,891	1,093	0,910	1,130	0,815	1,089	0,835	0,684	0,959	0,805	0,998	0,820	1,046	0,889	1,040	0,977	1,074	0,931	0,777	0,861	0,662	0,898	0,720	0,882	0,697	0,909	0,723	0,935	0,768	0,936	0,565	0,714	0,649	0,656	0,554	0,663	0,630	0,765	0,580	0,718	0,654	0,734	1,004	0,860	1,016	0,847	1,010	0,869	1,025	0,917	1,109	0,951	1,159	0,955	1,092	0,847	0,998	0,893	1,054	0,902	1,002	0,942	1,068	0,913	1,090	0,899	0,499	0,091	0,879	0,092	0,882	0,091	0,896	0,091	0,873	0,091	0,908	0,090
5:58:04	37,0	0,770	1,096	0,969	1,131	1,011	1,090	1,079	1,116	1,045	1,114	1,111	1,080	0,809	1,011	0,886	1,073	0,858	1,101	0,903	1,109	0,926	1,145	0,829	1,107	0,852	0,698	0,976	0,823	1,013	0,845	1,060	0,906	1,052	0,994	1,085	0,948	0,785	0,874	0,672	0,912	0,729	0,895	0,707	0,920	0,735	0,946	0,783	0,953	0,574	0,724	0,659	0,667	0,561	0,676	0,639	0,774	0,587	0,732	0,666	0,740	1,020	0,866	1,035	0,854	1,029	0,881	1,045	0,925	1,127	0,959	1,177	0,962	1,108	0,867	1,020	0,915	1,071	0,921	1,023	0,956	1,088	0,930	1,109	0,920	0,524	0,092	0,898	0,092	0,902	0,091	0,916	0,091	0,894	0,091	0,928	0,090
6:08:04	37,0	0,785	1,111	0,986	1,145	1,023	1,104	1,089	1,127	1,062	1,125	1,120	1,089	0,823	1,034	0,895	1,090	0,870	1,114	0,914	1,124	0,933	1,161	0,840	1,116	0,867	0,714	0,984	0,844	1,024	0,860	1,070	0,919	1,063	1,007	1,097	0,959	0,795	0,885	0,684	0,921	0,738	0,899	0,719	0,930	0,745	0,958	0,796	0,960	0,582	0,740	0,668	0,680	0,567	0,685	0,648	0,787	0,592	0,744	0,677	0,760	1,033	0,872	1,050	0,858	1,044	0,887	1,057	0,927	1,141	0,963	1,188	0,970	1,123	0,880	1,035	0,933	1,089	0,935	1,034	0,969	1,107	0,945	1,124	0,936	0,543	0,091	0,913	0,092	0,923	0,091	0,934	0,091	0,910	0,091	0,945	0,090
6:18:04	37,0	0,801	1,122	1,002	1,155	1,038	1,115	1,105	1,141	1,073	1,141	1,135	1,100	0,839	1,054	0,907	1,107	0,883	1,134	0,926	1,137	0,948	1,173	0,861	1,134	0,879	0,727	0,998	0,865	1,039	0,880	1,083	0,933	1,074	1,019	1,109	0,970	0,805	0,895	0,692	0,936	0,746	0,912	0,729	0,943	0,756	0,969	0,808	0,972	0,590	0,749	0,678	0,698	0,575	0,699	0,658	0,792	0,598	0,752	0,691	0,765	1,048	0,877	1,068	0,866	1,061	0,894	1,071	0,933	1,157	0,969	1,202	0,978	1,137	0,896	1,054	0,952	1,107	0,953	1,051	0,982	1,122	0,959	1,140	0,954	0,557	0,091	0,931	0,092	0,943	0,090	0,953	0,091	0,930	0,090	0,964	0,090
6:28:04	37,0	0,819	1,137	1,018	1,169	1,052	1,126	1,118	1,152	1,093	1,156	1,155	1,110	0,854	1,075	0,920	1,119	0,895	1,145	0,936	1,151	0,957	1,185	0,874	1,146	0,898	0,743	1,012	0,883	1,051	0,900	1,093	0,947	1,085	1,032	1,117	0,981	0,814	0,906	0,702	0,950	0,754	0,919	0,739	0,953	0,767	0,977	0,819	0,980	0,597	0,761	0,688	0,709	0,581	0,708	0,666	0,806	0,605	0,765	0,702	0,771	1,060	0,880	1,084	0,874	1,074	0,899	1,085	0,939	1,169	0,975	1,214	0,985	1,151	0,912	1,073	0,967	1,123	0,971	1,067	0,995	1,137	0,973	1,156	0,972	0,569	0,091	0,948	0,092	0,960	0,091	0,970	0,091	0,948	0,090	0,981	0,090
6:38:04	37,0	0,834	1,147	1,030	1,182	1,065	1,138	1,132	1,165	1,102	1,163	1,169	1,122	0,869	1,095	0,929	1,137	0,907	1,157	0,946	1,167	0,967	1,198	0,891	1,156	0,913	0,757	1,021	0,896	1,061	0,918	1,104	0,964	1,095	1,046	1,128	0,992	0,824	0,916	0,712	0,955	0,763	0,931	0,749	0,963	0,777	0,985	0,830	0,986	0,605	0,774	0,699	0,721	0,589	0,714	0,678	0,813	0,613	0,774	0,712	0,787	1,074	0,889	1,099	0,881	1,089	0,907	1,097	0,945	1,182	0,980	1,229	0,991	1,165	0,926	1,088	0,985	1,137	0,989	1,088	1,011	1,153	0,988	1,172	0,989	0,582	0,092	0,966	0,092	0,982	0,091	0,987	0,091	0,967	0,091	0,999	0,090
6:48:04	37,0	0,848	1,159	1,044	1,192	1,080	1,148	1,144	1,174	1,120	1,173	1,178	1,130	0,881	1,109	0,938	1,149	0,913	1,174	0,954	1,177	0,977	1,208	0,901	1,166	0,924	0,773	1,033	0,910	1,073	0,931	1,114	0,977	1,104	1,057	1,139	0,998	0,831	0,928	0,721	0,966	0,770	0,939	0,759	0,971	0,787	0,990	0,841	0,992	0,615	0,782	0,707	0,730	0,598	0,722	0,686	0,819	0,620	0,778	0,721	0,796	1,085	0,892	1,112	0,882	1,104	0,910	1,110	0,947	1,193	0,985	1,241	0,997	1,177	0,942	1,102	0,999	1,153	1,004	1,094	1,022	1,169	0,999	1,186	1,003	0,593	0,091	0,979	0,092	0,997	0,091	1,003	0,091	0,981	0,091	1,015	0,090
6:58:04	37,0	0,860	1,170	1,055	1,203	1,093	1,160	1,154	1,184	1,135	1,181	1,193	1,142	0,892	1,124	0,951	1,157	0,921	1,187	0,963	1,188	0,985	1,219	0,910	1,175	0,935	0,790	1,039	0,925	1,081	0,945	1,123	0,992	1,113	1,069	1,146	1,010	0,841	0,937	0,729	0,972	0,777	0,946	0,767	0,976	0,797	0,999	0,851	0,998	0,625	0,784	0,715	0,749	0,607	0,736	0,695	0,826	0,628	0,786	0,730	0,806	1,097	0,895	1,124	0,888	1,115	0,910	1,121	0,950	1,207	0,989	1,253	1,004	1,188	0,954	1,116	1,015	1,165	1,022	1,108	1,033	1,182	1,012	1,199	1,018	0,605	0,091	0,995	0,092	1,013	0,090	1,020	0,091	1,000	0,090	1,031	0,090
7:08:04	37,0	0,875	1,180	1,068	1,213	1,107	1,168	1,169	1,192	1,150	1,187	1,202	1,153	0,902	1,137	0,962	1,173	0,927	1,193	0,975	1,200	0,996	1,227	0,919	1,187	0,948	0,806	1,050	0,936	1,093	0,955	1,133	1,010	1,123	1,080	1,159	1,025	0,848	0,945	0,736	0,981	0,785	0,953	0,773	0,986	0,806	1,007	0,861	1,007	0,637	0,793	0,725	0,749	0,619	0,746	0,703	0,835	0,635	0,795	0,738	0,814	1,107	0,899	1,137	0,892	1,128	0,915	1,131	0,953	1,219	0,993	1,265	1,010	1,199	0,968	1,129	1,030	1,180	1,034	1,119	1,046	1,197	1,024	1,212	1,033	0,619	0,091	1,012	0,092	1,030	0,091	1,038	0,091	1,016	0,091	1,047	0,090
7:18:04	37,0	0,886	1,188	1,081	1,224	1,120	1,177	1,177	1,199	1,159	1,195	1,210	1,163	0,909	1,151	0,974	1,184	0,940	1,204	0,985	1,212	1,006	1,236	0,930	1,198	0,960	0,819	1,060	0,958	1,102	0,970	1,143	1,026	1,133	1,094	1,166	1,037	0,856	0,953	0,745	0,987	0,792	0,965	0,777	0,993	0,815	1,015	0,871	1,014	0,651	0,797	0,734	0,765	0,627	0,770	0,710	0,846	0,642	0,801	0,745	0,827	1,120	0,904	1,150	0,897	1,141	0,917	1,142	0,958	1,228	0,998	1,275	1,019	1,211	0,983	1,143	1,046	1,195	1,053	1,137	1,058	1,210	1,038	1,225	1,049	0,636	0,091	1,030	0,092	1,045	0,091	1,050	0,091	1,032	0,091	1,061	0,090
7:28:04	37,0	0,899	1,198	1,093	1,232	1,131	1,186	1,183	1,207	1,169	1,201	1,219	1,170	0,917	1,165	0,985	1,197	0,947	1,213	0,994	1,221	1,016	1,247	0,937	1,206	0,970	0,836	1,071	0,966	1,110	0,990	1,152	1,043	1,141	1,106	1,173	1,049	0,863	0,961	0,752	0,995	0,798	0,971	0,784	0,998	0,824	1,021	0,881	1,020	0,661	0,803	0,740	0,781	0,635	0,764	0,717	0,851	0,648	0,810	0,751	0,837	1,131	0,909	1,163	0,900	1,153	0,918	1,151	0,960	1,240	1,003	1,285	1,024	1,222	0,996	1,153	1,059	1,213	1,066	1,150	1,070	1,223	1,051	1,237	1,065	0,653	0,092	1,041	0,092	1,059	0,091	1,063	0,091	1,045	0,091	1,073	0,090
7:38:04	37,0	0,912	1,204	1,105	1,240	1,141	1,194	1,194	1,213	1,181	1,208	1,226	1,179	0,926	1,176	0,995	1,209	0,959	1,223	1,005	1,233	1,028	1,255	0,945	1,212	0,981	0,849	1,083	0,980	1,121	0,999	1,161	1,060	1,151	1,118	1,182	1,062	0,869	0,969	0,759	1,002	0,806	0,978	0,791	1,005	0,833	1,030	0,890	1,027	0,670	0,806	0,747	0,771	0,644	0,767	0,723	0,859	0,653	0,816	0,758	0,841	1,142	0,915	1,172	0,904	1,164	0,917	1,162	0,964	1,251	1,009	1,294	1,030	1,231	1,008	1,166	1,076	1,223	1,076	1,163	1,083	1,234	1,061	1,249	1,080	0,672	0,091	1,056	0,092	1,070	0,091	1,073	0,091	1,057	0,091	1,085	0,091
7:48:04	37,0	0,921	1,214	1,115	1,248	1,151	1,201	1,202	1,220	1,191	1,215	1,237	1,184	0,935	1,189	1,007	1,219	0,968	1,232	1,016	1,241	1,038	1,262	0,954	1,222	0,992	0,866	1,089	0,996	1,131	1,016	1,170	1,075	1,160	1,128	1,192	1,075	0,876	0,976	0,766	1,012	0,813	0,981	0,800	1,014	0,841	1,039	0,900	1,036	0,680	0,818	0,755	0,773	0,651	0,804	0,728	0,869	0,658	0,829	0,764	0,851	1,154	0,919	1,178	0,911	1,173	0,923	1,169	0,969	1,260	1,014	1,303	1,038	1,242	1,024	1,180	1,087	1,232	1,086	1,179	1,094	1,247	1,071	1,260	1,093	0,693	0,091	1,067	0,092	1,082	0,091	1,084	0,091	1,070	0,091	1,098	0,090
7:58:04	37,0	0,933	1,221	1,125	1,253	1,161	1,208	1,211	1,225	1,199	1,223	1,241	1,190	0,944	1,199	1,015	1,230	0,980	1,240	1,028	1,248	1,046	1,270	0,964	1,229	1,002	0,879	1,102	1,012	1,139	1,031	1,179	1,090	1,167	1,139	1,199	1,088	0,882	0,982	0,773	1,019	0,819	0,987	0,812	1,020	0,849	1,045	0,908	1,040	0,689	0,815	0,760	0,796	0,657	0,780	0,734	0,877	0,663	0,833	0,773	0,859	1,162	0,925	1,195	0,914	1,185	0,929	1,182	0,973	1,269	1,019	1,313	1,043	1,250	1,037	1,190	1,093	1,243	1,097	1,186	1,103	1,256	1,080	1,270	1,105	0,717	0,092	1,077	0,092	1,091	0,091	1,091	0,091	1,079	0,091	1,108	0,090
8:08:04	37,0	0,943	1,230	1,134	1,261	1,166	1,215	1,216	1,230	1,209	1,227	1,245	1,198	0,952	1,210	1,025	1,236	0,989	1,248	1,035	1,260	1,051	1,277	0,970	1,238	1,009	0,894	1,105	1,022	1,146	1,043	1,184	1,104	1,174	1,150	1,207	1,100	0,889	0,988	0,781	1,026	0,825	0,992	0,819	1,029	0,857	1,051	0,918	1,044	0,697	0,823	0,766	0,792	0,662	0,795	0,739	0,885	0,667	0,840	0,780	0,863	1,172	0,928	1,197	0,919	1,195	0,930	1,192	0,975	1,277	1,022	1,321	1,046	1,260	1,048	1,201	1,102	1,252	1,104	1,197	1,113	1,266	1,087	1,279	1,116	0,739	0,091	1,083	0,092	1,101	0,091	1,099	0,091	1,087	0,091	1,117	0,090
8:18:04	37,0	0,951	1,236	1,141	1,266	1,175	1,221	1,222	1,235	1,215	1,233	1,252	1,203	0,959	1,220	1,033	1,248	0,997	1,260	1,042	1,266	1,060	1,286	0,980	1,246	1,018	0,906	1,115	1,033	1,154	1,055	1,192	1,120	1,182	1,160	1,214	1,110	0,894	0,995	0,788	1,034	0,831	0,996	0,827	1,034	0,866	1,058	0,929	1,049	0,705	0,826	0,771	0,825	0,669	0,791	0,744	0,887	0,672	0,841	0,789	0,870	1,181	0,931	1,213	0,922	1,202	0,932	1,200	0,979	1,286	1,028	1,329	1,056	1,267	1,059	1,210	1,111	1,265	1,114	1,207	1,119	1,274	1,093	1,288	1,127	0,758	0,091	1,089	0,092	1,108	0,091	1,105	0,091	1,095	0,091	1,125	0,090
8:28:04	37,0	0,962	1,243	1,150	1,271	1,181	1,226	1,230	1,240	1,222	1,237	1,263	1,209	0,970	1,227	1,042	1,257	1,007	1,265	1,051	1,274	1,067	1,291	0,992	1,254	1,026	0,924	1,123	1,044	1,164	1,067	1,199	1,133	1,190	1,171	1,223	1,122	0,901	1,004	0,796	1,043	0,837	1,005	0,833	1,042	0,877	1,066	0,944	1,056	0,713	0,837	0,777	0,810	0,675	0,795	0,750	0,894	0,677	0,853	0,795	0,880	1,192	0,936	1,218	0,930	1,211	0,943	1,212	0,985	1,295	1,035	1,337	1,063	1,276	1,069	1,222	1,120	1,268	1,121	1,217	1,127	1,282	1,101	1,296	1,138	0,780	0,091	1,101	0,092	1,115	0,091	1,113	0,091	1,103	0,091	1,134	0,090
8:38:04	37,0	0,970	1,250	1,157	1,275	1,188	1,230	1,235	1,244	1,229	1,243	1,268	1,216	0,978	1,239	1,049	1,263	1,014	1,276	1,057	1,284	1,071	1,298	0,999	1,262	1,035	0,940	1,132	1,057	1,169	1,077	1,206	1,143	1,198	1,180	1,230	1,131	0,907	1,011	0,803	1,048	0,844	1,010	0,844	1,047	0,890	1,072	0,956	1,060	0,719	0,840	0,780	0,822	0,681	0,814	0,755	0,902	0,682	0,857	0,802	0,884	1,200	0,939	1,231	0,932	1,222	0,944	1,217	0,987	1,303	1,040	1,346	1,069	1,283	1,079	1,229	1,129	1,278	1,127	1,226	1,133	1,290	1,106	1,303	1,147	0,796	0,092	1,107	0,092	1,121	0,091	1,117	0,092	1,111	0,091	1,141	0,091
8:48:04	37,0	0,979	1,254	1,161	1,278	1,194	1,234	1,242	1,247	1,235	1,250	1,272	1,220	0,984	1,248	1,054	1,271	1,020	1,281	1,061	1,289	1,077	1,306	1,003	1,267	1,042	0,952	1,140	1,065	1,175	1,085	1,212	1,153	1,205	1,187	1,237	1,140	0,913	1,015	0,810	1,055	0,851	1,017	0,850	1,053	0,901	1,077	0,965	1,066	0,724	0,846	0,787	0,825	0,686	0,816	0,759	0,905	0,685	0,862	0,807	0,895	1,209	0,941	1,238	0,936	1,230	0,946	1,228	0,990	1,309	1,043	1,353	1,074	1,289	1,084	1,236	1,135	1,285	1,132	1,232	1,139	1,296	1,111	1,309	1,155	0,813	0,092	1,113	0,092	1,127	0,091	1,123	0,091	1,117	0,091	1,146	0,090
8:58:04	37,0	0,985	1,258	1,169	1,282	1,199	1,241	1,250	1,255	1,239	1,255	1,279	1,224	0,992	1,256	1,060	1,281	1,028	1,292	1,069	1,298	1,082	1,311	1,012	1,274	1,051	0,964	1,147	1,079	1,183	1,094	1,220	1,165	1,212	1,197	1,246	1,153	0,919	1,024	0,818	1,061	0,858	1,023	0,861	1,059	0,910	1,084	0,974	1,072	0,731	0,854	0,792	0,834	0,692	0,840	0,765	0,911	0,692	0,864	0,813	0,899	1,218	0,947	1,244	0,942	1,238	0,953	1,234	0,996	1,317	1,050	1,361	1,083	1,296	1,091	1,246	1,141	1,290	1,138	1,240	1,146	1,303	1,118	1,317	1,164	0,831	0,092	1,122	0,092	1,134	0,091	1,129	0,092	1,125	0,091	1,154	0,091
9:08:04	37,0	0,993	1,266	1,174	1,286	1,206	1,246	1,255	1,257	1,245	1,259	1,284	1,232	0,999	1,265	1,066	1,288	1,034	1,296	1,074	1,299	1,086	1,319	1,022	1,280	1,058	0,979	1,154	1,088	1,190	1,105	1,226	1,175	1,220	1,204	1,252	1,161	0,925	1,028	0,827	1,070	0,868	1,028	0,874	1,066	0,920	1,089	0,985	1,076	0,736	0,861	0,796	0,840	0,697	0,829	0,771	0,910	0,698	0,867	0,821	0,911	1,226	0,951	1,253	0,945	1,247	0,957	1,244	1,000	1,324	1,056	1,365	1,089	1,303	1,099	1,251	1,148	1,295	1,145	1,250	1,153	1,312	1,124	1,324	1,173	0,847	0,091	1,128	0,092	1,140	0,091	1,135	0,091	1,132	0,091	1,160	0,090
9:18:04	37,0	1,000	1,271	1,180	1,289	1,213	1,252	1,261	1,266	1,250	1,267	1,291	1,237	1,006	1,270	1,073	1,295	1,041	1,301	1,082	1,308	1,095	1,326	1,030	1,287	1,066	0,993	1,161	1,096	1,197	1,113	1,234	1,184	1,225	1,214	1,260	1,169	0,934	1,035	0,840	1,073	0,878	1,037	0,883	1,072	0,931	1,095	0,994	1,081	0,744	0,867	0,803	0,841	0,704	0,835	0,779	0,924	0,705	0,877	0,827	0,912	1,235	0,957	1,261	0,949	1,254	0,964	1,253	1,006	1,330	1,061	1,374	1,096	1,310	1,110	1,262	1,155	1,302	1,151	1,256	1,159	1,318	1,130	1,330	1,182	0,860	0,091	1,134	0,092	1,147	0,091	1,141	0,091	1,141	0,091	1,167	0,090
9:28:04	37,0	1,004	1,273	1,184	1,297	1,217	1,255	1,265	1,268	1,256	1,269	1,291	1,238	1,009	1,279	1,078	1,301	1,045	1,307	1,082	1,313	1,097	1,330	1,032	1,291	1,073	1,003	1,164	1,103	1,200	1,122	1,238	1,191	1,230	1,219	1,264	1,173	0,944	1,041	0,846	1,078	0,884	1,040	0,887	1,074	0,936	1,103	0,999	1,084	0,750	0,870	0,807	0,845	0,711	0,846	0,783	0,918	0,711	0,880	0,833	0,923	1,242	0,961	1,268	0,953	1,261	0,966	1,257	1,011	1,337	1,065	1,380	1,101	1,315	1,109	1,270	1,158	1,311	1,153	1,264	1,164	1,324	1,134	1,336	1,187	0,871	0,092	1,137	0,092	1,151	0,091	1,145	0,091	1,145	0,091	1,171	0,090
9:38:04	37,0	1,013	1,280	1,188	1,296	1,223	1,261	1,271	1,273	1,259	1,276	1,300	1,246	1,016	1,285	1,087	1,313	1,051	1,313	1,090	1,318	1,105	1,333	1,040	1,294	1,082	1,017	1,175	1,113	1,209	1,130	1,246	1,200	1,238	1,229	1,271	1,185	0,953	1,048	0,856	1,086	0,891	1,047	0,901	1,082	0,942	1,106	1,005	1,091	0,756	0,871	0,813	0,863	0,718	0,838	0,790	0,929	0,718	0,891	0,838	0,926	1,250	0,966	1,273	0,958	1,266	0,975	1,270	1,015	1,343	1,071	1,385	1,108	1,320	1,119	1,274	1,167	1,314	1,163	1,269	1,171	1,330	1,141	1,342	1,195	0,887	0,091	1,142	0,092	1,158	0,091	1,151	0,091	1,151	0,091	1,176	0,090
9:48:04	36,9	1,019	1,284	1,193	1,300	1,228	1,266	1,274	1,276	1,264	1,280	1,300	1,249	1,019	1,292	1,088	1,319	1,055	1,320	1,094	1,329	1,105	1,338	1,040	1,302	1,089	1,029	1,180	1,120	1,214	1,139	1,250	1,204	1,242	1,235	1,276	1,190	0,958	1,051	0,863	1,091	0,896	1,053	0,907	1,086	0,947	1,111	1,009	1,095	0,764	0,877	0,819	0,864	0,724	0,851	0,793	0,935	0,724	0,895	0,842	0,939	1,256	0,970	1,281	0,960	1,274	0,979	1,274	1,019	1,350	1,073	1,390	1,110	1,326	1,126	1,280	1,171	1,318	1,166	1,275	1,174	1,334	1,145	1,346	1,200	0,900	0,092	1,147	0,092	1,161	0,091	1,156	0,092	1,156	0,091	1,179	0,091
9:58:04	37,0	1,025	1,288	1,197	1,304	1,233	1,267	1,278	1,281	1,269	1,284	1,303	1,254	1,024	1,300	1,093	1,323	1,061	1,327	1,099	1,331	1,110	1,344	1,046	1,305	1,095	1,038	1,185	1,128	1,219	1,147	1,255	1,211	1,247	1,241	1,280	1,197	0,964	1,058	0,871	1,097	0,904	1,058	0,911	1,093	0,951	1,115	1,013	1,097	0,771	0,881	0,822	0,872	0,730	0,847	0,798	0,939	0,730	0,900	0,846	0,940	1,263	0,974	1,285	0,963	1,280	0,985	1,280	1,023	1,356	1,077	1,394	1,116	1,331	1,131	1,288	1,174	1,322	1,169	1,276	1,180	1,339	1,150	1,351	1,206	0,913	0,092	1,152	0,092	1,166	0,091	1,160	0,092	1,161	0,091	1,182	0,090
10:08:04	37,0	1,030	1,294	1,201	1,308	1,238	1,273	1,280	1,285	1,272	1,287	1,305	1,258	1,028	1,305	1,096	1,330	1,065	1,329	1,101	1,336	1,115	1,349	1,050	1,309	1,102	1,049	1,191	1,138	1,225	1,152	1,260	1,215	1,252	1,246	1,286	1,203	0,972	1,063	0,877	1,105	0,908	1,064	0,915	1,097	0,956	1,122	1,017	1,101	0,777	0,884	0,826	0,873	0,736	0,853	0,803	0,947	0,735	0,902	0,851	0,944	1,270	0,978	1,292	0,968	1,285	0,990	1,288	1,026	1,361	1,082	1,397	1,121	1,337	1,138	1,293	1,180	1,328	1,174	1,284	1,185	1,344	1,155	1,357	1,211	0,925	0,092	1,155	0,092	1,170	0,091	1,164	0,091	1,165	0,091	1,185	0,091
10:18:04	37,0	1,034	1,298	1,205	1,312	1,242	1,276	1,284	1,289	1,275	1,290	1,308	1,262	1,033	1,312	1,103	1,335	1,067	1,335	1,106	1,341	1,119	1,353	1,055	1,313	1,107	1,056	1,194	1,144	1,228	1,159	1,264	1,222	1,257	1,252	1,290	1,209	0,977	1,069	0,883	1,108	0,911	1,069	0,918	1,103	0,960	1,125	1,021	1,105	0,782	0,890	0,831	0,871	0,741	0,852	0,806	0,949	0,740	0,911	0,855	0,945	1,275	0,982	1,295	0,970	1,292	0,992	1,294	1,030	1,365	1,085	1,402	1,125	1,341	1,139	1,299	1,184	1,334	1,177	1,290	1,189	1,349	1,159	1,360	1,214	0,936	0,091	1,159	0,092	1,173	0,091	1,167	0,091	1,169	0,091	1,188	0,090
10:28:04	37,0	1,039	1,299	1,207	1,315	1,246	1,280	1,287	1,293	1,279	1,294	1,307	1,265	1,034	1,316	1,104	1,336	1,070	1,339	1,109	1,344	1,121	1,358	1,058	1,318	1,112	1,064	1,200	1,150	1,232	1,165	1,268	1,227	1,261	1,257	1,292	1,213	0,980	1,074	0,886	1,114	0,914	1,074	0,923	1,108	0,963	1,128	1,025	1,107	0,787	0,891	0,834	0,876	0,747	0,859	0,810	0,954	0,745	0,917	0,858	0,950	1,281	0,985	1,303	0,974	1,298	0,994	1,296	1,032	1,371	1,088	1,406	1,128	1,345	1,145	1,302	1,187	1,341	1,183	1,295	1,192	1,353	1,163	1,365	1,216	0,946	0,092	1,161	0,092	1,175	0,091	1,170	0,091	1,171	0,091	1,190	0,090
10:38:04	37,0	1,046	1,305	1,212	1,317	1,250	1,285	1,290	1,298	1,281	1,298	1,313	1,270	1,041	1,321	1,111	1,344	1,075	1,343	1,114	1,348	1,127	1,362	1,065	1,321	1,117	1,075	1,207	1,157	1,238	1,172	1,274	1,233	1,266	1,263	1,298	1,221	0,984	1,080	0,890	1,119	0,917	1,081	0,924	1,113	0,968	1,135	1,030	1,112	0,794	0,896	0,840	0,886	0,752	0,868	0,814	0,955	0,749	0,920	0,863	0,955	1,288	0,990	1,309	0,979	1,303	1,000	1,306	1,037	1,375	1,093	1,409	1,135	1,350	1,150	1,307	1,192	1,342	1,186	1,299	1,198	1,358	1,169	1,370	1,222	0,956	0,092	1,165	0,092	1,180	0,091	1,175	0,092	1,175	0,091	1,193	0,091
10:48:04	37,0	1,050	1,309	1,216	1,322	1,253	1,290	1,292	1,303	1,284	1,300	1,317	1,274	1,045	1,326	1,113	1,348	1,079	1,347	1,119	1,354	1,133	1,365	1,071	1,326	1,123	1,084	1,213	1,164	1,243	1,177	1,278	1,238	1,272	1,268	1,302	1,227	0,986	1,084	0,894	1,127	0,921	1,087	0,929	1,118	0,972	1,142	1,034	1,116	0,801	0,904	0,844	0,888	0,757	0,871	0,818	0,963	0,755	0,918	0,868	0,958	1,294	0,998	1,316	0,983	1,309	1,004	1,314	1,042	1,379	1,098	1,413	1,141	1,353	1,155	1,312	1,196	1,347	1,191	1,305	1,202	1,363	1,173	1,375	1,227	0,967	0,092	1,169	0,092	1,184	0,091	1,179	0,092	1,180	0,091	1,196	0,091
10:58:04	37,0	1,056	1,312	1,220	1,324	1,255	1,294	1,295	1,305	1,286	1,304	1,321	1,279	1,050	1,329	1,120	1,351	1,086	1,350	1,124	1,356	1,138	1,369	1,077	1,330	1,129	1,093	1,221	1,169	1,249	1,182	1,283	1,242	1,277	1,273	1,306	1,231	0,989	1,092	0,898	1,132	0,924	1,095	0,934	1,124	0,976	1,148	1,038	1,120	0,807	0,908	0,848	0,894	0,762	0,868	0,822	0,968	0,760	0,924	0,873	0,965	1,299	1,003	1,321	0,988	1,314	1,009	1,322	1,046	1,383	1,103	1,416	1,146	1,359	1,159	1,317	1,201	1,352	1,198	1,310	1,206	1,368	1,177	1,378	1,231	0,976	0,092	1,172	0,093	1,187	0,091	1,183	0,092	1,183	0,091	1,200	0,090
11:08:04	37,0	1,060	1,316	1,224	1,328	1,259	1,297	1,297	1,310	1,289	1,308	1,322	1,283	1,052	1,334	1,124	1,360	1,090	1,355	1,128	1,361	1,141	1,373	1,081	1,335	1,133	1,098	1,224	1,175	1,252	1,185	1,286	1,246	1,279	1,278	1,309	1,235	0,992	1,095	0,900	1,138	0,927	1,102	0,937	1,128	0,980	1,153	1,043	1,125	0,812	0,911	0,852	0,891	0,767	0,871	0,826	0,964	0,765	0,927	0,877	0,967	1,305	1,007	1,325	0,992	1,319	1,014	1,326	1,049	1,387	1,106	1,419	1,150	1,362	1,163	1,320	1,204	1,357	1,201	1,315	1,210	1,374	1,182	1,382	1,234	0,986	0,092	1,174	0,093	1,191	0,091	1,186	0,092	1,186	0,091	1,203	0,091
11:18:04	37,0	1,063	1,320	1,226	1,329	1,260	1,300	1,300	1,312	1,290	1,313	1,323	1,286	1,056	1,339	1,127	1,363	1,097	1,360	1,130	1,364	1,145	1,377	1,086	1,342	1,138	1,105	1,229	1,179	1,255	1,189	1,289	1,249	1,283	1,281	1,312	1,238	0,994	1,101	0,904	1,142	0,930	1,106	0,940	1,133	0,984	1,157	1,047	1,129	0,815	0,918	0,855	0,895	0,771	0,876	0,829	0,970	0,768	0,933	0,882	0,968	1,310	1,011	1,328	0,995	1,323	1,021	1,333	1,050	1,390	1,110	1,422	1,154	1,365	1,166	1,325	1,209	1,359	1,204	1,317	1,214	1,377	1,185	1,385	1,237	0,994	0,092	1,177	0,092	1,194	0,091	1,188	0,092	1,188	0,091	1,205	0,090
11:28:04	37,0	1,068	1,321	1,230	1,335	1,263	1,303	1,298	1,316	1,291	1,314	1,320	1,287	1,058	1,344	1,128	1,367	1,095	1,362	1,132	1,367	1,146	1,380	1,083	1,343	1,144	1,109	1,230	1,183	1,257	1,193	1,292	1,253	1,284	1,284	1,315	1,240	0,998	1,104	0,907	1,146	0,932	1,107	0,942	1,135	0,987	1,157	1,050	1,129	0,818	0,920	0,856	0,903	0,774	0,878	0,831	0,971	0,773	0,936	0,887	0,977	1,315	1,014	1,336	0,995	1,329	1,019	1,335	1,052	1,392	1,110	1,424	1,156	1,369	1,169	1,328	1,209	1,362	1,204	1,319	1,216	1,379	1,187	1,388	1,238	1,002	0,092	1,178	0,092	1,194	0,091	1,189	0,092	1,188	0,091	1,205	0,091
11:38:04	37,0	1,070	1,323	1,230	1,337	1,266	1,304	1,299	1,318	1,292	1,316	1,321	1,291	1,060	1,346	1,130	1,369	1,098	1,365	1,136	1,373	1,148	1,383	1,088	1,344	1,148	1,115	1,234	1,187	1,260	1,196	1,294	1,256	1,288	1,286	1,318	1,243	1,001	1,108	0,908	1,149	0,934	1,112	0,945	1,139	0,990	1,161	1,054	1,131	0,821	0,918	0,858	0,916	0,779	0,887	0,833	0,975	0,777	0,941	0,890	0,978	1,320	1,016	1,341	0,998	1,333	1,022	1,339	1,056	1,395	1,113	1,427	1,159	1,372	1,170	1,331	1,211	1,365	1,207	1,324	1,219	1,381	1,191	1,390	1,239	1,009	0,092	1,180	0,092	1,196	0,091	1,192	0,092	1,190	0,091	1,205	0,091
11:48:04	37,0	1,074	1,325	1,233	1,338	1,266	1,307	1,301	1,319	1,293	1,320	1,323	1,293	1,063	1,350	1,134	1,369	1,098	1,371	1,139	1,378	1,150	1,386	1,091	1,345	1,152	1,122	1,239	1,189	1,263	1,200	1,298	1,260	1,290	1,290	1,320	1,246	1,003	1,113	0,911	1,154	0,936	1,116	0,948	1,144	0,993	1,165	1,057	1,135	0,824	0,919	0,859	0,911	0,783	0,893	0,836	0,976	0,781	0,939	0,894	0,979	1,323	1,019	1,343	1,002	1,338	1,024	1,346	1,058	1,397	1,116	1,428	1,163	1,374	1,172	1,335	1,212	1,369	1,209	1,329	1,222	1,385	1,194	1,394	1,241	1,016	0,092	1,181	0,092	1,198	0,091	1,194	0,091	1,192	0,091	1,208	0,090
11:58:04	37,0	1,079	1,328	1,234	1,341	1,266	1,311	1,301	1,323	1,292	1,321	1,323	1,295	1,065	1,352	1,136	1,373	1,101	1,370	1,137	1,376	1,151	1,387	1,091	1,348	1,157	1,126	1,241	1,193	1,266	1,203	1,300	1,260	1,293	1,294	1,322	1,248	1,005	1,117	0,915	1,158	0,938	1,121	0,951	1,146	0,997	1,169	1,060	1,137	0,827	0,921	0,862	0,895	0,784	0,887	0,839	0,971	0,784	0,944	0,897	0,982	1,328	1,023	1,346	1,005	1,341	1,026	1,349	1,060	1,401	1,118	1,431	1,165	1,375	1,173	1,338	1,213	1,370	1,211	1,331	1,225	1,388	1,196	1,398	1,243	1,023	0,092	1,183	0,092	1,199	0,091	1,196	0,091	1,194	0,091	1,209	0,091
12:08:04	37,0	1,080	1,329	1,233	1,341	1,266	1,311	1,302	1,323	1,293	1,321	1,321	1,295	1,065	1,355	1,136	1,379	1,102	1,376	1,139	1,385	1,150	1,390	1,090	1,349	1,158	1,130	1,245	1,198	1,268	1,207	1,302	1,263	1,294	1,296	1,324	1,248	1,007	1,119	0,916	1,164	0,940	1,124	0,952	1,149	0,998	1,171	1,064	1,139	0,828	0,921	0,864	0,909	0,788	0,884	0,842	0,974	0,788	0,947	0,898	0,984	1,331	1,024	1,350	1,005	1,344	1,026	1,352	1,061	1,403	1,120	1,433	1,166	1,378	1,173	1,341	1,214	1,375	1,214	1,333	1,225	1,391	1,198	1,400	1,243	1,028	0,092	1,182	0,092	1,200	0,091	1,198	0,092	1,194	0,091	1,209	0,091
12:18:04	37,0	1,083	1,331	1,236	1,341	1,268	1,313	1,303	1,327	1,293	1,323	1,323	1,298	1,067	1,362	1,136	1,381	1,104	1,377	1,143	1,383	1,151	1,393	1,093	1,350	1,163	1,135	1,245	1,202	1,271	1,212	1,303	1,268	1,296	1,299	1,325	1,252	1,010	1,125	0,919	1,166	0,941	1,128	0,956	1,154	1,002	1,171	1,066	1,140	0,830	0,917	0,865	0,913	0,791	0,905	0,843	0,980	0,791	0,949	0,899	0,984	1,334	1,027	1,352	1,007	1,348	1,031	1,354	1,064	1,405	1,122	1,435	1,168	1,379	1,175	1,345	1,215	1,377	1,214	1,338	1,228	1,393	1,200	1,403	1,244	1,033	0,092	1,183	0,093	1,201	0,091	1,199	0,092	1,195	0,091	1,210	0,091
12:28:04	37,0	1,084	1,329	1,233	1,343	1,267	1,314	1,302	1,329	1,292	1,325	1,320	1,298	1,067	1,365	1,137	1,381	1,102	1,379	1,141	1,388	1,151	1,393	1,091	1,355	1,166	1,138	1,245	1,203	1,271	1,215	1,302	1,270	1,299	1,300	1,324	1,251	1,012	1,127	0,919	1,165	0,942	1,132	0,952	1,155	1,003	1,174	1,068	1,140	0,833	0,917	0,865	0,913	0,793	0,902	0,843	0,974	0,793	0,955	0,899	0,987	1,336	1,029	1,356	1,007	1,350	1,027	1,354	1,063	1,407	1,121	1,437	1,169	1,380	1,176	1,346	1,212	1,383	1,216	1,338	1,229	1,395	1,201	1,403	1,243	1,034	0,092	1,182	0,092	1,200	0,091	1,198	0,092	1,195	0,091	1,209	0,091
12:38:04	37,0	1,085	1,328	1,231	1,339	1,266	1,313	1,301	1,331	1,289	1,325	1,318	1,298	1,067	1,367	1,136	1,384	1,101	1,382	1,140	1,388	1,147	1,395	1,090	1,354	1,167	1,141	1,250	1,208	1,273	1,216	1,304	1,271	1,300	1,302	1,326	1,253	1,013	1,131	0,920	1,167	0,943	1,133	0,952	1,155	1,004	1,177	1,069	1,138	0,833	0,920	0,864	0,889	0,794	0,900	0,846	0,978	0,794	0,953	0,899	0,996	1,339	1,022	1,359	1,008	1,356	1,025	1,357	1,063	1,407	1,122	1,438	1,167	1,381	1,175	1,349	1,215	1,379	1,215	1,341	1,228	1,397	1,201	1,406	1,242	1,036	0,092	1,181	0,093	1,198	0,091	1,195	0,092	1,192	0,091	1,207	0,091
12:48:04	37,0	1,087	1,331	1,230	1,340	1,266	1,315	1,301	1,330	1,289	1,325	1,316	1,298	1,068	1,369	1,136	1,387	1,100	1,384	1,142	1,393	1,149	1,394	1,089	1,353	1,171	1,146	1,253	1,210	1,276	1,219	1,307	1,274	1,302	1,303	1,327	1,255	1,014	1,134	0,921	1,171	0,944	1,141	0,952	1,159	1,006	1,179	1,072	1,139	0,836	0,918	0,867	0,899	0,797	0,908	0,848	0,980	0,798	0,954	0,898	0,991	1,339	1,023	1,361	1,008	1,356	1,029	1,360	1,064	1,409	1,123	1,439	1,168	1,383	1,177	1,353	1,214	1,384	1,216	1,343	1,230	1,399	1,203	1,407	1,243	1,039	0,092	1,182	0,092	1,199	0,091	1,196	0,091	1,193	0,091	1,207	0,091
12:58:04	37,0	1,087	1,329	1,229	1,339	1,264	1,315	1,300	1,332	1,286	1,327	1,317	1,300	1,067	1,373	1,138	1,388	1,100	1,383	1,143	1,389	1,148	1,397	1,091	1,352	1,172	1,148	1,256	1,214	1,276	1,221	1,306	1,276	1,302	1,306	1,328	1,256	1,016	1,138	0,919	1,171	0,945	1,139	0,957	1,160	1,007	1,182	1,074	1,140	0,837	0,923	0,867	0,898	0,799	0,906	0,850	0,978	0,800	0,953	0,898	0,997	1,342	1,021	1,364	1,013	1,363	1,028	1,363	1,067	1,410	1,125	1,440	1,170	1,384	1,176	1,353	1,215	1,385	1,217	1,347	1,232	1,400	1,205	1,410	1,243	1,040	0,092	1,181	0,092	1,198	0,091	1,196	0,092	1,192	0,091	1,206	0,090
13:08:04	37,0	1,090	1,330	1,230	1,343	1,265	1,316	1,302	1,333	1,288	1,328	1,316	1,302	1,068	1,375	1,140	1,391	1,102	1,390	1,143	1,394	1,150	1,399	1,093	1,353	1,174	1,154	1,255	1,216	1,279	1,222	1,309	1,280	1,304	1,310	1,329	1,260	1,017	1,141	0,921	1,173	0,946	1,143	0,954	1,165	1,009	1,184	1,075	1,141	0,838	0,918	0,871	0,908	0,800	0,900	0,850	0,972	0,801	0,958	0,897	0,997	1,343	1,022	1,367	1,015	1,366	1,031	1,363	1,070	1,411	1,127	1,440	1,172	1,385	1,175	1,360	1,216	1,388	1,217	1,350	1,233	1,401	1,206	1,410	1,243	1,043	0,092	1,182	0,092	1,198	0,091	1,196	0,092	1,191	0,091	1,206	0,091
13:18:04	37,0	1,090	1,331	1,228	1,343	1,263	1,317	1,300	1,332	1,285	1,327	1,316	1,302	1,069	1,377	1,139	1,393	1,101	1,385	1,145	1,392	1,149	1,400	1,093	1,350	1,175	1,157	1,259	1,219	1,280	1,226	1,310	1,280	1,305	1,312	1,328	1,261	1,018	1,144	0,922	1,175	0,946	1,148	0,952	1,165	1,009	1,185	1,076	1,141	0,841	0,917	0,870	0,900	0,802	0,905	0,850	0,968	0,801	0,957	0,896	0,996	1,345	1,022	1,369	1,014	1,367	1,034	1,365	1,071	1,412	1,129	1,443	1,173	1,387	1,177	1,361	1,218	1,391	1,218	1,353	1,234	1,404	1,208	1,412	1,243	1,046	0,092	1,181	0,093	1,197	0,091	1,196	0,092	1,192	0,091	1,206	0,091
13:28:04	37,0	1,092	1,334	1,227	1,344	1,264	1,318	1,300	1,332	1,286	1,328	1,315	1,304	1,071	1,380	1,140	1,393	1,104	1,388	1,146	1,396	1,150	1,400	1,089	1,351	1,178	1,161	1,261	1,220	1,282	1,228	1,312	1,280	1,306	1,313	1,330	1,263	1,020	1,149	0,923	1,180	0,948	1,151	0,959	1,167	1,011	1,187	1,078	1,140	0,844	0,918	0,872	0,919	0,805	0,904	0,852	0,969	0,802	0,959	0,894	0,997	1,346	1,023	1,369	1,012	1,364	1,036	1,368	1,070	1,415	1,131	1,444	1,175	1,387	1,182	1,362	1,218	1,396	1,222	1,355	1,236	1,406	1,209	1,413	1,243	1,050	0,092	1,183	0,092	1,198	0,091	1,197	0,092	1,193	0,091	1,205	0,091
13:38:04	37,0	1,092	1,333	1,226	1,344	1,264	1,319	1,298	1,335	1,286	1,329	1,315	1,305	1,071	1,381	1,142	1,395	1,103	1,389	1,147	1,397	1,149	1,402	1,092	1,350	1,180	1,162	1,263	1,223	1,283	1,230	1,312	1,283	1,308	1,314	1,331	1,265	1,021	1,150	0,923	1,181	0,948	1,153	0,954	1,168	1,012	1,190	1,080	1,142	0,845	0,920	0,873	0,898	0,807	0,907	0,852	0,969	0,802	0,962	0,893	1,001	1,349	1,025	1,374	1,017	1,369	1,035	1,369	1,071	1,416	1,132	1,445	1,176	1,388	1,183	1,365	1,220	1,393	1,222	1,354	1,238	1,408	1,211	1,415	1,243	1,052	0,092	1,181	0,092	1,198	0,091	1,196	0,092	1,193	0,091	1,206	0,090
13:48:04	37,0	1,094	1,335	1,226	1,345	1,263	1,321	1,298	1,333	1,284	1,331	1,315	1,306	1,071	1,383	1,141	1,394	1,104	1,389	1,147	1,398	1,148	1,401	1,093	1,349	1,181	1,166	1,265	1,224	1,285	1,232	1,314	1,282	1,308	1,316	1,331	1,267	1,022	1,155	0,924	1,184	0,949	1,159	0,958	1,170	1,013	1,190	1,081	1,141	0,846	0,921	0,872	0,912	0,809	0,903	0,852	0,966	0,802	0,965	0,892	1,000	1,350	1,024	1,374	1,015	1,371	1,041	1,373	1,073	1,417	1,133	1,446	1,178	1,389	1,183	1,369	1,221	1,395	1,222	1,360	1,239	1,409	1,212	1,416	1,244	1,055	0,092	1,182	0,092	1,199	0,091	1,198	0,092	1,193	0,091	1,206	0,091
13:58:04	37,0	1,095	1,336	1,226	1,344	1,263	1,321	1,298	1,336	1,283	1,330	1,315	1,307	1,071	1,382	1,141	1,397	1,104	1,391	1,148	1,397	1,149	1,404	1,094	1,347	1,184	1,169	1,266	1,227	1,286	1,233	1,314	1,286	1,309	1,317	1,332	1,267	1,024	1,159	0,925	1,185	0,949	1,160	0,955	1,170	1,014	1,192	1,083	1,141	0,846	0,918	0,872	0,899	0,810	0,902	0,852	0,965	0,803	0,960	0,891	1,002	1,351	1,027	1,376	1,019	1,373	1,041	1,375	1,074	1,417	1,135	1,448	1,180	1,389	1,183	1,369	1,225	1,397	1,222	1,360	1,240	1,410	1,214	1,417	1,243	1,057	0,092	1,182	0,092	1,199	0,091	1,199	0,092	1,194	0,091	1,206	0,091
14:08:04	37,0	1,095	1,335	1,224	1,345	1,262	1,321	1,297	1,338	1,282	1,331	1,315	1,308	1,071	1,385	1,142	1,399	1,105	1,389	1,148	1,398	1,147	1,404	1,095	1,347	1,184	1,170	1,267	1,229	1,287	1,234	1,315	1,286	1,309	1,318	1,333	1,267	1,025	1,159	0,925	1,186	0,950	1,162	0,955	1,172	1,014	1,193	1,084	1,141	0,847	0,918	0,871	0,897	0,811	0,913	0,852	0,961	0,803	0,960	0,890	1,006	1,353	1,027	1,380	1,019	1,375	1,044	1,376	1,078	1,419	1,137	1,448	1,181	1,390	1,181	1,373	1,223	1,398	1,223	1,364	1,242	1,412	1,215	1,418	1,244	1,059	0,092	1,182	0,093	1,199	0,091	1,198	0,092	1,193	0,091	1,206	0,091
14:18:04	37,0	1,095	1,335	1,225	1,344	1,260	1,322	1,298	1,339	1,280	1,333	1,313	1,310	1,070	1,384	1,142	1,399	1,107	1,387	1,148	1,396	1,148	1,405	1,095	1,345	1,186	1,171	1,267	1,230	1,288	1,234	1,316	1,287	1,308	1,318	1,334	1,266	1,025	1,161	0,926	1,187	0,950	1,161	0,957	1,173	1,014	1,193	1,085	1,141	0,847	0,919	0,871	0,899	0,811	0,901	0,851	0,961	0,803	0,957	0,889	1,003	1,351	1,029	1,380	1,020	1,378	1,044	1,376	1,080	1,418	1,139	1,449	1,182	1,389	1,179	1,369	1,224	1,400	1,223	1,361	1,243	1,413	1,217	1,419	1,244	1,060	0,092	1,181	0,092	1,198	0,091	1,198	0,092	1,193	0,091	1,206	0,091
14:28:04	37,0	1,096	1,335	1,222	1,345	1,261	1,322	1,295	1,338	1,278	1,334	1,313	1,311	1,071	1,385	1,143	1,401	1,107	1,389	1,149	1,400	1,148	1,405	1,092	1,347	1,188	1,175	1,269	1,232	1,289	1,236	1,316	1,288	1,309	1,319	1,333	1,266	1,026	1,163	0,926	1,189	0,950	1,164	0,957	1,173	1,014	1,194	1,085	1,138	0,846	0,917	0,871	0,902	0,810	0,903	0,850	0,958	0,802	0,960	0,887	1,003	1,354	1,030	1,380	1,022	1,376	1,047	1,380	1,079	1,420	1,141	1,449	1,183	1,390	1,184	1,373	1,223	1,401	1,224	1,364	1,244	1,414	1,218	1,419	1,243	1,063	0,092	1,182	0,092	1,198	0,091	1,198	0,092	1,192	0,091	1,204	0,091
14:38:04	37,0	1,095	1,335	1,222	1,344	1,259	1,324	1,294	1,338	1,277	1,335	1,311	1,312	1,070	1,386	1,142	1,398	1,106	1,391	1,148	1,399	1,147	1,405	1,094	1,345	1,189	1,177	1,269	1,231	1,289	1,237	1,315	1,287	1,308	1,318	1,333	1,265	1,027	1,164	0,927	1,189	0,950	1,164	0,956	1,174	1,015	1,195	1,086	1,139	0,845	0,918	0,869	0,897	0,810	0,907	0,850	0,956	0,802	0,959	0,886	1,006	1,355	1,031	1,381	1,022	1,379	1,048	1,380	1,081	1,420	1,141	1,450	1,185	1,390	1,183	1,374	1,226	1,399	1,227	1,364	1,245	1,415	1,219	1,419	1,244	1,066	0,092	1,182	0,093	1,198	0,091	1,198	0,092	1,193	0,091	1,205	0,091
14:48:04	37,0	1,095	1,336	1,219	1,344	1,257	1,323	1,292	1,341	1,276	1,335	1,309	1,312	1,068	1,387	1,143	1,402	1,106	1,388	1,146	1,399	1,144	1,405	1,092	1,344	1,190	1,179	1,269	1,232	1,289	1,235	1,315	1,288	1,309	1,318	1,334	1,264	1,026	1,165	0,926	1,188	0,950	1,163	0,957	1,173	1,014	1,193	1,085	1,137	0,846	0,920	0,867	0,892	0,810	0,907	0,848	0,955	0,801	0,954	0,885	1,004	1,357	1,033	1,383	1,025	1,381	1,049	1,381	1,083	1,421	1,142	1,451	1,184	1,390	1,180	1,373	1,225	1,401	1,227	1,365	1,245	1,414	1,220	1,419	1,243	1,067	0,092	1,181	0,092	1,197	0,091	1,199	0,092	1,193	0,091	1,204	0,091
14:58:04	37,0	1,096	1,339	1,223	1,345	1,260	1,325	1,293	1,339	1,276	1,337	1,312	1,315	1,071	1,387	1,143	1,401	1,106	1,390	1,150	1,400	1,149	1,405	1,096	1,342	1,191	1,182	1,272	1,233	1,292	1,238	1,319	1,287	1,311	1,319	1,334	1,266	1,028	1,170	0,927	1,193	0,950	1,169	0,961	1,174	1,015	1,196	1,086	1,138	0,845	0,914	0,867	0,913	0,809	0,908	0,848	0,953	0,801	0,955	0,884	1,002	1,355	1,035	1,381	1,025	1,377	1,054	1,383	1,084	1,423	1,145	1,451	1,189	1,391	1,189	1,376	1,231	1,407	1,231	1,367	1,247	1,414	1,222	1,421	1,246	1,071	0,092	1,184	0,092	1,200	0,091	1,202	0,092	1,195	0,091	1,206	0,091
15:08:04	37,0	1,096	1,337	1,221	1,345	1,259	1,326	1,291	1,340	1,277	1,337	1,311	1,317	1,071	1,388	1,141	1,401	1,107	1,389	1,149	1,400	1,146	1,404	1,095	1,344	1,194	1,183	1,273	1,233	1,292	1,238	1,316	1,288	1,310	1,318	1,333	1,265	1,028	1,171	0,927	1,192	0,951	1,169	0,960	1,176	1,015	1,198	1,086	1,137	0,845	0,914	0,866	0,898	0,809	0,908	0,848	0,952	0,801	0,956	0,883	1,005	1,357	1,038	1,384	1,026	1,380	1,055	1,384	1,085	1,423	1,147	1,452	1,190	1,391	1,191	1,374	1,233	1,405	1,234	1,366	1,249	1,415	1,224	1,422	1,247	1,073	0,092	1,185	0,093	1,200	0,091	1,202	0,092	1,195	0,091	1,206	0,091
15:18:04	37,0	1,096	1,336	1,220	1,344	1,257	1,326	1,290	1,341	1,273	1,339	1,308	1,318	1,068	1,388	1,140	1,403	1,107	1,391	1,147	1,401	1,144	1,405	1,094	1,343	1,194	1,184	1,273	1,233	1,291	1,238	1,316	1,287	1,311	1,317	1,333	1,263	1,027	1,170	0,927	1,192	0,950	1,170	0,958	1,175	1,014	1,197	1,086	1,134	0,843	0,915	0,864	0,899	0,807	0,913	0,845	0,950	0,800	0,957	0,882	1,006	1,356	1,038	1,383	1,026	1,382	1,054	1,384	1,087	1,423	1,146	1,453	1,190	1,389	1,191	1,376	1,231	1,404	1,235	1,370	1,249	1,416	1,223	1,421	1,245	1,073	0,092	1,184	0,093	1,199	0,091	1,201	0,092	1,194	0,091	1,205	0,091
15:28:04	37,0	1,094	1,336	1,217	1,344	1,255	1,324	1,288	1,343	1,271	1,340	1,305	1,317	1,066	1,388	1,140	1,402	1,107	1,389	1,147	1,401	1,144	1,405	1,097	1,341	1,195	1,183	1,273	1,232	1,291	1,238	1,316	1,287	1,309	1,317	1,333	1,263	1,027	1,172	0,926	1,192	0,950	1,167	0,959	1,174	1,013	1,195	1,085	1,133	0,842	0,917	0,861	0,900	0,806	0,907	0,844	0,948	0,800	0,954	0,881	1,007	1,357	1,038	1,384	1,027	1,384	1,055	1,383	1,090	1,423	1,147	1,453	1,190	1,389	1,186	1,376	1,233	1,403	1,234	1,370	1,250	1,416	1,224	1,421	1,246	1,074	0,092	1,182	0,093	1,198	0,091	1,200	0,092	1,194	0,091	1,205	0,091
15:38:04	37,0	1,091	1,336	1,214	1,341	1,252	1,323	1,284	1,343	1,270	1,340	1,301	1,315	1,064	1,389	1,138	1,402	1,105	1,390	1,142	1,400	1,138	1,406	1,094	1,339	1,195	1,183	1,272	1,232	1,291	1,236	1,315	1,286	1,309	1,315	1,334	1,260	1,027	1,173	0,925	1,188	0,949	1,167	0,961	1,173	1,011	1,193	1,083	1,133	0,840	0,918	0,858	0,887	0,806	0,903	0,841	0,951	0,798	0,947	0,880	1,012	1,358	1,039	1,386	1,029	1,386	1,056	1,385	1,089	1,423	1,147	1,452	1,189	1,389	1,185	1,376	1,230	1,402	1,232	1,367	1,249	1,416	1,225	1,422	1,245	1,074	0,092	1,179	0,093	1,196	0,091	1,200	0,092	1,191	0,091	1,203	0,091
15:48:04	37,0	1,090	1,335	1,211	1,341	1,250	1,322	1,282	1,343	1,267	1,340	1,299	1,315	1,062	1,390	1,137	1,403	1,106	1,389	1,141	1,403	1,137	1,403	1,091	1,338	1,195	1,184	1,272	1,232	1,290	1,236	1,315	1,285	1,309	1,314	1,332	1,258	1,026	1,173	0,925	1,188	0,948	1,167	0,958	1,173	1,009	1,191	1,081	1,130	0,839	0,917	0,856	0,895	0,804	0,905	0,839	0,947	0,798	0,943	0,878	1,009	1,358	1,040	1,386	1,029	1,388	1,057	1,384	1,089	1,423	1,147	1,451	1,188	1,389	1,185	1,375	1,231	1,401	1,232	1,367	1,250	1,415	1,225	1,422	1,244	1,075	0,092	1,179	0,092	1,196	0,091	1,198	0,092	1,190	0,091	1,201	0,091
15:58:04	37,0	1,089	1,334	1,212	1,342	1,249	1,323	1,281	1,342	1,265	1,339	1,298	1,317	1,062	1,388	1,136	1,400	1,106	1,387	1,141	1,399	1,136	1,402	1,092	1,337	1,196	1,184	1,273	1,233	1,291	1,236	1,315	1,286	1,308	1,314	1,332	1,258	1,026	1,174	0,925	1,188	0,947	1,168	0,958	1,173	1,009	1,191	1,080	1,131	0,838	0,915	0,853	0,879	0,803	0,909	0,838	0,942	0,798	0,948	0,877	1,007	1,357	1,042	1,387	1,030	1,387	1,058	1,385	1,090	1,422	1,148	1,452	1,189	1,388	1,185	1,376	1,233	1,402	1,233	1,367	1,250	1,416	1,226	1,422	1,245	1,076	0,092	1,178	0,092	1,195	0,091	1,198	0,092	1,191	0,091	1,201	0,091
16:08:04	37,0	1,090	1,334	1,213	1,343	1,250	1,322	1,282	1,342	1,266	1,339	1,299	1,318	1,061	1,386	1,135	1,401	1,105	1,388	1,143	1,397	1,137	1,402	1,094	1,337	1,195	1,186	1,274	1,233	1,292	1,237	1,315	1,286	1,309	1,312	1,329	1,259	1,026	1,177	0,926	1,190	0,948	1,170	0,955	1,172	1,009	1,192	1,079	1,130	0,836	0,910	0,852	0,893	0,803	0,911	0,837	0,934	0,798	0,947	0,876	1,004	1,358	1,044	1,389	1,031	1,388	1,060	1,385	1,093	1,423	1,152	1,452	1,193	1,388	1,187	1,380	1,237	1,405	1,235	1,370	1,253	1,416	1,228	1,422	1,246	1,078	0,092	1,180	0,093	1,196	0,091	1,199	0,092	1,192	0,091	1,202	0,091
16:18:04	37,0	1,088	1,334	1,213	1,341	1,249	1,325	1,280	1,342	1,263	1,340	1,297	1,319	1,060	1,387	1,133	1,398	1,103	1,387	1,143	1,395	1,137	1,401	1,091	1,336	1,196	1,186	1,274	1,233	1,291	1,237	1,315	1,285	1,309	1,311	1,330	1,257	1,026	1,178	0,925	1,191	0,947	1,170	0,952	1,171	1,007	1,193	1,077	1,129	0,835	0,910	0,849	0,883	0,801	0,903	0,835	0,933	0,798	0,947	0,876	1,002	1,357	1,044	1,386	1,031	1,388	1,062	1,386	1,092	1,423	1,152	1,452	1,193	1,388	1,191	1,380	1,238	1,406	1,238	1,369	1,252	1,417	1,229	1,421	1,246	1,078	0,092	1,180	0,092	1,196	0,091	1,199	0,092	1,192	0,091	1,201	0,091
16:28:04	37,0	1,087	1,333	1,210	1,342	1,248	1,322	1,278	1,344	1,261	1,338	1,295	1,319	1,058	1,386	1,132	1,400	1,103	1,387	1,142	1,396	1,134	1,401	1,089	1,335	1,197	1,186	1,272	1,232	1,290	1,235	1,315	1,281	1,307	1,310	1,329	1,255	1,024	1,176	0,924	1,191	0,946	1,170	0,951	1,171	1,007	1,191	1,076	1,127	0,834	0,909	0,847	0,889	0,799	0,911	0,834	0,931	0,796	0,945	0,875	1,002	1,357	1,046	1,386	1,033	1,386	1,061	1,387	1,092	1,423	1,153	1,452	1,194	1,386	1,192	1,380	1,237	1,404	1,239	1,371	1,254	1,416	1,229	1,421	1,246	1,079	0,092	1,180	0,093	1,196	0,091	1,199	0,092	1,192	0,091	1,201	0,091
16:38:04	37,0	1,085	1,332	1,208	1,338	1,245	1,322	1,276	1,343	1,257	1,339	1,291	1,319	1,056	1,385	1,131	1,397	1,103	1,386	1,140	1,396	1,133	1,400	1,087	1,334	1,198	1,187	1,271	1,231	1,289	1,233	1,313	1,280	1,306	1,309	1,328	1,253	1,024	1,175	0,923	1,190	0,945	1,168	0,950	1,170	1,005	1,190	1,074	1,125	0,832	0,910	0,845	0,890	0,799	0,901	0,833	0,929	0,796	0,942	0,875	1,001	1,354	1,047	1,387	1,032	1,388	1,063	1,387	1,093	1,423	1,153	1,452	1,193	1,384	1,189	1,378	1,238	1,404	1,239	1,369	1,254	1,417	1,229	1,421	1,246	1,080	0,092	1,179	0,092	1,195	0,091	1,198	0,092	1,191	0,091	1,200	0,091
16:48:04	37,0	1,085	1,332	1,209	1,340	1,243	1,323	1,275	1,343	1,258	1,337	1,292	1,319	1,055	1,384	1,128	1,396	1,102	1,385	1,138	1,395	1,131	1,399	1,092	1,333	1,196	1,189	1,271	1,231	1,289	1,233	1,313	1,280	1,305	1,309	1,327	1,254	1,023	1,175	0,923	1,189	0,945	1,168	0,955	1,170	1,004	1,190	1,074	1,127	0,831	0,910	0,842	0,893	0,798	0,904	0,832	0,928	0,795	0,939	0,875	0,998	1,355	1,050	1,387	1,035	1,387	1,064	1,385	1,097	1,422	1,155	1,452	1,195	1,384	1,190	1,376	1,239	1,405	1,240	1,370	1,254	1,416	1,231	1,422	1,247	1,081	0,092	1,178	0,092	1,195	0,091	1,199	0,092	1,191	0,091	1,202	0,091
16:58:04	37,0	1,083	1,332	1,205	1,339	1,242	1,324	1,271	1,342	1,257	1,339	1,288	1,319	1,053	1,384	1,126	1,396	1,102	1,387	1,135	1,395	1,128	1,399	1,090	1,330	1,199	1,188	1,272	1,230	1,288	1,232	1,313	1,278	1,305	1,307	1,326	1,252	1,022	1,176	0,922	1,186	0,944	1,165	0,955	1,170	1,002	1,190	1,072	1,126	0,829	0,909	0,840	0,890	0,798	0,904	0,831	0,920	0,795	0,932	0,875	1,000	1,355	1,048	1,387	1,038	1,389	1,064	1,385	1,098	1,422	1,155	1,452	1,194	1,384	1,189	1,375	1,240	1,405	1,240	1,371	1,255	1,416	1,232	1,423	1,247	1,081	0,092	1,177	0,093	1,194	0,091	1,198	0,092	1,190	0,091	1,200	0,091
17:08:04	37,0	1,082	1,332	1,204	1,338	1,239	1,323	1,269	1,343	1,253	1,340	1,284	1,319	1,050	1,385	1,124	1,396	1,099	1,385	1,134	1,399	1,126	1,398	1,087	1,328	1,198	1,188	1,270	1,229	1,287	1,229	1,312	1,277	1,304	1,306	1,325	1,250	1,021	1,174	0,922	1,186	0,943	1,165	0,952	1,167	1,001	1,187	1,069	1,122	0,827	0,908	0,839	0,886	0,796	0,908	0,829	0,920	0,794	0,933	0,874	0,999	1,356	1,051	1,386	1,037	1,389	1,064	1,385	1,096	1,422	1,154	1,452	1,192	1,383	1,188	1,375	1,239	1,403	1,239	1,370	1,254	1,417	1,231	1,422	1,245	1,081	0,092	1,175	0,093	1,192	0,091	1,196	0,092	1,189	0,091	1,198	0,091
17:18:04	37,0	1,082	1,331	1,203	1,338	1,238	1,322	1,269	1,341	1,252	1,339	1,284	1,318	1,049	1,383	1,123	1,394	1,099	1,386	1,133	1,391	1,125	1,399	1,089	1,327	1,199	1,188	1,270	1,229	1,288	1,230	1,311	1,276	1,302	1,306	1,323	1,250	1,020	1,175	0,921	1,186	0,943	1,163	0,953	1,168	1,000	1,188	1,068	1,123	0,826	0,907	0,836	0,889	0,795	0,904	0,829	0,921	0,795	0,930	0,874	0,998	1,355	1,051	1,387	1,039	1,390	1,065	1,384	1,098	1,421	1,156	1,453	1,194	1,382	1,189	1,378	1,240	1,405	1,239	1,371	1,255	1,417	1,232	1,421	1,246	1,082	0,092	1,176	0,093	1,193	0,091	1,197	0,092	1,189	0,091	1,199	0,091
17:28:04	37,0	1,079	1,331	1,198	1,336	1,233	1,320	1,264	1,340	1,250	1,339	1,280	1,318	1,046	1,382	1,121	1,393	1,097	1,385	1,132	1,391	1,121	1,395	1,084	1,326	1,198	1,186	1,269	1,230	1,286	1,229	1,310	1,273	1,302	1,303	1,324	1,248	1,018	1,175	0,918	1,181	0,941	1,164	0,951	1,167	0,997	1,188	1,065	1,118	0,823	0,907	0,835	0,868	0,794	0,901	0,827	0,914	0,794	0,923	0,873	0,999	1,352	1,050	1,385	1,037	1,385	1,065	1,381	1,098	1,420	1,154	1,452	1,193	1,381	1,189	1,375	1,241	1,403	1,238	1,369	1,254	1,414	1,231	1,422	1,245	1,081	0,092	1,174	0,092	1,190	0,091	1,195	0,092	1,186	0,091	1,196	0,091
17:38:04	37,0	1,079	1,330	1,199	1,335	1,234	1,322	1,264	1,341	1,249	1,337	1,281	1,318	1,046	1,383	1,120	1,391	1,096	1,385	1,130	1,390	1,121	1,396	1,086	1,325	1,197	1,189	1,268	1,229	1,287	1,226	1,308	1,273	1,300	1,303	1,321	1,248	1,017	1,174	0,919	1,185	0,941	1,162	0,952	1,166	0,997	1,186	1,065	1,120	0,824	0,905	0,832	0,887	0,794	0,905	0,826	0,913	0,794	0,926	0,873	0,995	1,352	1,055	1,384	1,040	1,388	1,067	1,385	1,097	1,420	1,156	1,452	1,196	1,380	1,189	1,376	1,241	1,404	1,242	1,371	1,256	1,416	1,232	1,421	1,247	1,083	0,092	1,174	0,093	1,192	0,091	1,196	0,091	1,188	0,091	1,197	0,091
17:48:04	37,0	1,077	1,330	1,197	1,335	1,230	1,321	1,260	1,339	1,244	1,336	1,277	1,317	1,043	1,381	1,117	1,392	1,093	1,385	1,125	1,388	1,118	1,394	1,082	1,323	1,197	1,188	1,266	1,230	1,285	1,226	1,307	1,270	1,299	1,301	1,321	1,246	1,016	1,173	0,919	1,182	0,940	1,159	0,951	1,166	0,996	1,185	1,062	1,117	0,822	0,904	0,831	0,869	0,793	0,902	0,824	0,912	0,793	0,924	0,871	0,997	1,354	1,053	1,385	1,041	1,389	1,067	1,383	1,099	1,420	1,156	1,451	1,193	1,380	1,188	1,374	1,242	1,403	1,241	1,369	1,256	1,415	1,232	1,421	1,245	1,083	0,092	1,173	0,093	1,189	0,091	1,194	0,092	1,186	0,091	1,195	0,091
17:58:04	37,0	1,076	1,329	1,195	1,334	1,230	1,321	1,260	1,340	1,244	1,337	1,276	1,317	1,040	1,379	1,116	1,389	1,094	1,384	1,125	1,390	1,116	1,393	1,083	1,323	1,196	1,188	1,265	1,228	1,284	1,224	1,307	1,271	1,297	1,300	1,319	1,246	1,015	1,173	0,918	1,180	0,940	1,159	0,950	1,166	0,994	1,185	1,060	1,117	0,821	0,904	0,830	0,869	0,792	0,894	0,823	0,908	0,794	0,920	0,873	0,995	1,352	1,050	1,383	1,040	1,389	1,067	1,382	1,099	1,420	1,156	1,450	1,194	1,379	1,190	1,375	1,242	1,402	1,242	1,369	1,257	1,415	1,233	1,421	1,245	1,083	0,092	1,173	0,093	1,188	0,091	1,194	0,092	1,185	0,091	1,195	0,091
18:08:04	37,0	1,075	1,329	1,193	1,334	1,227	1,321	1,255	1,340	1,241	1,336	1,272	1,316	1,040	1,379	1,113	1,386	1,090	1,386	1,124	1,384	1,113	1,392	1,082	1,321	1,197	1,189	1,262	1,228	1,284	1,222	1,305	1,268	1,296	1,299	1,318	1,245	1,014	1,172	0,917	1,179	0,938	1,158	0,950	1,164	0,993	1,183	1,058	1,114	0,821	0,903	0,828	0,873	0,791	0,899	0,823	0,908	0,793	0,919	0,872	0,994	1,351	1,055	1,385	1,040	1,388	1,067	1,380	1,099	1,418	1,156	1,450	1,193	1,377	1,188	1,376	1,243	1,402	1,242	1,371	1,256	1,414	1,232	1,419	1,244	1,083	0,092	1,172	0,093	1,186	0,091	1,192	0,092	1,184	0,091	1,193	0,091
18:18:04	37,0	1,074	1,328	1,190	1,333	1,224	1,319	1,254	1,339	1,238	1,334	1,268	1,315	1,037	1,377	1,110	1,386	1,086	1,383	1,119	1,387	1,112	1,391	1,076	1,321	1,195	1,188	1,263	1,228	1,282	1,220	1,304	1,266	1,295	1,298	1,316	1,243	1,014	1,172	0,915	1,177	0,937	1,157	0,947	1,163	0,992	1,182	1,055	1,113	0,819	0,902	0,827	0,865	0,791	0,891	0,822	0,907	0,793	0,918	0,870	0,993	1,351	1,055	1,382	1,038	1,386	1,067	1,379	1,097	1,419	1,155	1,448	1,191	1,377	1,187	1,375	1,243	1,400	1,240	1,367	1,255	1,414	1,232	1,419	1,242	1,083	0,092	1,170	0,092	1,185	0,091	1,190	0,092	1,182	0,091	1,190	0,091
18:28:04	37,0	1,073	1,329	1,188	1,334	1,223	1,318	1,253	1,339	1,236	1,334	1,268	1,313	1,036	1,378	1,107	1,385	1,086	1,384	1,118	1,389	1,110	1,390	1,076	1,319	1,194	1,189	1,262	1,227	1,281	1,220	1,303	1,267	1,294	1,297	1,315	1,243	1,013	1,170	0,915	1,176	0,937	1,155	0,945	1,163	0,990	1,182	1,053	1,113	0,820	0,900	0,824	0,866	0,790	0,891	0,821	0,901	0,792	0,918	0,870	0,995	1,349	1,058	1,382	1,038	1,389	1,067	1,378	1,097	1,418	1,155	1,447	1,190	1,375	1,187	1,376	1,242	1,402	1,241	1,368	1,256	1,412	1,232	1,419	1,242	1,083	0,092	1,169	0,093	1,184	0,091	1,189	0,092	1,181	0,091	1,190	0,091
18:38:04	37,0	1,072	1,327	1,188	1,335	1,223	1,319	1,253	1,338	1,238	1,334	1,269	1,314	1,035	1,377	1,106	1,385	1,087	1,379	1,120	1,382	1,109	1,388	1,076	1,317	1,196	1,191	1,262	1,226	1,281	1,223	1,302	1,266	1,293	1,296	1,314	1,244	1,011	1,172	0,915	1,179	0,936	1,159	0,939	1,161	0,989	1,182	1,051	1,111	0,818	0,898	0,824	0,868	0,788	0,890	0,820	0,892	0,793	0,921	0,869	0,992	1,349	1,060	1,382	1,040	1,386	1,069	1,380	1,096	1,417	1,156	1,448	1,192	1,374	1,190	1,374	1,247	1,402	1,241	1,369	1,257	1,413	1,233	1,418	1,243	1,084	0,092	1,170	0,092	1,185	0,091	1,190	0,092	1,182	0,091	1,191	0,091
18:48:04	37,0	1,073	1,327	1,189	1,334	1,223	1,320	1,252	1,336	1,239	1,333	1,272	1,318	1,034	1,375	1,106	1,384	1,087	1,380	1,121	1,379	1,110	1,389	1,077	1,318	1,195	1,192	1,261	1,226	1,281	1,224	1,301	1,266	1,292	1,296	1,314	1,246	1,011	1,173	0,916	1,182	0,937	1,159	0,941	1,162	0,990	1,184	1,051	1,115	0,819	0,898	0,822	0,872	0,789	0,897	0,821	0,891	0,793	0,919	0,871	0,989	1,347	1,061	1,381	1,040	1,385	1,072	1,379	1,099	1,417	1,157	1,448	1,195	1,374	1,190	1,374	1,248	1,403	1,246	1,370	1,258	1,414	1,234	1,418	1,246	1,085	0,092	1,171	0,093	1,186	0,091	1,192	0,092	1,184	0,091	1,194	0,091
18:58:04	37,0	1,071	1,326	1,184	1,333	1,218	1,319	1,248	1,338	1,232	1,333	1,265	1,315	1,030	1,376	1,103	1,383	1,084	1,380	1,116	1,380	1,105	1,388	1,074	1,317	1,193	1,191	1,257	1,225	1,279	1,220	1,299	1,264	1,290	1,294	1,313	1,242	1,009	1,168	0,914	1,178	0,935	1,156	0,941	1,161	0,988	1,181	1,049	1,111	0,818	0,901	0,821	0,862	0,789	0,892	0,820	0,888	0,793	0,917	0,871	0,990	1,348	1,060	1,381	1,042	1,387	1,068	1,381	1,098	1,415	1,156	1,445	1,191	1,374	1,188	1,372	1,246	1,401	1,244	1,368	1,257	1,412	1,233	1,419	1,242	1,084	0,092	1,167	0,093	1,183	0,091	1,189	0,092	1,180	0,091	1,190	0,091
19:08:04	37,0	1,071	1,326	1,183	1,332	1,217	1,317	1,245	1,336	1,231	1,331	1,266	1,316	1,029	1,375	1,101	1,380	1,083	1,379	1,117	1,380	1,104	1,386	1,072	1,315	1,193	1,191	1,258	1,225	1,277	1,220	1,298	1,260	1,287	1,294	1,310	1,242	1,008	1,170	0,914	1,179	0,935	1,159	0,940	1,160	0,987	1,182	1,047	1,110	0,816	0,898	0,820	0,864	0,788	0,885	0,820	0,887	0,793	0,917	0,870	0,990	1,345	1,060	1,380	1,040	1,383	1,070	1,379	1,096	1,415	1,156	1,445	1,190	1,374	1,189	1,373	1,246	1,402	1,244	1,366	1,257	1,412	1,233	1,418	1,242	1,083	0,092	1,167	0,092	1,183	0,091	1,188	0,092	1,180	0,091	1,189	0,091
19:18:04	37,0	1,071	1,325	1,181	1,333	1,215	1,319	1,245	1,337	1,229	1,331	1,263	1,315	1,027	1,372	1,099	1,377	1,082	1,378	1,115	1,376	1,102	1,386	1,072	1,313	1,192	1,191	1,256	1,223	1,276	1,218	1,296	1,261	1,286	1,293	1,307	1,241	1,008	1,169	0,913	1,178	0,933	1,159	0,938	1,160	0,986	1,182	1,046	1,110	0,816	0,902	0,818	0,864	0,788	0,883	0,819	0,885	0,793	0,915	0,870	0,989	1,347	1,060	1,380	1,041	1,383	1,069	1,379	1,095	1,414	1,155	1,442	1,191	1,373	1,190	1,372	1,248	1,402	1,244	1,367	1,257	1,411	1,233	1,418	1,242	1,084	0,092	1,167	0,093	1,181	0,091	1,187	0,092	1,179	0,091	1,189	0,091
19:28:04	37,0	1,071	1,326	1,181	1,333	1,214	1,318	1,242	1,334	1,228	1,331	1,262	1,314	1,024	1,371	1,097	1,379	1,080	1,378	1,113	1,373	1,101	1,384	1,073	1,311	1,190	1,191	1,254	1,222	1,275	1,221	1,295	1,262	1,286	1,293	1,308	1,240	1,007	1,169	0,913	1,177	0,934	1,155	0,938	1,161	0,986	1,182	1,045	1,111	0,816	0,901	0,818	0,861	0,787	0,880	0,819	0,882	0,793	0,913	0,871	0,988	1,346	1,062	1,377	1,042	1,383	1,070	1,377	1,097	1,413	1,156	1,443	1,191	1,373	1,189	1,371	1,248	1,401	1,246	1,367	1,257	1,413	1,234	1,419	1,241	1,084	0,092	1,166	0,093	1,181	0,091	1,187	0,092	1,179	0,091	1,189	0,091
19:38:04	36,9	1,071	1,327	1,181	1,333	1,214	1,316	1,243	1,334	1,229	1,332	1,265	1,315	1,025	1,370	1,095	1,377	1,080	1,376	1,114	1,372	1,101	1,384	1,072	1,311	1,190	1,192	1,254	1,223	1,275	1,219	1,294	1,259	1,286	1,293	1,306	1,241	1,006	1,171	0,913	1,180	0,935	1,159	0,938	1,162	0,985	1,184	1,046	1,112	0,816	0,901	0,817	0,857	0,788	0,879	0,820	0,882	0,794	0,912	0,871	0,987	1,343	1,062	1,377	1,042	1,382	1,073	1,377	1,098	1,413	1,156	1,442	1,192	1,373	1,192	1,371	1,249	1,403	1,247	1,365	1,258	1,411	1,234	1,418	1,244	1,084	0,092	1,166	0,093	1,182	0,091	1,188	0,092	1,179	0,091	1,190	0,091
19:48:04	37,0	1,071	1,327	1,179	1,332	1,213	1,317	1,241	1,333	1,229	1,331	1,263	1,315	1,024	1,369	1,095	1,376	1,077	1,373	1,111	1,372	1,098	1,382	1,071	1,311	1,190	1,190	1,253	1,221	1,273	1,218	1,293	1,261	1,284	1,292	1,304	1,241	1,005	1,168	0,913	1,176	0,933	1,158	0,939	1,162	0,985	1,183	1,044	1,112	0,816	0,901	0,816	0,860	0,788	0,872	0,819	0,878	0,794	0,913	0,872	0,987	1,344	1,064	1,377	1,041	1,381	1,070	1,375	1,098	1,411	1,156	1,439	1,191	1,373	1,190	1,372	1,249	1,401	1,247	1,366	1,258	1,411	1,234	1,418	1,244	1,084	0,092	1,165	0,093	1,180	0,091	1,186	0,092	1,179	0,091	1,190	0,091
19:58:04	37,0	1,071	1,325	1,178	1,332	1,211	1,315	1,239	1,331	1,227	1,330	1,262	1,315	1,021	1,368	1,092	1,374	1,078	1,372	1,109	1,369	1,098	1,382	1,071	1,310	1,187	1,191	1,250	1,222	1,272	1,218	1,292	1,260	1,282	1,292	1,301	1,239	1,004	1,168	0,914	1,177	0,934	1,157	0,939	1,161	0,985	1,184	1,045	1,113	0,816	0,901	0,816	0,857	0,789	0,877	0,819	0,878	0,794	0,911	0,873	0,989	1,343	1,065	1,378	1,044	1,383	1,071	1,375	1,096	1,410	1,156	1,439	1,191	1,372	1,191	1,371	1,249	1,400	1,248	1,367	1,258	1,410	1,234	1,418	1,243	1,085	0,092	1,164	0,093	1,180	0,091	1,186	0,092	1,179	0,091	1,190	0,091
20:08:04	37,0	1,071	1,326	1,175	1,329	1,207	1,315	1,236	1,332	1,223	1,329	1,257	1,312	1,019	1,368	1,091	1,374	1,075	1,372	1,107	1,369	1,094	1,381	1,067	1,307	1,187	1,190	1,250	1,219	1,270	1,217	1,290	1,257	1,280	1,290	1,301	1,237	1,004	1,166	0,913	1,175	0,933	1,157	0,940	1,160	0,984	1,183	1,044	1,110	0,816	0,904	0,815	0,853	0,789	0,885	0,820	0,878	0,794	0,911	0,872	0,989	1,343	1,062	1,377	1,045	1,382	1,069	1,376	1,096	1,409	1,154	1,438	1,188	1,372	1,191	1,371	1,247	1,400	1,248	1,365	1,257	1,412	1,233	1,419	1,241	1,084	0,092	1,161	0,093	1,177	0,091	1,183	0,092	1,175	0,091	1,186	0,091
20:18:04	37,0	1,070	1,326	1,173	1,330	1,204	1,314	1,234	1,332	1,220	1,328	1,254	1,310	1,017	1,367	1,090	1,369	1,072	1,371	1,107	1,366	1,092	1,380	1,064	1,305	1,187	1,191	1,247	1,219	1,268	1,215	1,289	1,258	1,279	1,289	1,299	1,236	1,003	1,166	0,912	1,174	0,933	1,154	0,938	1,160	0,983	1,181	1,042	1,109	0,815	0,905	0,814	0,855	0,789	0,874	0,819	0,876	0,795	0,909	0,872	0,990	1,342	1,063	1,376	1,043	1,380	1,069	1,375	1,095	1,408	1,153	1,436	1,186	1,371	1,190	1,371	1,247	1,398	1,246	1,363	1,257	1,412	1,233	1,418	1,239	1,083	0,092	1,160	0,093	1,176	0,091	1,181	0,091	1,173	0,091	1,184	0,091
20:28:04	37,0	1,070	1,325	1,170	1,327	1,202	1,313	1,231	1,330	1,218	1,327	1,253	1,310	1,016	1,366	1,086	1,370	1,069	1,369	1,103	1,368	1,090	1,379	1,064	1,304	1,185	1,189	1,246	1,219	1,266	1,215	1,288	1,256	1,278	1,289	1,296	1,235	1,002	1,167	0,911	1,174	0,933	1,154	0,935	1,161	0,982	1,181	1,040	1,108	0,816	0,905	0,814	0,852	0,789	0,878	0,819	0,875	0,795	0,909	0,873	0,989	1,343	1,062	1,376	1,039	1,379	1,068	1,373	1,094	1,405	1,153	1,434	1,185	1,371	1,190	1,371	1,247	1,399	1,246	1,363	1,257	1,410	1,232	1,417	1,239	1,083	0,092	1,159	0,093	1,174	0,091	1,180	0,092	1,173	0,091	1,183	0,091
20:38:04	37,0	1,070	1,325	1,167	1,327	1,199	1,313	1,228	1,329	1,216	1,325	1,251	1,308	1,011	1,363	1,086	1,367	1,066	1,369	1,100	1,364	1,086	1,378	1,061	1,303	1,184	1,189	1,244	1,219	1,264	1,213	1,286	1,256	1,277	1,288	1,296	1,233	1,002	1,166	0,910	1,168	0,933	1,148	0,940	1,161	0,981	1,181	1,040	1,108	0,816	0,906	0,813	0,843	0,789	0,867	0,819	0,876	0,795	0,905	0,873	0,994	1,342	1,056	1,377	1,039	1,378	1,067	1,372	1,094	1,404	1,153	1,433	1,182	1,371	1,188	1,370	1,246	1,397	1,246	1,365	1,256	1,409	1,233	1,419	1,237	1,082	0,092	1,157	0,093	1,171	0,091	1,177	0,092	1,169	0,091	1,180	0,091
20:48:04	36,9	1,069	1,323	1,167	1,326	1,200	1,312	1,228	1,328	1,216	1,325	1,250	1,310	1,012	1,363	1,083	1,367	1,065	1,368	1,099	1,365	1,087	1,377	1,060	1,300	1,185	1,190	1,244	1,217	1,264	1,213	1,284	1,256	1,276	1,287	1,295	1,234	1,001	1,167	0,911	1,173	0,932	1,154	0,935	1,161	0,979	1,182	1,038	1,109	0,816	0,905	0,813	0,847	0,789	0,867	0,818	0,871	0,796	0,910	0,872	0,991	1,342	1,059	1,376	1,040	1,379	1,066	1,371	1,092	1,403	1,152	1,431	1,183	1,371	1,188	1,370	1,245	1,399	1,250	1,364	1,256	1,410	1,232	1,418	1,236	1,082	0,092	1,156	0,093	1,171	0,091	1,177	0,092	1,169	0,091	1,180	0,091
20:58:04	37,0	1,070	1,323	1,165	1,326	1,199	1,311	1,228	1,326	1,217	1,325	1,251	1,310	1,009	1,361	1,081	1,368	1,065	1,366	1,097	1,363	1,086	1,377	1,061	1,298	1,183	1,190	1,241	1,217	1,262	1,213	1,284	1,256	1,274	1,287	1,292	1,235	1,000	1,165	0,910	1,173	0,932	1,152	0,938	1,161	0,980	1,181	1,037	1,108	0,816	0,905	0,812	0,849	0,790	0,862	0,819	0,868	0,795	0,907	0,873	0,991	1,340	1,059	1,373	1,039	1,379	1,066	1,371	1,095	1,401	1,152	1,430	1,183	1,371	1,189	1,371	1,246	1,398	1,249	1,363	1,256	1,409	1,233	1,419	1,237	1,082	0,092	1,156	0,093	1,171	0,091	1,177	0,091	1,170	0,091	1,180	0,091
21:08:04	37,0	1,070	1,324	1,165	1,326	1,198	1,311	1,227	1,327	1,218	1,325	1,250	1,310	1,008	1,360	1,080	1,365	1,065	1,365	1,097	1,360	1,085	1,375	1,060	1,298	1,181	1,191	1,241	1,217	1,261	1,214	1,283	1,256	1,272	1,288	1,291	1,235	1,000	1,165	0,910	1,172	0,932	1,151	0,938	1,162	0,980	1,183	1,038	1,109	0,816	0,905	0,812	0,850	0,789	0,866	0,819	0,868	0,796	0,908	0,874	0,990	1,340	1,059	1,373	1,039	1,378	1,066	1,369	1,094	1,400	1,152	1,429	1,183	1,370	1,189	1,370	1,246	1,398	1,251	1,365	1,257	1,410	1,234	1,419	1,239	1,083	0,092	1,155	0,092	1,171	0,091	1,177	0,092	1,170	0,091	1,181	0,091
21:18:04	37,0	1,072	1,322	1,164	1,328	1,198	1,310	1,226	1,325	1,217	1,326	1,250	1,310	1,008	1,359	1,080	1,365	1,064	1,362	1,096	1,358	1,084	1,373	1,060	1,297	1,182	1,190	1,241	1,216	1,259	1,215	1,281	1,257	1,268	1,287	1,288	1,234	0,999	1,166	0,911	1,175	0,932	1,154	0,938	1,162	0,980	1,184	1,038	1,109	0,817	0,905	0,810	0,848	0,789	0,867	0,819	0,866	0,796	0,909	0,873	0,992	1,340	1,060	1,373	1,039	1,376	1,067	1,369	1,092	1,399	1,151	1,429	1,182	1,372	1,187	1,368	1,246	1,399	1,251	1,366	1,257	1,411	1,234	1,420	1,237	1,083	0,092	1,155	0,093	1,170	0,091	1,176	0,092	1,169	0,091	1,180	0,091
21:28:04	37,0	1,073	1,324	1,162	1,326	1,195	1,310	1,225	1,325	1,215	1,324	1,248	1,310	1,005	1,356	1,078	1,361	1,061	1,363	1,095	1,357	1,081	1,373	1,057	1,297	1,179	1,188	1,238	1,216	1,258	1,214	1,280	1,256	1,268	1,286	1,288	1,234	1,000	1,166	0,910	1,174	0,931	1,154	0,936	1,162	0,980	1,185	1,036	1,108	0,818	0,906	0,810	0,849	0,789	0,862	0,819	0,867	0,797	0,907	0,874	0,992	1,339	1,061	1,370	1,038	1,374	1,065	1,371	1,091	1,398	1,150	1,428	1,181	1,372	1,188	1,370	1,247	1,396	1,250	1,364	1,256	1,409	1,233	1,419	1,237	1,083	0,092	1,153	0,093	1,169	0,091	1,175	0,092	1,167	0,091	1,179	0,091
21:38:04	37,0	1,074	1,323	1,161	1,325	1,195	1,309	1,223	1,324	1,215	1,323	1,247	1,309	1,004	1,357	1,077	1,363	1,060	1,362	1,094	1,355	1,080	1,373	1,057	1,297	1,178	1,188	1,237	1,217	1,257	1,215	1,278	1,257	1,267	1,286	1,287	1,235	0,999	1,166	0,911	1,174	0,932	1,155	0,936	1,163	0,979	1,185	1,036	1,108	0,818	0,907	0,811	0,850	0,789	0,864	0,819	0,866	0,797	0,908	0,874	0,992	1,339	1,060	1,371	1,036	1,374	1,064	1,369	1,091	1,397	1,150	1,427	1,180	1,372	1,188	1,371	1,246	1,399	1,252	1,364	1,256	1,411	1,233	1,420	1,237	1,083	0,092	1,152	0,092	1,168	0,091	1,174	0,092	1,167	0,091	1,179	0,091
21:48:04	37,0	1,074	1,322	1,159	1,325	1,192	1,309	1,222	1,324	1,214	1,323	1,246	1,309	1,001	1,356	1,076	1,359	1,059	1,360	1,093	1,355	1,077	1,371	1,055	1,294	1,177	1,188	1,234	1,216	1,256	1,215	1,276	1,254	1,265	1,286	1,287	1,233	0,999	1,165	0,911	1,173	0,933	1,156	0,934	1,163	0,979	1,187	1,035	1,109	0,818	0,908	0,810	0,846	0,789	0,870	0,819	0,864	0,798	0,907	0,874	0,994	1,339	1,059	1,369	1,036	1,374	1,064	1,368	1,090	1,395	1,149	1,426	1,179	1,371	1,189	1,370	1,246	1,398	1,250	1,362	1,256	1,410	1,232	1,420	1,236	1,084	0,092	1,151	0,092	1,167	0,091	1,173	0,092	1,166	0,091	1,178	0,091
21:58:04	37,0	1,076	1,321	1,159	1,324	1,192	1,309	1,222	1,323	1,213	1,323	1,246	1,308	1,000	1,355	1,075	1,358	1,058	1,358	1,092	1,352	1,076	1,370	1,056	1,295	1,175	1,187	1,233	1,215	1,254	1,215	1,274	1,254	1,263	1,286	1,284	1,234	0,999	1,167	0,910	1,173	0,932	1,153	0,937	1,163	0,980	1,187	1,036	1,109	0,819	0,909	0,811	0,846	0,790	0,859	0,819	0,862	0,798	0,908	0,875	0,995	1,338	1,057	1,368	1,037	1,372	1,063	1,366	1,091	1,394	1,149	1,425	1,178	1,372	1,189	1,370	1,245	1,397	1,253	1,364	1,256	1,411	1,233	1,421	1,236	1,084	0,092	1,150	0,092	1,165	0,091	1,172	0,091	1,165	0,091	1,177	0,090
22:08:04	37,0	1,077	1,321	1,158	1,322	1,190	1,308	1,219	1,321	1,211	1,323	1,243	1,308	0,999	1,353	1,074	1,356	1,056	1,359	1,089	1,354	1,073	1,370	1,054	1,293	1,176	1,187	1,233	1,216	1,253	1,214	1,272	1,255	1,262	1,285	1,282	1,232	0,999	1,166	0,910	1,173	0,933	1,151	0,937	1,163	0,979	1,187	1,036	1,108	0,820	0,909	0,811	0,845	0,790	0,860	0,820	0,864	0,798	0,908	0,876	0,996	1,337	1,056	1,368	1,034	1,370	1,061	1,366	1,090	1,393	1,147	1,424	1,175	1,372	1,188	1,369	1,245	1,399	1,253	1,367	1,256	1,411	1,232	1,422	1,234	1,084	0,092	1,147	0,093	1,163	0,091	1,170	0,092	1,163	0,091	1,175	0,091

