Time	T∞ Optical Density:600	A1	A2	A3	A4	A5	A6	A7	A8	A9	A10	A11	A12	B1	B2	B3	B4	B5	B6	B7	B8	B9	B10	B11	B12	C1	C2	C3	C4	C5	C6	C7	C8	C9	C10	C11	C12	D1	D2	D3	D4	D5	D6	D7	D8	D9	D10	D11	D12	E1	E2	E3	E4	E5	E6	E7	E8	E9	E10	E11	E12	F1	F2	F3	F4	F5	F6	F7	F8	F9	F10	F11	F12	G1	G2	G3	G4	G5	G6	G7	G8	G9	G10	G11	G12	H1	H2	H3	H4	H5	H6	H7	H8	H9	H10	H11	H12
0:08:04	37,0	0,128	0,146	0,153	0,157	0,163	0,159	0,132	0,154	0,115	0,153	0,142	0,108	0,126	0,132	0,118	0,127	0,140	0,132	0,106	0,115	0,102	0,129	0,101	0,114	0,124	0,122	0,123	0,165	0,119	0,152	0,166	0,123	0,156	0,128	0,124	0,104	0,104	0,115	0,112	0,128	0,129	0,133	0,113	0,142	0,115	0,122	0,116	0,112	0,103	0,098	0,170	0,099	0,114	0,126	0,137	0,125	0,115	0,133	0,128	0,115	0,122	0,111	0,195	0,143	0,157	0,116	0,149	0,122	0,118	0,133	0,137	0,137	0,118	0,104	0,133	0,112	0,137	0,140	0,139	0,129	0,150	0,152	0,123	0,093	0,105	0,092	0,102	0,093	0,104	0,092	0,121	0,093	0,127	0,096	0,141	0,093
0:18:04	37,0	0,128	0,143	0,157	0,163	0,167	0,157	0,130	0,157	0,118	0,153	0,143	0,108	0,122	0,132	0,119	0,130	0,141	0,124	0,106	0,117	0,102	0,134	0,101	0,114	0,125	0,124	0,125	0,160	0,124	0,156	0,154	0,125	0,133	0,132	0,127	0,104	0,107	0,116	0,111	0,130	0,131	0,135	0,113	0,150	0,117	0,124	0,116	0,114	0,104	0,098	0,159	0,100	0,115	0,127	0,138	0,127	0,115	0,128	0,129	0,117	0,125	0,110	0,178	0,138	0,159	0,118	0,148	0,123	0,118	0,122	0,144	0,138	0,121	0,105	0,129	0,114	0,139	0,140	0,142	0,135	0,141	0,143	0,128	0,093	0,106	0,092	0,103	0,093	0,105	0,091	0,124	0,093	0,129	0,096	0,142	0,092
0:28:04	37,0	0,131	0,146	0,162	0,170	0,172	0,163	0,131	0,166	0,119	0,161	0,145	0,110	0,124	0,135	0,121	0,135	0,143	0,130	0,106	0,123	0,103	0,141	0,102	0,117	0,129	0,127	0,129	0,162	0,127	0,158	0,155	0,128	0,137	0,136	0,133	0,106	0,109	0,118	0,113	0,133	0,132	0,138	0,115	0,155	0,119	0,128	0,118	0,116	0,106	0,099	0,160	0,101	0,118	0,131	0,143	0,129	0,118	0,132	0,131	0,117	0,129	0,110	0,183	0,135	0,163	0,123	0,154	0,129	0,122	0,123	0,152	0,143	0,124	0,106	0,134	0,117	0,145	0,144	0,148	0,140	0,144	0,149	0,134	0,093	0,108	0,092	0,105	0,092	0,107	0,091	0,127	0,093	0,133	0,096	0,149	0,092
0:38:04	37,0	0,135	0,154	0,170	0,183	0,182	0,173	0,135	0,178	0,121	0,172	0,151	0,112	0,128	0,140	0,124	0,141	0,147	0,137	0,108	0,129	0,105	0,152	0,104	0,122	0,135	0,130	0,134	0,168	0,132	0,162	0,160	0,132	0,149	0,141	0,139	0,108	0,112	0,121	0,117	0,133	0,138	0,142	0,118	0,155	0,123	0,131	0,123	0,117	0,108	0,101	0,166	0,103	0,121	0,139	0,151	0,137	0,122	0,141	0,137	0,122	0,134	0,112	0,194	0,139	0,168	0,130	0,163	0,136	0,126	0,131	0,165	0,152	0,127	0,109	0,139	0,120	0,157	0,150	0,153	0,149	0,150	0,161	0,140	0,093	0,111	0,092	0,108	0,092	0,110	0,091	0,133	0,093	0,141	0,096	0,158	0,092
0:48:04	37,0	0,142	0,166	0,182	0,200	0,196	0,189	0,141	0,196	0,126	0,189	0,160	0,116	0,133	0,149	0,127	0,151	0,152	0,147	0,110	0,139	0,106	0,166	0,106	0,128	0,142	0,132	0,139	0,174	0,139	0,170	0,168	0,138	0,163	0,148	0,146	0,111	0,117	0,123	0,122	0,137	0,145	0,150	0,123	0,162	0,129	0,138	0,130	0,120	0,112	0,102	0,176	0,106	0,126	0,151	0,163	0,147	0,129	0,151	0,146	0,130	0,143	0,116	0,211	0,147	0,180	0,139	0,177	0,147	0,134	0,144	0,187	0,166	0,133	0,113	0,144	0,126	0,173	0,161	0,160	0,160	0,156	0,179	0,149	0,092	0,114	0,092	0,112	0,092	0,115	0,091	0,142	0,093	0,151	0,095	0,171	0,092
0:58:04	37,0	0,152	0,182	0,202	0,223	0,217	0,212	0,150	0,221	0,132	0,212	0,173	0,121	0,140	0,160	0,132	0,164	0,160	0,161	0,113	0,153	0,109	0,185	0,110	0,140	0,152	0,136	0,147	0,182	0,147	0,181	0,180	0,145	0,175	0,160	0,160	0,116	0,124	0,129	0,130	0,147	0,156	0,162	0,131	0,172	0,139	0,146	0,140	0,125	0,117	0,105	0,192	0,110	0,135	0,167	0,180	0,160	0,141	0,165	0,160	0,139	0,156	0,122	0,238	0,160	0,194	0,152	0,197	0,162	0,143	0,162	0,210	0,186	0,142	0,119	0,152	0,134	0,191	0,176	0,169	0,178	0,172	0,202	0,163	0,092	0,119	0,092	0,118	0,092	0,121	0,091	0,156	0,093	0,166	0,095	0,193	0,092
1:08:04	37,0	0,165	0,204	0,226	0,256	0,243	0,241	0,162	0,251	0,142	0,241	0,191	0,129	0,152	0,176	0,140	0,180	0,171	0,178	0,118	0,171	0,113	0,209	0,115	0,155	0,166	0,140	0,156	0,190	0,161	0,192	0,194	0,151	0,195	0,170	0,180	0,124	0,133	0,137	0,141	0,155	0,170	0,173	0,142	0,184	0,152	0,159	0,154	0,131	0,125	0,109	0,211	0,117	0,148	0,189	0,204	0,179	0,156	0,185	0,178	0,150	0,173	0,132	0,266	0,175	0,215	0,170	0,223	0,183	0,158	0,188	0,238	0,213	0,154	0,127	0,163	0,145	0,209	0,197	0,182	0,201	0,192	0,233	0,178	0,092	0,126	0,092	0,126	0,092	0,129	0,091	0,173	0,093	0,187	0,095	0,219	0,092
1:18:04	37,0	0,182	0,230	0,252	0,291	0,269	0,271	0,178	0,282	0,155	0,271	0,215	0,142	0,168	0,198	0,150	0,201	0,186	0,201	0,126	0,196	0,121	0,237	0,123	0,173	0,185	0,146	0,168	0,202	0,179	0,204	0,214	0,159	0,266	0,180	0,209	0,136	0,147	0,147	0,155	0,168	0,190	0,189	0,160	0,195	0,170	0,175	0,174	0,140	0,137	0,115	0,241	0,126	0,166	0,215	0,234	0,204	0,177	0,210	0,201	0,167	0,198	0,145	0,297	0,196	0,246	0,194	0,255	0,209	0,180	0,225	0,287	0,249	0,174	0,139	0,180	0,160	0,234	0,224	0,204	0,228	0,215	0,278	0,197	0,093	0,136	0,092	0,136	0,092	0,142	0,091	0,197	0,093	0,212	0,096	0,251	0,092
1:28:04	37,0	0,203	0,263	0,280	0,335	0,296	0,302	0,200	0,309	0,173	0,308	0,239	0,160	0,190	0,219	0,166	0,218	0,206	0,218	0,137	0,215	0,132	0,260	0,135	0,189	0,209	0,155	0,185	0,217	0,200	0,220	0,237	0,172	0,329	0,194	0,259	0,151	0,166	0,164	0,175	0,189	0,216	0,213	0,180	0,220	0,194	0,196	0,200	0,155	0,153	0,122	0,285	0,139	0,189	0,249	0,269	0,232	0,204	0,239	0,232	0,188	0,226	0,163	0,328	0,218	0,279	0,221	0,289	0,242	0,209	0,276	0,316	0,291	0,200	0,155	0,199	0,180	0,261	0,254	0,228	0,262	0,247	0,336	0,225	0,092	0,149	0,092	0,152	0,092	0,160	0,091	0,226	0,093	0,243	0,096	0,287	0,092
1:38:04	37,0	0,225	0,304	0,312	0,377	0,324	0,335	0,220	0,341	0,192	0,339	0,269	0,179	0,214	0,240	0,186	0,240	0,230	0,243	0,154	0,246	0,147	0,296	0,153	0,210	0,239	0,168	0,206	0,235	0,226	0,241	0,264	0,187	0,392	0,212	0,329	0,173	0,190	0,184	0,199	0,212	0,245	0,237	0,207	0,237	0,222	0,220	0,228	0,175	0,174	0,134	0,331	0,158	0,217	0,287	0,309	0,264	0,232	0,275	0,266	0,215	0,258	0,188	0,362	0,248	0,318	0,253	0,324	0,279	0,248	0,359	0,367	0,338	0,233	0,176	0,222	0,204	0,291	0,289	0,259	0,299	0,288	0,400	0,268	0,092	0,167	0,092	0,170	0,092	0,180	0,091	0,257	0,093	0,275	0,096	0,320	0,092
1:48:04	37,0	0,249	0,342	0,344	0,418	0,352	0,370	0,251	0,375	0,218	0,375	0,302	0,205	0,239	0,264	0,208	0,261	0,258	0,270	0,175	0,275	0,168	0,338	0,175	0,240	0,278	0,184	0,229	0,257	0,253	0,268	0,294	0,210	0,495	0,238	0,387	0,205	0,210	0,214	0,222	0,242	0,275	0,269	0,232	0,271	0,250	0,253	0,260	0,202	0,196	0,150	0,386	0,184	0,253	0,330	0,352	0,298	0,268	0,314	0,307	0,247	0,294	0,218	0,397	0,291	0,360	0,285	0,355	0,318	0,300	0,482	0,441	0,385	0,274	0,204	0,250	0,234	0,322	0,326	0,287	0,336	0,339	0,459	0,321	0,092	0,188	0,092	0,195	0,092	0,207	0,091	0,286	0,093	0,303	0,096	0,357	0,092
1:58:04	37,0	0,276	0,384	0,380	0,456	0,384	0,409	0,283	0,412	0,248	0,411	0,334	0,241	0,266	0,290	0,236	0,284	0,288	0,291	0,195	0,303	0,190	0,374	0,201	0,273	0,322	0,212	0,254	0,280	0,283	0,301	0,326	0,240	0,559	0,273	0,452	0,244	0,235	0,254	0,248	0,285	0,308	0,302	0,263	0,331	0,283	0,292	0,299	0,233	0,224	0,170	0,439	0,214	0,301	0,366	0,397	0,333	0,302	0,359	0,350	0,287	0,327	0,255	0,433	0,341	0,405	0,316	0,386	0,356	0,372	0,581	0,516	0,435	0,317	0,231	0,282	0,262	0,357	0,359	0,320	0,374	0,388	0,513	0,371	0,092	0,212	0,092	0,220	0,092	0,233	0,091	0,319	0,093	0,335	0,095	0,390	0,092
2:08:04	37,0	0,303	0,430	0,421	0,492	0,414	0,444	0,317	0,445	0,279	0,448	0,368	0,287	0,296	0,329	0,265	0,309	0,320	0,330	0,222	0,335	0,217	0,416	0,229	0,309	0,368	0,239	0,281	0,305	0,313	0,334	0,356	0,273	0,632	0,330	0,505	0,287	0,265	0,293	0,276	0,314	0,341	0,345	0,295	0,362	0,314	0,331	0,336	0,272	0,259	0,195	0,493	0,247	0,357	0,408	0,444	0,366	0,339	0,407	0,395	0,332	0,364	0,295	0,462	0,394	0,455	0,354	0,434	0,399	0,445	0,642	0,588	0,496	0,361	0,264	0,314	0,292	0,398	0,396	0,353	0,414	0,455	0,567	0,440	0,092	0,236	0,092	0,247	0,092	0,261	0,091	0,351	0,093	0,370	0,096	0,420	0,092
2:18:04	37,0	0,330	0,474	0,461	0,533	0,442	0,477	0,352	0,478	0,310	0,484	0,403	0,335	0,325	0,372	0,292	0,340	0,357	0,374	0,252	0,383	0,251	0,469	0,265	0,345	0,416	0,267	0,310	0,335	0,346	0,372	0,391	0,308	0,662	0,377	0,538	0,329	0,295	0,341	0,302	0,351	0,372	0,366	0,325	0,436	0,343	0,375	0,371	0,305	0,295	0,222	0,544	0,288	0,423	0,447	0,487	0,407	0,378	0,447	0,445	0,378	0,409	0,347	0,478	0,472	0,504	0,406	0,498	0,450	0,519	0,663	0,640	0,554	0,408	0,305	0,349	0,322	0,441	0,434	0,398	0,456	0,522	0,604	0,506	0,093	0,265	0,092	0,279	0,092	0,296	0,091	0,385	0,093	0,404	0,095	0,455	0,092
2:28:04	37,0	0,354	0,519	0,496	0,574	0,477	0,507	0,386	0,512	0,345	0,515	0,436	0,388	0,354	0,423	0,323	0,404	0,394	0,426	0,280	0,427	0,284	0,512	0,299	0,386	0,467	0,296	0,336	0,368	0,381	0,410	0,427	0,341	0,711	0,425	0,566	0,365	0,325	0,393	0,330	0,408	0,404	0,405	0,355	0,455	0,372	0,436	0,405	0,343	0,332	0,253	0,588	0,327	0,492	0,487	0,529	0,453	0,415	0,490	0,492	0,419	0,453	0,410	0,503	0,531	0,548	0,458	0,564	0,502	0,597	0,707	0,682	0,596	0,463	0,346	0,387	0,353	0,484	0,473	0,462	0,496	0,577	0,637	0,561	0,093	0,296	0,092	0,312	0,092	0,329	0,091	0,417	0,093	0,438	0,096	0,486	0,092
2:38:04	37,0	0,376	0,563	0,529	0,621	0,525	0,542	0,418	0,548	0,378	0,554	0,469	0,438	0,393	0,458	0,354	0,461	0,428	0,469	0,309	0,468	0,316	0,557	0,328	0,428	0,508	0,330	0,369	0,402	0,417	0,448	0,458	0,380	0,726	0,472	0,598	0,406	0,355	0,455	0,356	0,444	0,433	0,455	0,386	0,536	0,401	0,489	0,437	0,383	0,370	0,290	0,620	0,363	0,557	0,524	0,571	0,500	0,451	0,529	0,541	0,467	0,481	0,474	0,544	0,566	0,584	0,499	0,623	0,533	0,672	0,743	0,717	0,629	0,518	0,389	0,422	0,384	0,521	0,512	0,500	0,533	0,628	0,667	0,615	0,092	0,325	0,092	0,346	0,092	0,365	0,091	0,449	0,093	0,469	0,095	0,512	0,092
2:48:04	37,0	0,399	0,595	0,562	0,660	0,572	0,580	0,449	0,576	0,417	0,589	0,503	0,489	0,429	0,496	0,387	0,495	0,460	0,501	0,342	0,500	0,349	0,597	0,356	0,487	0,527	0,384	0,406	0,436	0,450	0,492	0,483	0,424	0,748	0,515	0,637	0,454	0,394	0,510	0,382	0,496	0,460	0,501	0,414	0,561	0,430	0,540	0,468	0,438	0,407	0,327	0,644	0,406	0,618	0,551	0,605	0,539	0,487	0,563	0,590	0,516	0,500	0,532	0,615	0,586	0,616	0,534	0,662	0,557	0,702	0,761	0,740	0,659	0,554	0,430	0,444	0,414	0,549	0,545	0,560	0,566	0,661	0,691	0,655	0,093	0,355	0,092	0,383	0,092	0,401	0,091	0,479	0,093	0,497	0,095	0,543	0,092
2:58:04	37,0	0,418	0,622	0,596	0,690	0,619	0,615	0,479	0,615	0,451	0,615	0,544	0,542	0,458	0,530	0,418	0,529	0,487	0,540	0,374	0,521	0,384	0,635	0,384	0,538	0,550	0,438	0,442	0,472	0,473	0,538	0,517	0,465	0,762	0,554	0,676	0,502	0,423	0,544	0,407	0,540	0,489	0,538	0,441	0,633	0,457	0,589	0,500	0,487	0,441	0,364	0,664	0,463	0,667	0,569	0,638	0,562	0,540	0,594	0,638	0,559	0,522	0,573	0,677	0,615	0,647	0,569	0,696	0,582	0,748	0,772	0,775	0,686	0,581	0,487	0,462	0,445	0,588	0,574	0,631	0,596	0,690	0,715	0,687	0,093	0,384	0,092	0,418	0,092	0,434	0,091	0,505	0,093	0,525	0,096	0,566	0,092
3:08:04	37,0	0,441	0,648	0,629	0,717	0,656	0,654	0,512	0,654	0,489	0,657	0,581	0,593	0,496	0,575	0,448	0,566	0,516	0,567	0,414	0,539	0,423	0,681	0,416	0,581	0,574	0,486	0,481	0,504	0,499	0,566	0,533	0,493	0,781	0,584	0,704	0,543	0,460	0,582	0,434	0,564	0,512	0,594	0,467	0,648	0,485	0,622	0,533	0,528	0,474	0,413	0,684	0,513	0,706	0,586	0,669	0,584	0,617	0,612	0,677	0,594	0,546	0,614	0,728	0,638	0,679	0,601	0,722	0,604	0,788	0,798	0,813	0,716	0,607	0,540	0,475	0,478	0,622	0,600	0,707	0,629	0,721	0,740	0,722	0,093	0,411	0,092	0,451	0,092	0,465	0,091	0,531	0,093	0,552	0,096	0,592	0,092
3:18:04	37,0	0,461	0,676	0,658	0,740	0,688	0,683	0,546	0,700	0,528	0,700	0,617	0,638	0,537	0,605	0,481	0,596	0,541	0,594	0,450	0,569	0,460	0,705	0,448	0,624	0,602	0,525	0,507	0,534	0,558	0,598	0,572	0,505	0,780	0,604	0,731	0,570	0,480	0,609	0,455	0,605	0,538	0,595	0,494	0,699	0,511	0,651	0,563	0,551	0,508	0,463	0,694	0,552	0,729	0,602	0,695	0,602	0,668	0,627	0,704	0,617	0,578	0,637	0,760	0,656	0,711	0,628	0,747	0,626	0,804	0,809	0,839	0,742	0,632	0,578	0,494	0,511	0,647	0,619	0,698	0,658	0,756	0,754	0,753	0,093	0,435	0,092	0,480	0,092	0,490	0,091	0,554	0,093	0,574	0,096	0,615	0,092
3:28:04	37,0	0,486	0,704	0,685	0,759	0,715	0,710	0,587	0,733	0,570	0,743	0,657	0,669	0,562	0,624	0,519	0,624	0,567	0,611	0,478	0,581	0,496	0,734	0,479	0,656	0,631	0,552	0,551	0,552	0,620	0,623	0,624	0,516	0,793	0,622	0,751	0,590	0,513	0,628	0,478	0,633	0,560	0,627	0,520	0,734	0,537	0,678	0,592	0,572	0,546	0,511	0,702	0,574	0,744	0,620	0,722	0,621	0,705	0,640	0,728	0,643	0,622	0,666	0,789	0,677	0,740	0,654	0,770	0,650	0,828	0,822	0,866	0,767	0,655	0,614	0,526	0,546	0,679	0,637	0,733	0,687	0,790	0,768	0,788	0,092	0,455	0,092	0,504	0,092	0,512	0,091	0,580	0,093	0,592	0,095	0,639	0,092
3:38:04	37,0	0,505	0,731	0,707	0,780	0,741	0,733	0,633	0,759	0,606	0,780	0,699	0,702	0,576	0,646	0,558	0,633	0,591	0,631	0,502	0,602	0,529	0,761	0,509	0,695	0,650	0,571	0,599	0,575	0,675	0,645	0,659	0,526	0,805	0,638	0,774	0,613	0,530	0,640	0,494	0,658	0,572	0,658	0,539	0,735	0,555	0,705	0,614	0,596	0,585	0,541	0,708	0,593	0,747	0,635	0,750	0,639	0,740	0,654	0,748	0,668	0,664	0,694	0,808	0,693	0,771	0,680	0,784	0,673	0,879	0,832	0,891	0,788	0,684	0,637	0,541	0,580	0,704	0,655	0,760	0,714	0,819	0,783	0,817	0,093	0,476	0,092	0,526	0,092	0,534	0,091	0,601	0,093	0,615	0,096	0,656	0,092
3:48:04	37,0	0,520	0,752	0,732	0,803	0,762	0,758	0,680	0,786	0,642	0,808	0,743	0,734	0,588	0,672	0,589	0,654	0,609	0,656	0,525	0,629	0,560	0,794	0,537	0,740	0,670	0,575	0,651	0,585	0,702	0,656	0,695	0,549	0,816	0,656	0,793	0,634	0,548	0,655	0,505	0,679	0,583	0,655	0,553	0,773	0,569	0,733	0,627	0,623	0,624	0,564	0,717	0,608	0,757	0,650	0,776	0,655	0,764	0,669	0,767	0,691	0,704	0,721	0,824	0,709	0,803	0,703	0,798	0,695	0,897	0,842	0,917	0,807	0,710	0,651	0,578	0,612	0,732	0,673	0,775	0,735	0,848	0,796	0,850	0,093	0,494	0,092	0,543	0,092	0,554	0,091	0,627	0,093	0,631	0,096	0,676	0,092
3:58:04	36,9	0,538	0,773	0,754	0,822	0,782	0,783	0,720	0,814	0,676	0,840	0,784	0,763	0,600	0,699	0,611	0,679	0,626	0,684	0,544	0,663	0,583	0,825	0,559	0,777	0,692	0,582	0,696	0,605	0,734	0,664	0,729	0,576	0,837	0,670	0,815	0,655	0,564	0,669	0,513	0,699	0,594	0,661	0,563	0,804	0,578	0,757	0,637	0,656	0,659	0,586	0,727	0,621	0,768	0,663	0,801	0,672	0,786	0,681	0,783	0,713	0,742	0,745	0,852	0,723	0,828	0,727	0,818	0,716	0,918	0,854	0,945	0,825	0,739	0,658	0,616	0,640	0,759	0,692	0,804	0,751	0,876	0,811	0,873	0,092	0,515	0,092	0,559	0,092	0,575	0,091	0,651	0,093	0,651	0,095	0,694	0,092
4:08:04	37,0	0,554	0,797	0,778	0,845	0,805	0,807	0,753	0,838	0,710	0,870	0,818	0,791	0,615	0,732	0,632	0,704	0,642	0,716	0,556	0,698	0,598	0,858	0,578	0,815	0,711	0,593	0,730	0,628	0,761	0,676	0,763	0,586	0,849	0,688	0,836	0,679	0,572	0,684	0,522	0,721	0,604	0,688	0,572	0,821	0,586	0,780	0,647	0,684	0,695	0,609	0,738	0,635	0,784	0,675	0,821	0,687	0,806	0,695	0,800	0,733	0,770	0,764	0,876	0,734	0,855	0,750	0,835	0,735	0,938	0,867	0,968	0,840	0,764	0,669	0,643	0,664	0,789	0,708	0,828	0,762	0,902	0,823	0,898	0,093	0,534	0,092	0,577	0,092	0,595	0,091	0,673	0,093	0,667	0,096	0,716	0,092
4:18:04	37,0	0,570	0,817	0,793	0,862	0,823	0,830	0,776	0,864	0,742	0,895	0,845	0,817	0,629	0,764	0,648	0,732	0,656	0,751	0,565	0,735	0,610	0,892	0,592	0,847	0,731	0,605	0,750	0,643	0,773	0,681	0,804	0,602	0,856	0,709	0,859	0,704	0,582	0,703	0,531	0,739	0,612	0,707	0,581	0,830	0,596	0,800	0,657	0,716	0,725	0,629	0,749	0,648	0,793	0,688	0,836	0,700	0,819	0,707	0,816	0,752	0,801	0,777	0,893	0,746	0,879	0,767	0,847	0,753	0,954	0,872	0,989	0,853	0,793	0,675	0,666	0,684	0,814	0,723	0,852	0,770	0,924	0,832	0,921	0,093	0,553	0,092	0,601	0,092	0,612	0,091	0,694	0,093	0,686	0,096	0,740	0,092
4:28:04	37,0	0,589	0,841	0,818	0,881	0,839	0,851	0,802	0,885	0,774	0,923	0,877	0,846	0,647	0,799	0,662	0,760	0,670	0,779	0,572	0,768	0,624	0,920	0,610	0,885	0,753	0,617	0,777	0,660	0,796	0,701	0,847	0,630	0,876	0,737	0,881	0,732	0,595	0,711	0,540	0,754	0,619	0,724	0,592	0,850	0,607	0,819	0,671	0,748	0,752	0,652	0,764	0,661	0,810	0,700	0,854	0,715	0,834	0,722	0,831	0,772	0,835	0,789	0,914	0,756	0,903	0,786	0,866	0,772	0,973	0,883	1,017	0,866	0,818	0,685	0,689	0,705	0,845	0,736	0,877	0,777	0,952	0,845	0,944	0,093	0,570	0,092	0,620	0,092	0,628	0,091	0,713	0,093	0,708	0,095	0,759	0,092
4:38:04	37,0	0,606	0,861	0,842	0,901	0,866	0,869	0,826	0,901	0,801	0,950	0,904	0,871	0,666	0,828	0,675	0,790	0,685	0,814	0,585	0,802	0,639	0,948	0,633	0,913	0,774	0,631	0,790	0,667	0,810	0,723	0,858	0,647	0,897	0,761	0,904	0,760	0,611	0,721	0,548	0,769	0,626	0,744	0,601	0,859	0,618	0,842	0,686	0,781	0,773	0,674	0,779	0,675	0,823	0,711	0,870	0,729	0,847	0,736	0,844	0,791	0,861	0,797	0,939	0,759	0,927	0,801	0,881	0,789	0,988	0,890	1,033	0,878	0,846	0,697	0,721	0,723	0,873	0,749	0,900	0,786	0,976	0,856	0,967	0,093	0,586	0,092	0,635	0,092	0,647	0,091	0,733	0,093	0,728	0,095	0,783	0,092
4:48:04	37,0	0,622	0,881	0,856	0,922	0,883	0,883	0,850	0,918	0,828	0,969	0,921	0,899	0,681	0,857	0,686	0,817	0,696	0,844	0,598	0,831	0,651	0,972	0,661	0,936	0,793	0,643	0,812	0,692	0,826	0,736	0,872	0,661	0,912	0,780	0,925	0,780	0,626	0,733	0,556	0,779	0,632	0,761	0,607	0,866	0,630	0,862	0,703	0,816	0,788	0,695	0,786	0,689	0,831	0,721	0,880	0,742	0,857	0,749	0,853	0,807	0,890	0,805	0,962	0,763	0,951	0,810	0,895	0,800	0,996	0,893	1,045	0,886	0,874	0,707	0,748	0,736	0,901	0,759	0,921	0,793	0,994	0,866	0,990	0,092	0,601	0,092	0,651	0,092	0,663	0,091	0,748	0,093	0,748	0,095	0,809	0,092
4:58:04	37,0	0,641	0,903	0,880	0,940	0,896	0,901	0,867	0,934	0,851	0,990	0,939	0,929	0,696	0,885	0,695	0,846	0,709	0,873	0,609	0,866	0,662	0,995	0,688	0,959	0,816	0,654	0,825	0,714	0,842	0,753	0,888	0,683	0,920	0,798	0,946	0,802	0,638	0,748	0,563	0,786	0,637	0,775	0,615	0,875	0,642	0,881	0,717	0,841	0,803	0,715	0,796	0,700	0,841	0,732	0,889	0,754	0,868	0,761	0,862	0,821	0,918	0,811	0,980	0,766	0,976	0,818	0,910	0,814	1,011	0,901	1,057	0,895	0,896	0,719	0,777	0,749	0,918	0,771	0,944	0,800	1,013	0,878	1,012	0,092	0,617	0,092	0,667	0,092	0,681	0,091	0,763	0,093	0,771	0,096	0,831	0,092
5:08:04	37,0	0,659	0,923	0,894	0,962	0,926	0,922	0,888	0,958	0,873	1,010	0,955	0,955	0,707	0,912	0,707	0,878	0,722	0,901	0,620	0,892	0,673	1,021	0,711	0,980	0,839	0,668	0,833	0,731	0,855	0,767	0,913	0,702	0,937	0,820	0,964	0,823	0,648	0,762	0,572	0,801	0,644	0,788	0,624	0,892	0,652	0,898	0,731	0,857	0,819	0,733	0,807	0,712	0,854	0,743	0,901	0,767	0,880	0,773	0,873	0,834	0,946	0,819	1,001	0,776	0,991	0,827	0,925	0,827	1,026	0,903	1,072	0,908	0,923	0,731	0,800	0,764	0,934	0,786	0,968	0,811	1,034	0,892	1,033	0,093	0,631	0,092	0,683	0,092	0,703	0,091	0,780	0,093	0,796	0,096	0,853	0,092
5:18:04	37,0	0,676	0,942	0,920	0,978	0,931	0,938	0,906	0,969	0,891	1,025	0,974	0,976	0,720	0,935	0,718	0,902	0,733	0,928	0,636	0,919	0,681	1,044	0,726	1,003	0,859	0,680	0,843	0,753	0,867	0,782	0,925	0,711	0,957	0,839	0,983	0,842	0,659	0,779	0,581	0,815	0,650	0,803	0,633	0,902	0,663	0,911	0,743	0,868	0,830	0,747	0,814	0,723	0,865	0,754	0,912	0,778	0,890	0,784	0,883	0,847	0,968	0,826	1,015	0,782	1,008	0,834	0,941	0,837	1,036	0,911	1,088	0,922	0,949	0,744	0,828	0,780	0,956	0,800	0,989	0,824	1,054	0,907	1,055	0,093	0,645	0,092	0,699	0,092	0,721	0,091	0,797	0,093	0,817	0,095	0,872	0,092
5:28:04	37,0	0,695	0,960	0,930	0,991	0,957	0,948	0,922	0,985	0,910	1,039	0,989	0,996	0,732	0,958	0,729	0,926	0,745	0,952	0,647	0,945	0,690	1,064	0,736	1,023	0,877	0,695	0,853	0,765	0,883	0,795	0,946	0,720	0,968	0,854	0,997	0,862	0,670	0,796	0,588	0,828	0,657	0,814	0,642	0,911	0,673	0,928	0,754	0,887	0,840	0,760	0,821	0,734	0,875	0,764	0,922	0,790	0,899	0,794	0,892	0,857	0,987	0,832	1,029	0,787	1,020	0,844	0,960	0,846	1,046	0,916	1,103	0,929	0,971	0,758	0,851	0,797	0,973	0,815	1,007	0,838	1,075	0,921	1,074	0,093	0,664	0,092	0,715	0,092	0,742	0,091	0,816	0,093	0,835	0,095	0,889	0,092
5:38:04	37,0	0,710	0,977	0,952	1,007	0,963	0,965	0,934	0,997	0,930	1,056	1,004	1,011	0,745	0,981	0,741	0,948	0,757	0,973	0,657	0,967	0,700	1,085	0,745	1,046	0,894	0,708	0,864	0,780	0,891	0,806	0,962	0,735	0,980	0,869	1,012	0,878	0,682	0,814	0,596	0,842	0,663	0,823	0,650	0,921	0,682	0,943	0,765	0,901	0,849	0,773	0,830	0,743	0,883	0,774	0,933	0,800	0,906	0,805	0,898	0,867	1,010	0,836	1,041	0,796	1,031	0,852	0,979	0,854	1,057	0,923	1,117	0,935	0,995	0,770	0,872	0,814	0,989	0,830	1,022	0,852	1,091	0,934	1,089	0,093	0,679	0,092	0,733	0,092	0,764	0,091	0,836	0,093	0,854	0,095	0,907	0,092
5:48:04	37,0	0,728	0,992	0,969	1,020	0,973	0,981	0,949	1,007	0,950	1,069	1,016	1,029	0,757	1,000	0,753	0,967	0,769	0,990	0,669	0,990	0,710	1,105	0,754	1,065	0,911	0,722	0,879	0,793	0,904	0,817	0,979	0,750	0,992	0,884	1,025	0,890	0,693	0,831	0,603	0,856	0,669	0,832	0,659	0,929	0,690	0,956	0,775	0,913	0,857	0,784	0,837	0,753	0,892	0,783	0,945	0,809	0,916	0,815	0,906	0,876	1,030	0,841	1,056	0,800	1,041	0,859	0,991	0,862	1,067	0,930	1,133	0,942	1,024	0,785	0,892	0,832	1,002	0,847	1,041	0,869	1,106	0,948	1,102	0,093	0,696	0,092	0,748	0,092	0,785	0,091	0,852	0,093	0,872	0,095	0,925	0,092
5:58:04	37,0	0,743	1,006	0,980	1,034	1,006	0,998	0,968	1,024	0,967	1,081	1,030	1,041	0,774	1,019	0,765	0,986	0,780	1,009	0,681	1,013	0,723	1,117	0,766	1,083	0,928	0,735	0,894	0,807	0,919	0,823	0,991	0,764	1,006	0,903	1,041	0,909	0,702	0,846	0,610	0,868	0,676	0,842	0,666	0,943	0,700	0,968	0,787	0,927	0,865	0,796	0,846	0,763	0,902	0,792	0,958	0,818	0,925	0,824	0,914	0,886	1,048	0,846	1,069	0,811	1,056	0,867	1,005	0,877	1,082	0,933	1,149	0,951	1,042	0,801	0,913	0,850	1,019	0,865	1,058	0,884	1,120	0,961	1,118	0,093	0,713	0,092	0,767	0,092	0,806	0,091	0,872	0,093	0,890	0,096	0,942	0,092
6:08:04	37,0	0,760	1,021	0,994	1,047	1,015	1,009	0,986	1,036	0,981	1,095	1,044	1,056	0,791	1,040	0,778	1,012	0,794	1,027	0,693	1,030	0,736	1,141	0,779	1,100	0,944	0,747	0,914	0,825	0,934	0,837	1,000	0,775	1,020	0,922	1,055	0,925	0,712	0,862	0,618	0,880	0,682	0,851	0,675	0,954	0,708	0,980	0,798	0,940	0,872	0,808	0,855	0,772	0,912	0,801	0,968	0,828	0,935	0,833	0,922	0,897	1,066	0,850	1,087	0,817	1,066	0,877	1,022	0,890	1,095	0,940	1,165	0,959	1,062	0,818	0,935	0,868	1,037	0,881	1,073	0,900	1,134	0,976	1,133	0,093	0,733	0,092	0,784	0,092	0,828	0,091	0,888	0,093	0,905	0,096	0,962	0,092
6:18:04	37,0	0,776	1,033	1,015	1,058	1,021	1,021	1,002	1,049	0,997	1,107	1,058	1,070	0,804	1,057	0,792	1,022	0,810	1,046	0,704	1,051	0,751	1,152	0,792	1,114	0,958	0,761	0,928	0,839	0,946	0,848	1,018	0,792	1,034	0,938	1,068	0,940	0,721	0,876	0,625	0,892	0,688	0,867	0,682	0,960	0,717	0,993	0,810	0,955	0,878	0,818	0,864	0,780	0,922	0,808	0,980	0,836	0,949	0,843	0,929	0,907	1,083	0,855	1,103	0,827	1,079	0,888	1,034	0,899	1,104	0,947	1,176	0,967	1,078	0,833	0,957	0,886	1,055	0,895	1,088	0,915	1,147	0,991	1,147	0,093	0,753	0,092	0,804	0,092	0,848	0,091	0,907	0,093	0,923	0,096	0,980	0,092
6:28:04	37,0	0,791	1,046	1,031	1,069	1,032	1,032	1,013	1,059	1,006	1,119	1,071	1,084	0,819	1,074	0,805	1,037	0,823	1,065	0,715	1,067	0,766	1,165	0,805	1,127	0,971	0,773	0,941	0,850	0,957	0,859	1,024	0,809	1,040	0,954	1,079	0,954	0,730	0,890	0,633	0,902	0,693	0,879	0,689	0,970	0,728	1,004	0,820	0,970	0,885	0,827	0,872	0,788	0,931	0,818	0,987	0,843	0,960	0,852	0,937	0,916	1,098	0,858	1,113	0,832	1,092	0,894	1,048	0,908	1,115	0,954	1,189	0,973	1,095	0,850	0,977	0,902	1,072	0,908	1,101	0,930	1,160	1,006	1,163	0,093	0,774	0,092	0,823	0,092	0,868	0,091	0,921	0,093	0,939	0,095	0,997	0,092
6:38:04	37,0	0,806	1,057	1,040	1,081	1,050	1,040	1,026	1,072	1,017	1,133	1,083	1,099	0,834	1,089	0,817	1,056	0,833	1,078	0,730	1,081	0,776	1,184	0,816	1,141	0,983	0,783	0,954	0,865	0,967	0,869	1,039	0,826	1,058	0,965	1,092	0,965	0,741	0,900	0,640	0,909	0,701	0,889	0,697	0,980	0,739	1,010	0,830	0,981	0,892	0,837	0,879	0,795	0,939	0,827	0,999	0,853	0,968	0,861	0,944	0,926	1,115	0,860	1,126	0,835	1,102	0,899	1,058	0,916	1,128	0,957	1,202	0,979	1,113	0,866	0,995	0,916	1,085	0,924	1,111	0,945	1,174	1,020	1,175	0,093	0,792	0,092	0,843	0,092	0,888	0,091	0,937	0,093	0,955	0,096	1,012	0,092
6:48:04	37,0	0,819	1,069	1,052	1,091	1,070	1,051	1,036	1,082	1,026	1,146	1,092	1,110	0,849	1,105	0,828	1,070	0,845	1,094	0,743	1,097	0,788	1,193	0,830	1,154	0,994	0,796	0,962	0,879	0,979	0,882	1,046	0,838	1,069	0,979	1,101	0,976	0,750	0,911	0,647	0,918	0,705	0,895	0,705	0,990	0,747	1,019	0,839	0,986	0,898	0,843	0,885	0,801	0,947	0,833	1,007	0,860	0,975	0,869	0,954	0,933	1,130	0,864	1,137	0,844	1,111	0,904	1,069	0,924	1,137	0,960	1,212	0,984	1,126	0,880	1,012	0,929	1,098	0,937	1,125	0,957	1,187	1,032	1,189	0,093	0,811	0,092	0,861	0,092	0,906	0,091	0,951	0,093	0,970	0,096	1,028	0,092
6:58:04	37,0	0,832	1,079	1,062	1,099	1,083	1,060	1,043	1,090	1,031	1,156	1,100	1,121	0,860	1,116	0,835	1,084	0,851	1,108	0,754	1,109	0,799	1,206	0,843	1,167	1,004	0,808	0,971	0,889	0,986	0,893	1,052	0,853	1,067	0,995	1,111	0,984	0,760	0,919	0,653	0,926	0,712	0,903	0,712	0,993	0,755	1,028	0,847	0,995	0,902	0,849	0,890	0,807	0,953	0,839	1,012	0,864	0,979	0,878	0,959	0,942	1,141	0,865	1,143	0,846	1,124	0,906	1,079	0,929	1,150	0,968	1,220	0,985	1,141	0,894	1,026	0,938	1,105	0,947	1,136	0,969	1,197	1,043	1,202	0,093	0,827	0,092	0,876	0,092	0,922	0,091	0,964	0,093	0,981	0,095	1,041	0,092
7:08:04	37,0	0,847	1,090	1,071	1,110	1,093	1,069	1,058	1,101	1,041	1,164	1,113	1,135	0,873	1,130	0,846	1,099	0,864	1,119	0,767	1,124	0,814	1,215	0,853	1,177	1,015	0,824	0,979	0,901	0,994	0,904	1,064	0,865	1,078	1,006	1,121	0,994	0,768	0,931	0,661	0,934	0,718	0,910	0,720	1,001	0,765	1,037	0,856	1,001	0,907	0,854	0,898	0,812	0,958	0,848	1,020	0,869	0,987	0,886	0,967	0,950	1,155	0,868	1,155	0,850	1,137	0,907	1,089	0,935	1,158	0,970	1,232	0,990	1,155	0,907	1,042	0,951	1,118	0,960	1,147	0,978	1,210	1,054	1,215	0,093	0,848	0,092	0,895	0,092	0,939	0,091	0,980	0,093	0,995	0,095	1,056	0,092
7:18:04	37,0	0,860	1,101	1,085	1,121	1,100	1,080	1,069	1,113	1,051	1,174	1,128	1,147	0,884	1,143	0,858	1,114	0,875	1,130	0,778	1,139	0,827	1,224	0,865	1,187	1,026	0,835	0,989	0,917	1,003	0,917	1,070	0,888	1,088	1,023	1,132	1,006	0,777	0,942	0,668	0,941	0,725	0,920	0,728	1,007	0,773	1,045	0,864	1,009	0,912	0,860	0,905	0,818	0,963	0,854	1,028	0,876	0,993	0,895	0,974	0,959	1,165	0,873	1,163	0,853	1,151	0,910	1,099	0,940	1,166	0,974	1,243	0,993	1,172	0,920	1,054	0,962	1,133	0,971	1,161	0,987	1,222	1,065	1,227	0,093	0,865	0,092	0,909	0,092	0,956	0,091	0,993	0,093	1,010	0,096	1,073	0,092
7:28:04	37,0	0,876	1,115	1,100	1,135	1,108	1,093	1,085	1,123	1,067	1,186	1,144	1,155	0,898	1,157	0,872	1,126	0,883	1,147	0,790	1,153	0,840	1,230	0,877	1,197	1,040	0,850	1,000	0,936	1,015	0,935	1,087	0,906	1,100	1,042	1,144	1,020	0,787	0,954	0,675	0,952	0,731	0,927	0,736	1,018	0,781	1,058	0,873	1,018	0,920	0,868	0,917	0,826	0,972	0,863	1,041	0,884	1,003	0,905	0,983	0,968	1,178	0,877	1,181	0,860	1,161	0,917	1,110	0,948	1,176	0,979	1,257	1,002	1,188	0,937	1,071	0,976	1,152	0,984	1,176	1,002	1,234	1,079	1,244	0,093	0,880	0,092	0,926	0,092	0,974	0,091	1,010	0,093	1,029	0,095	1,086	0,092
7:38:04	37,0	0,888	1,127	1,114	1,145	1,116	1,103	1,097	1,135	1,079	1,194	1,154	1,164	0,908	1,171	0,880	1,139	0,891	1,159	0,805	1,167	0,851	1,241	0,889	1,207	1,050	0,861	1,011	0,951	1,026	0,948	1,095	0,918	1,107	1,060	1,153	1,032	0,796	0,963	0,683	0,960	0,738	0,934	0,744	1,025	0,790	1,069	0,881	1,026	0,926	0,875	0,925	0,833	0,979	0,871	1,048	0,894	1,011	0,913	0,990	0,978	1,189	0,883	1,190	0,868	1,172	0,922	1,123	0,955	1,186	0,987	1,269	1,008	1,201	0,948	1,083	0,989	1,163	0,999	1,190	1,019	1,247	1,090	1,254	0,093	0,895	0,092	0,940	0,092	0,992	0,091	1,024	0,093	1,041	0,095	1,099	0,092
7:48:04	37,0	0,899	1,137	1,125	1,152	1,128	1,113	1,108	1,146	1,089	1,204	1,164	1,178	0,919	1,180	0,887	1,149	0,897	1,168	0,815	1,176	0,859	1,254	0,899	1,215	1,059	0,875	1,017	0,961	1,029	0,960	1,105	0,934	1,113	1,072	1,161	1,039	0,805	0,970	0,689	0,966	0,745	0,942	0,751	1,030	0,797	1,077	0,890	1,028	0,931	0,880	0,930	0,837	0,986	0,877	1,054	0,898	1,020	0,921	0,994	0,986	1,197	0,889	1,194	0,874	1,181	0,923	1,131	0,958	1,196	0,993	1,275	1,013	1,213	0,960	1,094	1,003	1,172	1,008	1,200	1,032	1,257	1,098	1,261	0,093	0,912	0,092	0,954	0,092	1,004	0,091	1,036	0,093	1,053	0,096	1,109	0,092
7:58:04	37,0	0,912	1,145	1,131	1,162	1,140	1,127	1,123	1,153	1,101	1,210	1,173	1,182	0,930	1,192	0,895	1,160	0,906	1,183	0,829	1,186	0,871	1,260	0,909	1,224	1,071	0,890	1,028	0,981	1,042	0,972	1,112	0,948	1,127	1,087	1,173	1,052	0,815	0,980	0,697	0,975	0,752	0,950	0,759	1,042	0,805	1,086	0,900	1,043	0,938	0,887	0,939	0,845	0,994	0,885	1,063	0,908	1,026	0,931	1,005	0,995	1,208	0,896	1,208	0,880	1,191	0,931	1,143	0,965	1,203	0,996	1,288	1,019	1,225	0,974	1,107	1,017	1,187	1,021	1,212	1,045	1,267	1,108	1,273	0,093	0,928	0,092	0,974	0,092	1,023	0,091	1,049	0,093	1,065	0,095	1,121	0,092
8:08:04	37,0	0,924	1,154	1,138	1,172	1,151	1,135	1,134	1,159	1,112	1,218	1,182	1,191	0,939	1,203	0,905	1,171	0,916	1,191	0,842	1,197	0,879	1,269	0,919	1,234	1,080	0,903	1,036	0,997	1,050	0,987	1,124	0,962	1,135	1,101	1,183	1,065	0,823	0,989	0,704	0,982	0,758	0,957	0,767	1,050	0,813	1,096	0,910	1,046	0,944	0,894	0,945	0,851	1,002	0,892	1,070	0,914	1,034	0,939	1,012	1,004	1,218	0,901	1,216	0,887	1,203	0,935	1,155	0,973	1,216	1,004	1,297	1,026	1,235	0,987	1,119	1,031	1,197	1,031	1,223	1,057	1,275	1,117	1,284	0,093	0,945	0,092	0,990	0,092	1,037	0,091	1,061	0,093	1,076	0,095	1,131	0,092
8:18:04	37,0	0,935	1,163	1,148	1,180	1,159	1,145	1,147	1,166	1,122	1,223	1,192	1,196	0,949	1,214	0,915	1,181	0,925	1,202	0,854	1,210	0,887	1,279	0,927	1,239	1,090	0,919	1,050	1,006	1,069	0,995	1,134	0,972	1,149	1,109	1,194	1,073	0,830	0,996	0,711	0,990	0,765	0,963	0,775	1,062	0,821	1,103	0,919	1,047	0,952	0,903	0,953	0,858	1,012	0,903	1,077	0,922	1,044	0,945	1,018	1,011	1,230	0,906	1,228	0,893	1,213	0,941	1,164	0,978	1,225	1,008	1,307	1,033	1,244	1,003	1,129	1,043	1,209	1,041	1,233	1,069	1,284	1,126	1,294	0,093	0,962	0,092	1,005	0,092	1,052	0,091	1,073	0,093	1,087	0,095	1,142	0,092
8:28:04	37,0	0,945	1,172	1,156	1,189	1,166	1,151	1,154	1,173	1,128	1,230	1,198	1,205	0,958	1,224	0,923	1,190	0,934	1,212	0,862	1,219	0,895	1,289	0,934	1,248	1,099	0,932	1,060	1,016	1,070	1,002	1,142	0,985	1,149	1,121	1,202	1,082	0,839	1,004	0,718	0,996	0,772	0,970	0,782	1,070	0,829	1,113	0,930	1,055	0,958	0,910	0,959	0,864	1,016	0,909	1,080	0,932	1,048	0,953	1,024	1,021	1,239	0,909	1,237	0,897	1,220	0,943	1,172	0,983	1,232	1,013	1,314	1,038	1,252	1,018	1,139	1,053	1,218	1,051	1,242	1,078	1,292	1,133	1,300	0,093	0,977	0,092	1,016	0,092	1,064	0,091	1,084	0,093	1,095	0,096	1,151	0,092
8:38:04	37,0	0,956	1,180	1,164	1,195	1,174	1,162	1,164	1,181	1,136	1,236	1,207	1,212	0,967	1,233	0,933	1,199	0,944	1,220	0,873	1,229	0,906	1,299	0,946	1,254	1,108	0,953	1,068	1,030	1,088	1,013	1,150	0,997	1,162	1,131	1,209	1,092	0,847	1,012	0,724	1,003	0,778	0,976	0,790	1,078	0,838	1,122	0,941	1,057	0,965	0,917	0,966	0,869	1,026	0,915	1,087	0,938	1,058	0,962	1,030	1,033	1,249	0,914	1,245	0,903	1,229	0,948	1,182	0,988	1,242	1,019	1,322	1,046	1,263	1,031	1,151	1,064	1,227	1,057	1,251	1,087	1,301	1,141	1,309	0,092	0,989	0,092	1,030	0,092	1,075	0,091	1,092	0,093	1,104	0,095	1,159	0,092
8:48:04	37,0	0,965	1,187	1,170	1,201	1,181	1,170	1,173	1,186	1,143	1,241	1,213	1,218	0,977	1,243	0,941	1,209	0,954	1,230	0,882	1,237	0,915	1,301	0,956	1,262	1,116	0,968	1,079	1,038	1,097	1,025	1,157	1,011	1,167	1,142	1,218	1,101	0,855	1,020	0,732	1,011	0,784	0,984	0,798	1,087	0,844	1,127	0,949	1,061	0,973	0,926	0,973	0,877	1,034	0,921	1,093	0,946	1,064	0,971	1,036	1,044	1,258	0,918	1,254	0,908	1,238	0,952	1,190	0,993	1,252	1,023	1,331	1,052	1,269	1,044	1,161	1,075	1,239	1,071	1,260	1,096	1,308	1,148	1,316	0,093	1,003	0,092	1,042	0,092	1,088	0,091	1,103	0,093	1,114	0,095	1,168	0,092
8:58:04	37,0	0,974	1,195	1,177	1,207	1,187	1,176	1,181	1,194	1,151	1,245	1,219	1,224	0,983	1,251	0,951	1,215	0,963	1,239	0,891	1,247	0,923	1,308	0,967	1,271	1,122	0,981	1,086	1,048	1,100	1,034	1,165	1,022	1,176	1,151	1,225	1,110	0,863	1,028	0,738	1,017	0,792	0,989	0,804	1,095	0,852	1,133	0,961	1,066	0,981	0,931	0,979	0,883	1,039	0,927	1,098	0,952	1,069	0,979	1,041	1,051	1,266	0,922	1,261	0,910	1,247	0,956	1,198	0,998	1,259	1,030	1,338	1,058	1,277	1,052	1,169	1,084	1,246	1,078	1,267	1,104	1,315	1,154	1,323	0,093	1,015	0,092	1,054	0,092	1,100	0,091	1,112	0,093	1,121	0,095	1,174	0,092
9:08:04	37,0	0,981	1,200	1,183	1,213	1,193	1,182	1,184	1,199	1,155	1,251	1,222	1,228	0,990	1,260	0,958	1,223	0,970	1,247	0,899	1,259	0,931	1,317	0,976	1,279	1,129	0,992	1,093	1,057	1,109	1,042	1,173	1,034	1,182	1,160	1,232	1,116	0,870	1,034	0,745	1,023	0,797	0,993	0,812	1,101	0,861	1,138	0,968	1,072	0,985	0,937	0,982	0,887	1,045	0,934	1,102	0,956	1,071	0,986	1,044	1,057	1,273	0,924	1,268	0,916	1,254	0,958	1,205	1,001	1,263	1,034	1,343	1,061	1,281	1,062	1,178	1,092	1,251	1,083	1,272	1,111	1,321	1,158	1,327	0,093	1,026	0,092	1,063	0,092	1,107	0,091	1,117	0,093	1,127	0,096	1,180	0,092
9:18:04	37,0	0,989	1,206	1,187	1,216	1,199	1,189	1,191	1,206	1,161	1,259	1,228	1,235	0,997	1,266	0,968	1,229	0,980	1,255	0,904	1,261	0,938	1,323	0,984	1,286	1,136	1,005	1,100	1,065	1,117	1,050	1,177	1,044	1,188	1,169	1,240	1,124	0,876	1,040	0,751	1,030	0,803	0,998	0,819	1,108	0,869	1,148	0,973	1,078	0,991	0,942	0,987	0,893	1,046	0,939	1,104	0,959	1,074	0,996	1,047	1,062	1,281	0,927	1,275	0,919	1,263	0,960	1,213	1,005	1,272	1,036	1,348	1,066	1,287	1,069	1,187	1,100	1,258	1,092	1,279	1,117	1,326	1,164	1,332	0,093	1,036	0,092	1,073	0,092	1,114	0,091	1,125	0,093	1,133	0,095	1,184	0,092
9:28:04	37,0	0,997	1,211	1,191	1,219	1,202	1,195	1,193	1,208	1,163	1,264	1,231	1,239	1,002	1,273	0,975	1,236	0,987	1,260	0,914	1,269	0,947	1,329	0,990	1,293	1,141	1,019	1,105	1,077	1,121	1,062	1,180	1,058	1,193	1,178	1,247	1,131	0,883	1,046	0,757	1,035	0,810	1,002	0,827	1,114	0,881	1,151	0,977	1,084	0,995	0,947	0,992	0,898	1,050	0,944	1,108	0,963	1,075	1,004	1,049	1,066	1,287	0,931	1,281	0,924	1,266	0,961	1,221	1,008	1,277	1,040	1,354	1,068	1,292	1,075	1,196	1,107	1,264	1,096	1,283	1,122	1,331	1,168	1,336	0,093	1,045	0,092	1,081	0,092	1,119	0,091	1,131	0,093	1,137	0,096	1,186	0,092
9:38:04	37,0	1,003	1,216	1,194	1,220	1,205	1,197	1,196	1,212	1,167	1,269	1,235	1,243	1,007	1,279	0,980	1,245	0,990	1,268	0,918	1,273	0,954	1,336	0,993	1,300	1,147	1,030	1,110	1,082	1,126	1,066	1,185	1,067	1,198	1,183	1,247	1,135	0,889	1,049	0,763	1,038	0,814	1,005	0,833	1,116	0,889	1,155	0,979	1,089	0,995	0,950	0,995	0,901	1,049	0,950	1,112	0,969	1,077	1,007	1,049	1,067	1,293	0,930	1,283	0,924	1,275	0,963	1,224	1,007	1,280	1,042	1,356	1,067	1,296	1,083	1,202	1,112	1,270	1,099	1,288	1,123	1,331	1,169	1,338	0,093	1,053	0,092	1,085	0,092	1,126	0,091	1,132	0,093	1,139	0,096	1,188	0,092
9:48:04	37,0	1,009	1,219	1,197	1,225	1,209	1,201	1,201	1,214	1,172	1,271	1,238	1,242	1,010	1,284	0,987	1,249	0,994	1,271	0,925	1,279	0,958	1,339	0,996	1,304	1,153	1,043	1,115	1,091	1,134	1,077	1,190	1,079	1,201	1,192	1,253	1,144	0,894	1,056	0,769	1,043	0,821	1,009	0,841	1,122	0,893	1,160	0,983	1,084	0,997	0,954	0,999	0,906	1,051	0,953	1,114	0,972	1,079	1,011	1,053	1,070	1,297	0,932	1,287	0,926	1,280	0,964	1,230	1,011	1,287	1,044	1,362	1,070	1,300	1,086	1,208	1,117	1,274	1,103	1,293	1,127	1,336	1,170	1,343	0,093	1,060	0,092	1,091	0,092	1,130	0,091	1,137	0,093	1,141	0,096	1,191	0,092
9:58:04	37,0	1,014	1,224	1,201	1,227	1,212	1,206	1,206	1,218	1,175	1,274	1,241	1,246	1,015	1,290	0,993	1,256	0,999	1,276	0,932	1,284	0,963	1,343	1,002	1,307	1,159	1,056	1,123	1,100	1,137	1,086	1,197	1,089	1,206	1,199	1,258	1,149	0,900	1,060	0,774	1,047	0,826	1,014	0,850	1,129	0,900	1,163	0,987	1,087	1,000	0,959	1,004	0,909	1,056	0,958	1,117	0,974	1,083	1,014	1,055	1,073	1,302	0,935	1,292	0,928	1,285	0,966	1,238	1,013	1,294	1,048	1,368	1,074	1,305	1,092	1,214	1,122	1,280	1,107	1,299	1,130	1,342	1,174	1,349	0,093	1,067	0,092	1,097	0,092	1,134	0,091	1,140	0,093	1,144	0,096	1,194	0,092
10:08:04	37,0	1,020	1,230	1,204	1,230	1,216	1,209	1,210	1,222	1,181	1,277	1,244	1,250	1,019	1,296	0,997	1,260	1,002	1,283	0,938	1,292	0,971	1,347	1,005	1,309	1,166	1,065	1,128	1,109	1,137	1,096	1,201	1,097	1,208	1,206	1,263	1,154	0,905	1,065	0,778	1,052	0,832	1,017	0,858	1,136	0,906	1,168	0,989	1,089	1,004	0,964	1,008	0,914	1,060	0,961	1,119	0,977	1,083	1,018	1,057	1,075	1,307	0,938	1,298	0,929	1,288	0,969	1,244	1,014	1,302	1,050	1,372	1,074	1,309	1,098	1,218	1,126	1,287	1,112	1,306	1,134	1,347	1,177	1,353	0,093	1,073	0,092	1,103	0,092	1,139	0,091	1,142	0,093	1,145	0,096	1,196	0,092
10:18:04	37,0	1,024	1,234	1,208	1,234	1,219	1,214	1,214	1,224	1,183	1,280	1,247	1,252	1,025	1,301	1,002	1,266	1,006	1,288	0,942	1,297	0,974	1,349	1,009	1,312	1,171	1,073	1,135	1,115	1,143	1,104	1,208	1,107	1,216	1,211	1,267	1,161	0,911	1,070	0,783	1,056	0,839	1,022	0,865	1,142	0,913	1,172	0,992	1,094	1,008	0,968	1,011	0,919	1,064	0,965	1,120	0,979	1,085	1,021	1,058	1,075	1,313	0,941	1,302	0,935	1,297	0,969	1,249	1,018	1,304	1,054	1,377	1,078	1,313	1,103	1,224	1,131	1,289	1,117	1,308	1,139	1,351	1,180	1,358	0,093	1,079	0,092	1,106	0,092	1,141	0,091	1,145	0,093	1,147	0,096	1,197	0,092
10:28:04	37,0	1,029	1,237	1,212	1,238	1,223	1,215	1,217	1,226	1,185	1,280	1,248	1,254	1,028	1,306	1,006	1,268	1,011	1,295	0,945	1,302	0,979	1,352	1,015	1,313	1,175	1,083	1,140	1,123	1,149	1,114	1,213	1,116	1,220	1,217	1,272	1,165	0,916	1,075	0,788	1,061	0,844	1,027	0,871	1,149	0,916	1,177	0,993	1,092	1,011	0,973	1,014	0,924	1,066	0,966	1,123	0,982	1,088	1,024	1,060	1,078	1,315	0,943	1,309	0,935	1,301	0,972	1,256	1,019	1,313	1,056	1,381	1,081	1,316	1,107	1,229	1,136	1,295	1,120	1,313	1,144	1,356	1,183	1,362	0,093	1,083	0,092	1,109	0,092	1,145	0,091	1,148	0,093	1,150	0,096	1,199	0,092
10:38:04	37,0	1,034	1,242	1,214	1,242	1,226	1,219	1,221	1,230	1,190	1,287	1,252	1,258	1,032	1,309	1,012	1,274	1,015	1,300	0,953	1,303	0,981	1,357	1,017	1,318	1,179	1,094	1,146	1,131	1,156	1,123	1,218	1,125	1,225	1,224	1,274	1,170	0,922	1,080	0,793	1,064	0,851	1,032	0,878	1,156	0,920	1,183	0,996	1,093	1,014	0,977	1,018	0,929	1,070	0,970	1,125	0,983	1,092	1,025	1,062	1,080	1,322	0,944	1,311	0,936	1,307	0,975	1,263	1,020	1,317	1,061	1,385	1,082	1,320	1,114	1,232	1,139	1,296	1,123	1,315	1,148	1,358	1,186	1,367	0,093	1,089	0,092	1,116	0,092	1,146	0,091	1,152	0,093	1,152	0,096	1,201	0,092
10:48:04	37,0	1,039	1,245	1,217	1,244	1,228	1,220	1,223	1,232	1,192	1,288	1,253	1,260	1,033	1,315	1,013	1,278	1,016	1,304	0,957	1,307	0,982	1,361	1,018	1,319	1,183	1,100	1,149	1,137	1,161	1,133	1,221	1,135	1,227	1,231	1,278	1,173	0,929	1,084	0,798	1,067	0,856	1,036	0,884	1,161	0,923	1,183	0,997	1,093	1,015	0,981	1,020	0,932	1,073	0,970	1,127	0,981	1,093	1,027	1,063	1,081	1,325	0,949	1,317	0,941	1,309	0,979	1,270	1,023	1,323	1,062	1,387	1,083	1,323	1,118	1,238	1,143	1,300	1,127	1,318	1,147	1,363	1,188	1,369	0,093	1,095	0,092	1,120	0,092	1,149	0,091	1,152	0,093	1,154	0,096	1,203	0,092
10:58:04	37,0	1,042	1,249	1,220	1,249	1,232	1,223	1,226	1,236	1,192	1,292	1,254	1,263	1,038	1,319	1,017	1,282	1,018	1,310	0,962	1,310	0,987	1,365	1,022	1,321	1,188	1,106	1,154	1,143	1,164	1,139	1,225	1,141	1,232	1,236	1,282	1,177	0,938	1,088	0,803	1,073	0,861	1,039	0,890	1,168	0,925	1,187	0,999	1,095	1,018	0,987	1,022	0,937	1,073	0,972	1,131	0,982	1,094	1,027	1,060	1,082	1,328	0,952	1,321	0,943	1,314	0,982	1,274	1,025	1,327	1,063	1,390	1,085	1,325	1,117	1,242	1,146	1,306	1,130	1,324	1,152	1,368	1,190	1,372	0,093	1,099	0,092	1,123	0,092	1,153	0,091	1,153	0,093	1,153	0,096	1,204	0,092
11:08:04	37,0	1,046	1,254	1,223	1,252	1,234	1,229	1,231	1,238	1,195	1,295	1,258	1,266	1,040	1,323	1,020	1,286	1,022	1,316	0,965	1,316	0,992	1,367	1,027	1,325	1,190	1,114	1,160	1,149	1,171	1,148	1,231	1,148	1,237	1,242	1,285	1,182	0,945	1,093	0,809	1,075	0,869	1,045	0,892	1,174	0,927	1,193	1,002	1,097	1,023	0,995	1,026	0,943	1,078	0,973	1,135	0,984	1,098	1,029	1,064	1,083	1,335	0,956	1,325	0,946	1,318	0,983	1,278	1,028	1,331	1,065	1,395	1,088	1,330	1,126	1,246	1,151	1,307	1,135	1,329	1,155	1,371	1,193	1,377	0,093	1,102	0,092	1,128	0,092	1,153	0,091	1,157	0,093	1,155	0,096	1,206	0,092
11:18:04	36,9	1,050	1,255	1,226	1,254	1,238	1,232	1,236	1,243	1,198	1,299	1,259	1,268	1,044	1,328	1,022	1,292	1,024	1,315	0,970	1,317	0,992	1,370	1,030	1,326	1,194	1,122	1,165	1,152	1,178	1,153	1,234	1,154	1,242	1,247	1,289	1,186	0,950	1,097	0,816	1,079	0,873	1,049	0,894	1,178	0,930	1,196	1,004	1,098	1,028	1,000	1,027	0,946	1,079	0,975	1,136	0,984	1,098	1,028	1,065	1,084	1,339	0,958	1,330	0,949	1,322	0,984	1,284	1,030	1,333	1,068	1,396	1,090	1,332	1,126	1,253	1,154	1,312	1,139	1,331	1,158	1,374	1,195	1,380	0,093	1,105	0,092	1,130	0,092	1,155	0,091	1,158	0,093	1,157	0,095	1,207	0,092
11:28:04	37,0	1,053	1,259	1,227	1,258	1,238	1,234	1,236	1,244	1,197	1,301	1,258	1,270	1,048	1,331	1,024	1,295	1,025	1,320	0,970	1,322	0,994	1,375	1,029	1,326	1,198	1,128	1,167	1,157	1,180	1,157	1,237	1,161	1,242	1,251	1,291	1,188	0,954	1,101	0,821	1,079	0,876	1,051	0,897	1,183	0,931	1,197	1,004	1,096	1,032	1,004	1,028	0,949	1,079	0,976	1,138	0,983	1,100	1,029	1,062	1,084	1,339	0,958	1,334	0,950	1,326	0,985	1,288	1,030	1,340	1,068	1,398	1,091	1,334	1,127	1,255	1,155	1,317	1,143	1,332	1,161	1,377	1,197	1,382	0,093	1,108	0,092	1,131	0,092	1,155	0,091	1,158	0,093	1,157	0,096	1,207	0,092
11:38:04	37,0	1,056	1,261	1,228	1,259	1,240	1,237	1,239	1,248	1,200	1,304	1,259	1,271	1,049	1,336	1,026	1,298	1,028	1,324	0,975	1,325	0,997	1,377	1,035	1,329	1,202	1,133	1,171	1,162	1,184	1,164	1,241	1,167	1,248	1,255	1,294	1,193	0,962	1,103	0,825	1,082	0,881	1,054	0,898	1,186	0,932	1,199	1,006	1,096	1,034	1,009	1,030	0,952	1,082	0,976	1,141	0,984	1,103	1,031	1,063	1,083	1,344	0,960	1,339	0,952	1,331	0,987	1,295	1,033	1,342	1,072	1,401	1,093	1,336	1,132	1,258	1,158	1,317	1,144	1,338	1,163	1,379	1,199	1,385	0,093	1,110	0,092	1,135	0,092	1,155	0,091	1,159	0,093	1,157	0,096	1,208	0,092
11:48:04	37,0	1,060	1,264	1,231	1,260	1,243	1,240	1,239	1,248	1,200	1,306	1,261	1,274	1,050	1,338	1,028	1,300	1,027	1,327	0,973	1,326	1,002	1,379	1,037	1,328	1,204	1,137	1,174	1,166	1,187	1,170	1,244	1,172	1,250	1,259	1,295	1,194	0,965	1,109	0,829	1,084	0,885	1,058	0,899	1,190	0,930	1,201	1,008	1,096	1,037	1,013	1,031	0,954	1,084	0,975	1,142	0,984	1,105	1,028	1,060	1,085	1,346	0,963	1,341	0,954	1,333	0,987	1,296	1,034	1,347	1,071	1,402	1,096	1,339	1,136	1,262	1,161	1,323	1,148	1,337	1,164	1,381	1,201	1,389	0,093	1,114	0,092	1,136	0,092	1,157	0,091	1,159	0,093	1,158	0,095	1,210	0,092
11:58:04	37,0	1,063	1,268	1,233	1,265	1,246	1,243	1,244	1,252	1,204	1,308	1,263	1,276	1,053	1,343	1,032	1,305	1,033	1,329	0,984	1,331	1,003	1,385	1,041	1,330	1,206	1,143	1,181	1,170	1,191	1,176	1,248	1,178	1,254	1,264	1,298	1,200	0,971	1,112	0,836	1,087	0,890	1,062	0,901	1,194	0,933	1,206	1,011	1,097	1,039	1,017	1,033	0,957	1,087	0,979	1,146	0,981	1,106	1,030	1,063	1,086	1,351	0,967	1,345	0,958	1,338	0,991	1,303	1,037	1,350	1,075	1,406	1,099	1,343	1,139	1,267	1,166	1,324	1,153	1,343	1,166	1,386	1,203	1,391	0,093	1,116	0,092	1,138	0,092	1,159	0,092	1,161	0,093	1,160	0,096	1,213	0,092
12:08:04	37,0	1,066	1,269	1,234	1,267	1,248	1,246	1,246	1,255	1,207	1,314	1,262	1,280	1,056	1,345	1,034	1,308	1,038	1,333	0,986	1,331	1,003	1,384	1,046	1,334	1,208	1,149	1,183	1,174	1,194	1,182	1,252	1,183	1,258	1,266	1,299	1,203	0,974	1,116	0,838	1,089	0,892	1,065	0,903	1,197	0,933	1,206	1,013	1,097	1,044	1,021	1,035	0,959	1,088	0,978	1,151	0,982	1,110	1,030	1,064	1,087	1,354	0,971	1,348	0,961	1,339	0,992	1,309	1,037	1,352	1,077	1,409	1,101	1,343	1,142	1,271	1,168	1,327	1,158	1,347	1,169	1,389	1,206	1,395	0,093	1,119	0,092	1,141	0,092	1,161	0,091	1,163	0,093	1,162	0,096	1,216	0,092
12:18:04	37,0	1,069	1,274	1,236	1,270	1,251	1,250	1,247	1,258	1,208	1,316	1,264	1,283	1,059	1,349	1,036	1,312	1,039	1,335	0,988	1,335	1,007	1,386	1,049	1,336	1,211	1,154	1,188	1,178	1,196	1,187	1,255	1,187	1,261	1,269	1,302	1,206	0,977	1,120	0,842	1,092	0,895	1,069	0,905	1,201	0,934	1,208	1,014	1,097	1,047	1,024	1,037	0,961	1,090	0,978	1,151	0,980	1,112	1,030	1,065	1,089	1,356	0,974	1,351	0,964	1,343	0,994	1,313	1,041	1,353	1,083	1,411	1,106	1,347	1,145	1,276	1,172	1,329	1,163	1,351	1,172	1,392	1,208	1,395	0,093	1,122	0,092	1,145	0,092	1,164	0,092	1,165	0,093	1,163	0,096	1,218	0,092
12:28:04	37,0	1,070	1,276	1,236	1,272	1,251	1,253	1,250	1,261	1,210	1,318	1,264	1,284	1,061	1,352	1,038	1,315	1,038	1,340	0,993	1,338	1,009	1,390	1,051	1,337	1,213	1,157	1,192	1,181	1,196	1,189	1,259	1,190	1,264	1,271	1,304	1,208	0,978	1,122	0,844	1,093	0,896	1,072	0,906	1,205	0,935	1,207	1,016	1,098	1,049	1,027	1,038	0,962	1,092	0,980	1,154	0,979	1,113	1,030	1,067	1,090	1,359	0,977	1,355	0,966	1,346	0,996	1,319	1,043	1,355	1,082	1,413	1,108	1,350	1,147	1,279	1,176	1,334	1,168	1,352	1,175	1,393	1,210	1,398	0,093	1,123	0,092	1,146	0,092	1,167	0,091	1,165	0,093	1,167	0,096	1,220	0,092
12:38:04	37,0	1,074	1,279	1,238	1,274	1,254	1,256	1,252	1,266	1,210	1,321	1,264	1,286	1,063	1,355	1,040	1,319	1,045	1,343	0,995	1,341	1,009	1,389	1,054	1,337	1,214	1,161	1,194	1,183	1,201	1,192	1,261	1,193	1,266	1,273	1,305	1,210	0,981	1,126	0,846	1,095	0,896	1,076	0,907	1,208	0,937	1,209	1,019	1,095	1,050	1,029	1,041	0,964	1,093	0,979	1,155	0,981	1,115	1,030	1,069	1,092	1,361	0,981	1,358	0,969	1,349	0,999	1,322	1,044	1,359	1,087	1,416	1,110	1,352	1,150	1,283	1,179	1,337	1,172	1,358	1,179	1,395	1,214	1,401	0,093	1,127	0,092	1,149	0,092	1,171	0,091	1,169	0,093	1,171	0,096	1,222	0,092
12:48:04	37,0	1,075	1,281	1,239	1,277	1,255	1,259	1,254	1,268	1,213	1,321	1,266	1,289	1,065	1,358	1,042	1,321	1,047	1,348	0,996	1,344	1,013	1,392	1,055	1,338	1,218	1,166	1,197	1,186	1,203	1,195	1,264	1,197	1,270	1,273	1,307	1,211	0,983	1,129	0,846	1,096	0,898	1,079	0,908	1,210	0,938	1,208	1,020	1,096	1,053	1,033	1,042	0,964	1,094	0,981	1,159	0,982	1,116	1,031	1,069	1,095	1,363	0,983	1,361	0,969	1,353	1,001	1,327	1,050	1,359	1,088	1,419	1,113	1,354	1,152	1,288	1,184	1,341	1,177	1,358	1,183	1,397	1,217	1,403	0,093	1,129	0,092	1,153	0,092	1,172	0,091	1,171	0,093	1,174	0,096	1,224	0,092
12:58:04	37,0	1,077	1,283	1,239	1,281	1,257	1,260	1,253	1,269	1,213	1,322	1,262	1,290	1,066	1,361	1,042	1,326	1,046	1,349	1,000	1,347	1,015	1,393	1,055	1,339	1,221	1,169	1,198	1,188	1,205	1,196	1,264	1,196	1,271	1,275	1,307	1,211	0,983	1,131	0,847	1,097	0,899	1,083	0,908	1,213	0,938	1,207	1,021	1,095	1,054	1,033	1,043	0,964	1,096	0,979	1,158	0,980	1,116	1,029	1,068	1,095	1,362	0,985	1,362	0,971	1,355	1,000	1,329	1,051	1,362	1,090	1,419	1,115	1,356	1,157	1,288	1,185	1,341	1,179	1,362	1,185	1,400	1,218	1,406	0,093	1,132	0,092	1,154	0,092	1,174	0,091	1,171	0,093	1,173	0,096	1,224	0,092
13:08:04	37,0	1,079	1,283	1,238	1,281	1,256	1,262	1,254	1,271	1,214	1,325	1,264	1,291	1,067	1,363	1,045	1,325	1,046	1,350	1,000	1,348	1,014	1,396	1,058	1,341	1,221	1,171	1,201	1,190	1,207	1,197	1,266	1,199	1,272	1,276	1,308	1,212	0,985	1,133	0,847	1,095	0,900	1,085	0,909	1,214	0,937	1,208	1,023	1,094	1,054	1,032	1,042	0,966	1,097	0,980	1,159	0,979	1,114	1,029	1,067	1,095	1,365	0,987	1,364	0,971	1,355	1,000	1,333	1,051	1,361	1,092	1,420	1,117	1,357	1,157	1,290	1,186	1,342	1,181	1,364	1,187	1,402	1,218	1,407	0,093	1,132	0,092	1,155	0,092	1,174	0,091	1,171	0,093	1,174	0,095	1,225	0,092
13:18:04	37,0	1,082	1,288	1,238	1,282	1,256	1,265	1,254	1,271	1,216	1,325	1,264	1,292	1,069	1,365	1,046	1,329	1,046	1,353	1,001	1,351	1,016	1,397	1,060	1,342	1,223	1,174	1,204	1,192	1,208	1,198	1,267	1,201	1,274	1,277	1,310	1,212	0,988	1,134	0,848	1,094	0,900	1,086	0,910	1,214	0,938	1,207	1,024	1,093	1,055	1,032	1,042	0,966	1,097	0,979	1,160	0,975	1,115	1,028	1,066	1,093	1,367	0,988	1,367	0,975	1,357	1,002	1,334	1,051	1,361	1,093	1,422	1,119	1,359	1,157	1,292	1,188	1,344	1,184	1,365	1,188	1,403	1,219	1,407	0,093	1,133	0,092	1,157	0,092	1,174	0,091	1,172	0,093	1,172	0,096	1,225	0,092
13:28:04	37,0	1,083	1,290	1,237	1,285	1,255	1,266	1,254	1,272	1,215	1,326	1,262	1,293	1,070	1,367	1,047	1,330	1,046	1,357	1,001	1,353	1,020	1,397	1,060	1,339	1,223	1,176	1,205	1,193	1,208	1,200	1,267	1,201	1,275	1,277	1,308	1,212	0,989	1,136	0,846	1,093	0,900	1,087	0,910	1,214	0,938	1,206	1,025	1,092	1,055	1,031	1,041	0,966	1,098	0,979	1,160	0,975	1,116	1,028	1,064	1,092	1,367	0,988	1,367	0,973	1,358	1,003	1,336	1,054	1,364	1,095	1,423	1,120	1,359	1,160	1,295	1,190	1,347	1,186	1,367	1,191	1,403	1,222	1,409	0,093	1,135	0,092	1,156	0,092	1,176	0,091	1,173	0,093	1,173	0,096	1,226	0,092
13:38:04	36,9	1,082	1,292	1,236	1,287	1,254	1,268	1,252	1,272	1,213	1,325	1,259	1,294	1,070	1,368	1,048	1,331	1,048	1,359	1,002	1,355	1,019	1,398	1,060	1,339	1,225	1,179	1,207	1,195	1,209	1,201	1,269	1,202	1,274	1,279	1,310	1,213	0,990	1,136	0,848	1,093	0,900	1,088	0,910	1,215	0,937	1,203	1,026	1,091	1,054	1,030	1,041	0,965	1,098	0,977	1,162	0,972	1,116	1,025	1,063	1,091	1,366	0,988	1,367	0,975	1,360	1,002	1,337	1,054	1,366	1,097	1,423	1,121	1,359	1,159	1,295	1,192	1,349	1,187	1,366	1,192	1,404	1,221	1,409	0,093	1,135	0,092	1,156	0,092	1,175	0,092	1,173	0,093	1,173	0,096	1,225	0,092
13:48:04	37,0	1,083	1,292	1,235	1,288	1,256	1,269	1,254	1,276	1,214	1,327	1,260	1,295	1,071	1,368	1,049	1,331	1,048	1,360	1,002	1,356	1,019	1,398	1,064	1,340	1,225	1,180	1,208	1,197	1,210	1,202	1,271	1,203	1,276	1,280	1,309	1,213	0,992	1,138	0,846	1,093	0,901	1,089	0,909	1,217	0,935	1,202	1,028	1,089	1,056	1,030	1,041	0,966	1,099	0,975	1,161	0,970	1,115	1,025	1,060	1,090	1,367	0,992	1,370	0,975	1,358	1,005	1,338	1,057	1,366	1,097	1,424	1,124	1,362	1,160	1,299	1,194	1,349	1,191	1,365	1,192	1,405	1,223	1,409	0,093	1,136	0,092	1,157	0,092	1,178	0,091	1,172	0,093	1,173	0,096	1,226	0,092
13:58:04	37,0	1,083	1,294	1,234	1,288	1,255	1,271	1,252	1,273	1,214	1,326	1,258	1,296	1,072	1,371	1,049	1,334	1,048	1,361	1,002	1,355	1,018	1,399	1,062	1,338	1,228	1,182	1,209	1,198	1,210	1,202	1,271	1,204	1,275	1,279	1,310	1,212	0,991	1,139	0,848	1,092	0,899	1,090	0,909	1,216	0,938	1,201	1,027	1,087	1,054	1,028	1,042	0,964	1,098	0,974	1,165	0,969	1,117	1,021	1,058	1,087	1,364	0,992	1,371	0,976	1,361	1,006	1,341	1,058	1,367	1,095	1,426	1,123	1,358	1,162	1,297	1,195	1,352	1,190	1,368	1,196	1,405	1,225	1,411	0,093	1,137	0,092	1,157	0,092	1,177	0,091	1,171	0,093	1,170	0,096	1,226	0,092
14:08:04	37,0	1,083	1,297	1,233	1,289	1,255	1,272	1,252	1,276	1,212	1,327	1,258	1,296	1,074	1,371	1,050	1,334	1,051	1,363	1,004	1,357	1,023	1,398	1,065	1,339	1,229	1,184	1,211	1,199	1,212	1,203	1,273	1,203	1,279	1,279	1,310	1,214	0,993	1,139	0,847	1,090	0,899	1,091	0,908	1,216	0,937	1,200	1,028	1,086	1,055	1,027	1,041	0,964	1,100	0,974	1,165	0,969	1,118	1,020	1,058	1,087	1,368	0,993	1,371	0,978	1,361	1,006	1,342	1,060	1,367	1,100	1,427	1,127	1,359	1,163	1,301	1,198	1,351	1,193	1,369	1,197	1,406	1,227	1,412	0,093	1,138	0,092	1,158	0,092	1,180	0,091	1,173	0,093	1,173	0,095	1,225	0,092
14:18:04	37,0	1,083	1,296	1,232	1,292	1,255	1,272	1,253	1,277	1,212	1,328	1,257	1,297	1,073	1,372	1,052	1,335	1,051	1,363	1,006	1,359	1,023	1,398	1,067	1,338	1,229	1,186	1,212	1,200	1,214	1,203	1,273	1,203	1,280	1,279	1,310	1,214	0,993	1,139	0,847	1,088	0,900	1,090	0,908	1,216	0,937	1,198	1,030	1,085	1,056	1,027	1,041	0,964	1,101	0,974	1,164	0,965	1,114	1,020	1,056	1,086	1,369	0,994	1,373	0,978	1,363	1,007	1,344	1,060	1,368	1,101	1,429	1,129	1,361	1,163	1,305	1,202	1,352	1,197	1,369	1,199	1,407	1,227	1,413	0,093	1,138	0,092	1,160	0,092	1,180	0,091	1,173	0,093	1,173	0,095	1,226	0,092
14:28:04	37,0	1,083	1,298	1,234	1,292	1,254	1,275	1,253	1,277	1,213	1,330	1,256	1,298	1,074	1,374	1,052	1,337	1,051	1,364	1,007	1,359	1,024	1,399	1,068	1,339	1,230	1,187	1,213	1,200	1,215	1,203	1,274	1,203	1,281	1,279	1,311	1,218	0,994	1,138	0,846	1,086	0,900	1,090	0,908	1,217	0,938	1,197	1,030	1,083	1,057	1,028	1,042	0,965	1,101	0,972	1,165	0,965	1,115	1,019	1,056	1,086	1,370	0,995	1,374	0,980	1,363	1,007	1,345	1,063	1,367	1,103	1,428	1,131	1,361	1,166	1,306	1,204	1,350	1,200	1,374	1,202	1,409	1,229	1,414	0,093	1,140	0,092	1,162	0,092	1,182	0,091	1,175	0,093	1,175	0,096	1,228	0,092
14:38:04	37,0	1,082	1,298	1,232	1,292	1,253	1,276	1,249	1,274	1,210	1,327	1,253	1,297	1,071	1,375	1,049	1,338	1,047	1,364	1,003	1,359	1,025	1,400	1,066	1,337	1,231	1,186	1,214	1,198	1,214	1,200	1,274	1,201	1,277	1,277	1,308	1,214	0,993	1,136	0,845	1,083	0,897	1,089	0,906	1,215	0,936	1,194	1,028	1,082	1,053	1,024	1,040	0,962	1,099	0,969	1,167	0,963	1,117	1,016	1,051	1,083	1,367	0,995	1,377	0,977	1,362	1,006	1,346	1,063	1,368	1,100	1,427	1,129	1,358	1,164	1,303	1,203	1,353	1,200	1,368	1,202	1,405	1,229	1,414	0,093	1,141	0,092	1,162	0,092	1,181	0,091	1,173	0,093	1,170	0,095	1,226	0,092
14:48:04	37,0	1,081	1,296	1,230	1,292	1,251	1,275	1,250	1,275	1,211	1,326	1,252	1,297	1,072	1,375	1,051	1,339	1,048	1,366	1,004	1,359	1,022	1,398	1,063	1,335	1,231	1,188	1,215	1,200	1,215	1,202	1,273	1,201	1,279	1,278	1,309	1,214	0,994	1,136	0,846	1,083	0,897	1,089	0,905	1,215	0,936	1,194	1,027	1,081	1,054	1,022	1,039	0,962	1,099	0,969	1,166	0,961	1,115	1,014	1,049	1,080	1,366	0,996	1,377	0,981	1,364	1,007	1,346	1,063	1,369	1,102	1,428	1,130	1,358	1,167	1,304	1,205	1,351	1,200	1,369	1,204	1,405	1,230	1,415	0,093	1,142	0,092	1,161	0,092	1,180	0,091	1,171	0,093	1,171	0,096	1,226	0,092
14:58:04	36,9	1,080	1,300	1,230	1,295	1,252	1,278	1,251	1,276	1,210	1,328	1,252	1,298	1,071	1,376	1,052	1,338	1,049	1,367	1,006	1,360	1,026	1,400	1,065	1,338	1,232	1,188	1,214	1,198	1,216	1,201	1,273	1,199	1,278	1,276	1,308	1,217	0,993	1,135	0,844	1,083	0,896	1,088	0,905	1,215	0,933	1,193	1,027	1,080	1,052	1,022	1,038	0,961	1,099	0,965	1,169	0,959	1,116	1,012	1,046	1,081	1,367	0,997	1,376	0,983	1,364	1,007	1,347	1,063	1,370	1,106	1,429	1,133	1,358	1,169	1,304	1,207	1,353	1,204	1,370	1,206	1,406	1,232	1,415	0,093	1,140	0,092	1,163	0,092	1,180	0,091	1,173	0,093	1,171	0,096	1,228	0,092
15:08:04	37,0	1,079	1,299	1,229	1,292	1,250	1,279	1,249	1,275	1,210	1,327	1,250	1,300	1,071	1,376	1,050	1,339	1,048	1,368	1,006	1,360	1,025	1,397	1,065	1,337	1,232	1,189	1,216	1,198	1,216	1,201	1,272	1,197	1,278	1,275	1,308	1,216	0,994	1,135	0,842	1,082	0,895	1,087	0,904	1,214	0,934	1,190	1,025	1,077	1,050	1,020	1,037	0,959	1,097	0,963	1,167	0,958	1,114	1,010	1,043	1,077	1,365	0,997	1,378	0,981	1,364	1,008	1,348	1,065	1,368	1,105	1,431	1,133	1,357	1,169	1,307	1,209	1,351	1,204	1,369	1,206	1,405	1,232	1,415	0,093	1,141	0,092	1,162	0,092	1,181	0,091	1,172	0,093	1,169	0,095	1,226	0,092
15:18:04	37,0	1,078	1,298	1,227	1,292	1,248	1,280	1,246	1,275	1,207	1,326	1,246	1,299	1,070	1,375	1,049	1,339	1,045	1,363	1,001	1,357	1,022	1,399	1,066	1,331	1,230	1,188	1,217	1,197	1,215	1,199	1,271	1,196	1,277	1,274	1,305	1,214	0,993	1,132	0,841	1,079	0,895	1,086	0,901	1,214	0,931	1,187	1,024	1,075	1,048	1,016	1,034	0,956	1,097	0,964	1,163	0,953	1,111	1,006	1,040	1,075	1,366	0,994	1,377	0,978	1,362	1,009	1,349	1,064	1,367	1,103	1,429	1,133	1,356	1,169	1,307	1,209	1,353	1,207	1,368	1,204	1,402	1,232	1,416	0,093	1,141	0,092	1,163	0,092	1,180	0,091	1,170	0,093	1,168	0,096	1,224	0,092
15:28:04	37,0	1,077	1,298	1,226	1,292	1,246	1,279	1,247	1,275	1,208	1,325	1,246	1,298	1,071	1,376	1,048	1,341	1,044	1,368	1,002	1,360	1,023	1,399	1,066	1,334	1,232	1,188	1,216	1,197	1,215	1,198	1,271	1,196	1,276	1,272	1,305	1,215	0,992	1,132	0,842	1,076	0,892	1,084	0,900	1,212	0,931	1,187	1,021	1,071	1,046	1,014	1,032	0,955	1,097	0,959	1,167	0,950	1,112	1,006	1,038	1,072	1,366	0,997	1,377	0,982	1,363	1,008	1,348	1,064	1,367	1,109	1,431	1,135	1,357	1,170	1,305	1,211	1,354	1,208	1,368	1,209	1,405	1,233	1,416	0,093	1,141	0,092	1,163	0,092	1,180	0,091	1,171	0,093	1,166	0,096	1,226	0,092
15:38:04	37,0	1,075	1,300	1,224	1,292	1,245	1,281	1,245	1,275	1,205	1,326	1,245	1,301	1,071	1,377	1,050	1,341	1,045	1,366	1,003	1,359	1,020	1,397	1,065	1,331	1,233	1,188	1,218	1,197	1,215	1,198	1,271	1,195	1,276	1,272	1,305	1,214	0,993	1,131	0,840	1,070	0,892	1,083	0,899	1,213	0,929	1,186	1,020	1,071	1,046	1,014	1,031	0,954	1,096	0,956	1,165	0,949	1,109	1,003	1,036	1,069	1,365	0,997	1,377	0,981	1,364	1,010	1,349	1,067	1,366	1,108	1,429	1,136	1,353	1,172	1,309	1,212	1,355	1,210	1,369	1,209	1,404	1,234	1,417	0,093	1,140	0,093	1,163	0,092	1,181	0,092	1,171	0,093	1,168	0,096	1,226	0,092
15:48:04	37,0	1,074	1,298	1,223	1,293	1,245	1,280	1,244	1,276	1,206	1,328	1,246	1,298	1,070	1,376	1,048	1,339	1,045	1,367	1,006	1,360	1,020	1,395	1,062	1,331	1,234	1,188	1,219	1,196	1,218	1,197	1,271	1,193	1,278	1,270	1,305	1,214	0,991	1,130	0,838	1,069	0,890	1,084	0,898	1,213	0,928	1,185	1,018	1,071	1,045	1,012	1,030	0,953	1,095	0,956	1,165	0,944	1,109	1,000	1,033	1,067	1,365	0,998	1,377	0,985	1,363	1,010	1,349	1,068	1,369	1,110	1,432	1,138	1,357	1,174	1,307	1,214	1,354	1,212	1,368	1,214	1,406	1,236	1,417	0,093	1,141	0,092	1,162	0,092	1,182	0,091	1,172	0,093	1,168	0,096	1,227	0,092
15:58:04	37,0	1,072	1,297	1,223	1,293	1,244	1,281	1,244	1,274	1,204	1,326	1,243	1,301	1,067	1,376	1,046	1,341	1,045	1,367	1,004	1,360	1,021	1,395	1,062	1,331	1,234	1,187	1,219	1,195	1,217	1,196	1,270	1,191	1,276	1,269	1,304	1,212	0,990	1,128	0,838	1,065	0,890	1,082	0,898	1,212	0,928	1,183	1,017	1,068	1,043	1,010	1,029	0,950	1,095	0,954	1,165	0,943	1,105	0,998	1,030	1,067	1,364	0,998	1,377	0,987	1,362	1,010	1,349	1,069	1,366	1,111	1,431	1,139	1,356	1,174	1,307	1,215	1,352	1,212	1,369	1,214	1,405	1,238	1,417	0,093	1,141	0,092	1,162	0,092	1,180	0,091	1,168	0,093	1,167	0,096	1,226	0,092
16:08:04	37,0	1,072	1,298	1,222	1,294	1,244	1,281	1,243	1,277	1,204	1,327	1,241	1,303	1,069	1,378	1,047	1,341	1,045	1,367	1,005	1,361	1,021	1,395	1,064	1,331	1,234	1,187	1,220	1,194	1,218	1,196	1,270	1,191	1,278	1,268	1,304	1,212	0,989	1,128	0,836	1,063	0,888	1,081	0,895	1,211	0,927	1,181	1,015	1,068	1,043	1,009	1,028	0,949	1,095	0,952	1,165	0,942	1,105	0,996	1,027	1,065	1,364	0,998	1,378	0,985	1,362	1,012	1,349	1,070	1,368	1,113	1,431	1,142	1,351	1,176	1,308	1,217	1,352	1,214	1,368	1,215	1,403	1,238	1,418	0,093	1,141	0,092	1,161	0,092	1,182	0,092	1,169	0,093	1,168	0,096	1,227	0,092
16:18:04	37,0	1,069	1,298	1,221	1,295	1,243	1,280	1,242	1,276	1,202	1,327	1,240	1,302	1,067	1,375	1,047	1,342	1,043	1,366	1,005	1,360	1,020	1,393	1,060	1,328	1,234	1,186	1,220	1,193	1,218	1,195	1,270	1,190	1,277	1,267	1,302	1,209	0,988	1,126	0,837	1,062	0,887	1,080	0,894	1,211	0,926	1,180	1,013	1,067	1,043	1,007	1,025	0,948	1,093	0,950	1,163	0,939	1,102	0,994	1,025	1,063	1,364	0,999	1,376	0,986	1,360	1,013	1,349	1,070	1,365	1,114	1,429	1,142	1,355	1,178	1,309	1,219	1,349	1,216	1,367	1,217	1,403	1,240	1,417	0,093	1,142	0,092	1,165	0,092	1,181	0,091	1,169	0,093	1,167	0,096	1,226	0,092
16:28:04	37,0	1,068	1,297	1,219	1,293	1,242	1,283	1,241	1,275	1,203	1,326	1,239	1,302	1,067	1,375	1,044	1,343	1,040	1,364	1,005	1,359	1,018	1,396	1,062	1,328	1,234	1,184	1,219	1,191	1,217	1,193	1,268	1,188	1,275	1,265	1,300	1,207	0,985	1,124	0,833	1,058	0,886	1,079	0,893	1,211	0,924	1,178	1,012	1,065	1,037	1,006	1,022	0,946	1,092	0,950	1,163	0,935	1,102	0,992	1,021	1,060	1,362	0,999	1,376	0,986	1,359	1,013	1,349	1,070	1,364	1,113	1,429	1,142	1,352	1,179	1,306	1,219	1,349	1,217	1,367	1,218	1,402	1,241	1,417	0,093	1,141	0,092	1,162	0,092	1,182	0,092	1,170	0,093	1,167	0,096	1,226	0,092
16:38:04	37,0	1,067	1,296	1,218	1,293	1,240	1,281	1,240	1,275	1,201	1,326	1,236	1,302	1,067	1,376	1,044	1,341	1,040	1,363	1,004	1,360	1,018	1,393	1,065	1,327	1,233	1,183	1,220	1,190	1,216	1,192	1,266	1,187	1,274	1,264	1,297	1,205	0,983	1,122	0,833	1,054	0,883	1,078	0,892	1,210	0,922	1,174	1,010	1,062	1,035	1,002	1,021	0,943	1,090	0,944	1,163	0,932	1,100	0,989	1,018	1,058	1,362	1,000	1,377	0,988	1,360	1,011	1,348	1,071	1,364	1,114	1,430	1,143	1,352	1,178	1,304	1,220	1,349	1,218	1,365	1,220	1,401	1,239	1,416	0,093	1,141	0,092	1,162	0,092	1,181	0,091	1,169	0,093	1,164	0,096	1,225	0,092
16:48:04	37,0	1,066	1,296	1,218	1,292	1,238	1,279	1,237	1,274	1,200	1,326	1,235	1,302	1,065	1,376	1,044	1,341	1,040	1,366	1,003	1,361	1,018	1,391	1,061	1,326	1,233	1,181	1,220	1,189	1,218	1,190	1,266	1,185	1,274	1,262	1,299	1,204	0,981	1,121	0,832	1,050	0,881	1,077	0,891	1,208	0,921	1,172	1,007	1,063	1,033	0,999	1,019	0,942	1,088	0,942	1,160	0,932	1,097	0,988	1,016	1,055	1,361	0,999	1,375	0,989	1,359	1,012	1,348	1,073	1,364	1,117	1,430	1,144	1,350	1,180	1,307	1,222	1,349	1,217	1,365	1,221	1,401	1,240	1,417	0,093	1,141	0,092	1,163	0,093	1,182	0,092	1,168	0,093	1,163	0,096	1,225	0,092
16:58:04	37,0	1,063	1,298	1,217	1,293	1,239	1,282	1,239	1,276	1,201	1,326	1,237	1,302	1,065	1,374	1,045	1,341	1,040	1,366	1,004	1,359	1,017	1,389	1,060	1,323	1,234	1,180	1,220	1,187	1,218	1,191	1,266	1,186	1,275	1,261	1,300	1,205	0,981	1,120	0,830	1,048	0,881	1,077	0,889	1,208	0,920	1,171	1,008	1,065	1,034	1,000	1,017	0,941	1,089	0,945	1,158	0,928	1,096	0,985	1,018	1,054	1,361	1,001	1,375	0,990	1,358	1,013	1,349	1,074	1,361	1,120	1,433	1,147	1,351	1,182	1,307	1,224	1,348	1,224	1,369	1,224	1,403	1,243	1,417	0,093	1,141	0,092	1,163	0,092	1,184	0,091	1,169	0,093	1,167	0,096	1,227	0,092
17:08:04	37,0	1,062	1,299	1,216	1,293	1,237	1,282	1,240	1,277	1,201	1,329	1,235	1,303	1,063	1,373	1,044	1,343	1,038	1,365	1,005	1,360	1,016	1,391	1,060	1,323	1,233	1,177	1,221	1,187	1,219	1,189	1,265	1,183	1,273	1,259	1,298	1,202	0,977	1,118	0,828	1,046	0,879	1,078	0,889	1,205	0,917	1,170	1,007	1,062	1,031	0,997	1,015	0,939	1,087	0,942	1,156	0,927	1,092	0,984	1,014	1,055	1,361	1,003	1,373	0,991	1,357	1,013	1,347	1,075	1,361	1,121	1,431	1,149	1,350	1,183	1,308	1,226	1,345	1,223	1,367	1,224	1,402	1,242	1,419	0,093	1,143	0,092	1,163	0,092	1,183	0,092	1,169	0,093	1,167	0,096	1,226	0,092
17:18:04	37,0	1,061	1,299	1,217	1,292	1,237	1,282	1,240	1,277	1,201	1,329	1,234	1,304	1,062	1,373	1,044	1,342	1,037	1,364	1,006	1,361	1,015	1,389	1,061	1,321	1,233	1,176	1,221	1,185	1,218	1,188	1,264	1,183	1,273	1,258	1,295	1,200	0,977	1,116	0,826	1,044	0,878	1,076	0,887	1,204	0,916	1,167	1,006	1,061	1,028	0,996	1,013	0,937	1,087	0,939	1,156	0,923	1,091	0,982	1,012	1,054	1,360	1,003	1,374	0,993	1,357	1,015	1,348	1,075	1,361	1,120	1,432	1,151	1,351	1,185	1,305	1,227	1,344	1,225	1,369	1,226	1,402	1,245	1,418	0,093	1,143	0,092	1,164	0,092	1,184	0,091	1,166	0,093	1,167	0,096	1,227	0,092
17:28:04	37,0	1,060	1,298	1,215	1,291	1,236	1,281	1,238	1,277	1,199	1,329	1,232	1,305	1,060	1,371	1,041	1,342	1,035	1,363	1,004	1,358	1,014	1,388	1,059	1,322	1,231	1,174	1,219	1,183	1,219	1,187	1,263	1,181	1,273	1,256	1,294	1,199	0,974	1,115	0,827	1,043	0,877	1,077	0,886	1,202	0,914	1,164	1,005	1,061	1,027	0,992	1,010	0,934	1,085	0,936	1,155	0,919	1,087	0,980	1,010	1,052	1,359	1,005	1,373	0,991	1,356	1,014	1,347	1,076	1,357	1,121	1,431	1,152	1,350	1,186	1,305	1,227	1,345	1,226	1,365	1,227	1,401	1,245	1,417	0,093	1,143	0,092	1,166	0,092	1,184	0,091	1,169	0,093	1,167	0,096	1,227	0,092
17:38:04	37,0	1,059	1,296	1,213	1,291	1,234	1,280	1,234	1,277	1,198	1,327	1,231	1,304	1,057	1,371	1,040	1,341	1,034	1,365	1,002	1,357	1,013	1,387	1,056	1,321	1,231	1,171	1,221	1,181	1,217	1,184	1,260	1,180	1,270	1,254	1,292	1,196	0,973	1,113	0,826	1,044	0,875	1,073	0,885	1,201	0,914	1,163	1,003	1,059	1,022	0,991	1,008	0,932	1,082	0,936	1,154	0,918	1,088	0,977	1,008	1,049	1,358	1,004	1,370	0,991	1,354	1,013	1,346	1,075	1,357	1,122	1,432	1,152	1,348	1,187	1,303	1,227	1,345	1,225	1,365	1,228	1,400	1,247	1,416	0,093	1,143	0,092	1,165	0,092	1,183	0,091	1,166	0,093	1,165	0,096	1,226	0,092
17:48:04	37,0	1,058	1,297	1,213	1,291	1,232	1,282	1,234	1,275	1,196	1,326	1,229	1,303	1,058	1,371	1,039	1,341	1,032	1,365	1,002	1,358	1,013	1,387	1,057	1,320	1,230	1,170	1,218	1,180	1,217	1,183	1,260	1,180	1,268	1,252	1,291	1,193	0,970	1,111	0,823	1,043	0,874	1,073	0,883	1,200	0,913	1,161	1,002	1,056	1,018	0,987	1,004	0,930	1,080	0,930	1,154	0,914	1,085	0,975	1,003	1,046	1,354	1,004	1,369	0,991	1,353	1,013	1,345	1,075	1,355	1,122	1,428	1,151	1,347	1,187	1,302	1,228	1,344	1,225	1,362	1,228	1,400	1,246	1,417	0,093	1,143	0,092	1,166	0,092	1,183	0,091	1,166	0,093	1,163	0,095	1,225	0,092
17:58:04	37,0	1,056	1,296	1,210	1,289	1,231	1,279	1,234	1,275	1,196	1,329	1,228	1,304	1,054	1,370	1,039	1,341	1,031	1,362	1,002	1,357	1,012	1,385	1,056	1,317	1,227	1,168	1,219	1,180	1,217	1,183	1,259	1,180	1,267	1,253	1,289	1,193	0,968	1,110	0,823	1,044	0,873	1,071	0,883	1,198	0,915	1,160	1,002	1,055	1,015	0,986	1,002	0,927	1,078	0,929	1,152	0,912	1,083	0,972	1,003	1,048	1,351	1,005	1,368	0,991	1,351	1,013	1,345	1,074	1,355	1,123	1,431	1,154	1,345	1,188	1,302	1,230	1,343	1,226	1,365	1,231	1,399	1,248	1,416	0,093	1,141	0,092	1,165	0,092	1,182	0,091	1,167	0,093	1,164	0,096	1,225	0,092
18:08:04	37,0	1,056	1,296	1,210	1,289	1,229	1,280	1,231	1,274	1,196	1,328	1,228	1,303	1,053	1,371	1,037	1,338	1,029	1,363	1,001	1,356	1,011	1,385	1,051	1,317	1,227	1,167	1,219	1,178	1,216	1,180	1,256	1,178	1,265	1,251	1,286	1,192	0,965	1,109	0,822	1,043	0,871	1,071	0,882	1,198	0,914	1,158	1,000	1,054	1,011	0,983	0,999	0,924	1,075	0,925	1,150	0,909	1,081	0,970	1,000	1,045	1,353	1,005	1,366	0,991	1,350	1,013	1,343	1,077	1,355	1,123	1,429	1,153	1,345	1,190	1,301	1,229	1,341	1,223	1,362	1,231	1,399	1,248	1,417	0,093	1,143	0,092	1,166	0,092	1,182	0,091	1,166	0,093	1,162	0,096	1,225	0,092
18:18:04	37,0	1,055	1,292	1,205	1,288	1,227	1,279	1,226	1,272	1,191	1,323	1,222	1,303	1,052	1,369	1,033	1,340	1,026	1,360	0,995	1,355	1,008	1,386	1,053	1,314	1,226	1,165	1,217	1,176	1,215	1,179	1,253	1,178	1,263	1,249	1,282	1,188	0,963	1,108	0,820	1,041	0,869	1,069	0,880	1,194	0,912	1,155	0,998	1,050	1,007	0,978	0,995	0,921	1,073	0,922	1,152	0,907	1,080	0,966	0,996	1,038	1,349	1,003	1,366	0,990	1,347	1,012	1,341	1,075	1,354	1,119	1,426	1,148	1,340	1,189	1,297	1,226	1,340	1,222	1,358	1,230	1,394	1,248	1,416	0,093	1,143	0,092	1,164	0,092	1,180	0,091	1,163	0,093	1,158	0,096	1,221	0,092
18:28:04	37,0	1,053	1,291	1,204	1,286	1,226	1,277	1,224	1,272	1,191	1,323	1,221	1,301	1,050	1,368	1,032	1,337	1,024	1,359	0,995	1,353	1,008	1,385	1,052	1,314	1,225	1,164	1,215	1,176	1,214	1,178	1,251	1,177	1,261	1,248	1,283	1,188	0,960	1,106	0,817	1,038	0,868	1,067	0,878	1,192	0,911	1,153	0,997	1,050	1,004	0,973	0,991	0,919	1,071	0,920	1,149	0,903	1,077	0,964	0,991	1,036	1,346	1,003	1,364	0,988	1,345	1,011	1,340	1,074	1,351	1,120	1,427	1,150	1,342	1,190	1,295	1,226	1,340	1,223	1,358	1,231	1,395	1,250	1,414	0,093	1,140	0,092	1,163	0,092	1,179	0,091	1,162	0,093	1,158	0,095	1,219	0,092
18:38:04	37,0	1,052	1,291	1,202	1,286	1,224	1,276	1,225	1,271	1,190	1,322	1,220	1,302	1,050	1,368	1,030	1,337	1,023	1,360	0,995	1,352	1,006	1,384	1,051	1,312	1,224	1,162	1,215	1,176	1,214	1,177	1,249	1,177	1,258	1,247	1,282	1,186	0,958	1,106	0,817	1,036	0,866	1,066	0,876	1,191	0,909	1,153	0,995	1,048	1,000	0,970	0,989	0,915	1,071	0,916	1,149	0,900	1,074	0,961	0,991	1,034	1,347	1,002	1,362	0,990	1,345	1,010	1,340	1,074	1,350	1,121	1,429	1,149	1,341	1,190	1,294	1,226	1,339	1,222	1,357	1,232	1,395	1,248	1,415	0,093	1,139	0,092	1,162	0,092	1,177	0,091	1,160	0,093	1,155	0,096	1,218	0,092
18:48:04	37,0	1,051	1,292	1,202	1,285	1,223	1,275	1,224	1,271	1,189	1,323	1,218	1,300	1,047	1,367	1,030	1,336	1,022	1,358	0,996	1,351	1,006	1,381	1,051	1,311	1,223	1,161	1,214	1,175	1,213	1,177	1,249	1,177	1,259	1,246	1,280	1,184	0,956	1,105	0,815	1,032	0,865	1,065	0,876	1,190	0,909	1,151	0,994	1,047	0,997	0,966	0,985	0,913	1,070	0,915	1,147	0,898	1,072	0,958	0,990	1,031	1,344	1,003	1,361	0,990	1,343	1,011	1,338	1,075	1,347	1,121	1,428	1,150	1,342	1,191	1,295	1,228	1,338	1,223	1,358	1,232	1,394	1,250	1,414	0,093	1,140	0,092	1,160	0,092	1,178	0,091	1,161	0,093	1,155	0,095	1,217	0,092
18:58:04	37,0	1,050	1,290	1,200	1,286	1,220	1,274	1,220	1,269	1,185	1,321	1,214	1,300	1,046	1,366	1,029	1,335	1,021	1,356	0,990	1,352	1,005	1,381	1,048	1,309	1,221	1,160	1,210	1,174	1,213	1,176	1,245	1,176	1,255	1,244	1,277	1,182	0,955	1,105	0,814	1,030	0,863	1,064	0,875	1,187	0,907	1,148	0,993	1,046	0,995	0,964	0,981	0,909	1,065	0,913	1,145	0,896	1,068	0,957	0,987	1,028	1,343	1,002	1,361	0,989	1,341	1,010	1,336	1,073	1,347	1,119	1,425	1,147	1,337	1,191	1,294	1,226	1,339	1,223	1,353	1,232	1,390	1,250	1,414	0,093	1,139	0,092	1,160	0,092	1,176	0,091	1,159	0,093	1,153	0,096	1,214	0,092
19:08:04	37,0	1,049	1,290	1,199	1,285	1,218	1,272	1,219	1,268	1,185	1,320	1,214	1,298	1,043	1,366	1,027	1,334	1,019	1,356	0,990	1,350	1,003	1,380	1,046	1,308	1,220	1,159	1,211	1,174	1,212	1,176	1,244	1,178	1,254	1,244	1,277	1,181	0,953	1,104	0,813	1,030	0,861	1,062	0,873	1,187	0,905	1,148	0,992	1,046	0,992	0,960	0,978	0,907	1,063	0,909	1,145	0,892	1,065	0,953	0,986	1,027	1,342	1,002	1,359	0,989	1,340	1,010	1,335	1,073	1,345	1,121	1,426	1,149	1,338	1,191	1,294	1,227	1,337	1,223	1,357	1,233	1,392	1,251	1,412	0,093	1,138	0,092	1,160	0,092	1,177	0,091	1,157	0,093	1,153	0,096	1,213	0,092
19:18:04	37,0	1,049	1,290	1,198	1,284	1,217	1,273	1,220	1,268	1,185	1,322	1,214	1,298	1,043	1,365	1,028	1,333	1,019	1,355	0,991	1,349	1,003	1,378	1,045	1,308	1,220	1,159	1,210	1,174	1,211	1,177	1,242	1,177	1,252	1,244	1,276	1,181	0,951	1,104	0,812	1,032	0,859	1,062	0,872	1,186	0,906	1,148	0,992	1,046	0,990	0,959	0,976	0,904	1,061	0,908	1,141	0,891	1,063	0,952	0,984	1,027	1,340	1,002	1,357	0,988	1,339	1,009	1,333	1,074	1,345	1,122	1,424	1,151	1,338	1,192	1,295	1,228	1,334	1,224	1,357	1,233	1,394	1,251	1,413	0,093	1,138	0,092	1,159	0,092	1,177	0,091	1,158	0,093	1,153	0,095	1,214	0,092
19:28:04	37,0	1,048	1,289	1,196	1,282	1,215	1,272	1,218	1,269	1,185	1,323	1,212	1,299	1,041	1,365	1,025	1,333	1,016	1,353	0,989	1,348	1,000	1,377	1,046	1,305	1,217	1,158	1,208	1,174	1,209	1,176	1,240	1,176	1,250	1,243	1,273	1,179	0,948	1,103	0,810	1,031	0,858	1,061	0,872	1,185	0,905	1,145	0,991	1,045	0,984	0,954	0,973	0,902	1,061	0,905	1,140	0,888	1,064	0,950	0,982	1,026	1,340	1,001	1,357	0,989	1,338	1,008	1,333	1,072	1,343	1,121	1,423	1,150	1,336	1,193	1,291	1,227	1,333	1,221	1,355	1,232	1,392	1,250	1,414	0,093	1,138	0,092	1,157	0,092	1,175	0,091	1,157	0,093	1,151	0,096	1,213	0,092
19:38:04	37,0	1,047	1,288	1,193	1,281	1,211	1,272	1,212	1,266	1,180	1,317	1,207	1,296	1,038	1,363	1,023	1,333	1,014	1,351	0,986	1,347	0,998	1,377	1,045	1,302	1,216	1,156	1,207	1,172	1,208	1,175	1,239	1,176	1,250	1,241	1,272	1,177	0,947	1,103	0,809	1,028	0,857	1,060	0,870	1,182	0,904	1,143	0,990	1,043	0,982	0,950	0,971	0,899	1,057	0,903	1,141	0,886	1,060	0,947	0,980	1,020	1,337	1,000	1,355	0,987	1,335	1,008	1,331	1,071	1,342	1,117	1,419	1,148	1,335	1,192	1,290	1,226	1,333	1,221	1,351	1,232	1,388	1,250	1,413	0,093	1,137	0,092	1,157	0,092	1,173	0,091	1,155	0,093	1,148	0,096	1,209	0,092
19:48:04	37,0	1,047	1,287	1,193	1,280	1,211	1,271	1,213	1,267	1,182	1,317	1,209	1,295	1,038	1,364	1,023	1,330	1,014	1,352	0,986	1,345	1,000	1,377	1,043	1,302	1,215	1,157	1,206	1,173	1,207	1,177	1,237	1,178	1,249	1,242	1,271	1,177	0,946	1,102	0,807	1,028	0,855	1,058	0,870	1,181	0,904	1,143	0,990	1,043	0,980	0,948	0,969	0,897	1,056	0,902	1,138	0,884	1,057	0,945	0,980	1,020	1,336	0,999	1,354	0,986	1,335	1,006	1,331	1,072	1,341	1,120	1,421	1,148	1,333	1,193	1,292	1,226	1,332	1,223	1,353	1,233	1,390	1,251	1,412	0,093	1,136	0,092	1,158	0,092	1,174	0,092	1,154	0,093	1,148	0,096	1,209	0,092
19:58:04	37,0	1,047	1,288	1,191	1,280	1,209	1,271	1,212	1,266	1,179	1,317	1,206	1,294	1,036	1,362	1,021	1,331	1,013	1,351	0,986	1,343	0,996	1,377	1,045	1,302	1,214	1,156	1,205	1,173	1,206	1,177	1,235	1,177	1,246	1,242	1,269	1,175	0,944	1,101	0,806	1,027	0,854	1,059	0,868	1,181	0,904	1,141	0,989	1,042	0,977	0,946	0,967	0,895	1,055	0,900	1,138	0,884	1,058	0,946	0,979	1,020	1,334	1,000	1,354	0,985	1,332	1,007	1,329	1,071	1,344	1,117	1,417	1,150	1,331	1,194	1,287	1,227	1,332	1,222	1,352	1,233	1,388	1,252	1,412	0,093	1,136	0,092	1,157	0,092	1,174	0,091	1,154	0,093	1,148	0,096	1,209	0,092
20:08:04	37,0	1,047	1,286	1,190	1,281	1,208	1,270	1,208	1,265	1,177	1,315	1,204	1,293	1,034	1,360	1,019	1,330	1,010	1,346	0,981	1,345	0,998	1,375	1,043	1,301	1,211	1,154	1,200	1,172	1,205	1,177	1,232	1,177	1,244	1,242	1,265	1,175	0,942	1,101	0,807	1,025	0,853	1,058	0,867	1,179	0,902	1,139	0,988	1,040	0,974	0,942	0,963	0,891	1,050	0,898	1,136	0,880	1,054	0,943	0,976	1,017	1,334	0,998	1,353	0,982	1,331	1,005	1,327	1,070	1,341	1,118	1,414	1,148	1,331	1,194	1,286	1,224	1,334	1,219	1,350	1,232	1,385	1,251	1,411	0,093	1,135	0,092	1,156	0,092	1,172	0,091	1,152	0,093	1,145	0,096	1,206	0,092
20:18:04	37,0	1,046	1,285	1,187	1,279	1,206	1,269	1,207	1,266	1,176	1,314	1,202	1,292	1,032	1,361	1,018	1,329	1,009	1,347	0,982	1,343	0,994	1,374	1,042	1,300	1,210	1,155	1,200	1,172	1,203	1,177	1,230	1,177	1,243	1,242	1,263	1,173	0,941	1,100	0,805	1,025	0,851	1,057	0,866	1,178	0,902	1,138	0,987	1,040	0,971	0,939	0,961	0,889	1,048	0,896	1,133	0,877	1,051	0,941	0,974	1,014	1,333	0,997	1,351	0,982	1,328	1,004	1,326	1,067	1,340	1,118	1,412	1,147	1,331	1,193	1,285	1,224	1,330	1,219	1,349	1,233	1,385	1,251	1,410	0,093	1,135	0,092	1,155	0,092	1,170	0,091	1,150	0,093	1,143	0,096	1,204	0,092
20:28:04	37,0	1,046	1,285	1,187	1,279	1,203	1,268	1,205	1,267	1,175	1,311	1,200	1,291	1,030	1,359	1,017	1,329	1,008	1,345	0,981	1,341	0,995	1,372	1,038	1,295	1,208	1,153	1,201	1,171	1,203	1,178	1,229	1,176	1,241	1,241	1,263	1,172	0,940	1,099	0,804	1,024	0,850	1,056	0,866	1,177	0,901	1,137	0,987	1,038	0,970	0,936	0,959	0,887	1,048	0,894	1,132	0,876	1,052	0,938	0,974	1,013	1,333	0,997	1,350	0,982	1,328	1,003	1,324	1,067	1,339	1,116	1,411	1,147	1,330	1,194	1,285	1,225	1,331	1,218	1,351	1,232	1,385	1,250	1,411	0,093	1,133	0,092	1,154	0,092	1,169	0,092	1,149	0,093	1,141	0,096	1,203	0,092
20:38:04	37,0	1,045	1,284	1,186	1,278	1,202	1,269	1,204	1,267	1,175	1,312	1,201	1,292	1,028	1,358	1,016	1,328	1,007	1,346	0,981	1,340	0,996	1,371	1,038	1,294	1,207	1,154	1,199	1,172	1,201	1,179	1,227	1,179	1,240	1,242	1,261	1,173	0,939	1,098	0,804	1,024	0,848	1,055	0,865	1,176	0,900	1,138	0,986	1,039	0,968	0,933	0,956	0,885	1,045	0,891	1,131	0,875	1,046	0,937	0,973	1,014	1,331	0,995	1,348	0,981	1,327	1,002	1,323	1,066	1,336	1,116	1,412	1,149	1,331	1,194	1,286	1,225	1,330	1,220	1,349	1,232	1,385	1,251	1,412	0,093	1,134	0,092	1,153	0,092	1,169	0,091	1,148	0,093	1,141	0,096	1,201	0,092
20:48:04	36,9	1,046	1,284	1,185	1,278	1,201	1,268	1,202	1,265	1,173	1,312	1,198	1,290	1,027	1,358	1,016	1,327	1,007	1,344	0,980	1,338	0,993	1,372	1,037	1,293	1,207	1,154	1,197	1,171	1,200	1,179	1,226	1,179	1,240	1,243	1,259	1,172	0,938	1,097	0,803	1,024	0,847	1,054	0,865	1,174	0,901	1,137	0,986	1,037	0,966	0,930	0,955	0,883	1,044	0,891	1,131	0,873	1,043	0,936	0,973	1,012	1,330	0,995	1,347	0,980	1,326	1,000	1,323	1,065	1,335	1,117	1,410	1,147	1,331	1,195	1,287	1,226	1,329	1,220	1,349	1,232	1,385	1,251	1,410	0,093	1,134	0,092	1,154	0,092	1,169	0,092	1,148	0,093	1,141	0,096	1,201	0,092
20:58:04	37,0	1,047	1,283	1,183	1,279	1,200	1,268	1,201	1,265	1,172	1,313	1,197	1,289	1,026	1,357	1,014	1,327	1,006	1,342	0,979	1,338	0,993	1,369	1,037	1,292	1,205	1,153	1,194	1,171	1,199	1,180	1,225	1,179	1,236	1,242	1,255	1,172	0,937	1,096	0,801	1,023	0,846	1,054	0,865	1,174	0,901	1,136	0,986	1,037	0,963	0,929	0,952	0,881	1,041	0,889	1,129	0,872	1,043	0,934	0,971	1,011	1,330	0,995	1,346	0,978	1,324	1,000	1,321	1,065	1,333	1,117	1,410	1,147	1,329	1,194	1,284	1,224	1,328	1,218	1,347	1,233	1,386	1,251	1,410	0,093	1,134	0,092	1,151	0,092	1,168	0,091	1,147	0,093	1,139	0,096	1,200	0,092
21:08:04	37,0	1,047	1,283	1,180	1,277	1,197	1,265	1,197	1,263	1,170	1,309	1,194	1,289	1,024	1,355	1,012	1,326	1,004	1,341	0,976	1,337	0,989	1,370	1,037	1,291	1,202	1,152	1,192	1,169	1,198	1,179	1,221	1,180	1,235	1,243	1,251	1,170	0,935	1,093	0,801	1,021	0,845	1,052	0,863	1,172	0,899	1,133	0,985	1,034	0,960	0,926	0,950	0,878	1,041	0,887	1,130	0,870	1,042	0,933	0,969	1,008	1,329	0,993	1,347	0,976	1,322	0,999	1,319	1,064	1,334	1,115	1,406	1,144	1,329	1,194	1,281	1,222	1,330	1,217	1,348	1,230	1,383	1,249	1,410	0,093	1,132	0,092	1,150	0,092	1,165	0,091	1,144	0,093	1,135	0,096	1,198	0,092
21:18:04	36,9	1,048	1,282	1,178	1,278	1,194	1,265	1,196	1,262	1,168	1,309	1,194	1,287	1,022	1,355	1,010	1,325	1,004	1,341	0,971	1,334	0,991	1,367	1,034	1,288	1,201	1,153	1,192	1,170	1,197	1,181	1,220	1,181	1,232	1,243	1,250	1,170	0,934	1,094	0,800	1,022	0,844	1,053	0,863	1,166	0,899	1,133	0,985	1,034	0,960	0,925	0,948	0,877	1,038	0,885	1,128	0,868	1,041	0,931	0,968	1,007	1,325	0,992	1,347	0,977	1,321	0,998	1,320	1,063	1,333	1,113	1,404	1,143	1,327	1,195	1,284	1,221	1,330	1,217	1,348	1,231	1,382	1,250	1,411	0,093	1,133	0,092	1,151	0,092	1,164	0,092	1,144	0,093	1,134	0,096	1,196	0,092
21:28:04	37,0	1,048	1,280	1,177	1,275	1,193	1,264	1,194	1,262	1,167	1,310	1,192	1,287	1,022	1,353	1,009	1,324	1,001	1,338	0,974	1,333	0,988	1,367	1,034	1,288	1,198	1,153	1,191	1,169	1,195	1,181	1,218	1,180	1,231	1,244	1,248	1,169	0,932	1,092	0,799	1,022	0,843	1,050	0,863	1,167	0,898	1,131	0,985	1,034	0,956	0,919	0,947	0,874	1,036	0,884	1,123	0,865	1,038	0,930	0,968	1,004	1,327	0,990	1,345	0,973	1,320	0,996	1,318	1,062	1,332	1,114	1,402	1,143	1,329	1,194	1,281	1,220	1,328	1,216	1,348	1,230	1,381	1,249	1,410	0,093	1,131	0,092	1,148	0,092	1,164	0,091	1,141	0,093	1,133	0,095	1,194	0,092
21:38:04	37,0	1,048	1,282	1,178	1,275	1,193	1,265	1,193	1,263	1,167	1,307	1,192	1,286	1,020	1,353	1,009	1,324	1,003	1,338	0,974	1,334	0,990	1,367	1,033	1,285	1,197	1,152	1,190	1,169	1,194	1,182	1,217	1,181	1,228	1,244	1,249	1,169	0,933	1,092	0,799	1,023	0,843	1,051	0,862	1,158	0,898	1,132	0,984	1,035	0,956	0,919	0,945	0,873	1,036	0,883	1,123	0,865	1,036	0,929	0,968	1,004	1,325	0,990	1,344	0,975	1,320	0,995	1,316	1,061	1,329	1,114	1,403	1,143	1,330	1,194	1,281	1,222	1,327	1,216	1,348	1,229	1,384	1,248	1,410	0,093	1,132	0,092	1,148	0,092	1,163	0,091	1,140	0,093	1,131	0,096	1,193	0,092
21:48:04	37,0	1,050	1,280	1,177	1,275	1,190	1,263	1,191	1,260	1,165	1,307	1,191	1,286	1,018	1,352	1,008	1,323	1,001	1,338	0,972	1,333	0,986	1,364	1,032	1,286	1,196	1,152	1,189	1,169	1,193	1,183	1,214	1,181	1,228	1,244	1,246	1,169	0,934	1,092	0,798	1,021	0,841	1,050	0,863	1,121	0,898	1,131	0,985	1,034	0,955	0,917	0,945	0,871	1,035	0,881	1,124	0,864	1,038	0,928	0,966	1,003	1,325	0,988	1,343	0,972	1,318	0,993	1,317	1,060	1,331	1,111	1,400	1,142	1,329	1,195	1,280	1,220	1,326	1,214	1,347	1,230	1,381	1,248	1,411	0,093	1,131	0,092	1,147	0,092	1,163	0,091	1,140	0,093	1,131	0,096	1,190	0,092
21:58:04	37,0	1,051	1,279	1,175	1,272	1,190	1,264	1,190	1,262	1,163	1,306	1,187	1,283	1,017	1,350	1,007	1,324	0,999	1,333	0,970	1,333	0,984	1,364	1,030	1,283	1,194	1,152	1,185	1,170	1,192	1,183	1,213	1,181	1,227	1,245	1,242	1,168	0,932	1,091	0,797	1,020	0,840	1,050	0,861	1,068	0,898	1,130	0,984	1,033	0,953	0,915	0,943	0,868	1,032	0,881	1,122	0,862	1,036	0,926	0,966	1,000	1,324	0,986	1,343	0,968	1,317	0,994	1,315	1,058	1,329	1,110	1,398	1,138	1,328	1,195	1,277	1,220	1,328	1,214	1,348	1,229	1,381	1,248	1,411	0,093	1,129	0,092	1,144	0,092	1,161	0,091	1,137	0,093	1,128	0,095	1,190	0,092
22:08:04	37,0	1,051	1,279	1,171	1,272	1,185	1,263	1,187	1,260	1,161	1,304	1,184	1,284	1,016	1,349	1,006	1,323	0,997	1,333	0,968	1,330	0,982	1,360	1,029	1,283	1,194	1,153	1,185	1,169	1,190	1,183	1,210	1,181	1,225	1,246	1,240	1,166	0,931	1,090	0,798	1,018	0,840	1,048	0,862	1,063	0,898	1,128	0,983	1,029	0,951	0,912	0,939	0,866	1,032	0,880	1,117	0,859	1,030	0,926	0,966	0,997	1,323	0,984	1,343	0,967	1,317	0,991	1,313	1,056	1,327	1,110	1,399	1,136	1,328	1,194	1,281	1,218	1,327	1,216	1,347	1,226	1,380	1,246	1,409	0,093	1,128	0,092	1,143	0,092	1,158	0,091	1,134	0,093	1,125	0,096	1,187	0,092

