Time	T∞ Optical Density:600	A1	A2	A3	A4	A5	A6	A7	A8	A9	A10	A11	A12	B1	B2	B3	B4	B5	B6	B7	B8	B9	B10	B11	B12	C1	C2	C3	C4	C5	C6	C7	C8	C9	C10	C11	C12	D1	D2	D3	D4	D5	D6	D7	D8	D9	D10	D11	D12	E1	E2	E3	E4	E5	E6	E7	E8	E9	E10	E11	E12	F1	F2	F3	F4	F5	F6	F7	F8	F9	F10	F11	F12	G1	G2	G3	G4	G5	G6	G7	G8	G9	G10	G11	G12	H1	H2	H3	H4	H5	H6	H7	H8	H9	H10	H11	H12
0:08:04	37,0	0,122	0,124	0,147	0,136	0,132	0,117	0,129	0,130	0,153	0,134	0,129	0,128	0,115	0,118	0,129	0,137	0,126	0,121	0,159	0,125	0,125	0,138	0,128	0,145	0,113	0,100	0,127	0,156	0,171	0,146	0,122	0,145	0,137	0,131	0,133	0,139	0,111	0,144	0,170	0,128	0,126	0,125	0,164	0,192	0,115	0,157	0,125	0,162	0,114	0,099	0,110	0,105	0,121	0,133	0,132	0,111	0,165	0,115	0,102	0,137	0,143	0,128	0,146	0,122	0,149	0,140	0,135	0,145	0,132	0,098	0,137	0,099	0,164	0,112	0,161	0,110	0,124	0,151	0,134	0,141	0,130	0,133	0,135	0,092	0,115	0,092	0,140	0,091	0,122	0,094	0,134	0,090	0,134	0,090	0,117	0,091
0:18:04	37,0	0,122	0,124	0,146	0,136	0,132	0,121	0,134	0,135	0,152	0,138	0,132	0,130	0,115	0,120	0,139	0,135	0,128	0,121	0,164	0,127	0,128	0,142	0,129	0,144	0,117	0,101	0,126	0,159	0,161	0,141	0,122	0,142	0,134	0,131	0,140	0,143	0,112	0,146	0,158	0,131	0,126	0,145	0,172	0,192	0,114	0,155	0,127	0,161	0,117	0,100	0,110	0,106	0,119	0,133	0,146	0,112	0,168	0,117	0,102	0,140	0,134	0,111	0,143	0,124	0,149	0,139	0,138	0,144	0,135	0,099	0,145	0,100	0,168	0,113	0,156	0,110	0,124	0,148	0,137	0,142	0,133	0,137	0,138	0,091	0,116	0,092	0,143	0,091	0,124	0,094	0,137	0,090	0,138	0,090	0,118	0,090
0:28:04	37,0	0,125	0,129	0,150	0,140	0,137	0,126	0,137	0,142	0,158	0,145	0,136	0,135	0,116	0,123	0,144	0,138	0,131	0,126	0,168	0,131	0,132	0,146	0,132	0,148	0,121	0,102	0,128	0,164	0,165	0,145	0,125	0,145	0,137	0,133	0,146	0,146	0,114	0,149	0,163	0,131	0,130	0,156	0,170	0,189	0,116	0,157	0,130	0,163	0,120	0,101	0,112	0,108	0,120	0,136	0,152	0,115	0,169	0,122	0,104	0,146	0,140	0,110	0,151	0,128	0,152	0,142	0,149	0,148	0,139	0,101	0,151	0,101	0,160	0,116	0,158	0,111	0,126	0,151	0,139	0,147	0,137	0,141	0,142	0,092	0,120	0,092	0,148	0,091	0,127	0,094	0,142	0,091	0,143	0,091	0,123	0,091
0:38:04	37,0	0,130	0,135	0,158	0,149	0,143	0,132	0,142	0,151	0,167	0,156	0,142	0,143	0,118	0,127	0,149	0,144	0,134	0,132	0,172	0,136	0,135	0,152	0,139	0,154	0,125	0,106	0,131	0,170	0,173	0,149	0,130	0,151	0,142	0,137	0,154	0,151	0,117	0,151	0,167	0,134	0,132	0,163	0,175	0,194	0,119	0,162	0,135	0,165	0,123	0,102	0,114	0,110	0,123	0,141	0,159	0,119	0,175	0,129	0,105	0,157	0,148	0,113	0,166	0,135	0,155	0,149	0,146	0,160	0,142	0,102	0,157	0,103	0,161	0,118	0,161	0,114	0,129	0,160	0,142	0,154	0,143	0,149	0,144	0,091	0,124	0,092	0,154	0,091	0,132	0,094	0,150	0,092	0,152	0,091	0,128	0,091
0:48:04	37,0	0,139	0,145	0,169	0,164	0,153	0,142	0,150	0,167	0,180	0,174	0,151	0,156	0,122	0,135	0,155	0,154	0,138	0,141	0,179	0,146	0,139	0,162	0,138	0,165	0,131	0,107	0,136	0,177	0,182	0,154	0,137	0,161	0,149	0,143	0,163	0,158	0,122	0,156	0,174	0,140	0,136	0,172	0,184	0,223	0,123	0,169	0,142	0,170	0,130	0,105	0,117	0,113	0,127	0,150	0,166	0,125	0,184	0,141	0,109	0,174	0,161	0,117	0,176	0,146	0,164	0,159	0,154	0,176	0,158	0,104	0,167	0,106	0,172	0,123	0,165	0,118	0,132	0,184	0,144	0,165	0,146	0,159	0,148	0,091	0,132	0,092	0,166	0,091	0,140	0,094	0,163	0,093	0,167	0,092	0,137	0,091
0:58:04	37,0	0,150	0,161	0,188	0,185	0,169	0,156	0,164	0,192	0,200	0,202	0,164	0,174	0,128	0,145	0,163	0,169	0,143	0,156	0,191	0,159	0,145	0,179	0,144	0,180	0,139	0,111	0,145	0,189	0,194	0,159	0,147	0,173	0,161	0,151	0,175	0,165	0,128	0,163	0,185	0,148	0,145	0,183	0,198	0,235	0,130	0,178	0,153	0,177	0,139	0,109	0,122	0,119	0,133	0,164	0,178	0,134	0,199	0,158	0,114	0,199	0,178	0,124	0,189	0,162	0,174	0,174	0,167	0,201	0,158	0,108	0,178	0,111	0,188	0,129	0,171	0,124	0,137	0,206	0,149	0,180	0,153	0,172	0,155	0,091	0,142	0,092	0,181	0,091	0,152	0,094	0,180	0,093	0,186	0,092	0,148	0,091
1:08:04	37,0	0,166	0,179	0,211	0,211	0,190	0,176	0,182	0,221	0,222	0,233	0,183	0,199	0,136	0,159	0,174	0,188	0,150	0,175	0,208	0,176	0,152	0,200	0,151	0,199	0,148	0,118	0,155	0,203	0,208	0,166	0,161	0,188	0,172	0,161	0,187	0,175	0,137	0,171	0,198	0,158	0,157	0,193	0,214	0,253	0,140	0,188	0,168	0,187	0,153	0,114	0,129	0,129	0,142	0,181	0,193	0,147	0,218	0,180	0,120	0,228	0,201	0,133	0,206	0,181	0,189	0,193	0,182	0,230	0,173	0,112	0,195	0,116	0,210	0,139	0,179	0,133	0,144	0,228	0,155	0,200	0,162	0,191	0,162	0,091	0,154	0,092	0,200	0,091	0,168	0,094	0,200	0,094	0,209	0,092	0,164	0,090
1:18:04	37,0	0,186	0,205	0,237	0,242	0,213	0,201	0,206	0,253	0,251	0,265	0,207	0,225	0,148	0,179	0,188	0,213	0,161	0,201	0,229	0,199	0,163	0,227	0,161	0,223	0,164	0,128	0,168	0,218	0,222	0,174	0,178	0,204	0,190	0,172	0,202	0,189	0,150	0,184	0,215	0,171	0,173	0,205	0,235	0,271	0,153	0,203	0,188	0,202	0,173	0,122	0,139	0,141	0,155	0,202	0,214	0,164	0,244	0,209	0,130	0,265	0,226	0,146	0,228	0,205	0,209	0,215	0,202	0,258	0,191	0,117	0,217	0,124	0,239	0,152	0,192	0,145	0,156	0,256	0,165	0,226	0,174	0,214	0,175	0,091	0,172	0,092	0,222	0,091	0,188	0,095	0,225	0,094	0,235	0,092	0,183	0,091
1:28:04	37,0	0,211	0,234	0,267	0,280	0,239	0,231	0,228	0,294	0,283	0,307	0,231	0,262	0,166	0,197	0,206	0,230	0,176	0,222	0,261	0,222	0,178	0,252	0,177	0,241	0,184	0,142	0,183	0,235	0,242	0,186	0,202	0,223	0,214	0,188	0,224	0,206	0,166	0,202	0,238	0,188	0,193	0,221	0,262	0,293	0,172	0,225	0,215	0,224	0,196	0,134	0,154	0,155	0,171	0,229	0,238	0,188	0,273	0,242	0,144	0,307	0,259	0,162	0,254	0,234	0,232	0,239	0,228	0,290	0,215	0,125	0,244	0,135	0,280	0,169	0,206	0,162	0,173	0,288	0,177	0,256	0,190	0,241	0,193	0,091	0,195	0,092	0,251	0,091	0,212	0,095	0,253	0,094	0,266	0,092	0,207	0,091
1:38:04	37,0	0,234	0,270	0,295	0,317	0,267	0,265	0,258	0,335	0,318	0,347	0,262	0,298	0,189	0,223	0,231	0,257	0,195	0,250	0,297	0,244	0,199	0,281	0,201	0,271	0,210	0,159	0,201	0,253	0,265	0,204	0,229	0,245	0,240	0,207	0,251	0,228	0,187	0,227	0,261	0,213	0,216	0,241	0,290	0,322	0,195	0,253	0,240	0,253	0,221	0,151	0,173	0,180	0,192	0,259	0,265	0,216	0,305	0,277	0,164	0,351	0,298	0,183	0,284	0,269	0,261	0,274	0,258	0,334	0,244	0,136	0,278	0,151	0,332	0,192	0,225	0,184	0,193	0,322	0,188	0,290	0,210	0,272	0,215	0,091	0,222	0,092	0,282	0,091	0,238	0,094	0,281	0,094	0,295	0,093	0,234	0,091
1:48:04	37,0	0,264	0,303	0,324	0,348	0,295	0,293	0,289	0,384	0,353	0,393	0,293	0,338	0,213	0,248	0,256	0,285	0,214	0,281	0,339	0,271	0,226	0,315	0,225	0,303	0,244	0,180	0,220	0,275	0,289	0,224	0,258	0,272	0,268	0,228	0,283	0,256	0,208	0,256	0,287	0,242	0,235	0,269	0,321	0,357	0,218	0,284	0,269	0,288	0,249	0,175	0,194	0,219	0,218	0,290	0,297	0,247	0,340	0,315	0,187	0,395	0,337	0,207	0,318	0,309	0,292	0,329	0,296	0,390	0,268	0,151	0,330	0,174	0,394	0,218	0,249	0,210	0,218	0,357	0,208	0,322	0,233	0,305	0,241	0,091	0,248	0,092	0,309	0,091	0,265	0,095	0,306	0,095	0,325	0,092	0,261	0,091
1:58:04	37,0	0,292	0,339	0,355	0,390	0,326	0,331	0,318	0,437	0,393	0,440	0,327	0,388	0,240	0,277	0,286	0,312	0,239	0,308	0,383	0,295	0,261	0,357	0,250	0,329	0,280	0,206	0,239	0,299	0,314	0,249	0,286	0,302	0,295	0,255	0,321	0,286	0,234	0,287	0,313	0,280	0,259	0,301	0,352	0,395	0,246	0,319	0,300	0,331	0,281	0,204	0,217	0,247	0,247	0,321	0,333	0,282	0,374	0,350	0,212	0,441	0,375	0,235	0,353	0,347	0,324	0,395	0,334	0,444	0,299	0,171	0,348	0,203	0,452	0,248	0,280	0,241	0,248	0,391	0,232	0,353	0,269	0,336	0,274	0,091	0,274	0,092	0,338	0,090	0,293	0,095	0,335	0,095	0,356	0,093	0,288	0,091
2:08:04	37,0	0,320	0,384	0,388	0,429	0,360	0,372	0,352	0,488	0,433	0,484	0,361	0,444	0,269	0,310	0,318	0,346	0,261	0,340	0,420	0,323	0,299	0,402	0,281	0,361	0,322	0,236	0,262	0,325	0,339	0,278	0,309	0,335	0,322	0,281	0,356	0,318	0,265	0,323	0,339	0,320	0,283	0,334	0,378	0,451	0,277	0,355	0,325	0,374	0,316	0,229	0,246	0,279	0,282	0,351	0,382	0,316	0,415	0,387	0,245	0,493	0,426	0,268	0,390	0,396	0,358	0,464	0,374	0,493	0,331	0,195	0,385	0,240	0,499	0,280	0,311	0,271	0,282	0,419	0,274	0,386	0,297	0,372	0,313	0,091	0,300	0,092	0,366	0,091	0,321	0,095	0,363	0,095	0,386	0,096	0,317	0,091
2:18:04	37,0	0,348	0,434	0,416	0,471	0,393	0,415	0,385	0,541	0,471	0,537	0,398	0,499	0,290	0,345	0,350	0,383	0,285	0,382	0,459	0,357	0,335	0,449	0,308	0,401	0,357	0,272	0,285	0,356	0,367	0,307	0,331	0,370	0,351	0,349	0,393	0,349	0,295	0,361	0,364	0,359	0,303	0,366	0,406	0,498	0,306	0,391	0,351	0,421	0,347	0,260	0,276	0,313	0,322	0,386	0,432	0,347	0,452	0,429	0,282	0,547	0,468	0,302	0,432	0,456	0,399	0,523	0,409	0,537	0,371	0,228	0,426	0,283	0,543	0,313	0,343	0,304	0,317	0,447	0,295	0,417	0,333	0,406	0,351	0,091	0,331	0,092	0,393	0,091	0,351	0,095	0,392	0,095	0,416	0,093	0,344	0,091
2:28:04	37,0	0,375	0,478	0,445	0,517	0,426	0,455	0,417	0,590	0,509	0,593	0,440	0,553	0,320	0,391	0,389	0,421	0,309	0,433	0,496	0,391	0,373	0,494	0,343	0,480	0,406	0,309	0,307	0,387	0,401	0,338	0,352	0,406	0,384	0,388	0,438	0,389	0,324	0,409	0,392	0,405	0,324	0,401	0,433	0,543	0,334	0,435	0,377	0,475	0,383	0,295	0,307	0,348	0,359	0,428	0,477	0,385	0,495	0,471	0,322	0,591	0,538	0,339	0,473	0,501	0,441	0,570	0,455	0,579	0,417	0,268	0,468	0,331	0,596	0,348	0,382	0,339	0,355	0,474	0,331	0,451	0,373	0,441	0,393	0,091	0,358	0,092	0,421	0,091	0,380	0,095	0,420	0,095	0,444	0,093	0,371	0,091
2:38:04	37,0	0,399	0,524	0,480	0,561	0,461	0,504	0,450	0,635	0,546	0,643	0,479	0,599	0,353	0,426	0,426	0,471	0,336	0,490	0,526	0,427	0,404	0,543	0,378	0,545	0,455	0,354	0,334	0,420	0,434	0,375	0,377	0,442	0,424	0,427	0,483	0,432	0,355	0,458	0,417	0,452	0,346	0,445	0,461	0,573	0,362	0,483	0,401	0,529	0,418	0,329	0,341	0,389	0,401	0,470	0,536	0,427	0,532	0,511	0,361	0,620	0,600	0,383	0,519	0,531	0,478	0,616	0,493	0,609	0,463	0,316	0,504	0,381	0,644	0,383	0,418	0,374	0,400	0,497	0,369	0,477	0,418	0,473	0,446	0,091	0,383	0,092	0,446	0,091	0,409	0,095	0,444	0,095	0,468	0,093	0,397	0,091
2:48:04	37,0	0,421	0,564	0,508	0,599	0,504	0,553	0,488	0,674	0,581	0,686	0,519	0,634	0,385	0,468	0,462	0,521	0,362	0,521	0,559	0,474	0,441	0,581	0,412	0,593	0,498	0,400	0,364	0,452	0,469	0,416	0,410	0,498	0,504	0,465	0,533	0,470	0,387	0,502	0,440	0,507	0,366	0,484	0,483	0,605	0,390	0,531	0,425	0,582	0,453	0,364	0,375	0,436	0,440	0,508	0,590	0,467	0,573	0,538	0,405	0,644	0,639	0,435	0,550	0,548	0,523	0,670	0,523	0,635	0,502	0,365	0,535	0,439	0,665	0,420	0,445	0,409	0,455	0,515	0,415	0,507	0,465	0,503	0,500	0,091	0,406	0,092	0,468	0,091	0,436	0,095	0,466	0,095	0,489	0,093	0,419	0,091
2:58:04	37,0	0,443	0,593	0,538	0,633	0,538	0,606	0,528	0,705	0,615	0,712	0,560	0,658	0,420	0,508	0,498	0,553	0,385	0,547	0,607	0,515	0,478	0,612	0,442	0,621	0,527	0,450	0,395	0,480	0,487	0,446	0,442	0,525	0,585	0,494	0,557	0,500	0,416	0,540	0,466	0,551	0,389	0,525	0,506	0,645	0,416	0,572	0,449	0,627	0,485	0,412	0,407	0,476	0,482	0,533	0,649	0,497	0,612	0,562	0,449	0,669	0,662	0,476	0,580	0,568	0,568	0,710	0,550	0,659	0,538	0,405	0,565	0,501	0,693	0,450	0,469	0,443	0,493	0,532	0,469	0,547	0,501	0,528	0,538	0,091	0,426	0,092	0,487	0,090	0,460	0,095	0,486	0,095	0,512	0,093	0,440	0,091
3:08:04	37,0	0,465	0,615	0,565	0,661	0,575	0,645	0,567	0,726	0,643	0,735	0,613	0,682	0,455	0,537	0,529	0,562	0,410	0,571	0,626	0,540	0,513	0,638	0,473	0,654	0,551	0,486	0,406	0,500	0,514	0,468	0,464	0,541	0,621	0,516	0,599	0,529	0,445	0,568	0,488	0,591	0,410	0,553	0,531	0,670	0,442	0,599	0,473	0,659	0,516	0,463	0,439	0,503	0,522	0,554	0,688	0,519	0,654	0,587	0,492	0,688	0,681	0,507	0,614	0,583	0,606	0,738	0,579	0,679	0,578	0,447	0,595	0,561	0,717	0,482	0,494	0,474	0,526	0,550	0,478	0,594	0,536	0,552	0,569	0,091	0,447	0,092	0,509	0,091	0,481	0,095	0,505	0,095	0,536	0,093	0,459	0,091
3:18:04	37,0	0,486	0,638	0,594	0,687	0,610	0,672	0,605	0,742	0,672	0,750	0,648	0,710	0,484	0,553	0,550	0,590	0,432	0,591	0,639	0,574	0,542	0,661	0,497	0,682	0,573	0,531	0,424	0,516	0,554	0,485	0,488	0,566	0,662	0,535	0,647	0,553	0,478	0,588	0,512	0,617	0,431	0,575	0,552	0,678	0,467	0,621	0,494	0,694	0,546	0,503	0,472	0,515	0,562	0,573	0,719	0,541	0,682	0,612	0,530	0,702	0,687	0,529	0,641	0,600	0,636	0,757	0,612	0,697	0,618	0,489	0,626	0,602	0,755	0,516	0,535	0,500	0,559	0,565	0,507	0,627	0,568	0,579	0,598	0,091	0,464	0,093	0,528	0,091	0,500	0,095	0,521	0,095	0,554	0,093	0,476	0,091
3:28:04	37,0	0,507	0,664	0,623	0,712	0,637	0,698	0,647	0,761	0,704	0,772	0,684	0,738	0,517	0,576	0,578	0,611	0,456	0,614	0,649	0,598	0,568	0,687	0,528	0,706	0,594	0,551	0,438	0,539	0,565	0,502	0,523	0,576	0,712	0,554	0,718	0,576	0,495	0,609	0,531	0,636	0,447	0,597	0,572	0,693	0,490	0,641	0,514	0,719	0,574	0,529	0,510	0,528	0,625	0,589	0,748	0,565	0,713	0,642	0,567	0,725	0,705	0,549	0,660	0,612	0,663	0,771	0,660	0,716	0,667	0,531	0,678	0,636	0,766	0,553	0,578	0,528	0,591	0,584	0,545	0,645	0,600	0,611	0,630	0,091	0,486	0,092	0,546	0,091	0,520	0,095	0,536	0,095	0,573	0,093	0,494	0,091
3:38:04	37,1	0,526	0,683	0,646	0,732	0,669	0,723	0,681	0,785	0,734	0,804	0,717	0,771	0,544	0,604	0,587	0,629	0,479	0,637	0,664	0,622	0,594	0,716	0,555	0,725	0,605	0,586	0,451	0,549	0,590	0,516	0,566	0,601	0,751	0,569	0,752	0,598	0,524	0,630	0,543	0,659	0,461	0,623	0,582	0,720	0,510	0,666	0,531	0,741	0,602	0,545	0,554	0,539	0,653	0,605	0,768	0,588	0,717	0,676	0,599	0,745	0,731	0,574	0,679	0,628	0,690	0,784	0,693	0,736	0,707	0,557	0,730	0,668	0,787	0,586	0,609	0,559	0,622	0,607	0,589	0,656	0,636	0,649	0,663	0,091	0,504	0,092	0,565	0,091	0,540	0,095	0,550	0,095	0,594	0,093	0,516	0,091
3:48:04	37,0	0,541	0,704	0,671	0,758	0,692	0,747	0,703	0,807	0,761	0,830	0,738	0,802	0,557	0,626	0,594	0,651	0,500	0,659	0,678	0,643	0,614	0,747	0,578	0,748	0,617	0,617	0,464	0,554	0,637	0,530	0,616	0,626	0,771	0,586	0,788	0,619	0,541	0,638	0,558	0,662	0,478	0,651	0,594	0,724	0,526	0,691	0,545	0,763	0,622	0,560	0,600	0,547	0,665	0,618	0,782	0,610	0,727	0,707	0,625	0,760	0,745	0,597	0,695	0,644	0,720	0,794	0,721	0,753	0,738	0,571	0,779	0,695	0,803	0,606	0,633	0,584	0,643	0,637	0,632	0,663	0,671	0,684	0,697	0,091	0,520	0,092	0,584	0,091	0,558	0,094	0,563	0,095	0,613	0,093	0,539	0,091
3:58:04	37,0	0,558	0,724	0,699	0,781	0,717	0,772	0,739	0,833	0,787	0,854	0,765	0,829	0,573	0,655	0,600	0,679	0,519	0,688	0,694	0,670	0,626	0,776	0,596	0,770	0,632	0,627	0,484	0,562	0,693	0,543	0,658	0,645	0,796	0,605	0,828	0,637	0,551	0,662	0,570	0,663	0,492	0,670	0,603	0,731	0,542	0,713	0,558	0,778	0,645	0,576	0,622	0,555	0,674	0,629	0,798	0,630	0,740	0,731	0,653	0,775	0,759	0,618	0,709	0,665	0,749	0,803	0,749	0,769	0,770	0,584	0,821	0,716	0,821	0,623	0,652	0,611	0,667	0,674	0,671	0,674	0,709	0,714	0,735	0,091	0,537	0,092	0,604	0,091	0,578	0,094	0,578	0,095	0,635	0,093	0,566	0,091
4:08:04	37,0	0,574	0,748	0,719	0,801	0,740	0,795	0,764	0,854	0,811	0,881	0,786	0,857	0,581	0,680	0,607	0,707	0,540	0,722	0,710	0,701	0,639	0,810	0,612	0,799	0,656	0,664	0,514	0,573	0,739	0,555	0,696	0,665	0,823	0,624	0,861	0,653	0,561	0,687	0,578	0,668	0,500	0,688	0,612	0,746	0,552	0,735	0,569	0,794	0,663	0,590	0,644	0,566	0,681	0,641	0,810	0,652	0,756	0,751	0,679	0,787	0,782	0,637	0,730	0,678	0,779	0,811	0,774	0,782	0,797	0,603	0,857	0,738	0,842	0,644	0,677	0,632	0,699	0,699	0,705	0,683	0,744	0,736	0,778	0,091	0,550	0,092	0,623	0,091	0,597	0,095	0,593	0,095	0,656	0,093	0,586	0,091
4:18:04	37,0	0,591	0,773	0,739	0,821	0,765	0,820	0,787	0,875	0,836	0,900	0,808	0,882	0,587	0,712	0,614	0,736	0,567	0,749	0,723	0,733	0,655	0,847	0,630	0,829	0,676	0,697	0,560	0,589	0,773	0,567	0,728	0,690	0,846	0,643	0,893	0,671	0,568	0,703	0,587	0,662	0,508	0,710	0,621	0,758	0,562	0,755	0,579	0,811	0,681	0,606	0,665	0,577	0,689	0,654	0,821	0,673	0,771	0,770	0,706	0,798	0,802	0,654	0,761	0,688	0,804	0,819	0,796	0,792	0,824	0,624	0,888	0,759	0,855	0,664	0,703	0,653	0,731	0,712	0,729	0,695	0,777	0,755	0,822	0,091	0,563	0,092	0,643	0,091	0,616	0,094	0,609	0,095	0,676	0,093	0,605	0,091
4:28:04	37,0	0,609	0,796	0,758	0,839	0,790	0,840	0,812	0,899	0,857	0,922	0,830	0,902	0,597	0,745	0,624	0,768	0,595	0,783	0,737	0,768	0,670	0,883	0,648	0,861	0,696	0,726	0,593	0,604	0,789	0,578	0,760	0,717	0,872	0,665	0,927	0,694	0,581	0,725	0,597	0,687	0,516	0,730	0,629	0,768	0,572	0,787	0,590	0,825	0,697	0,622	0,679	0,588	0,706	0,664	0,836	0,696	0,784	0,785	0,729	0,807	0,830	0,672	0,790	0,695	0,829	0,827	0,820	0,803	0,858	0,641	0,924	0,779	0,861	0,682	0,735	0,671	0,756	0,721	0,752	0,708	0,811	0,771	0,867	0,091	0,576	0,092	0,664	0,091	0,633	0,095	0,623	0,095	0,697	0,093	0,624	0,091
4:38:04	37,0	0,628	0,820	0,781	0,862	0,823	0,865	0,842	0,925	0,880	0,955	0,857	0,925	0,608	0,779	0,634	0,806	0,626	0,818	0,754	0,816	0,687	0,914	0,670	0,893	0,717	0,741	0,627	0,613	0,831	0,591	0,794	0,739	0,900	0,686	0,957	0,717	0,600	0,742	0,607	0,715	0,525	0,748	0,637	0,777	0,581	0,825	0,601	0,836	0,714	0,639	0,697	0,599	0,727	0,678	0,853	0,713	0,795	0,801	0,753	0,819	0,855	0,697	0,817	0,705	0,859	0,838	0,858	0,806	0,901	0,665	0,963	0,802	0,892	0,701	0,767	0,693	0,784	0,732	0,782	0,720	0,843	0,793	0,912	0,091	0,588	0,092	0,684	0,091	0,652	0,095	0,637	0,095	0,714	0,094	0,637	0,091
4:48:04	37,0	0,646	0,841	0,805	0,883	0,844	0,886	0,863	0,951	0,898	0,980	0,880	0,945	0,618	0,813	0,647	0,842	0,651	0,856	0,768	0,846	0,703	0,937	0,696	0,923	0,738	0,763	0,664	0,629	0,855	0,617	0,840	0,769	0,924	0,713	0,984	0,739	0,614	0,761	0,616	0,728	0,533	0,756	0,645	0,790	0,591	0,841	0,614	0,850	0,733	0,657	0,716	0,608	0,746	0,697	0,867	0,729	0,808	0,813	0,774	0,831	0,874	0,719	0,848	0,719	0,889	0,844	0,881	0,809	0,940	0,686	0,994	0,819	0,914	0,717	0,804	0,710	0,808	0,746	0,806	0,732	0,879	0,814	0,955	0,091	0,601	0,092	0,704	0,091	0,671	0,094	0,651	0,095	0,733	0,093	0,656	0,091
4:58:04	37,0	0,666	0,864	0,829	0,904	0,865	0,906	0,881	0,970	0,920	1,000	0,898	0,968	0,632	0,846	0,661	0,881	0,676	0,890	0,785	0,892	0,721	0,972	0,716	0,950	0,762	0,786	0,704	0,652	0,883	0,647	0,863	0,789	0,947	0,752	1,013	0,760	0,625	0,781	0,624	0,733	0,542	0,757	0,655	0,790	0,602	0,857	0,628	0,860	0,754	0,675	0,735	0,616	0,762	0,717	0,887	0,744	0,826	0,827	0,795	0,842	0,901	0,741	0,864	0,736	0,917	0,852	0,912	0,819	0,982	0,702	1,020	0,836	0,938	0,735	0,838	0,733	0,832	0,762	0,832	0,748	0,912	0,841	0,991	0,091	0,618	0,092	0,723	0,091	0,690	0,095	0,665	0,095	0,750	0,093	0,674	0,091
5:08:04	37,0	0,681	0,883	0,845	0,921	0,882	0,924	0,896	0,985	0,936	1,013	0,913	0,983	0,645	0,878	0,674	0,906	0,694	0,917	0,799	0,912	0,736	0,999	0,730	0,977	0,784	0,806	0,725	0,677	0,909	0,677	0,877	0,811	0,968	0,788	1,033	0,782	0,634	0,800	0,633	0,746	0,550	0,763	0,665	0,802	0,613	0,870	0,643	0,868	0,769	0,691	0,756	0,626	0,778	0,731	0,902	0,754	0,839	0,838	0,815	0,851	0,924	0,755	0,893	0,741	0,944	0,860	0,941	0,825	1,007	0,723	1,035	0,855	0,960	0,752	0,871	0,751	0,858	0,777	0,857	0,761	0,942	0,866	1,026	0,091	0,635	0,092	0,741	0,091	0,707	0,094	0,679	0,095	0,767	0,094	0,690	0,091
5:18:04	36,9	0,698	0,898	0,860	0,934	0,893	0,935	0,915	0,999	0,951	1,024	0,925	0,996	0,658	0,908	0,690	0,929	0,708	0,948	0,812	0,946	0,746	1,018	0,741	0,998	0,803	0,826	0,745	0,710	0,925	0,708	0,914	0,835	0,981	0,826	1,051	0,800	0,644	0,816	0,642	0,758	0,558	0,774	0,674	0,809	0,624	0,881	0,656	0,874	0,784	0,706	0,767	0,636	0,793	0,743	0,911	0,763	0,848	0,847	0,834	0,860	0,948	0,768	0,914	0,747	0,967	0,862	0,966	0,831	1,026	0,740	1,055	0,864	0,983	0,768	0,901	0,769	0,877	0,795	0,874	0,776	0,972	0,884	1,059	0,091	0,652	0,092	0,757	0,091	0,727	0,095	0,694	0,095	0,783	0,094	0,706	0,091
5:28:04	37,0	0,714	0,915	0,875	0,949	0,910	0,950	0,930	1,011	0,964	1,033	0,938	1,005	0,671	0,933	0,705	0,944	0,726	0,976	0,827	0,985	0,756	1,036	0,752	1,023	0,822	0,853	0,768	0,729	0,944	0,735	0,936	0,851	0,998	0,859	1,066	0,822	0,655	0,833	0,650	0,774	0,567	0,781	0,681	0,822	0,634	0,891	0,669	0,880	0,793	0,719	0,783	0,645	0,808	0,753	0,924	0,772	0,858	0,855	0,850	0,869	0,967	0,780	0,934	0,752	0,986	0,864	0,988	0,832	1,041	0,759	1,067	0,875	1,003	0,785	0,935	0,786	0,901	0,812	0,900	0,790	0,994	0,903	1,088	0,091	0,671	0,092	0,774	0,091	0,746	0,094	0,706	0,095	0,802	0,094	0,720	0,091
5:38:04	37,0	0,729	0,932	0,892	0,965	0,929	0,969	0,949	1,028	0,982	1,052	0,962	1,024	0,693	0,969	0,721	0,978	0,745	1,004	0,848	1,002	0,772	1,058	0,767	1,043	0,844	0,881	0,797	0,749	0,968	0,760	0,957	0,871	1,020	0,899	1,088	0,844	0,664	0,851	0,659	0,794	0,576	0,797	0,691	0,834	0,644	0,909	0,682	0,889	0,804	0,729	0,799	0,655	0,824	0,762	0,940	0,779	0,874	0,865	0,871	0,881	0,989	0,801	0,954	0,760	1,004	0,871	1,014	0,841	1,062	0,775	1,085	0,890	1,023	0,803	0,966	0,811	0,929	0,837	0,930	0,808	1,018	0,928	1,109	0,091	0,683	0,093	0,796	0,091	0,766	0,095	0,724	0,095	0,827	0,094	0,738	0,091
5:48:04	37,0	0,743	0,947	0,909	0,981	0,946	0,984	0,969	1,040	0,998	1,065	0,981	1,035	0,705	0,987	0,734	1,004	0,759	1,027	0,867	1,024	0,785	1,077	0,782	1,061	0,869	0,911	0,842	0,770	0,985	0,785	0,971	0,900	1,035	0,934	1,105	0,862	0,673	0,864	0,666	0,803	0,584	0,807	0,700	0,849	0,655	0,922	0,697	0,899	0,816	0,741	0,812	0,665	0,838	0,773	0,953	0,791	0,887	0,874	0,889	0,892	1,008	0,812	0,972	0,771	1,022	0,881	1,028	0,851	1,081	0,794	1,103	0,911	1,044	0,821	0,990	0,833	0,955	0,856	0,957	0,826	1,042	0,950	1,130	0,091	0,702	0,092	0,817	0,090	0,785	0,094	0,741	0,095	0,847	0,094	0,756	0,091
5:58:04	37,0	0,757	0,960	0,919	0,989	0,958	0,993	0,977	1,047	1,006	1,071	0,984	1,041	0,716	1,004	0,742	1,015	0,771	1,043	0,883	1,046	0,795	1,093	0,792	1,078	0,883	0,931	0,850	0,788	0,999	0,808	0,988	0,915	1,046	0,952	1,117	0,879	0,683	0,876	0,673	0,814	0,592	0,815	0,707	0,862	0,662	0,929	0,709	0,904	0,826	0,750	0,822	0,676	0,851	0,781	0,960	0,798	0,894	0,880	0,899	0,896	1,022	0,820	0,988	0,778	1,035	0,884	1,039	0,857	1,091	0,809	1,114	0,921	1,067	0,840	1,014	0,853	0,976	0,873	0,977	0,841	1,054	0,963	1,147	0,091	0,725	0,092	0,833	0,091	0,803	0,095	0,757	0,095	0,862	0,093	0,769	0,091
6:08:04	37,0	0,770	0,973	0,931	1,000	0,972	1,003	0,988	1,057	1,016	1,082	0,999	1,049	0,730	1,021	0,760	1,030	0,786	1,061	0,898	1,066	0,809	1,112	0,804	1,095	0,898	0,951	0,879	0,805	1,014	0,825	1,007	0,933	1,057	0,972	1,129	0,898	0,690	0,888	0,682	0,826	0,600	0,828	0,715	0,871	0,670	0,940	0,723	0,911	0,831	0,757	0,833	0,684	0,862	0,789	0,974	0,806	0,902	0,885	0,912	0,902	1,040	0,832	1,002	0,782	1,050	0,888	1,055	0,868	1,107	0,818	1,129	0,930	1,083	0,858	1,032	0,873	1,002	0,889	0,999	0,858	1,073	0,985	1,167	0,091	0,742	0,092	0,849	0,091	0,822	0,095	0,774	0,095	0,881	0,094	0,790	0,091
6:18:04	37,0	0,784	0,986	0,947	1,010	0,989	1,019	1,005	1,068	1,030	1,096	1,012	1,061	0,746	1,040	0,775	1,046	0,801	1,082	0,913	1,084	0,823	1,125	0,819	1,111	0,915	0,969	0,903	0,825	1,026	0,849	1,015	0,949	1,073	0,991	1,143	0,921	0,698	0,899	0,691	0,838	0,607	0,841	0,724	0,882	0,680	0,949	0,736	0,922	0,838	0,766	0,844	0,693	0,874	0,798	0,986	0,816	0,912	0,892	0,925	0,912	1,055	0,843	1,019	0,796	1,068	0,894	1,073	0,882	1,118	0,835	1,142	0,943	1,099	0,878	1,054	0,891	1,026	0,909	1,024	0,878	1,092	1,006	1,182	0,091	0,760	0,092	0,868	0,091	0,840	0,095	0,793	0,095	0,902	0,094	0,810	0,091
6:28:04	37,0	0,797	0,997	0,960	1,022	1,004	1,032	1,020	1,080	1,041	1,108	1,027	1,072	0,761	1,061	0,788	1,063	0,814	1,098	0,929	1,097	0,836	1,137	0,832	1,125	0,932	0,983	0,924	0,841	1,039	0,869	1,034	0,962	1,084	1,007	1,155	0,938	0,706	0,909	0,699	0,848	0,616	0,849	0,732	0,894	0,689	0,958	0,750	0,929	0,845	0,773	0,851	0,702	0,887	0,806	0,999	0,825	0,920	0,898	0,938	0,919	1,069	0,850	1,037	0,811	1,089	0,903	1,089	0,886	1,130	0,849	1,157	0,952	1,115	0,897	1,070	0,909	1,047	0,923	1,046	0,895	1,108	1,028	1,198	0,091	0,781	0,092	0,884	0,091	0,859	0,094	0,810	0,095	0,918	0,094	0,828	0,091
6:38:04	37,0	0,810	1,010	0,973	1,030	1,015	1,043	1,033	1,090	1,054	1,121	1,038	1,080	0,775	1,073	0,802	1,078	0,828	1,113	0,944	1,115	0,852	1,151	0,846	1,138	0,946	0,999	0,942	0,857	1,050	0,886	1,050	0,975	1,097	1,026	1,167	0,960	0,714	0,918	0,707	0,858	0,624	0,857	0,741	0,905	0,697	0,968	0,761	0,939	0,854	0,781	0,859	0,710	0,894	0,814	1,008	0,831	0,929	0,904	0,950	0,926	1,082	0,856	1,051	0,830	1,105	0,912	1,101	0,893	1,143	0,858	1,167	0,961	1,129	0,913	1,090	0,928	1,067	0,942	1,065	0,912	1,118	1,045	1,217	0,091	0,799	0,092	0,902	0,091	0,877	0,094	0,829	0,095	0,936	0,094	0,847	0,091
6:48:04	37,0	0,824	1,021	0,986	1,040	1,027	1,057	1,044	1,103	1,065	1,135	1,050	1,092	0,792	1,091	0,819	1,094	0,842	1,127	0,957	1,135	0,864	1,166	0,860	1,151	0,960	1,011	0,960	0,878	1,064	0,904	1,063	0,992	1,108	1,044	1,179	0,979	0,722	0,927	0,716	0,868	0,631	0,867	0,750	0,915	0,707	0,977	0,775	0,951	0,862	0,788	0,868	0,719	0,905	0,822	1,019	0,840	0,938	0,912	0,962	0,934	1,097	0,863	1,067	0,842	1,123	0,918	1,117	0,897	1,156	0,870	1,181	0,971	1,145	0,932	1,109	0,944	1,087	0,958	1,084	0,930	1,135	1,070	1,230	0,091	0,819	0,092	0,919	0,091	0,894	0,095	0,847	0,095	0,956	0,094	0,865	0,091
6:58:04	37,0	0,834	1,031	0,997	1,050	1,040	1,070	1,057	1,116	1,077	1,146	1,065	1,101	0,809	1,105	0,833	1,109	0,853	1,139	0,973	1,145	0,876	1,179	0,873	1,164	0,975	1,028	0,976	0,898	1,076	0,919	1,069	1,008	1,120	1,060	1,191	0,997	0,730	0,939	0,725	0,876	0,639	0,875	0,759	0,925	0,717	0,985	0,788	0,958	0,871	0,796	0,878	0,725	0,916	0,829	1,029	0,846	0,948	0,919	0,974	0,942	1,108	0,867	1,078	0,853	1,139	0,923	1,127	0,899	1,169	0,887	1,193	0,981	1,159	0,949	1,125	0,957	1,106	0,974	1,101	0,947	1,149	1,089	1,245	0,091	0,836	0,093	0,937	0,091	0,910	0,094	0,864	0,095	0,971	0,094	0,881	0,092
7:08:04	37,0	0,847	1,043	1,009	1,061	1,053	1,083	1,073	1,128	1,090	1,157	1,079	1,114	0,827	1,121	0,848	1,127	0,869	1,153	0,985	1,157	0,889	1,193	0,885	1,174	0,989	1,044	0,986	0,911	1,087	0,938	1,084	1,024	1,131	1,073	1,204	1,015	0,738	0,947	0,732	0,883	0,646	0,884	0,767	0,936	0,727	0,992	0,801	0,964	0,882	0,805	0,886	0,733	0,926	0,834	1,040	0,853	0,959	0,929	0,985	0,951	1,124	0,870	1,092	0,861	1,151	0,929	1,140	0,904	1,179	0,903	1,207	0,991	1,173	0,964	1,140	0,972	1,124	0,990	1,119	0,961	1,163	1,106	1,258	0,091	0,854	0,092	0,954	0,090	0,929	0,094	0,884	0,095	0,987	0,094	0,896	0,091
7:18:04	37,0	0,858	1,055	1,018	1,070	1,065	1,095	1,087	1,139	1,099	1,166	1,090	1,122	0,841	1,135	0,861	1,141	0,880	1,165	0,998	1,170	0,901	1,204	0,895	1,188	0,999	1,058	0,996	0,927	1,099	0,955	1,102	1,039	1,141	1,084	1,214	1,033	0,746	0,958	0,741	0,891	0,656	0,891	0,775	0,944	0,736	0,998	0,814	0,967	0,892	0,812	0,893	0,741	0,935	0,842	1,052	0,860	0,968	0,938	0,995	0,959	1,135	0,873	1,105	0,870	1,167	0,933	1,153	0,904	1,190	0,912	1,216	0,999	1,186	0,981	1,155	0,986	1,141	1,005	1,139	0,976	1,178	1,120	1,269	0,091	0,871	0,092	0,971	0,091	0,946	0,094	0,901	0,095	1,002	0,094	0,912	0,091
7:28:04	37,0	0,869	1,067	1,031	1,078	1,073	1,106	1,097	1,147	1,106	1,176	1,104	1,127	0,852	1,148	0,869	1,151	0,890	1,178	1,009	1,181	0,909	1,215	0,903	1,196	1,010	1,071	1,009	0,947	1,109	0,972	1,107	1,052	1,150	1,100	1,225	1,053	0,753	0,965	0,747	0,898	0,663	0,896	0,783	0,950	0,744	1,004	0,827	0,970	0,899	0,818	0,900	0,749	0,942	0,847	1,059	0,865	0,976	0,945	1,002	0,964	1,147	0,879	1,116	0,875	1,176	0,938	1,162	0,908	1,198	0,914	1,226	1,005	1,194	0,995	1,168	1,002	1,155	1,018	1,152	0,989	1,187	1,129	1,279	0,091	0,889	0,092	0,987	0,090	0,964	0,094	0,915	0,095	1,019	0,094	0,927	0,091
7:38:04	37,0	0,879	1,076	1,040	1,087	1,084	1,113	1,107	1,152	1,110	1,180	1,111	1,133	0,865	1,162	0,884	1,163	0,901	1,189	1,020	1,189	0,918	1,225	0,911	1,207	1,022	1,082	1,027	0,964	1,117	0,991	1,119	1,070	1,159	1,115	1,234	1,071	0,761	0,970	0,757	0,905	0,671	0,904	0,791	0,958	0,752	1,010	0,839	0,973	0,906	0,823	0,906	0,755	0,953	0,854	1,072	0,871	0,981	0,952	1,012	0,970	1,160	0,882	1,131	0,878	1,186	0,941	1,173	0,911	1,211	0,921	1,238	1,012	1,205	1,011	1,179	1,017	1,169	1,032	1,168	1,005	1,202	1,139	1,288	0,091	0,907	0,092	1,002	0,091	0,982	0,094	0,932	0,095	1,031	0,094	0,942	0,092
7:48:04	37,0	0,891	1,088	1,052	1,097	1,099	1,125	1,118	1,161	1,119	1,187	1,127	1,142	0,879	1,174	0,896	1,173	0,911	1,199	1,035	1,203	0,928	1,235	0,920	1,215	1,033	1,099	1,039	0,978	1,128	1,009	1,127	1,084	1,169	1,127	1,244	1,087	0,769	0,978	0,762	0,909	0,679	0,911	0,799	0,965	0,761	1,016	0,853	0,979	0,914	0,828	0,915	0,760	0,961	0,859	1,079	0,877	0,990	0,959	1,021	0,978	1,170	0,886	1,141	0,884	1,196	0,945	1,182	0,916	1,219	0,925	1,246	1,019	1,215	1,027	1,191	1,032	1,187	1,045	1,181	1,017	1,212	1,148	1,296	0,091	0,927	0,092	1,014	0,091	0,997	0,094	0,949	0,095	1,044	0,094	0,960	0,091
7:58:04	37,0	0,902	1,101	1,064	1,105	1,109	1,136	1,127	1,171	1,125	1,197	1,130	1,152	0,892	1,191	0,908	1,185	0,921	1,208	1,047	1,214	0,939	1,245	0,930	1,225	1,045	1,113	1,045	0,996	1,138	1,028	1,142	1,099	1,179	1,145	1,256	1,105	0,776	0,984	0,770	0,914	0,687	0,920	0,807	0,974	0,769	1,022	0,868	0,984	0,921	0,835	0,922	0,765	0,971	0,865	1,090	0,884	0,998	0,966	1,032	0,986	1,182	0,890	1,149	0,891	1,208	0,948	1,193	0,921	1,227	0,933	1,256	1,029	1,226	1,041	1,201	1,041	1,199	1,057	1,197	1,031	1,226	1,160	1,307	0,091	0,942	0,093	1,026	0,091	1,012	0,094	0,963	0,095	1,056	0,094	0,978	0,092
8:08:04	37,0	0,911	1,109	1,074	1,112	1,117	1,143	1,136	1,176	1,131	1,202	1,135	1,152	0,900	1,200	0,920	1,195	0,931	1,217	1,058	1,222	0,947	1,254	0,937	1,233	1,055	1,130	1,059	1,006	1,145	1,040	1,146	1,110	1,187	1,157	1,264	1,118	0,783	0,990	0,777	0,918	0,694	0,926	0,815	0,980	0,777	1,028	0,882	0,988	0,927	0,840	0,928	0,773	0,978	0,871	1,099	0,889	1,003	0,973	1,041	0,992	1,193	0,895	1,161	0,893	1,219	0,951	1,201	0,925	1,238	0,938	1,267	1,034	1,234	1,053	1,211	1,052	1,211	1,068	1,209	1,042	1,237	1,168	1,312	0,091	0,957	0,092	1,035	0,090	1,021	0,094	0,976	0,095	1,065	0,094	0,990	0,091
8:18:04	37,0	0,920	1,117	1,083	1,122	1,126	1,151	1,143	1,183	1,135	1,209	1,141	1,158	0,910	1,212	0,930	1,203	0,940	1,226	1,066	1,230	0,955	1,262	0,946	1,241	1,065	1,144	1,071	1,019	1,153	1,054	1,159	1,121	1,194	1,170	1,272	1,133	0,790	0,995	0,784	0,922	0,701	0,931	0,822	0,987	0,784	1,034	0,896	0,989	0,933	0,845	0,936	0,776	0,985	0,876	1,106	0,894	1,011	0,980	1,052	0,999	1,202	0,897	1,170	0,898	1,227	0,955	1,209	0,930	1,245	0,940	1,276	1,040	1,242	1,064	1,220	1,062	1,223	1,076	1,220	1,053	1,247	1,177	1,320	0,091	0,974	0,092	1,045	0,091	1,031	0,094	0,986	0,095	1,075	0,094	1,002	0,092
8:28:04	37,0	0,930	1,125	1,091	1,127	1,135	1,157	1,150	1,190	1,141	1,212	1,147	1,163	0,920	1,218	0,944	1,210	0,951	1,235	1,075	1,241	0,963	1,273	0,956	1,250	1,075	1,155	1,076	1,033	1,163	1,071	1,165	1,134	1,203	1,183	1,280	1,150	0,797	1,002	0,790	0,928	0,709	0,937	0,829	0,994	0,792	1,039	0,907	0,997	0,940	0,850	0,941	0,781	0,991	0,882	1,112	0,902	1,019	0,986	1,060	1,006	1,212	0,901	1,177	0,902	1,238	0,959	1,217	0,935	1,254	0,945	1,284	1,048	1,253	1,075	1,230	1,073	1,234	1,087	1,231	1,063	1,256	1,185	1,325	0,091	0,987	0,092	1,054	0,091	1,042	0,094	0,998	0,095	1,082	0,094	1,013	0,092
8:38:04	37,0	0,940	1,135	1,102	1,136	1,145	1,168	1,161	1,200	1,148	1,224	1,159	1,169	0,933	1,231	0,955	1,224	0,962	1,245	1,085	1,248	0,974	1,281	0,968	1,257	1,087	1,160	1,093	1,051	1,172	1,089	1,175	1,147	1,213	1,196	1,292	1,167	0,804	1,008	0,798	0,934	0,718	0,945	0,838	1,002	0,800	1,045	0,920	1,005	0,947	0,857	0,951	0,786	0,999	0,889	1,120	0,907	1,028	0,995	1,071	1,017	1,222	0,905	1,187	0,909	1,246	0,965	1,226	0,943	1,261	0,950	1,295	1,059	1,263	1,084	1,240	1,082	1,247	1,098	1,243	1,075	1,265	1,194	1,333	0,091	0,998	0,092	1,067	0,091	1,051	0,094	1,013	0,095	1,095	0,094	1,028	0,092
8:48:04	37,0	0,947	1,141	1,109	1,142	1,151	1,175	1,166	1,203	1,153	1,228	1,164	1,175	0,943	1,239	0,967	1,233	0,972	1,252	1,092	1,258	0,984	1,286	0,975	1,265	1,094	1,173	1,093	1,062	1,179	1,103	1,183	1,157	1,219	1,208	1,298	1,177	0,812	1,014	0,804	0,938	0,724	0,949	0,846	1,008	0,808	1,049	0,931	1,007	0,951	0,861	0,957	0,792	1,007	0,894	1,127	0,914	1,034	1,001	1,077	1,026	1,233	0,908	1,195	0,914	1,257	0,969	1,235	0,949	1,270	0,954	1,301	1,064	1,270	1,093	1,248	1,092	1,255	1,106	1,251	1,083	1,272	1,201	1,340	0,091	1,009	0,092	1,074	0,091	1,058	0,094	1,023	0,095	1,104	0,094	1,040	0,092
8:58:04	37,0	0,955	1,148	1,114	1,147	1,158	1,180	1,172	1,210	1,156	1,234	1,169	1,179	0,954	1,249	0,975	1,242	0,982	1,261	1,100	1,262	0,992	1,294	0,986	1,269	1,103	1,184	1,107	1,074	1,188	1,110	1,190	1,167	1,226	1,218	1,308	1,189	0,820	1,021	0,812	0,942	0,731	0,955	0,854	1,015	0,815	1,053	0,941	1,011	0,957	0,866	0,962	0,796	1,012	0,900	1,132	0,920	1,039	1,007	1,084	1,033	1,241	0,912	1,202	0,919	1,264	0,974	1,242	0,953	1,276	0,958	1,308	1,071	1,278	1,103	1,256	1,102	1,263	1,114	1,260	1,092	1,278	1,208	1,342	0,091	1,018	0,092	1,082	0,091	1,066	0,094	1,033	0,095	1,113	0,094	1,052	0,091
9:08:04	37,0	0,963	1,155	1,123	1,153	1,165	1,187	1,177	1,217	1,161	1,242	1,175	1,184	0,962	1,258	0,982	1,248	0,992	1,269	1,104	1,269	1,001	1,301	0,997	1,278	1,113	1,194	1,114	1,080	1,194	1,118	1,200	1,173	1,233	1,224	1,317	1,200	0,827	1,026	0,818	0,945	0,740	0,960	0,864	1,020	0,823	1,058	0,950	1,014	0,963	0,873	0,970	0,799	1,019	0,905	1,136	0,923	1,047	1,013	1,091	1,040	1,251	0,915	1,210	0,922	1,273	0,980	1,249	0,956	1,284	0,962	1,316	1,078	1,286	1,112	1,264	1,112	1,271	1,122	1,268	1,100	1,287	1,215	1,349	0,091	1,028	0,092	1,091	0,091	1,075	0,094	1,042	0,095	1,122	0,094	1,059	0,092
9:18:04	37,0	0,969	1,162	1,129	1,159	1,172	1,194	1,182	1,222	1,165	1,244	1,181	1,188	0,972	1,267	0,988	1,258	1,001	1,275	1,111	1,277	1,011	1,309	1,008	1,283	1,122	1,201	1,123	1,091	1,202	1,130	1,205	1,180	1,240	1,233	1,325	1,211	0,837	1,033	0,825	0,949	0,746	0,966	0,872	1,025	0,831	1,061	0,957	1,017	0,971	0,878	0,975	0,801	1,026	0,911	1,143	0,930	1,054	1,020	1,097	1,047	1,260	0,918	1,218	0,925	1,280	0,985	1,257	0,961	1,290	0,967	1,323	1,085	1,294	1,121	1,271	1,120	1,280	1,129	1,277	1,109	1,293	1,223	1,353	0,091	1,038	0,093	1,099	0,091	1,083	0,094	1,052	0,095	1,131	0,094	1,070	0,092
9:28:04	37,0	0,977	1,168	1,135	1,162	1,175	1,197	1,185	1,223	1,167	1,243	1,183	1,194	0,976	1,274	0,996	1,261	1,007	1,282	1,112	1,286	1,015	1,314	1,013	1,287	1,128	1,209	1,125	1,103	1,206	1,139	1,212	1,186	1,245	1,241	1,326	1,218	0,844	1,036	0,833	0,951	0,753	0,968	0,881	1,030	0,839	1,065	0,961	1,018	0,976	0,883	0,979	0,807	1,030	0,916	1,146	0,934	1,058	1,028	1,100	1,053	1,269	0,921	1,227	0,928	1,286	0,987	1,264	0,964	1,295	0,968	1,330	1,088	1,298	1,128	1,276	1,129	1,286	1,135	1,283	1,115	1,298	1,226	1,356	0,091	1,046	0,093	1,104	0,091	1,088	0,094	1,057	0,095	1,137	0,094	1,076	0,092
9:38:04	37,0	0,983	1,172	1,139	1,167	1,179	1,204	1,187	1,226	1,171	1,249	1,189	1,196	0,982	1,279	0,999	1,266	1,012	1,288	1,116	1,292	1,021	1,321	1,019	1,296	1,134	1,217	1,134	1,111	1,211	1,149	1,217	1,194	1,249	1,250	1,331	1,228	0,851	1,040	0,838	0,953	0,760	0,972	0,890	1,033	0,845	1,067	0,967	1,019	0,981	0,887	0,984	0,808	1,034	0,919	1,151	0,938	1,061	1,033	1,103	1,057	1,276	0,923	1,235	0,931	1,292	0,989	1,270	0,969	1,302	0,971	1,335	1,092	1,301	1,135	1,282	1,136	1,292	1,140	1,288	1,122	1,302	1,230	1,360	0,091	1,053	0,093	1,111	0,091	1,096	0,094	1,062	0,095	1,138	0,094	1,081	0,092
9:48:04	37,0	0,989	1,178	1,144	1,170	1,184	1,210	1,193	1,230	1,173	1,250	1,194	1,198	0,990	1,286	1,007	1,274	1,018	1,293	1,122	1,297	1,026	1,325	1,025	1,298	1,143	1,224	1,142	1,124	1,216	1,159	1,223	1,206	1,254	1,260	1,338	1,238	0,858	1,045	0,846	0,955	0,767	0,977	0,898	1,038	0,855	1,071	0,971	1,021	0,988	0,891	0,988	0,813	1,040	0,925	1,155	0,945	1,065	1,036	1,108	1,062	1,282	0,927	1,244	0,934	1,298	0,989	1,277	0,973	1,307	0,976	1,345	1,100	1,307	1,143	1,288	1,142	1,298	1,149	1,293	1,128	1,306	1,236	1,366	0,091	1,062	0,093	1,115	0,091	1,104	0,094	1,070	0,095	1,143	0,095	1,089	0,092
9:58:04	37,0	0,994	1,183	1,149	1,174	1,187	1,214	1,196	1,233	1,176	1,252	1,197	1,200	0,994	1,293	1,013	1,277	1,023	1,296	1,128	1,305	1,032	1,332	1,030	1,304	1,149	1,230	1,147	1,133	1,221	1,167	1,228	1,213	1,260	1,267	1,345	1,243	0,864	1,049	0,852	0,958	0,773	0,981	0,904	1,042	0,865	1,071	0,976	1,023	0,992	0,894	0,993	0,815	1,044	0,928	1,162	0,949	1,070	1,042	1,113	1,064	1,289	0,930	1,246	0,938	1,304	0,994	1,281	0,976	1,313	0,982	1,347	1,104	1,310	1,150	1,293	1,149	1,305	1,155	1,298	1,133	1,312	1,240	1,368	0,091	1,068	0,093	1,122	0,091	1,111	0,094	1,075	0,095	1,147	0,094	1,096	0,092
10:08:04	37,0	1,001	1,190	1,155	1,179	1,194	1,221	1,203	1,238	1,182	1,258	1,204	1,207	1,002	1,298	1,019	1,284	1,030	1,303	1,133	1,307	1,038	1,337	1,037	1,308	1,157	1,232	1,152	1,141	1,228	1,173	1,234	1,219	1,266	1,272	1,353	1,251	0,872	1,052	0,859	0,960	0,780	0,986	0,912	1,046	0,874	1,076	0,982	1,027	0,997	0,900	1,001	0,818	1,049	0,933	1,167	0,953	1,075	1,046	1,119	1,070	1,296	0,934	1,254	0,941	1,310	1,000	1,289	0,981	1,318	0,987	1,351	1,112	1,318	1,157	1,297	1,156	1,312	1,160	1,304	1,140	1,318	1,246	1,373	0,091	1,074	0,092	1,130	0,091	1,118	0,094	1,083	0,095	1,156	0,094	1,105	0,092
10:18:04	37,0	1,008	1,194	1,160	1,183	1,199	1,223	1,206	1,243	1,185	1,263	1,210	1,209	1,005	1,305	1,024	1,289	1,034	1,310	1,136	1,312	1,043	1,342	1,041	1,313	1,162	1,240	1,158	1,149	1,234	1,181	1,240	1,224	1,270	1,277	1,357	1,255	0,881	1,057	0,868	0,962	0,787	0,991	0,918	1,048	0,881	1,078	0,985	1,028	1,002	0,905	1,005	0,820	1,052	0,938	1,172	0,959	1,079	1,051	1,124	1,075	1,304	0,938	1,262	0,944	1,316	1,004	1,294	0,984	1,323	0,990	1,357	1,117	1,323	1,163	1,302	1,162	1,318	1,166	1,310	1,146	1,323	1,252	1,377	0,091	1,080	0,092	1,135	0,091	1,123	0,094	1,088	0,095	1,162	0,094	1,112	0,092
10:28:04	37,0	1,013	1,198	1,163	1,185	1,202	1,232	1,210	1,244	1,188	1,265	1,215	1,212	1,014	1,308	1,027	1,295	1,038	1,315	1,140	1,319	1,047	1,345	1,046	1,318	1,167	1,244	1,163	1,156	1,237	1,192	1,247	1,229	1,274	1,282	1,362	1,263	0,890	1,061	0,875	0,963	0,793	0,994	0,923	1,052	0,890	1,082	0,990	1,031	1,009	0,909	1,010	0,821	1,055	0,942	1,175	0,964	1,083	1,054	1,128	1,078	1,311	0,942	1,268	0,949	1,320	1,007	1,300	0,989	1,327	0,995	1,361	1,122	1,327	1,171	1,305	1,167	1,322	1,170	1,315	1,153	1,326	1,256	1,382	0,091	1,087	0,093	1,141	0,091	1,129	0,094	1,094	0,095	1,167	0,094	1,120	0,092
10:38:04	37,0	1,018	1,201	1,166	1,189	1,203	1,233	1,212	1,247	1,188	1,268	1,214	1,214	1,016	1,315	1,031	1,300	1,043	1,319	1,143	1,323	1,049	1,350	1,049	1,320	1,175	1,251	1,169	1,161	1,240	1,194	1,251	1,233	1,278	1,287	1,362	1,267	0,899	1,064	0,880	0,964	0,801	0,997	0,926	1,053	0,896	1,081	0,993	1,032	1,010	0,913	1,015	0,825	1,058	0,946	1,180	0,968	1,083	1,056	1,130	1,081	1,315	0,947	1,275	0,950	1,327	1,010	1,305	0,993	1,333	0,998	1,364	1,125	1,329	1,174	1,309	1,172	1,325	1,175	1,319	1,158	1,330	1,258	1,387	0,091	1,092	0,093	1,146	0,091	1,133	0,094	1,099	0,095	1,169	0,094	1,125	0,092
10:48:04	36,9	1,023	1,207	1,170	1,191	1,209	1,236	1,216	1,250	1,190	1,272	1,217	1,219	1,020	1,318	1,036	1,306	1,047	1,322	1,145	1,327	1,054	1,354	1,055	1,324	1,180	1,254	1,173	1,167	1,244	1,200	1,255	1,239	1,282	1,291	1,368	1,270	0,904	1,069	0,885	0,965	0,809	1,000	0,930	1,056	0,901	1,083	0,997	1,034	1,017	0,917	1,020	0,825	1,061	0,949	1,182	0,973	1,087	1,058	1,134	1,084	1,324	0,950	1,280	0,956	1,331	1,012	1,310	0,996	1,337	1,002	1,371	1,131	1,334	1,181	1,315	1,177	1,331	1,178	1,323	1,163	1,334	1,262	1,389	0,091	1,097	0,093	1,149	0,091	1,137	0,094	1,104	0,095	1,175	0,095	1,131	0,092
10:58:04	37,0	1,029	1,211	1,174	1,194	1,212	1,240	1,220	1,255	1,194	1,276	1,222	1,222	1,025	1,323	1,038	1,309	1,051	1,327	1,149	1,333	1,058	1,358	1,057	1,328	1,185	1,258	1,176	1,175	1,249	1,207	1,262	1,242	1,285	1,296	1,371	1,275	0,913	1,072	0,891	0,967	0,817	1,005	0,933	1,059	0,904	1,085	1,000	1,036	1,022	0,922	1,024	0,828	1,063	0,953	1,185	0,979	1,092	1,061	1,138	1,087	1,327	0,954	1,285	0,958	1,336	1,016	1,314	0,999	1,341	1,005	1,374	1,135	1,338	1,187	1,319	1,183	1,335	1,183	1,327	1,169	1,337	1,266	1,392	0,091	1,101	0,093	1,154	0,091	1,142	0,094	1,111	0,096	1,181	0,094	1,138	0,092
11:08:04	37,0	1,033	1,214	1,175	1,196	1,212	1,244	1,221	1,257	1,194	1,278	1,222	1,221	1,027	1,325	1,038	1,312	1,053	1,329	1,150	1,337	1,059	1,360	1,060	1,331	1,191	1,264	1,180	1,182	1,250	1,215	1,262	1,245	1,286	1,299	1,371	1,277	0,921	1,074	0,893	0,968	0,824	1,006	0,934	1,059	0,907	1,087	1,002	1,035	1,027	0,924	1,025	0,829	1,066	0,956	1,187	0,983	1,093	1,063	1,139	1,088	1,332	0,956	1,291	0,960	1,340	1,016	1,319	1,001	1,345	1,007	1,380	1,137	1,339	1,191	1,320	1,186	1,338	1,186	1,331	1,173	1,340	1,268	1,393	0,091	1,104	0,093	1,159	0,091	1,144	0,094	1,115	0,095	1,179	0,094	1,140	0,092
11:18:04	37,0	1,037	1,216	1,175	1,198	1,211	1,247	1,221	1,258	1,193	1,280	1,220	1,223	1,032	1,329	1,040	1,315	1,055	1,332	1,152	1,337	1,059	1,362	1,062	1,332	1,193	1,267	1,183	1,187	1,254	1,222	1,266	1,248	1,288	1,303	1,371	1,280	0,927	1,076	0,897	0,968	0,830	1,009	0,935	1,060	0,908	1,086	1,004	1,035	1,032	0,928	1,029	0,831	1,067	0,960	1,191	0,987	1,094	1,062	1,142	1,089	1,335	0,959	1,296	0,962	1,344	1,018	1,324	1,002	1,348	1,011	1,382	1,142	1,341	1,195	1,324	1,190	1,340	1,191	1,331	1,177	1,344	1,269	1,397	0,091	1,109	0,092	1,162	0,091	1,148	0,094	1,118	0,095	1,181	0,094	1,143	0,092
11:28:04	37,0	1,042	1,219	1,179	1,200	1,215	1,250	1,224	1,260	1,192	1,281	1,224	1,225	1,033	1,333	1,045	1,317	1,058	1,334	1,154	1,342	1,062	1,364	1,065	1,335	1,199	1,270	1,187	1,194	1,255	1,227	1,269	1,251	1,292	1,305	1,373	1,282	0,932	1,079	0,900	0,969	0,836	1,012	0,938	1,062	0,910	1,086	1,007	1,035	1,036	0,931	1,032	0,831	1,068	0,965	1,197	0,991	1,095	1,063	1,146	1,090	1,340	0,961	1,298	0,965	1,348	1,021	1,327	1,005	1,351	1,014	1,384	1,144	1,343	1,200	1,326	1,195	1,344	1,194	1,333	1,179	1,346	1,271	1,398	0,091	1,111	0,092	1,165	0,091	1,152	0,094	1,125	0,095	1,184	0,094	1,147	0,092
11:38:04	37,0	1,047	1,222	1,182	1,201	1,220	1,254	1,227	1,264	1,197	1,282	1,229	1,230	1,040	1,336	1,052	1,323	1,064	1,340	1,158	1,347	1,067	1,367	1,070	1,337	1,202	1,275	1,191	1,202	1,259	1,232	1,272	1,255	1,296	1,307	1,376	1,285	0,935	1,080	0,902	0,972	0,841	1,016	0,939	1,064	0,912	1,088	1,011	1,037	1,039	0,936	1,036	0,833	1,071	0,969	1,200	0,997	1,100	1,065	1,151	1,094	1,345	0,964	1,306	0,969	1,351	1,026	1,334	1,010	1,353	1,019	1,389	1,152	1,348	1,204	1,331	1,200	1,348	1,199	1,339	1,185	1,352	1,275	1,400	0,091	1,115	0,093	1,171	0,091	1,157	0,094	1,129	0,095	1,191	0,094	1,153	0,092
11:48:04	37,0	1,050	1,224	1,183	1,202	1,219	1,257	1,226	1,265	1,193	1,287	1,227	1,230	1,042	1,339	1,049	1,326	1,065	1,341	1,158	1,347	1,067	1,372	1,070	1,341	1,207	1,276	1,192	1,207	1,261	1,238	1,272	1,256	1,296	1,309	1,376	1,287	0,939	1,083	0,904	0,972	0,845	1,018	0,939	1,063	0,913	1,088	1,012	1,036	1,041	0,938	1,037	0,834	1,071	0,972	1,203	0,998	1,101	1,064	1,150	1,093	1,347	0,966	1,307	0,970	1,354	1,025	1,336	1,010	1,356	1,021	1,393	1,153	1,346	1,206	1,332	1,203	1,351	1,201	1,340	1,186	1,353	1,277	1,401	0,091	1,117	0,092	1,176	0,091	1,160	0,094	1,131	0,095	1,190	0,094	1,154	0,092
11:58:04	37,0	1,054	1,229	1,186	1,204	1,220	1,259	1,228	1,268	1,194	1,289	1,228	1,230	1,041	1,339	1,048	1,327	1,067	1,345	1,160	1,349	1,068	1,374	1,073	1,342	1,210	1,276	1,195	1,211	1,264	1,243	1,276	1,257	1,298	1,312	1,376	1,289	0,943	1,085	0,905	0,973	0,850	1,020	0,941	1,063	0,914	1,089	1,014	1,036	1,044	0,943	1,040	0,834	1,073	0,974	1,205	1,001	1,102	1,064	1,155	1,094	1,353	0,968	1,311	0,973	1,358	1,028	1,339	1,013	1,358	1,022	1,395	1,157	1,348	1,210	1,335	1,207	1,354	1,206	1,344	1,192	1,357	1,279	1,403	0,091	1,119	0,093	1,181	0,091	1,165	0,094	1,136	0,095	1,191	0,094	1,157	0,092
12:08:04	37,0	1,058	1,231	1,188	1,206	1,222	1,262	1,230	1,269	1,195	1,289	1,227	1,232	1,046	1,347	1,052	1,330	1,068	1,348	1,161	1,347	1,070	1,376	1,076	1,343	1,213	1,280	1,197	1,217	1,266	1,250	1,278	1,261	1,299	1,314	1,378	1,289	0,946	1,086	0,906	0,975	0,852	1,023	0,943	1,063	0,915	1,087	1,016	1,035	1,045	0,948	1,041	0,835	1,075	0,976	1,209	1,004	1,104	1,062	1,158	1,095	1,356	0,970	1,315	0,975	1,360	1,030	1,343	1,014	1,360	1,027	1,395	1,159	1,352	1,214	1,337	1,211	1,356	1,211	1,347	1,195	1,360	1,279	1,404	0,091	1,123	0,093	1,185	0,091	1,168	0,094	1,139	0,096	1,195	0,095	1,160	0,092
12:18:04	37,0	1,061	1,234	1,189	1,207	1,224	1,263	1,229	1,272	1,194	1,289	1,227	1,236	1,046	1,349	1,053	1,334	1,070	1,349	1,163	1,351	1,070	1,376	1,077	1,345	1,216	1,279	1,199	1,222	1,268	1,252	1,280	1,260	1,300	1,314	1,378	1,290	0,948	1,087	0,907	0,975	0,853	1,024	0,942	1,062	0,916	1,086	1,018	1,035	1,046	0,952	1,042	0,837	1,076	0,977	1,210	1,004	1,105	1,063	1,159	1,096	1,359	0,971	1,317	0,977	1,363	1,030	1,347	1,016	1,361	1,030	1,396	1,164	1,352	1,218	1,339	1,214	1,358	1,211	1,348	1,199	1,361	1,282	1,407	0,091	1,124	0,093	1,187	0,091	1,171	0,094	1,143	0,096	1,196	0,095	1,163	0,092
12:28:04	37,0	1,065	1,237	1,191	1,209	1,223	1,264	1,230	1,274	1,194	1,292	1,229	1,238	1,050	1,349	1,055	1,336	1,073	1,353	1,166	1,356	1,072	1,379	1,081	1,346	1,218	1,282	1,201	1,223	1,269	1,258	1,283	1,260	1,301	1,315	1,379	1,294	0,949	1,087	0,907	0,975	0,857	1,026	0,944	1,062	0,916	1,086	1,021	1,033	1,048	0,957	1,046	0,839	1,078	0,979	1,214	1,006	1,106	1,063	1,161	1,097	1,361	0,973	1,323	0,980	1,365	1,031	1,350	1,019	1,362	1,033	1,401	1,168	1,355	1,222	1,341	1,218	1,361	1,215	1,350	1,202	1,362	1,282	1,409	0,091	1,126	0,093	1,190	0,091	1,174	0,094	1,146	0,096	1,201	0,095	1,166	0,092
12:38:04	37,0	1,067	1,239	1,193	1,213	1,225	1,268	1,233	1,275	1,197	1,292	1,230	1,238	1,050	1,353	1,057	1,338	1,075	1,355	1,166	1,356	1,075	1,379	1,083	1,349	1,221	1,283	1,202	1,226	1,271	1,261	1,284	1,262	1,303	1,317	1,380	1,292	0,952	1,089	0,908	0,976	0,858	1,028	0,945	1,063	0,916	1,086	1,023	1,032	1,050	0,961	1,047	0,841	1,081	0,980	1,217	1,008	1,108	1,062	1,165	1,098	1,365	0,975	1,326	0,983	1,367	1,033	1,353	1,022	1,363	1,035	1,399	1,170	1,357	1,224	1,345	1,221	1,364	1,218	1,352	1,206	1,365	1,286	1,410	0,091	1,128	0,093	1,193	0,091	1,178	0,094	1,150	0,095	1,202	0,095	1,171	0,092
12:48:04	37,0	1,069	1,242	1,194	1,213	1,228	1,268	1,232	1,278	1,198	1,294	1,232	1,242	1,054	1,355	1,060	1,339	1,078	1,357	1,166	1,361	1,077	1,381	1,085	1,350	1,224	1,280	1,205	1,229	1,273	1,263	1,286	1,261	1,305	1,316	1,381	1,290	0,954	1,090	0,908	0,975	0,859	1,030	0,946	1,063	0,917	1,085	1,024	1,034	1,053	0,964	1,050	0,840	1,081	0,980	1,218	1,009	1,111	1,063	1,168	1,099	1,367	0,978	1,329	0,984	1,369	1,036	1,355	1,023	1,363	1,038	1,401	1,175	1,360	1,228	1,346	1,224	1,365	1,222	1,355	1,210	1,367	1,289	1,411	0,091	1,128	0,093	1,196	0,091	1,182	0,094	1,154	0,095	1,205	0,095	1,174	0,092
12:58:04	37,0	1,073	1,243	1,195	1,216	1,226	1,271	1,232	1,277	1,198	1,296	1,231	1,244	1,053	1,357	1,059	1,341	1,078	1,359	1,169	1,363	1,078	1,382	1,087	1,351	1,226	1,281	1,206	1,233	1,274	1,264	1,289	1,262	1,306	1,316	1,380	1,289	0,955	1,090	0,909	0,978	0,859	1,031	0,946	1,062	0,917	1,083	1,026	1,032	1,054	0,965	1,050	0,842	1,082	0,982	1,221	1,010	1,111	1,061	1,169	1,099	1,369	0,980	1,331	0,987	1,371	1,035	1,357	1,024	1,366	1,040	1,403	1,180	1,361	1,231	1,348	1,228	1,368	1,223	1,357	1,214	1,366	1,289	1,411	0,091	1,132	0,092	1,200	0,091	1,184	0,094	1,157	0,095	1,210	0,094	1,178	0,092
13:08:04	37,0	1,075	1,245	1,197	1,217	1,227	1,272	1,234	1,280	1,200	1,298	1,234	1,246	1,059	1,360	1,061	1,343	1,081	1,362	1,171	1,367	1,079	1,384	1,089	1,353	1,228	1,282	1,208	1,236	1,276	1,266	1,293	1,261	1,308	1,315	1,381	1,288	0,958	1,090	0,908	0,977	0,862	1,033	0,946	1,061	0,918	1,083	1,029	1,032	1,056	0,969	1,053	0,842	1,083	0,982	1,222	1,011	1,113	1,062	1,172	1,100	1,373	0,982	1,334	0,988	1,374	1,039	1,361	1,026	1,365	1,044	1,405	1,184	1,361	1,234	1,350	1,231	1,372	1,227	1,359	1,218	1,369	1,292	1,413	0,091	1,134	0,093	1,204	0,091	1,187	0,094	1,161	0,096	1,211	0,094	1,183	0,092
13:18:04	37,0	1,078	1,248	1,196	1,220	1,227	1,274	1,232	1,282	1,197	1,298	1,231	1,248	1,058	1,360	1,060	1,345	1,082	1,362	1,172	1,368	1,080	1,387	1,090	1,355	1,229	1,282	1,210	1,238	1,276	1,264	1,292	1,260	1,308	1,313	1,379	1,285	0,959	1,090	0,907	0,975	0,862	1,033	0,947	1,060	0,918	1,081	1,029	1,030	1,056	0,971	1,054	0,841	1,083	0,982	1,224	1,010	1,115	1,061	1,173	1,101	1,374	0,983	1,337	0,990	1,375	1,040	1,361	1,027	1,367	1,045	1,405	1,187	1,363	1,235	1,349	1,233	1,373	1,229	1,360	1,221	1,371	1,292	1,416	0,091	1,135	0,093	1,205	0,091	1,189	0,094	1,163	0,095	1,211	0,094	1,185	0,092
13:28:04	37,0	1,081	1,251	1,197	1,221	1,229	1,276	1,234	1,283	1,199	1,299	1,231	1,248	1,060	1,362	1,060	1,347	1,084	1,364	1,172	1,370	1,080	1,388	1,091	1,354	1,232	1,283	1,211	1,240	1,277	1,267	1,295	1,260	1,309	1,314	1,379	1,286	0,961	1,089	0,908	0,976	0,863	1,034	0,947	1,059	0,918	1,081	1,030	1,029	1,057	0,977	1,054	0,841	1,084	0,982	1,225	1,010	1,116	1,060	1,175	1,101	1,375	0,985	1,338	0,992	1,376	1,041	1,363	1,028	1,367	1,047	1,406	1,190	1,363	1,238	1,354	1,236	1,375	1,230	1,362	1,225	1,371	1,296	1,416	0,091	1,135	0,093	1,208	0,091	1,192	0,094	1,166	0,095	1,213	0,095	1,189	0,092
13:38:04	37,0	1,083	1,253	1,197	1,221	1,227	1,275	1,233	1,284	1,197	1,299	1,232	1,251	1,061	1,363	1,060	1,346	1,084	1,366	1,174	1,373	1,080	1,390	1,093	1,355	1,233	1,284	1,212	1,241	1,277	1,264	1,296	1,259	1,309	1,313	1,379	1,285	0,962	1,087	0,907	0,974	0,864	1,033	0,947	1,058	0,918	1,076	1,031	1,027	1,058	0,979	1,056	0,841	1,086	0,983	1,227	1,011	1,117	1,060	1,176	1,101	1,377	0,986	1,339	0,994	1,377	1,043	1,364	1,030	1,368	1,050	1,409	1,194	1,364	1,241	1,355	1,238	1,377	1,234	1,362	1,228	1,373	1,298	1,417	0,091	1,138	0,093	1,210	0,091	1,194	0,094	1,169	0,096	1,215	0,094	1,192	0,092
13:48:04	37,0	1,083	1,253	1,197	1,222	1,228	1,277	1,234	1,285	1,199	1,300	1,233	1,251	1,063	1,367	1,063	1,349	1,085	1,370	1,176	1,375	1,081	1,390	1,094	1,357	1,237	1,283	1,212	1,243	1,279	1,263	1,298	1,258	1,309	1,311	1,380	1,282	0,963	1,086	0,907	0,973	0,865	1,033	0,947	1,057	0,918	1,076	1,033	1,027	1,059	0,980	1,058	0,841	1,086	0,983	1,230	1,011	1,118	1,059	1,178	1,102	1,379	0,987	1,341	0,995	1,379	1,044	1,366	1,031	1,368	1,053	1,409	1,198	1,365	1,244	1,354	1,242	1,379	1,236	1,364	1,231	1,373	1,298	1,418	0,091	1,139	0,093	1,212	0,091	1,195	0,094	1,173	0,096	1,217	0,095	1,197	0,092
13:58:04	37,0	1,084	1,257	1,198	1,226	1,229	1,279	1,234	1,286	1,198	1,299	1,232	1,252	1,065	1,369	1,063	1,354	1,087	1,370	1,176	1,373	1,082	1,393	1,096	1,358	1,238	1,283	1,215	1,242	1,280	1,262	1,299	1,256	1,310	1,310	1,379	1,281	0,965	1,085	0,907	0,973	0,865	1,033	0,947	1,057	0,918	1,074	1,033	1,026	1,060	0,984	1,061	0,841	1,087	0,984	1,230	1,011	1,119	1,059	1,180	1,102	1,380	0,990	1,344	0,997	1,380	1,045	1,367	1,032	1,370	1,055	1,408	1,201	1,366	1,247	1,357	1,245	1,380	1,240	1,364	1,234	1,375	1,301	1,420	0,091	1,140	0,093	1,214	0,091	1,200	0,094	1,175	0,095	1,220	0,094	1,202	0,092
14:08:04	37,0	1,084	1,258	1,197	1,227	1,227	1,281	1,233	1,286	1,197	1,304	1,233	1,254	1,065	1,371	1,067	1,356	1,087	1,374	1,178	1,376	1,082	1,393	1,095	1,360	1,240	1,282	1,215	1,242	1,281	1,261	1,300	1,254	1,310	1,308	1,380	1,279	0,967	1,084	0,907	0,970	0,866	1,033	0,946	1,056	0,917	1,072	1,034	1,025	1,060	0,983	1,062	0,840	1,087	0,982	1,233	1,010	1,120	1,058	1,181	1,103	1,381	0,990	1,345	0,999	1,381	1,046	1,368	1,033	1,369	1,056	1,409	1,204	1,367	1,249	1,358	1,248	1,382	1,241	1,364	1,237	1,376	1,302	1,420	0,091	1,142	0,093	1,215	0,091	1,203	0,094	1,178	0,096	1,222	0,095	1,206	0,092
14:18:04	37,0	1,084	1,258	1,196	1,227	1,225	1,281	1,233	1,285	1,196	1,303	1,232	1,253	1,064	1,369	1,063	1,356	1,088	1,375	1,177	1,378	1,083	1,395	1,097	1,359	1,241	1,282	1,215	1,241	1,281	1,257	1,299	1,253	1,309	1,307	1,376	1,277	0,966	1,083	0,907	0,970	0,865	1,032	0,946	1,056	0,917	1,069	1,034	1,022	1,060	0,984	1,062	0,837	1,089	0,981	1,233	1,010	1,120	1,057	1,180	1,102	1,382	0,991	1,346	0,998	1,381	1,047	1,368	1,033	1,368	1,058	1,410	1,205	1,366	1,251	1,358	1,248	1,383	1,242	1,365	1,238	1,375	1,302	1,420	0,091	1,142	0,093	1,216	0,091	1,207	0,094	1,180	0,096	1,222	0,095	1,208	0,092
14:28:04	37,0	1,084	1,259	1,195	1,227	1,223	1,281	1,232	1,284	1,195	1,303	1,230	1,254	1,066	1,371	1,065	1,360	1,089	1,375	1,178	1,375	1,082	1,395	1,097	1,359	1,242	1,282	1,215	1,240	1,280	1,254	1,299	1,252	1,309	1,305	1,376	1,275	0,967	1,079	0,905	0,968	0,865	1,030	0,946	1,055	0,916	1,066	1,034	1,021	1,062	0,983	1,064	0,837	1,088	0,981	1,234	1,009	1,121	1,055	1,183	1,101	1,382	0,991	1,346	1,001	1,381	1,047	1,368	1,034	1,369	1,059	1,411	1,208	1,365	1,253	1,357	1,252	1,382	1,245	1,365	1,242	1,377	1,304	1,419	0,091	1,145	0,093	1,218	0,091	1,209	0,094	1,182	0,095	1,224	0,094	1,211	0,092
14:38:04	37,0	1,084	1,262	1,194	1,227	1,225	1,284	1,233	1,287	1,197	1,305	1,233	1,257	1,064	1,371	1,066	1,360	1,090	1,375	1,181	1,381	1,083	1,397	1,098	1,359	1,243	1,279	1,216	1,240	1,282	1,252	1,300	1,250	1,308	1,304	1,375	1,274	0,968	1,079	0,903	0,967	0,867	1,030	0,945	1,054	0,916	1,064	1,034	1,020	1,063	0,985	1,064	0,835	1,090	0,981	1,235	1,009	1,121	1,055	1,184	1,101	1,382	0,994	1,347	1,001	1,382	1,048	1,369	1,036	1,368	1,062	1,412	1,212	1,364	1,254	1,357	1,252	1,383	1,247	1,365	1,245	1,376	1,306	1,419	0,091	1,145	0,093	1,219	0,091	1,212	0,094	1,185	0,095	1,224	0,095	1,214	0,092
14:48:04	37,0	1,084	1,260	1,194	1,227	1,223	1,281	1,232	1,286	1,195	1,305	1,232	1,256	1,065	1,371	1,062	1,358	1,089	1,376	1,178	1,380	1,083	1,397	1,099	1,358	1,244	1,278	1,215	1,239	1,280	1,249	1,300	1,249	1,308	1,302	1,375	1,273	0,968	1,077	0,903	0,964	0,866	1,028	0,944	1,052	0,915	1,062	1,034	1,017	1,064	0,985	1,063	0,834	1,089	0,980	1,236	1,008	1,121	1,053	1,184	1,099	1,384	0,994	1,349	1,002	1,381	1,048	1,369	1,036	1,367	1,064	1,413	1,214	1,365	1,256	1,357	1,254	1,383	1,248	1,362	1,247	1,375	1,305	1,421	0,091	1,144	0,093	1,220	0,091	1,213	0,094	1,188	0,095	1,224	0,095	1,215	0,092
14:58:04	37,0	1,083	1,263	1,192	1,226	1,221	1,281	1,230	1,287	1,193	1,305	1,230	1,259	1,066	1,372	1,064	1,359	1,090	1,378	1,181	1,383	1,083	1,400	1,098	1,359	1,245	1,276	1,216	1,237	1,281	1,246	1,299	1,248	1,307	1,300	1,374	1,271	0,967	1,074	0,902	0,963	0,866	1,027	0,943	1,050	0,915	1,059	1,034	1,016	1,063	0,984	1,064	0,833	1,090	0,977	1,238	1,006	1,122	1,051	1,184	1,099	1,384	0,994	1,349	1,003	1,382	1,048	1,370	1,037	1,368	1,065	1,412	1,215	1,364	1,257	1,356	1,256	1,385	1,252	1,362	1,249	1,374	1,306	1,421	0,091	1,146	0,093	1,220	0,091	1,215	0,094	1,190	0,095	1,224	0,094	1,217	0,092
15:08:04	37,0	1,081	1,262	1,189	1,227	1,219	1,282	1,230	1,289	1,189	1,304	1,227	1,255	1,064	1,372	1,060	1,359	1,089	1,380	1,181	1,383	1,081	1,401	1,095	1,361	1,245	1,275	1,215	1,236	1,280	1,244	1,298	1,246	1,304	1,298	1,371	1,269	0,967	1,074	0,900	0,960	0,865	1,024	0,942	1,048	0,913	1,055	1,031	1,012	1,062	0,982	1,065	0,831	1,087	0,976	1,238	1,005	1,120	1,048	1,183	1,097	1,383	0,995	1,348	1,004	1,381	1,047	1,368	1,036	1,368	1,066	1,409	1,216	1,364	1,258	1,355	1,258	1,384	1,254	1,361	1,250	1,375	1,304	1,421	0,091	1,145	0,093	1,219	0,091	1,215	0,094	1,190	0,095	1,222	0,095	1,217	0,092
15:18:04	37,0	1,081	1,263	1,189	1,227	1,218	1,282	1,229	1,286	1,190	1,306	1,230	1,258	1,063	1,375	1,062	1,362	1,090	1,381	1,177	1,380	1,081	1,400	1,098	1,360	1,246	1,275	1,213	1,234	1,280	1,241	1,299	1,245	1,306	1,296	1,372	1,269	0,968	1,072	0,898	0,960	0,864	1,023	0,941	1,046	0,913	1,055	1,032	1,012	1,061	0,983	1,065	0,829	1,087	0,975	1,240	1,003	1,122	1,046	1,185	1,096	1,385	0,996	1,348	1,005	1,381	1,049	1,368	1,039	1,367	1,068	1,410	1,220	1,363	1,263	1,352	1,260	1,385	1,254	1,361	1,252	1,373	1,306	1,420	0,091	1,146	0,093	1,222	0,091	1,218	0,094	1,196	0,096	1,225	0,095	1,220	0,092
15:28:04	36,9	1,079	1,264	1,188	1,226	1,216	1,281	1,227	1,288	1,188	1,304	1,228	1,256	1,064	1,373	1,060	1,360	1,088	1,381	1,182	1,385	1,080	1,400	1,098	1,358	1,246	1,272	1,213	1,233	1,279	1,238	1,298	1,243	1,304	1,295	1,370	1,268	0,967	1,070	0,897	0,957	0,863	1,021	0,940	1,045	0,911	1,052	1,031	1,010	1,062	0,982	1,064	0,828	1,088	0,973	1,238	1,002	1,120	1,044	1,186	1,094	1,382	0,995	1,348	1,006	1,380	1,049	1,368	1,039	1,364	1,069	1,411	1,220	1,361	1,262	1,353	1,260	1,384	1,256	1,359	1,254	1,371	1,306	1,419	0,091	1,147	0,092	1,220	0,091	1,219	0,094	1,194	0,095	1,225	0,094	1,221	0,092
15:38:04	37,0	1,078	1,263	1,182	1,226	1,214	1,283	1,222	1,288	1,183	1,304	1,223	1,255	1,061	1,373	1,056	1,360	1,087	1,380	1,178	1,386	1,079	1,399	1,093	1,357	1,245	1,271	1,212	1,231	1,276	1,234	1,295	1,242	1,301	1,292	1,366	1,264	0,964	1,067	0,895	0,956	0,863	1,017	0,940	1,041	0,909	1,049	1,028	1,006	1,060	0,980	1,063	0,827	1,085	0,971	1,237	0,999	1,117	1,042	1,184	1,091	1,383	0,994	1,348	1,005	1,379	1,045	1,367	1,038	1,364	1,069	1,411	1,219	1,360	1,263	1,351	1,260	1,383	1,255	1,357	1,254	1,373	1,302	1,420	0,091	1,145	0,093	1,217	0,091	1,219	0,094	1,195	0,096	1,222	0,095	1,218	0,092
15:48:04	37,0	1,076	1,263	1,182	1,224	1,214	1,281	1,223	1,286	1,181	1,303	1,222	1,256	1,062	1,371	1,054	1,359	1,085	1,378	1,177	1,385	1,078	1,401	1,092	1,356	1,244	1,270	1,212	1,230	1,276	1,233	1,293	1,241	1,300	1,292	1,365	1,265	0,963	1,067	0,892	0,954	0,862	1,014	0,938	1,040	0,908	1,046	1,027	1,005	1,059	0,978	1,064	0,825	1,082	0,968	1,240	0,996	1,117	1,039	1,183	1,089	1,381	0,995	1,348	1,005	1,379	1,048	1,365	1,040	1,365	1,071	1,411	1,222	1,359	1,264	1,349	1,260	1,381	1,256	1,354	1,256	1,370	1,304	1,418	0,091	1,146	0,093	1,217	0,091	1,219	0,094	1,198	0,095	1,222	0,095	1,220	0,092
15:58:04	37,0	1,074	1,264	1,183	1,223	1,212	1,281	1,220	1,288	1,180	1,301	1,220	1,256	1,061	1,370	1,055	1,357	1,084	1,379	1,175	1,387	1,077	1,400	1,093	1,355	1,245	1,268	1,212	1,228	1,276	1,231	1,293	1,240	1,298	1,289	1,363	1,262	0,962	1,066	0,891	0,952	0,861	1,012	0,936	1,037	0,907	1,042	1,026	1,003	1,059	0,978	1,063	0,825	1,082	0,966	1,243	0,994	1,116	1,037	1,184	1,086	1,381	0,994	1,348	1,006	1,377	1,049	1,365	1,040	1,363	1,071	1,410	1,223	1,358	1,266	1,348	1,262	1,382	1,257	1,353	1,257	1,370	1,304	1,418	0,091	1,147	0,093	1,218	0,091	1,220	0,094	1,198	0,096	1,221	0,095	1,220	0,092
16:08:04	37,0	1,074	1,264	1,184	1,225	1,214	1,281	1,224	1,286	1,182	1,300	1,222	1,257	1,063	1,373	1,058	1,364	1,086	1,382	1,176	1,384	1,078	1,397	1,097	1,356	1,245	1,267	1,212	1,226	1,276	1,230	1,293	1,240	1,299	1,289	1,363	1,263	0,962	1,065	0,889	0,951	0,861	1,013	0,936	1,038	0,906	1,041	1,026	1,005	1,058	0,978	1,064	0,822	1,085	0,965	1,242	0,993	1,115	1,035	1,186	1,085	1,381	0,996	1,347	1,005	1,378	1,051	1,366	1,041	1,362	1,075	1,410	1,226	1,356	1,266	1,347	1,264	1,381	1,258	1,353	1,260	1,370	1,306	1,416	0,091	1,148	0,093	1,219	0,091	1,222	0,094	1,203	0,096	1,224	0,095	1,225	0,092
16:18:04	37,0	1,071	1,263	1,181	1,225	1,209	1,281	1,221	1,287	1,178	1,303	1,220	1,257	1,060	1,373	1,055	1,362	1,084	1,384	1,178	1,383	1,076	1,398	1,095	1,356	1,244	1,266	1,212	1,224	1,273	1,228	1,292	1,239	1,297	1,288	1,360	1,260	0,961	1,063	0,888	0,949	0,860	1,010	0,934	1,036	0,904	1,038	1,025	1,002	1,057	0,975	1,063	0,820	1,081	0,962	1,240	0,991	1,114	1,032	1,186	1,082	1,380	0,997	1,345	1,006	1,377	1,050	1,364	1,041	1,359	1,077	1,407	1,227	1,357	1,267	1,346	1,263	1,380	1,260	1,352	1,260	1,368	1,305	1,416	0,091	1,148	0,093	1,217	0,091	1,224	0,094	1,203	0,096	1,224	0,095	1,224	0,092
16:28:04	37,0	1,071	1,264	1,181	1,225	1,209	1,282	1,219	1,284	1,179	1,304	1,221	1,258	1,058	1,374	1,054	1,362	1,083	1,386	1,176	1,381	1,076	1,397	1,093	1,354	1,244	1,264	1,211	1,220	1,273	1,224	1,292	1,239	1,296	1,286	1,358	1,258	0,960	1,062	0,885	0,948	0,859	1,009	0,932	1,034	0,904	1,037	1,024	1,001	1,055	0,974	1,063	0,816	1,079	0,960	1,239	0,988	1,113	1,030	1,187	1,080	1,380	0,996	1,345	1,006	1,376	1,052	1,363	1,042	1,356	1,077	1,406	1,229	1,355	1,269	1,346	1,265	1,378	1,262	1,352	1,261	1,367	1,304	1,416	0,091	1,147	0,093	1,218	0,091	1,224	0,094	1,205	0,096	1,223	0,095	1,226	0,092
16:38:04	37,0	1,069	1,264	1,179	1,223	1,207	1,281	1,217	1,286	1,176	1,302	1,217	1,257	1,057	1,373	1,050	1,364	1,082	1,383	1,174	1,380	1,074	1,395	1,094	1,354	1,243	1,261	1,210	1,216	1,270	1,219	1,290	1,238	1,294	1,282	1,355	1,255	0,958	1,059	0,882	0,945	0,858	1,006	0,931	1,033	0,903	1,035	1,023	0,998	1,054	0,970	1,061	0,813	1,078	0,956	1,238	0,985	1,113	1,028	1,185	1,077	1,379	0,996	1,345	1,006	1,374	1,050	1,360	1,040	1,357	1,076	1,407	1,230	1,354	1,269	1,345	1,265	1,378	1,264	1,349	1,261	1,366	1,304	1,415	0,091	1,147	0,093	1,219	0,091	1,225	0,094	1,205	0,096	1,222	0,095	1,224	0,092
16:48:04	37,0	1,067	1,264	1,178	1,223	1,208	1,280	1,216	1,284	1,176	1,304	1,217	1,258	1,057	1,372	1,050	1,363	1,082	1,384	1,175	1,382	1,073	1,396	1,094	1,352	1,244	1,260	1,209	1,215	1,271	1,217	1,289	1,238	1,293	1,283	1,354	1,255	0,956	1,059	0,881	0,943	0,856	1,005	0,930	1,031	0,902	1,034	1,023	0,998	1,053	0,970	1,062	0,810	1,078	0,955	1,237	0,983	1,112	1,025	1,186	1,075	1,377	0,997	1,344	1,007	1,373	1,051	1,360	1,041	1,355	1,080	1,405	1,232	1,352	1,270	1,343	1,266	1,377	1,264	1,347	1,263	1,364	1,304	1,414	0,091	1,147	0,093	1,218	0,091	1,228	0,094	1,208	0,095	1,223	0,094	1,225	0,092
16:58:04	37,0	1,067	1,263	1,175	1,223	1,204	1,279	1,214	1,286	1,173	1,303	1,214	1,257	1,054	1,371	1,049	1,363	1,078	1,381	1,173	1,382	1,072	1,395	1,091	1,352	1,244	1,258	1,206	1,213	1,267	1,214	1,288	1,236	1,292	1,282	1,351	1,252	0,955	1,057	0,880	0,940	0,856	1,003	0,928	1,030	0,901	1,031	1,022	0,995	1,050	0,966	1,059	0,807	1,075	0,953	1,237	0,980	1,110	1,022	1,184	1,071	1,376	0,996	1,342	1,006	1,371	1,050	1,358	1,041	1,353	1,079	1,402	1,231	1,351	1,270	1,344	1,266	1,375	1,264	1,345	1,264	1,363	1,303	1,414	0,091	1,147	0,093	1,218	0,091	1,226	0,094	1,206	0,096	1,221	0,095	1,224	0,092
17:08:04	37,0	1,064	1,263	1,173	1,221	1,201	1,279	1,213	1,285	1,170	1,303	1,212	1,256	1,055	1,371	1,047	1,360	1,077	1,383	1,172	1,379	1,070	1,393	1,089	1,353	1,242	1,257	1,205	1,210	1,267	1,213	1,287	1,235	1,290	1,280	1,349	1,251	0,953	1,056	0,876	0,938	0,855	1,001	0,926	1,028	0,899	1,029	1,020	0,994	1,048	0,964	1,058	0,803	1,073	0,949	1,237	0,977	1,110	1,020	1,184	1,068	1,372	0,997	1,341	1,007	1,369	1,050	1,356	1,041	1,351	1,081	1,403	1,231	1,350	1,271	1,342	1,266	1,374	1,264	1,343	1,264	1,363	1,301	1,413	0,091	1,147	0,093	1,217	0,091	1,226	0,094	1,208	0,095	1,221	0,094	1,224	0,092
17:18:04	37,0	1,064	1,262	1,171	1,221	1,199	1,278	1,210	1,286	1,166	1,302	1,208	1,255	1,051	1,370	1,047	1,361	1,075	1,384	1,171	1,381	1,069	1,393	1,087	1,353	1,241	1,256	1,203	1,209	1,264	1,212	1,285	1,235	1,287	1,280	1,345	1,250	0,951	1,054	0,875	0,937	0,854	0,999	0,925	1,026	0,898	1,026	1,018	0,991	1,045	0,961	1,056	0,802	1,072	0,944	1,237	0,973	1,107	1,016	1,182	1,065	1,372	0,996	1,339	1,006	1,367	1,049	1,355	1,040	1,350	1,081	1,399	1,233	1,348	1,270	1,340	1,265	1,373	1,263	1,340	1,264	1,362	1,300	1,413	0,091	1,147	0,093	1,213	0,091	1,226	0,094	1,206	0,096	1,218	0,095	1,222	0,092
17:28:04	37,0	1,062	1,262	1,170	1,219	1,198	1,278	1,207	1,284	1,166	1,302	1,207	1,257	1,053	1,370	1,045	1,358	1,075	1,381	1,171	1,379	1,067	1,392	1,087	1,349	1,242	1,255	1,201	1,207	1,263	1,211	1,284	1,236	1,286	1,280	1,343	1,248	0,950	1,052	0,873	0,934	0,853	0,997	0,923	1,024	0,897	1,025	1,018	0,989	1,042	0,959	1,055	0,797	1,069	0,941	1,235	0,970	1,105	1,013	1,183	1,062	1,370	0,996	1,338	1,006	1,367	1,050	1,354	1,041	1,349	1,081	1,400	1,233	1,347	1,271	1,340	1,266	1,372	1,263	1,340	1,265	1,360	1,300	1,411	0,091	1,148	0,093	1,213	0,091	1,228	0,094	1,208	0,096	1,217	0,095	1,223	0,092
17:38:04	37,0	1,060	1,262	1,171	1,221	1,198	1,277	1,209	1,284	1,163	1,302	1,206	1,257	1,051	1,371	1,045	1,358	1,073	1,381	1,167	1,378	1,067	1,391	1,085	1,350	1,240	1,254	1,201	1,206	1,261	1,210	1,283	1,236	1,284	1,281	1,343	1,248	0,948	1,051	0,871	0,934	0,851	0,997	0,922	1,023	0,896	1,024	1,016	0,989	1,039	0,956	1,055	0,794	1,067	0,938	1,236	0,965	1,103	1,011	1,182	1,060	1,371	0,997	1,336	1,006	1,365	1,050	1,352	1,041	1,347	1,083	1,397	1,233	1,345	1,273	1,336	1,266	1,369	1,262	1,338	1,265	1,361	1,300	1,410	0,091	1,147	0,093	1,213	0,091	1,229	0,094	1,209	0,095	1,218	0,094	1,224	0,092
17:48:04	37,0	1,060	1,262	1,169	1,219	1,196	1,276	1,206	1,284	1,163	1,300	1,205	1,258	1,051	1,370	1,042	1,356	1,073	1,380	1,164	1,377	1,065	1,390	1,088	1,348	1,240	1,252	1,199	1,204	1,260	1,209	1,281	1,236	1,282	1,280	1,340	1,246	0,946	1,050	0,869	0,932	0,850	0,996	0,921	1,022	0,894	1,022	1,015	0,986	1,037	0,952	1,052	0,791	1,065	0,936	1,235	0,964	1,102	1,008	1,181	1,057	1,370	0,996	1,334	1,006	1,363	1,050	1,349	1,041	1,344	1,083	1,397	1,234	1,346	1,274	1,337	1,266	1,370	1,262	1,337	1,266	1,357	1,300	1,410	0,091	1,147	0,093	1,212	0,091	1,230	0,094	1,210	0,096	1,216	0,095	1,224	0,092
17:58:04	37,0	1,059	1,260	1,167	1,218	1,193	1,275	1,203	1,285	1,159	1,300	1,201	1,256	1,049	1,367	1,040	1,354	1,070	1,381	1,163	1,375	1,064	1,389	1,084	1,349	1,238	1,251	1,198	1,201	1,256	1,208	1,278	1,236	1,279	1,280	1,337	1,245	0,943	1,048	0,866	0,929	0,849	0,994	0,919	1,020	0,893	1,021	1,014	0,984	1,034	0,949	1,050	0,786	1,063	0,933	1,235	0,960	1,100	1,005	1,180	1,052	1,367	0,995	1,333	1,004	1,361	1,049	1,348	1,040	1,342	1,083	1,396	1,233	1,344	1,272	1,336	1,265	1,368	1,262	1,334	1,266	1,356	1,297	1,409	0,091	1,146	0,093	1,211	0,091	1,226	0,094	1,209	0,095	1,215	0,095	1,223	0,092
18:08:04	37,0	1,058	1,262	1,167	1,220	1,194	1,274	1,205	1,284	1,162	1,300	1,204	1,256	1,048	1,368	1,041	1,354	1,069	1,381	1,159	1,378	1,064	1,390	1,085	1,347	1,240	1,251	1,198	1,202	1,258	1,209	1,280	1,237	1,280	1,282	1,339	1,246	0,943	1,046	0,866	0,929	0,847	0,993	0,918	1,019	0,892	1,019	1,014	0,983	1,030	0,947	1,051	0,785	1,064	0,929	1,232	0,958	1,099	1,003	1,182	1,054	1,366	0,995	1,332	1,005	1,360	1,049	1,348	1,040	1,341	1,085	1,395	1,236	1,343	1,274	1,333	1,265	1,367	1,262	1,334	1,268	1,354	1,299	1,410	0,091	1,147	0,093	1,211	0,091	1,228	0,094	1,211	0,096	1,215	0,095	1,226	0,092
18:18:04	37,0	1,056	1,263	1,167	1,219	1,192	1,276	1,201	1,284	1,159	1,300	1,202	1,258	1,047	1,366	1,039	1,354	1,068	1,381	1,161	1,377	1,063	1,386	1,084	1,344	1,238	1,250	1,194	1,198	1,254	1,207	1,277	1,237	1,277	1,280	1,335	1,243	0,941	1,045	0,862	0,928	0,847	0,993	0,917	1,018	0,891	1,018	1,012	0,983	1,029	0,944	1,049	0,780	1,060	0,927	1,233	0,955	1,097	1,001	1,181	1,050	1,365	0,996	1,330	1,004	1,358	1,048	1,346	1,040	1,336	1,085	1,392	1,235	1,342	1,274	1,335	1,265	1,366	1,263	1,331	1,267	1,353	1,296	1,410	0,091	1,146	0,093	1,210	0,091	1,227	0,094	1,211	0,096	1,215	0,095	1,225	0,092
18:28:04	37,0	1,056	1,261	1,166	1,217	1,190	1,272	1,199	1,285	1,158	1,298	1,199	1,256	1,047	1,367	1,037	1,353	1,066	1,380	1,157	1,375	1,062	1,385	1,083	1,346	1,236	1,249	1,193	1,197	1,253	1,207	1,276	1,237	1,275	1,281	1,334	1,242	0,939	1,044	0,862	0,927	0,846	0,990	0,915	1,017	0,890	1,016	1,012	0,981	1,024	0,940	1,048	0,777	1,059	0,923	1,232	0,951	1,096	0,999	1,180	1,047	1,363	0,996	1,328	1,004	1,357	1,048	1,343	1,039	1,335	1,087	1,390	1,233	1,341	1,274	1,333	1,264	1,364	1,262	1,330	1,267	1,350	1,297	1,407	0,091	1,145	0,093	1,208	0,091	1,225	0,094	1,211	0,095	1,214	0,094	1,224	0,092
18:38:04	37,0	1,055	1,258	1,163	1,217	1,188	1,273	1,198	1,283	1,157	1,298	1,197	1,255	1,044	1,366	1,035	1,353	1,064	1,379	1,155	1,376	1,061	1,383	1,083	1,344	1,235	1,249	1,192	1,197	1,252	1,207	1,275	1,238	1,273	1,282	1,332	1,242	0,938	1,043	0,859	0,926	0,844	0,991	0,915	1,016	0,889	1,015	1,010	0,979	1,021	0,936	1,047	0,775	1,057	0,920	1,231	0,947	1,093	0,996	1,179	1,044	1,362	0,996	1,327	1,003	1,354	1,047	1,342	1,038	1,334	1,087	1,390	1,235	1,341	1,273	1,332	1,264	1,363	1,260	1,329	1,268	1,350	1,297	1,407	0,091	1,147	0,093	1,208	0,091	1,227	0,094	1,211	0,095	1,213	0,095	1,224	0,092
18:48:04	37,0	1,054	1,259	1,165	1,216	1,188	1,275	1,196	1,282	1,156	1,298	1,196	1,258	1,044	1,365	1,034	1,351	1,064	1,377	1,152	1,373	1,062	1,384	1,080	1,344	1,235	1,249	1,191	1,195	1,251	1,206	1,273	1,238	1,270	1,282	1,331	1,241	0,936	1,042	0,858	0,926	0,843	0,989	0,913	1,015	0,889	1,015	1,011	0,977	1,017	0,934	1,047	0,771	1,054	0,917	1,229	0,944	1,092	0,994	1,179	1,044	1,363	0,995	1,326	1,002	1,353	1,048	1,341	1,038	1,333	1,086	1,390	1,235	1,339	1,274	1,332	1,265	1,363	1,260	1,327	1,268	1,351	1,295	1,407	0,091	1,146	0,093	1,206	0,091	1,225	0,094	1,212	0,096	1,214	0,095	1,224	0,092
18:58:04	37,0	1,054	1,259	1,160	1,214	1,183	1,273	1,193	1,281	1,153	1,296	1,191	1,254	1,042	1,365	1,034	1,350	1,060	1,376	1,153	1,372	1,060	1,382	1,078	1,343	1,233	1,249	1,188	1,194	1,246	1,206	1,270	1,238	1,268	1,283	1,327	1,241	0,934	1,042	0,856	0,923	0,843	0,988	0,911	1,013	0,888	1,012	1,009	0,976	1,015	0,930	1,045	0,768	1,053	0,914	1,226	0,941	1,089	0,991	1,177	1,039	1,360	0,995	1,324	1,002	1,350	1,046	1,339	1,036	1,331	1,086	1,388	1,235	1,339	1,272	1,332	1,262	1,362	1,260	1,325	1,267	1,350	1,295	1,407	0,091	1,145	0,093	1,206	0,091	1,224	0,094	1,210	0,096	1,212	0,095	1,222	0,092
19:08:04	37,0	1,052	1,257	1,158	1,212	1,183	1,273	1,191	1,282	1,151	1,296	1,189	1,252	1,039	1,361	1,031	1,346	1,058	1,375	1,153	1,371	1,058	1,382	1,075	1,341	1,230	1,249	1,185	1,194	1,243	1,207	1,269	1,239	1,266	1,283	1,327	1,242	0,932	1,041	0,854	0,922	0,841	0,986	0,910	1,011	0,886	1,011	1,008	0,974	1,010	0,927	1,044	0,765	1,051	0,911	1,227	0,938	1,088	0,988	1,175	1,038	1,357	0,994	1,323	1,001	1,350	1,044	1,338	1,036	1,330	1,085	1,386	1,233	1,336	1,271	1,329	1,263	1,360	1,257	1,323	1,267	1,349	1,292	1,407	0,091	1,145	0,093	1,204	0,091	1,224	0,094	1,209	0,096	1,208	0,095	1,221	0,092
19:18:04	37,0	1,052	1,256	1,159	1,212	1,183	1,274	1,192	1,280	1,154	1,295	1,192	1,254	1,039	1,360	1,031	1,349	1,059	1,375	1,153	1,371	1,058	1,379	1,079	1,339	1,231	1,250	1,186	1,194	1,242	1,208	1,266	1,241	1,265	1,285	1,325	1,242	0,931	1,040	0,853	0,921	0,841	0,986	0,910	1,012	0,886	1,011	1,008	0,975	1,006	0,923	1,043	0,763	1,051	0,909	1,226	0,936	1,086	0,988	1,177	1,038	1,357	0,994	1,321	1,002	1,349	1,047	1,337	1,036	1,328	1,088	1,384	1,231	1,336	1,272	1,328	1,262	1,360	1,257	1,324	1,269	1,347	1,292	1,405	0,091	1,145	0,093	1,202	0,091	1,224	0,094	1,210	0,096	1,210	0,095	1,223	0,092
19:28:04	37,0	1,051	1,255	1,152	1,209	1,177	1,271	1,184	1,280	1,146	1,293	1,182	1,248	1,035	1,361	1,027	1,348	1,056	1,371	1,147	1,364	1,054	1,379	1,069	1,337	1,228	1,249	1,182	1,192	1,238	1,206	1,262	1,240	1,260	1,284	1,322	1,238	0,929	1,038	0,850	0,919	0,838	0,983	0,908	1,009	0,884	1,008	1,004	0,970	1,001	0,920	1,040	0,758	1,047	0,905	1,222	0,932	1,083	0,984	1,174	1,034	1,354	0,992	1,319	1,000	1,346	1,040	1,334	1,034	1,325	1,085	1,386	1,228	1,334	1,270	1,327	1,258	1,357	1,254	1,319	1,266	1,346	1,289	1,404	0,091	1,143	0,092	1,198	0,091	1,221	0,094	1,204	0,095	1,206	0,095	1,218	0,092
19:38:04	37,0	1,050	1,254	1,151	1,208	1,177	1,269	1,184	1,279	1,145	1,291	1,181	1,250	1,033	1,358	1,026	1,346	1,054	1,368	1,145	1,364	1,053	1,377	1,068	1,336	1,224	1,249	1,182	1,190	1,236	1,206	1,261	1,240	1,258	1,285	1,320	1,238	0,928	1,037	0,849	0,919	0,838	0,982	0,907	1,008	0,883	1,009	1,004	0,968	0,998	0,917	1,039	0,755	1,046	0,902	1,223	0,929	1,080	0,982	1,175	1,033	1,354	0,992	1,318	0,999	1,344	1,042	1,332	1,031	1,325	1,086	1,383	1,228	1,333	1,270	1,326	1,259	1,356	1,254	1,318	1,266	1,346	1,288	1,404	0,091	1,142	0,092	1,196	0,091	1,220	0,094	1,203	0,095	1,206	0,094	1,218	0,092
19:48:04	37,0	1,051	1,255	1,155	1,210	1,178	1,272	1,185	1,279	1,149	1,291	1,183	1,250	1,032	1,360	1,026	1,344	1,055	1,371	1,145	1,363	1,055	1,376	1,070	1,337	1,223	1,250	1,181	1,191	1,235	1,207	1,261	1,241	1,257	1,288	1,321	1,240	0,926	1,038	0,848	0,919	0,837	0,982	0,907	1,008	0,884	1,009	1,004	0,970	0,996	0,914	1,037	0,753	1,044	0,900	1,222	0,927	1,080	0,982	1,176	1,032	1,353	0,991	1,317	0,998	1,344	1,043	1,331	1,032	1,323	1,087	1,382	1,228	1,334	1,271	1,326	1,259	1,355	1,255	1,320	1,267	1,345	1,290	1,402	0,091	1,142	0,093	1,197	0,091	1,220	0,094	1,204	0,096	1,206	0,095	1,221	0,093
19:58:04	37,0	1,050	1,253	1,151	1,206	1,175	1,270	1,182	1,276	1,144	1,288	1,176	1,247	1,032	1,359	1,023	1,344	1,052	1,370	1,142	1,361	1,052	1,375	1,067	1,335	1,221	1,249	1,179	1,189	1,233	1,205	1,258	1,241	1,254	1,287	1,318	1,236	0,924	1,037	0,847	0,918	0,836	0,980	0,905	1,006	0,882	1,008	1,002	0,967	0,992	0,909	1,035	0,749	1,042	0,897	1,219	0,923	1,079	0,978	1,174	1,028	1,352	0,991	1,316	0,997	1,341	1,038	1,330	1,030	1,322	1,085	1,379	1,228	1,333	1,270	1,326	1,259	1,354	1,253	1,315	1,266	1,346	1,286	1,401	0,091	1,141	0,093	1,197	0,091	1,217	0,094	1,203	0,096	1,204	0,095	1,218	0,092
20:08:04	37,0	1,050	1,252	1,149	1,206	1,175	1,268	1,181	1,277	1,145	1,287	1,178	1,248	1,030	1,356	1,022	1,341	1,050	1,365	1,142	1,358	1,053	1,373	1,066	1,334	1,220	1,249	1,177	1,189	1,233	1,206	1,258	1,240	1,253	1,288	1,316	1,238	0,923	1,036	0,845	0,917	0,834	0,979	0,904	1,005	0,881	1,007	1,001	0,965	0,987	0,907	1,033	0,746	1,039	0,895	1,219	0,921	1,077	0,977	1,172	1,027	1,351	0,990	1,314	0,996	1,339	1,039	1,328	1,029	1,322	1,086	1,376	1,228	1,332	1,270	1,324	1,259	1,354	1,253	1,316	1,266	1,343	1,288	1,400	0,091	1,140	0,092	1,195	0,091	1,216	0,094	1,203	0,095	1,203	0,095	1,218	0,092
20:18:04	37,0	1,050	1,253	1,147	1,205	1,173	1,266	1,180	1,276	1,144	1,289	1,176	1,249	1,029	1,356	1,021	1,340	1,049	1,364	1,139	1,359	1,052	1,373	1,066	1,334	1,220	1,249	1,174	1,190	1,229	1,207	1,256	1,240	1,250	1,288	1,314	1,238	0,923	1,036	0,845	0,916	0,834	0,978	0,904	1,005	0,881	1,006	1,000	0,965	0,984	0,903	1,030	0,743	1,038	0,892	1,220	0,919	1,075	0,974	1,172	1,025	1,349	0,988	1,312	0,995	1,338	1,036	1,327	1,028	1,318	1,087	1,376	1,225	1,332	1,269	1,326	1,258	1,353	1,252	1,316	1,265	1,342	1,287	1,400	0,091	1,141	0,093	1,195	0,091	1,216	0,094	1,203	0,096	1,202	0,095	1,217	0,092
20:28:04	37,0	1,050	1,251	1,146	1,202	1,173	1,267	1,178	1,274	1,143	1,287	1,174	1,247	1,028	1,355	1,020	1,339	1,048	1,362	1,138	1,355	1,050	1,373	1,065	1,331	1,220	1,249	1,173	1,190	1,229	1,207	1,254	1,241	1,250	1,290	1,312	1,239	0,922	1,035	0,844	0,915	0,832	0,977	0,903	1,004	0,880	1,006	0,999	0,963	0,981	0,900	1,030	0,741	1,036	0,890	1,223	0,917	1,073	0,972	1,171	1,024	1,349	0,988	1,310	0,994	1,336	1,036	1,325	1,028	1,319	1,085	1,375	1,225	1,331	1,268	1,324	1,258	1,353	1,251	1,314	1,266	1,341	1,286	1,400	0,091	1,140	0,093	1,195	0,091	1,214	0,094	1,202	0,096	1,201	0,095	1,218	0,092
20:38:04	37,0	1,050	1,251	1,145	1,204	1,171	1,264	1,177	1,273	1,143	1,287	1,174	1,247	1,026	1,355	1,018	1,338	1,047	1,363	1,136	1,358	1,050	1,369	1,063	1,331	1,218	1,249	1,171	1,189	1,226	1,207	1,253	1,241	1,248	1,291	1,311	1,238	0,920	1,035	0,842	0,914	0,832	0,977	0,902	1,004	0,880	1,005	0,998	0,964	0,979	0,897	1,028	0,738	1,035	0,886	1,219	0,913	1,071	0,971	1,171	1,023	1,348	0,988	1,310	0,993	1,335	1,035	1,325	1,026	1,317	1,086	1,372	1,222	1,331	1,269	1,325	1,258	1,353	1,251	1,315	1,264	1,342	1,285	1,400	0,091	1,139	0,093	1,192	0,091	1,213	0,094	1,202	0,096	1,200	0,094	1,216	0,092
20:48:04	37,0	1,051	1,251	1,143	1,204	1,169	1,265	1,177	1,272	1,143	1,285	1,172	1,248	1,026	1,355	1,018	1,338	1,047	1,360	1,133	1,353	1,049	1,369	1,063	1,330	1,217	1,250	1,170	1,190	1,225	1,207	1,251	1,242	1,246	1,291	1,310	1,239	0,920	1,035	0,842	0,914	0,831	0,975	0,902	1,003	0,880	1,004	0,997	0,962	0,975	0,895	1,027	0,735	1,034	0,885	1,217	0,911	1,071	0,969	1,170	1,021	1,348	0,986	1,308	0,992	1,335	1,035	1,323	1,025	1,316	1,085	1,374	1,222	1,331	1,268	1,325	1,257	1,351	1,250	1,315	1,264	1,340	1,282	1,400	0,091	1,140	0,093	1,192	0,091	1,212	0,094	1,201	0,096	1,199	0,095	1,217	0,093
20:58:04	37,0	1,052	1,251	1,143	1,203	1,169	1,264	1,177	1,272	1,143	1,285	1,173	1,247	1,024	1,354	1,016	1,334	1,046	1,361	1,133	1,353	1,048	1,368	1,063	1,329	1,215	1,249	1,168	1,190	1,223	1,208	1,249	1,242	1,245	1,292	1,308	1,240	0,919	1,034	0,841	0,915	0,830	0,975	0,901	1,002	0,879	1,003	0,997	0,961	0,972	0,892	1,025	0,733	1,033	0,883	1,216	0,909	1,070	0,968	1,170	1,019	1,347	0,985	1,308	0,990	1,333	1,034	1,322	1,023	1,315	1,085	1,373	1,221	1,331	1,267	1,324	1,257	1,351	1,251	1,314	1,263	1,339	1,282	1,398	0,091	1,140	0,092	1,192	0,091	1,213	0,094	1,200	0,096	1,199	0,095	1,217	0,092
21:08:04	37,0	1,052	1,252	1,140	1,203	1,165	1,263	1,173	1,270	1,140	1,284	1,167	1,244	1,022	1,355	1,014	1,335	1,042	1,361	1,127	1,351	1,046	1,368	1,060	1,327	1,210	1,249	1,167	1,191	1,222	1,208	1,247	1,241	1,241	1,294	1,305	1,237	0,918	1,033	0,840	0,913	0,828	0,973	0,900	1,001	0,879	1,002	0,996	0,959	0,970	0,888	1,023	0,730	1,031	0,880	1,213	0,906	1,068	0,967	1,167	1,017	1,345	0,983	1,306	0,988	1,331	1,028	1,321	1,021	1,314	1,084	1,371	1,219	1,330	1,265	1,322	1,255	1,349	1,250	1,312	1,262	1,340	1,283	1,398	0,091	1,139	0,093	1,190	0,091	1,209	0,094	1,199	0,096	1,197	0,095	1,215	0,092
21:18:04	37,0	1,053	1,249	1,141	1,200	1,167	1,261	1,174	1,269	1,143	1,284	1,170	1,247	1,021	1,351	1,015	1,334	1,043	1,356	1,130	1,349	1,046	1,366	1,060	1,327	1,211	1,250	1,164	1,191	1,221	1,208	1,246	1,243	1,241	1,294	1,304	1,239	0,918	1,033	0,841	0,913	0,829	0,973	0,899	1,001	0,879	1,002	0,996	0,959	0,967	0,886	1,023	0,728	1,030	0,879	1,212	0,904	1,068	0,965	1,167	1,017	1,346	0,983	1,305	0,988	1,329	1,031	1,320	1,020	1,315	1,083	1,371	1,220	1,331	1,266	1,323	1,256	1,350	1,250	1,312	1,263	1,336	1,282	1,398	0,091	1,140	0,093	1,190	0,091	1,212	0,094	1,198	0,096	1,197	0,095	1,216	0,092
21:28:04	37,0	1,054	1,249	1,139	1,200	1,164	1,259	1,172	1,269	1,141	1,284	1,167	1,245	1,020	1,352	1,014	1,333	1,041	1,355	1,127	1,348	1,047	1,368	1,058	1,327	1,210	1,250	1,163	1,190	1,219	1,208	1,245	1,242	1,239	1,294	1,301	1,238	0,919	1,032	0,840	0,913	0,828	0,973	0,899	1,000	0,879	1,001	0,995	0,958	0,965	0,883	1,021	0,725	1,028	0,876	1,211	0,902	1,067	0,963	1,167	1,015	1,346	0,982	1,304	0,986	1,327	1,028	1,319	1,019	1,313	1,083	1,369	1,218	1,333	1,265	1,321	1,255	1,349	1,249	1,311	1,262	1,338	1,282	1,398	0,091	1,140	0,093	1,189	0,091	1,208	0,094	1,199	0,096	1,196	0,095	1,215	0,092
21:38:04	37,0	1,054	1,246	1,139	1,201	1,163	1,260	1,171	1,268	1,142	1,283	1,167	1,246	1,017	1,352	1,014	1,332	1,040	1,355	1,127	1,350	1,046	1,366	1,057	1,326	1,209	1,250	1,161	1,190	1,217	1,208	1,243	1,242	1,238	1,296	1,301	1,238	0,919	1,033	0,840	0,913	0,828	0,972	0,899	0,999	0,879	1,001	0,996	0,958	0,964	0,881	1,021	0,723	1,029	0,875	1,212	0,901	1,067	0,962	1,168	1,015	1,343	0,980	1,304	0,985	1,327	1,026	1,318	1,018	1,314	1,084	1,369	1,216	1,331	1,265	1,322	1,254	1,349	1,249	1,312	1,261	1,338	1,281	1,399	0,091	1,140	0,093	1,187	0,091	1,208	0,094	1,197	0,096	1,195	0,095	1,215	0,092
21:48:04	37,0	1,056	1,247	1,138	1,198	1,162	1,258	1,169	1,267	1,142	1,280	1,167	1,244	1,015	1,350	1,015	1,332	1,040	1,352	1,125	1,345	1,045	1,364	1,054	1,324	1,206	1,251	1,161	1,191	1,215	1,210	1,242	1,243	1,237	1,298	1,300	1,239	0,918	1,033	0,838	0,912	0,827	0,971	0,899	0,998	0,878	1,000	0,994	0,956	0,962	0,878	1,019	0,721	1,027	0,873	1,210	0,898	1,064	0,960	1,166	1,012	1,344	0,979	1,303	0,984	1,325	1,025	1,317	1,016	1,313	1,083	1,369	1,217	1,331	1,266	1,322	1,254	1,349	1,248	1,310	1,261	1,336	1,280	1,398	0,091	1,141	0,093	1,187	0,091	1,208	0,094	1,198	0,096	1,195	0,095	1,215	0,092
21:58:04	37,0	1,057	1,247	1,137	1,198	1,164	1,257	1,171	1,266	1,143	1,280	1,167	1,246	1,014	1,349	1,013	1,331	1,040	1,354	1,124	1,346	1,045	1,365	1,055	1,323	1,205	1,252	1,159	1,192	1,215	1,210	1,242	1,244	1,237	1,299	1,298	1,239	0,918	1,033	0,839	0,913	0,826	0,971	0,898	0,998	0,879	0,999	0,994	0,958	0,960	0,877	1,018	0,719	1,028	0,872	1,211	0,897	1,063	0,958	1,165	1,012	1,344	0,978	1,303	0,982	1,323	1,025	1,317	1,016	1,312	1,082	1,365	1,218	1,333	1,265	1,321	1,254	1,349	1,246	1,312	1,261	1,336	1,278	1,400	0,091	1,141	0,093	1,187	0,091	1,206	0,094	1,197	0,096	1,195	0,095	1,215	0,092
22:08:04	37,0	1,058	1,246	1,135	1,196	1,159	1,256	1,167	1,264	1,140	1,279	1,164	1,243	1,012	1,349	1,011	1,331	1,038	1,352	1,122	1,345	1,043	1,363	1,053	1,323	1,206	1,252	1,156	1,192	1,213	1,211	1,239	1,244	1,235	1,298	1,298	1,239	0,919	1,032	0,838	0,912	0,827	0,970	0,898	0,997	0,878	0,999	0,992	0,956	0,957	0,874	1,017	0,717	1,027	0,870	1,209	0,895	1,063	0,957	1,165	1,009	1,343	0,977	1,301	0,981	1,322	1,023	1,316	1,014	1,311	1,081	1,364	1,214	1,333	1,264	1,320	1,253	1,349	1,247	1,310	1,261	1,337	1,278	1,399	0,091	1,141	0,093	1,186	0,091	1,204	0,094	1,196	0,096	1,192	0,095	1,214	0,092

