Time	T∞ Optical Density:600	A1	A2	A3	A4	A5	A6	A7	A8	A9	A10	A11	A12	B1	B2	B3	B4	B5	B6	B7	B8	B9	B10	B11	B12	C1	C2	C3	C4	C5	C6	C7	C8	C9	C10	C11	C12	D1	D2	D3	D4	D5	D6	D7	D8	D9	D10	D11	D12	E1	E2	E3	E4	E5	E6	E7	E8	E9	E10	E11	E12	F1	F2	F3	F4	F5	F6	F7	F8	F9	F10	F11	F12	G1	G2	G3	G4	G5	G6	G7	G8	G9	G10	G11	G12	H1	H2	H3	H4	H5	H6	H7	H8	H9	H10	H11	H12
0:08:04	37,0	0,111	0,159	0,151	0,129	0,146	0,150	0,141	0,129	0,146	0,130	0,156	0,125	0,137	0,110	0,157	0,126	0,120	0,123	0,135	0,122	0,100	0,125	0,100	0,117	0,125	0,159	0,123	0,171	0,150	0,121	0,126	0,124	0,129	0,103	0,137	0,098	0,170	0,166	0,160	0,123	0,123	0,198	0,111	0,135	0,113	0,108	0,131	0,112	0,130	0,099	0,138	0,130	0,152	0,122	0,126	0,117	0,131	0,132	0,110	0,109	0,151	0,101	0,121	0,097	0,162	0,112	0,191	0,118	0,103	0,128	0,110	0,130	0,170	0,109	0,106	0,117	0,143	0,127	0,132	0,104	0,142	0,131	0,117	0,089	0,110	0,091	0,135	0,091	0,113	0,090	0,108	0,089	0,106	0,091	0,099	0,090
0:18:04	37,0	0,112	0,163	0,151	0,132	0,150	0,150	0,143	0,135	0,147	0,133	0,147	0,128	0,132	0,111	0,149	0,127	0,123	0,123	0,137	0,123	0,101	0,127	0,101	0,118	0,121	0,163	0,128	0,172	0,146	0,124	0,121	0,127	0,130	0,108	0,136	0,098	0,167	0,126	0,155	0,123	0,123	0,195	0,118	0,129	0,114	0,105	0,129	0,127	0,129	0,099	0,144	0,128	0,156	0,120	0,125	0,118	0,133	0,136	0,110	0,112	0,161	0,102	0,121	0,097	0,154	0,115	0,174	0,118	0,104	0,126	0,110	0,129	0,139	0,110	0,107	0,116	0,145	0,126	0,132	0,104	0,141	0,135	0,120	0,089	0,113	0,091	0,136	0,091	0,115	0,090	0,109	0,089	0,107	0,091	0,100	0,090
0:28:04	36,9	0,115	0,174	0,157	0,137	0,156	0,152	0,147	0,141	0,150	0,140	0,146	0,133	0,145	0,113	0,148	0,133	0,127	0,127	0,141	0,127	0,103	0,130	0,102	0,121	0,123	0,171	0,133	0,180	0,152	0,128	0,127	0,129	0,133	0,109	0,138	0,098	0,168	0,129	0,158	0,125	0,126	0,189	0,118	0,129	0,116	0,106	0,131	0,116	0,131	0,100	0,148	0,130	0,155	0,125	0,132	0,121	0,141	0,142	0,111	0,115	0,164	0,103	0,124	0,097	0,157	0,118	0,182	0,122	0,104	0,130	0,111	0,130	0,132	0,111	0,108	0,118	0,144	0,128	0,133	0,105	0,144	0,139	0,123	0,089	0,117	0,091	0,139	0,091	0,118	0,090	0,111	0,089	0,109	0,091	0,101	0,089
0:38:04	37,0	0,118	0,188	0,166	0,147	0,165	0,161	0,154	0,151	0,157	0,151	0,152	0,141	0,141	0,115	0,151	0,136	0,131	0,132	0,147	0,131	0,105	0,136	0,104	0,127	0,128	0,181	0,136	0,185	0,156	0,131	0,127	0,132	0,137	0,110	0,144	0,099	0,169	0,187	0,164	0,179	0,130	0,192	0,121	0,131	0,120	0,107	0,136	0,141	0,136	0,102	0,154	0,136	0,161	0,132	0,146	0,126	0,152	0,154	0,114	0,121	0,168	0,106	0,127	0,099	0,161	0,122	0,187	0,126	0,107	0,136	0,115	0,134	0,133	0,114	0,111	0,121	0,142	0,133	0,136	0,108	0,162	0,147	0,128	0,089	0,121	0,091	0,145	0,091	0,123	0,090	0,114	0,089	0,112	0,091	0,103	0,090
0:48:04	37,0	0,123	0,208	0,182	0,158	0,181	0,175	0,165	0,166	0,169	0,167	0,162	0,154	0,144	0,118	0,158	0,142	0,135	0,138	0,155	0,138	0,107	0,144	0,106	0,137	0,135	0,197	0,142	0,198	0,163	0,135	0,130	0,136	0,142	0,113	0,148	0,101	0,173	0,252	0,173	0,135	0,134	0,196	0,126	0,134	0,124	0,110	0,142	0,129	0,144	0,105	0,166	0,146	0,171	0,144	0,169	0,132	0,164	0,174	0,119	0,130	0,177	0,109	0,130	0,101	0,167	0,130	0,188	0,134	0,109	0,148	0,120	0,141	0,141	0,118	0,114	0,127	0,142	0,140	0,148	0,112	0,173	0,160	0,133	0,088	0,127	0,091	0,154	0,091	0,129	0,090	0,119	0,089	0,116	0,091	0,107	0,089
0:58:04	37,0	0,130	0,235	0,201	0,179	0,203	0,196	0,181	0,189	0,186	0,192	0,177	0,176	0,153	0,125	0,168	0,152	0,142	0,146	0,167	0,148	0,111	0,157	0,109	0,151	0,145	0,217	0,149	0,213	0,172	0,140	0,137	0,142	0,150	0,119	0,156	0,103	0,183	0,178	0,185	0,142	0,141	0,201	0,132	0,138	0,132	0,114	0,152	0,162	0,155	0,109	0,192	0,164	0,184	0,162	0,203	0,151	0,176	0,202	0,126	0,144	0,191	0,115	0,136	0,104	0,174	0,141	0,194	0,146	0,113	0,164	0,128	0,150	0,155	0,126	0,119	0,136	0,147	0,150	0,164	0,118	0,177	0,176	0,141	0,088	0,135	0,091	0,168	0,091	0,140	0,090	0,127	0,089	0,123	0,091	0,113	0,090
1:08:04	37,0	0,140	0,267	0,226	0,206	0,229	0,219	0,202	0,213	0,210	0,225	0,198	0,203	0,167	0,134	0,184	0,164	0,151	0,157	0,182	0,161	0,115	0,175	0,114	0,170	0,160	0,240	0,158	0,230	0,184	0,146	0,145	0,148	0,158	0,126	0,168	0,107	0,198	0,212	0,201	0,152	0,151	0,209	0,140	0,144	0,142	0,118	0,165	0,163	0,172	0,114	0,228	0,187	0,204	0,185	0,243	0,182	0,192	0,235	0,136	0,165	0,208	0,121	0,142	0,108	0,183	0,157	0,203	0,161	0,119	0,186	0,139	0,163	0,173	0,136	0,127	0,148	0,154	0,165	0,174	0,127	0,186	0,198	0,153	0,088	0,145	0,091	0,184	0,091	0,154	0,090	0,137	0,089	0,132	0,091	0,120	0,090
1:18:04	37,0	0,153	0,298	0,256	0,236	0,257	0,249	0,225	0,242	0,239	0,262	0,227	0,234	0,185	0,145	0,203	0,180	0,163	0,173	0,201	0,178	0,123	0,199	0,121	0,195	0,180	0,264	0,170	0,264	0,199	0,154	0,158	0,155	0,168	0,135	0,183	0,111	0,219	0,240	0,220	0,163	0,163	0,218	0,152	0,153	0,156	0,126	0,183	0,192	0,193	0,122	0,272	0,214	0,231	0,214	0,288	0,210	0,225	0,276	0,151	0,193	0,231	0,132	0,152	0,114	0,194	0,176	0,218	0,180	0,127	0,213	0,152	0,179	0,197	0,149	0,138	0,164	0,164	0,184	0,186	0,139	0,197	0,224	0,169	0,088	0,159	0,091	0,203	0,091	0,170	0,091	0,151	0,089	0,143	0,091	0,130	0,089
1:28:04	37,0	0,170	0,338	0,285	0,269	0,288	0,282	0,248	0,281	0,271	0,305	0,261	0,274	0,208	0,162	0,228	0,200	0,179	0,191	0,224	0,199	0,135	0,225	0,133	0,216	0,207	0,290	0,185	0,314	0,217	0,167	0,175	0,164	0,180	0,152	0,204	0,117	0,244	0,263	0,243	0,179	0,179	0,230	0,168	0,167	0,174	0,137	0,205	0,218	0,219	0,135	0,323	0,248	0,262	0,246	0,339	0,241	0,267	0,315	0,172	0,229	0,261	0,145	0,165	0,123	0,212	0,200	0,236	0,203	0,139	0,242	0,171	0,199	0,232	0,167	0,155	0,185	0,178	0,207	0,201	0,156	0,216	0,256	0,188	0,088	0,176	0,091	0,229	0,091	0,190	0,091	0,169	0,089	0,160	0,091	0,143	0,089
1:38:04	37,0	0,191	0,374	0,319	0,305	0,321	0,315	0,274	0,315	0,303	0,344	0,302	0,309	0,230	0,183	0,257	0,219	0,199	0,207	0,249	0,217	0,150	0,251	0,147	0,242	0,238	0,316	0,206	0,364	0,239	0,183	0,197	0,176	0,194	0,174	0,227	0,125	0,269	0,292	0,266	0,199	0,197	0,245	0,186	0,184	0,196	0,152	0,235	0,251	0,242	0,152	0,371	0,285	0,299	0,281	0,386	0,273	0,302	0,350	0,200	0,267	0,293	0,164	0,183	0,135	0,231	0,227	0,259	0,232	0,155	0,273	0,198	0,223	0,272	0,192	0,178	0,210	0,203	0,235	0,219	0,176	0,235	0,293	0,214	0,088	0,199	0,091	0,257	0,090	0,213	0,091	0,192	0,089	0,180	0,091	0,161	0,090
1:48:04	37,0	0,211	0,415	0,355	0,342	0,351	0,348	0,299	0,355	0,335	0,387	0,346	0,352	0,255	0,199	0,286	0,239	0,220	0,224	0,277	0,237	0,172	0,281	0,166	0,271	0,273	0,346	0,226	0,416	0,264	0,203	0,223	0,194	0,213	0,205	0,254	0,134	0,296	0,329	0,288	0,225	0,217	0,269	0,205	0,206	0,221	0,171	0,264	0,294	0,272	0,175	0,429	0,319	0,336	0,316	0,430	0,307	0,346	0,387	0,228	0,308	0,327	0,187	0,204	0,151	0,260	0,255	0,286	0,263	0,175	0,307	0,230	0,251	0,316	0,219	0,209	0,239	0,225	0,264	0,250	0,202	0,257	0,332	0,242	0,088	0,224	0,091	0,283	0,091	0,238	0,091	0,218	0,089	0,207	0,091	0,183	0,090
1:58:04	37,0	0,232	0,457	0,391	0,384	0,383	0,385	0,325	0,405	0,368	0,430	0,390	0,398	0,276	0,220	0,319	0,264	0,241	0,243	0,302	0,258	0,193	0,305	0,189	0,298	0,308	0,375	0,246	0,480	0,288	0,235	0,251	0,223	0,230	0,248	0,285	0,146	0,323	0,370	0,314	0,258	0,239	0,293	0,225	0,229	0,247	0,196	0,293	0,346	0,302	0,202	0,488	0,351	0,372	0,348	0,468	0,339	0,389	0,427	0,268	0,346	0,362	0,213	0,229	0,172	0,287	0,285	0,317	0,300	0,200	0,344	0,269	0,282	0,356	0,247	0,242	0,269	0,247	0,292	0,267	0,229	0,283	0,371	0,273	0,088	0,249	0,091	0,313	0,091	0,263	0,091	0,244	0,089	0,234	0,091	0,209	0,089
2:08:04	37,0	0,259	0,501	0,432	0,423	0,412	0,423	0,351	0,447	0,404	0,474	0,437	0,450	0,299	0,244	0,353	0,287	0,259	0,264	0,329	0,281	0,214	0,336	0,209	0,327	0,348	0,407	0,270	0,539	0,317	0,263	0,281	0,255	0,257	0,287	0,317	0,161	0,346	0,411	0,336	0,296	0,262	0,322	0,243	0,255	0,275	0,226	0,327	0,401	0,335	0,233	0,533	0,381	0,410	0,383	0,508	0,375	0,439	0,471	0,311	0,385	0,408	0,243	0,255	0,199	0,338	0,316	0,346	0,352	0,231	0,392	0,308	0,315	0,402	0,279	0,281	0,303	0,293	0,318	0,295	0,254	0,313	0,412	0,304	0,088	0,276	0,091	0,342	0,090	0,289	0,091	0,275	0,089	0,262	0,091	0,234	0,089
2:18:04	37,0	0,284	0,538	0,470	0,469	0,442	0,470	0,374	0,497	0,441	0,513	0,483	0,498	0,325	0,269	0,389	0,315	0,278	0,288	0,364	0,307	0,235	0,374	0,232	0,362	0,391	0,442	0,291	0,591	0,348	0,291	0,309	0,285	0,279	0,328	0,357	0,178	0,372	0,460	0,357	0,335	0,283	0,359	0,260	0,281	0,304	0,260	0,359	0,456	0,368	0,270	0,569	0,415	0,447	0,422	0,543	0,414	0,493	0,509	0,355	0,430	0,453	0,275	0,288	0,229	0,361	0,347	0,379	0,401	0,265	0,451	0,347	0,351	0,454	0,313	0,317	0,339	0,320	0,348	0,330	0,284	0,346	0,451	0,343	0,088	0,303	0,091	0,371	0,091	0,315	0,091	0,306	0,089	0,294	0,091	0,262	0,090
2:28:04	37,0	0,306	0,579	0,505	0,501	0,469	0,514	0,398	0,539	0,478	0,561	0,528	0,544	0,348	0,293	0,430	0,349	0,299	0,321	0,401	0,339	0,256	0,429	0,259	0,403	0,435	0,452	0,312	0,638	0,383	0,318	0,337	0,314	0,308	0,368	0,409	0,199	0,394	0,513	0,378	0,376	0,301	0,396	0,277	0,310	0,334	0,293	0,384	0,511	0,404	0,306	0,611	0,451	0,485	0,462	0,578	0,444	0,537	0,538	0,406	0,478	0,485	0,315	0,317	0,261	0,409	0,387	0,413	0,450	0,304	0,506	0,386	0,394	0,504	0,345	0,352	0,377	0,358	0,374	0,374	0,318	0,393	0,493	0,380	0,088	0,329	0,091	0,400	0,090	0,341	0,091	0,336	0,089	0,327	0,091	0,295	0,089
2:38:04	37,0	0,330	0,616	0,536	0,532	0,492	0,549	0,419	0,568	0,514	0,620	0,575	0,599	0,371	0,326	0,471	0,385	0,325	0,352	0,442	0,376	0,274	0,475	0,284	0,440	0,479	0,460	0,337	0,675	0,422	0,351	0,367	0,345	0,336	0,404	0,468	0,223	0,417	0,573	0,394	0,422	0,321	0,431	0,297	0,341	0,364	0,330	0,413	0,568	0,439	0,338	0,627	0,486	0,522	0,495	0,611	0,465	0,581	0,565	0,461	0,522	0,512	0,372	0,349	0,298	0,435	0,431	0,447	0,490	0,338	0,542	0,433	0,440	0,545	0,384	0,397	0,414	0,440	0,408	0,468	0,348	0,426	0,531	0,411	0,089	0,354	0,091	0,428	0,091	0,365	0,091	0,364	0,089	0,361	0,091	0,325	0,090
2:48:04	37,0	0,353	0,646	0,566	0,559	0,516	0,575	0,442	0,593	0,557	0,676	0,617	0,652	0,394	0,365	0,511	0,423	0,353	0,384	0,490	0,415	0,298	0,510	0,311	0,477	0,513	0,470	0,359	0,705	0,460	0,387	0,408	0,380	0,366	0,436	0,540	0,259	0,437	0,621	0,419	0,475	0,338	0,459	0,312	0,379	0,392	0,369	0,441	0,636	0,472	0,384	0,637	0,522	0,565	0,521	0,648	0,482	0,626	0,594	0,521	0,565	0,540	0,420	0,391	0,342	0,473	0,453	0,468	0,519	0,377	0,583	0,480	0,471	0,588	0,420	0,451	0,449	0,456	0,438	0,455	0,385	0,468	0,566	0,441	0,088	0,378	0,091	0,453	0,091	0,389	0,091	0,393	0,089	0,397	0,091	0,356	0,090
2:58:04	37,0	0,376	0,673	0,592	0,576	0,537	0,595	0,472	0,609	0,590	0,712	0,647	0,697	0,412	0,412	0,544	0,461	0,377	0,422	0,538	0,462	0,326	0,533	0,344	0,509	0,537	0,482	0,380	0,724	0,530	0,417	0,440	0,414	0,413	0,465	0,599	0,297	0,460	0,655	0,436	0,535	0,353	0,490	0,327	0,418	0,420	0,416	0,466	0,696	0,503	0,442	0,659	0,545	0,612	0,535	0,673	0,497	0,658	0,620	0,582	0,610	0,566	0,460	0,420	0,393	0,507	0,464	0,484	0,533	0,424	0,638	0,522	0,506	0,622	0,456	0,499	0,485	0,532	0,468	0,489	0,419	0,503	0,595	0,463	0,088	0,401	0,091	0,477	0,091	0,410	0,091	0,418	0,089	0,428	0,091	0,388	0,090
3:08:04	37,0	0,395	0,696	0,610	0,589	0,559	0,620	0,504	0,634	0,618	0,745	0,680	0,737	0,433	0,455	0,554	0,508	0,398	0,459	0,577	0,497	0,355	0,553	0,376	0,542	0,562	0,495	0,418	0,738	0,616	0,438	0,466	0,448	0,471	0,498	0,648	0,336	0,477	0,689	0,458	0,577	0,369	0,524	0,341	0,445	0,444	0,468	0,490	0,742	0,534	0,501	0,686	0,562	0,659	0,549	0,689	0,511	0,679	0,643	0,641	0,662	0,594	0,506	0,445	0,449	0,521	0,478	0,509	0,547	0,474	0,674	0,549	0,551	0,666	0,489	0,526	0,517	0,537	0,499	0,519	0,446	0,533	0,624	0,490	0,088	0,421	0,091	0,498	0,091	0,429	0,091	0,443	0,089	0,457	0,091	0,419	0,090
3:18:04	37,0	0,411	0,717	0,632	0,601	0,582	0,645	0,535	0,652	0,641	0,764	0,706	0,771	0,453	0,486	0,565	0,537	0,418	0,484	0,615	0,520	0,385	0,566	0,406	0,568	0,585	0,511	0,414	0,747	0,652	0,451	0,497	0,473	0,543	0,524	0,668	0,371	0,495	0,723	0,473	0,612	0,384	0,551	0,354	0,476	0,469	0,512	0,515	0,776	0,566	0,557	0,685	0,576	0,684	0,559	0,696	0,522	0,696	0,659	0,684	0,694	0,616	0,552	0,462	0,494	0,535	0,490	0,527	0,555	0,507	0,699	0,566	0,588	0,703	0,515	0,554	0,546	0,575	0,523	0,551	0,470	0,561	0,634	0,512	0,088	0,441	0,091	0,521	0,091	0,446	0,091	0,464	0,089	0,482	0,091	0,445	0,089
3:28:04	37,0	0,433	0,739	0,656	0,625	0,609	0,669	0,565	0,680	0,672	0,791	0,739	0,805	0,478	0,520	0,572	0,559	0,447	0,503	0,652	0,542	0,410	0,585	0,432	0,596	0,609	0,525	0,430	0,745	0,687	0,464	0,535	0,484	0,585	0,547	0,715	0,404	0,509	0,757	0,488	0,651	0,401	0,569	0,368	0,510	0,491	0,545	0,537	0,816	0,598	0,592	0,691	0,591	0,712	0,577	0,712	0,539	0,714	0,678	0,725	0,732	0,641	0,598	0,484	0,531	0,553	0,503	0,543	0,575	0,533	0,722	0,587	0,624	0,734	0,540	0,577	0,570	0,633	0,552	0,600	0,492	0,587	0,642	0,547	0,088	0,460	0,090	0,538	0,091	0,466	0,091	0,488	0,089	0,507	0,091	0,468	0,089
3:38:04	37,0	0,452	0,760	0,679	0,652	0,638	0,691	0,596	0,706	0,702	0,813	0,765	0,833	0,498	0,556	0,574	0,590	0,480	0,522	0,678	0,562	0,440	0,600	0,455	0,625	0,631	0,541	0,443	0,752	0,704	0,475	0,556	0,499	0,640	0,566	0,739	0,441	0,522	0,793	0,495	0,692	0,414	0,585	0,381	0,541	0,513	0,573	0,561	0,855	0,625	0,616	0,697	0,603	0,736	0,595	0,723	0,554	0,726	0,695	0,758	0,756	0,658	0,631	0,504	0,554	0,567	0,511	0,570	0,588	0,557	0,739	0,617	0,657	0,746	0,564	0,604	0,591	0,672	0,572	0,626	0,513	0,618	0,640	0,579	0,088	0,481	0,090	0,552	0,090	0,483	0,091	0,510	0,089	0,530	0,091	0,493	0,089
3:48:04	37,0	0,471	0,781	0,704	0,682	0,668	0,714	0,626	0,734	0,732	0,835	0,791	0,862	0,519	0,571	0,580	0,618	0,508	0,536	0,699	0,579	0,467	0,615	0,476	0,657	0,649	0,559	0,475	0,752	0,717	0,484	0,585	0,510	0,679	0,575	0,763	0,468	0,534	0,830	0,505	0,734	0,425	0,609	0,389	0,565	0,530	0,589	0,576	0,895	0,653	0,632	0,708	0,617	0,758	0,607	0,734	0,563	0,740	0,711	0,781	0,776	0,682	0,650	0,525	0,572	0,582	0,522	0,604	0,598	0,590	0,754	0,642	0,686	0,772	0,586	0,637	0,607	0,704	0,591	0,658	0,532	0,653	0,643	0,608	0,089	0,503	0,091	0,568	0,091	0,501	0,091	0,538	0,089	0,553	0,091	0,514	0,090
3:58:04	37,0	0,488	0,799	0,727	0,710	0,701	0,735	0,653	0,758	0,760	0,854	0,817	0,888	0,544	0,594	0,584	0,635	0,528	0,550	0,720	0,595	0,489	0,634	0,492	0,686	0,674	0,593	0,516	0,752	0,743	0,492	0,634	0,519	0,708	0,582	0,786	0,492	0,546	0,862	0,515	0,780	0,433	0,619	0,396	0,586	0,542	0,610	0,587	0,934	0,683	0,645	0,720	0,635	0,773	0,619	0,746	0,570	0,750	0,727	0,804	0,792	0,694	0,667	0,557	0,582	0,597	0,531	0,622	0,601	0,624	0,765	0,667	0,712	0,787	0,607	0,659	0,616	0,738	0,609	0,691	0,552	0,690	0,650	0,636	0,088	0,528	0,091	0,591	0,091	0,520	0,091	0,569	0,089	0,577	0,091	0,537	0,089
4:08:04	37,0	0,502	0,820	0,748	0,732	0,735	0,756	0,680	0,774	0,782	0,873	0,837	0,918	0,570	0,622	0,588	0,656	0,540	0,563	0,735	0,603	0,506	0,651	0,503	0,710	0,694	0,627	0,564	0,751	0,761	0,508	0,675	0,530	0,734	0,595	0,813	0,512	0,556	0,892	0,522	0,817	0,442	0,637	0,403	0,610	0,551	0,629	0,598	0,973	0,711	0,659	0,728	0,653	0,786	0,634	0,754	0,579	0,763	0,740	0,823	0,805	0,713	0,683	0,569	0,595	0,615	0,539	0,636	0,609	0,660	0,769	0,691	0,734	0,802	0,628	0,688	0,631	0,765	0,626	0,719	0,574	0,729	0,659	0,662	0,088	0,556	0,091	0,609	0,091	0,539	0,091	0,598	0,089	0,601	0,091	0,560	0,089
4:18:04	37,0	0,517	0,846	0,766	0,754	0,766	0,779	0,706	0,800	0,804	0,892	0,857	0,949	0,601	0,646	0,596	0,679	0,554	0,578	0,755	0,619	0,519	0,673	0,522	0,733	0,716	0,655	0,610	0,753	0,777	0,516	0,706	0,541	0,757	0,595	0,839	0,530	0,564	0,921	0,528	0,849	0,449	0,653	0,407	0,624	0,563	0,656	0,606	1,007	0,736	0,675	0,737	0,672	0,796	0,645	0,763	0,591	0,770	0,753	0,841	0,818	0,733	0,694	0,597	0,603	0,629	0,548	0,649	0,619	0,694	0,781	0,719	0,756	0,831	0,646	0,720	0,640	0,796	0,639	0,754	0,594	0,765	0,666	0,689	0,088	0,579	0,091	0,626	0,091	0,561	0,091	0,626	0,089	0,625	0,091	0,582	0,090
4:28:04	37,0	0,533	0,869	0,779	0,772	0,797	0,798	0,726	0,821	0,824	0,911	0,875	0,979	0,628	0,670	0,603	0,704	0,564	0,599	0,775	0,637	0,532	0,699	0,541	0,757	0,737	0,681	0,634	0,752	0,793	0,522	0,730	0,558	0,781	0,604	0,865	0,553	0,572	0,945	0,536	0,881	0,455	0,663	0,416	0,650	0,568	0,680	0,613	1,034	0,757	0,692	0,745	0,689	0,805	0,657	0,771	0,602	0,782	0,762	0,859	0,828	0,750	0,709	0,611	0,603	0,649	0,557	0,668	0,632	0,732	0,786	0,745	0,776	0,854	0,661	0,747	0,650	0,815	0,650	0,777	0,614	0,801	0,672	0,708	0,088	0,598	0,090	0,644	0,091	0,582	0,090	0,648	0,089	0,649	0,091	0,608	0,089
4:38:04	37,0	0,555	0,890	0,805	0,801	0,830	0,823	0,759	0,844	0,850	0,934	0,906	1,007	0,656	0,700	0,612	0,731	0,577	0,626	0,808	0,658	0,556	0,732	0,560	0,788	0,763	0,705	0,664	0,754	0,816	0,529	0,755	0,575	0,829	0,615	0,892	0,585	0,580	0,971	0,542	0,909	0,464	0,678	0,423	0,674	0,572	0,704	0,624	1,062	0,780	0,711	0,756	0,703	0,819	0,670	0,786	0,616	0,798	0,772	0,881	0,841	0,766	0,721	0,642	0,612	0,672	0,566	0,710	0,641	0,767	0,793	0,781	0,798	0,875	0,678	0,772	0,662	0,844	0,661	0,804	0,634	0,834	0,682	0,735	0,088	0,618	0,091	0,662	0,091	0,605	0,091	0,669	0,089	0,670	0,091	0,632	0,089
4:48:04	37,0	0,569	0,913	0,827	0,825	0,860	0,841	0,792	0,865	0,873	0,954	0,927	1,032	0,680	0,733	0,622	0,761	0,589	0,651	0,830	0,675	0,578	0,759	0,573	0,818	0,789	0,727	0,684	0,766	0,832	0,534	0,778	0,605	0,841	0,631	0,910	0,620	0,589	0,989	0,549	0,935	0,472	0,698	0,431	0,684	0,576	0,720	0,632	1,082	0,798	0,728	0,764	0,714	0,831	0,680	0,798	0,631	0,812	0,781	0,897	0,851	0,795	0,731	0,664	0,621	0,689	0,574	0,751	0,657	0,797	0,795	0,808	0,820	0,893	0,691	0,787	0,675	0,877	0,670	0,828	0,650	0,868	0,693	0,768	0,088	0,636	0,091	0,680	0,091	0,623	0,091	0,687	0,089	0,693	0,091	0,653	0,089
4:58:04	37,0	0,588	0,929	0,849	0,849	0,887	0,867	0,815	0,897	0,899	0,974	0,948	1,056	0,702	0,762	0,630	0,789	0,606	0,685	0,860	0,699	0,603	0,792	0,583	0,850	0,815	0,752	0,710	0,772	0,857	0,542	0,802	0,627	0,877	0,658	0,941	0,641	0,597	1,006	0,557	0,959	0,480	0,709	0,440	0,694	0,583	0,738	0,645	1,104	0,814	0,745	0,777	0,723	0,845	0,694	0,811	0,644	0,826	0,788	0,917	0,865	0,807	0,745	0,697	0,629	0,711	0,583	0,782	0,670	0,832	0,803	0,834	0,845	0,914	0,706	0,818	0,687	0,909	0,680	0,857	0,667	0,900	0,704	0,796	0,088	0,652	0,090	0,698	0,091	0,643	0,090	0,707	0,089	0,716	0,091	0,676	0,089
5:08:04	37,0	0,607	0,950	0,866	0,871	0,903	0,887	0,836	0,912	0,914	0,990	0,965	1,065	0,724	0,795	0,644	0,820	0,616	0,710	0,878	0,719	0,622	0,824	0,588	0,877	0,838	0,771	0,726	0,779	0,870	0,556	0,821	0,651	0,891	0,685	0,960	0,676	0,606	1,022	0,565	0,983	0,487	0,725	0,448	0,694	0,589	0,749	0,649	1,122	0,836	0,756	0,787	0,730	0,854	0,699	0,821	0,658	0,836	0,794	0,930	0,875	0,832	0,756	0,718	0,641	0,741	0,595	0,816	0,682	0,855	0,801	0,858	0,865	0,929	0,718	0,845	0,700	0,933	0,689	0,879	0,676	0,929	0,715	0,823	0,089	0,671	0,091	0,717	0,091	0,660	0,091	0,724	0,089	0,739	0,091	0,697	0,090
5:18:04	37,0	0,625	0,967	0,877	0,892	0,916	0,907	0,854	0,928	0,933	1,007	0,983	1,081	0,739	0,827	0,647	0,844	0,625	0,740	0,897	0,748	0,642	0,852	0,593	0,906	0,861	0,798	0,744	0,786	0,890	0,571	0,840	0,666	0,910	0,710	0,986	0,709	0,615	1,038	0,572	1,001	0,496	0,741	0,455	0,704	0,595	0,762	0,659	1,135	0,846	0,767	0,798	0,736	0,864	0,704	0,833	0,668	0,848	0,796	0,944	0,884	0,859	0,770	0,746	0,653	0,765	0,607	0,833	0,688	0,881	0,797	0,876	0,881	0,946	0,728	0,869	0,713	0,958	0,701	0,898	0,685	0,942	0,726	0,850	0,088	0,688	0,091	0,734	0,091	0,678	0,091	0,739	0,089	0,760	0,091	0,720	0,090
5:28:04	37,0	0,644	0,984	0,893	0,910	0,930	0,922	0,868	0,946	0,948	1,018	0,998	1,090	0,757	0,853	0,660	0,871	0,641	0,769	0,916	0,782	0,664	0,882	0,598	0,931	0,884	0,823	0,758	0,795	0,911	0,585	0,858	0,689	0,922	0,731	1,011	0,738	0,625	1,054	0,580	1,015	0,504	0,757	0,464	0,710	0,603	0,769	0,669	1,148	0,858	0,777	0,810	0,741	0,872	0,712	0,844	0,676	0,859	0,801	0,958	0,893	0,889	0,778	0,777	0,656	0,792	0,617	0,849	0,696	0,906	0,795	0,895	0,900	0,966	0,741	0,896	0,725	0,980	0,711	0,922	0,694	0,957	0,738	0,877	0,088	0,708	0,091	0,750	0,091	0,695	0,091	0,756	0,089	0,783	0,091	0,740	0,089
5:38:04	36,9	0,658	0,999	0,910	0,929	0,948	0,940	0,885	0,964	0,965	1,033	1,016	1,104	0,777	0,880	0,671	0,894	0,654	0,800	0,937	0,803	0,685	0,911	0,601	0,957	0,908	0,844	0,779	0,808	0,930	0,607	0,877	0,716	0,942	0,756	1,029	0,768	0,634	1,067	0,585	1,029	0,514	0,774	0,474	0,717	0,610	0,775	0,679	1,160	0,867	0,787	0,822	0,746	0,881	0,716	0,856	0,687	0,869	0,808	0,971	0,902	0,917	0,790	0,812	0,660	0,813	0,627	0,877	0,707	0,933	0,797	0,916	0,915	0,983	0,755	0,921	0,741	1,004	0,725	0,941	0,704	0,978	0,751	0,902	0,088	0,727	0,091	0,770	0,091	0,715	0,091	0,775	0,089	0,808	0,091	0,761	0,090
5:48:04	36,9	0,678	1,014	0,914	0,944	0,963	0,956	0,896	0,984	0,984	1,046	1,031	1,114	0,794	0,908	0,681	0,922	0,667	0,829	0,952	0,830	0,708	0,936	0,608	0,979	0,930	0,864	0,798	0,819	0,949	0,632	0,896	0,748	0,953	0,775	1,050	0,801	0,643	1,077	0,595	1,042	0,524	0,790	0,484	0,724	0,617	0,780	0,692	1,174	0,877	0,795	0,834	0,752	0,889	0,722	0,865	0,693	0,878	0,812	0,983	0,910	0,944	0,791	0,854	0,673	0,838	0,637	0,898	0,719	0,956	0,796	0,935	0,929	1,003	0,771	0,946	0,756	1,024	0,739	0,961	0,714	0,998	0,765	0,928	0,088	0,747	0,091	0,789	0,091	0,736	0,091	0,792	0,089	0,832	0,091	0,783	0,089
5:58:04	37,0	0,694	1,025	0,935	0,964	0,982	0,972	0,914	0,993	0,997	1,059	1,046	1,127	0,814	0,934	0,690	0,941	0,679	0,854	0,969	0,849	0,730	0,963	0,615	1,000	0,950	0,878	0,818	0,831	0,970	0,655	0,917	0,776	0,971	0,801	1,066	0,829	0,653	1,085	0,603	1,052	0,533	0,808	0,495	0,733	0,626	0,786	0,701	1,187	0,884	0,804	0,846	0,756	0,896	0,727	0,878	0,701	0,892	0,820	0,999	0,919	0,966	0,793	0,891	0,681	0,861	0,647	0,910	0,731	0,981	0,798	0,960	0,942	1,022	0,787	0,971	0,773	1,047	0,754	0,982	0,726	1,018	0,780	0,948	0,088	0,768	0,091	0,809	0,091	0,757	0,091	0,811	0,089	0,854	0,091	0,807	0,089
6:08:04	37,0	0,708	1,038	0,949	0,981	1,000	0,990	0,928	1,012	1,008	1,068	1,057	1,139	0,834	0,961	0,698	0,962	0,691	0,877	0,987	0,879	0,751	0,985	0,623	1,017	0,967	0,901	0,836	0,849	0,989	0,674	0,937	0,799	0,990	0,823	1,079	0,857	0,663	1,094	0,608	1,063	0,543	0,824	0,508	0,744	0,632	0,793	0,714	1,195	0,892	0,814	0,857	0,763	0,907	0,732	0,888	0,709	0,902	0,826	1,010	0,926	0,987	0,797	0,917	0,684	0,888	0,665	0,931	0,741	0,997	0,803	0,980	0,957	1,045	0,804	0,995	0,793	1,069	0,769	1,002	0,738	1,041	0,797	0,970	0,088	0,791	0,091	0,830	0,091	0,779	0,091	0,832	0,089	0,876	0,091	0,835	0,090
6:18:04	37,0	0,726	1,048	0,955	0,994	1,018	1,005	0,946	1,024	1,022	1,081	1,066	1,154	0,852	0,984	0,710	0,984	0,701	0,900	1,000	0,896	0,777	1,008	0,631	1,035	0,982	0,926	0,853	0,865	1,003	0,688	0,955	0,819	1,004	0,839	1,093	0,880	0,672	1,101	0,617	1,070	0,553	0,840	0,518	0,757	0,640	0,798	0,725	1,200	0,901	0,821	0,869	0,769	0,912	0,739	0,897	0,715	0,914	0,830	1,020	0,933	1,004	0,801	0,944	0,692	0,913	0,688	0,937	0,751	1,014	0,805	0,994	0,970	1,062	0,820	1,018	0,809	1,086	0,783	1,024	0,750	1,061	0,814	0,989	0,089	0,813	0,091	0,850	0,091	0,799	0,091	0,850	0,089	0,896	0,091	0,854	0,089
6:28:04	37,0	0,741	1,061	0,978	1,012	1,043	1,023	0,971	1,042	1,036	1,094	1,088	1,170	0,874	1,011	0,720	1,006	0,717	0,927	1,014	0,927	0,802	1,026	0,646	1,058	0,997	0,951	0,877	0,881	1,018	0,705	0,975	0,841	1,024	0,861	1,113	0,903	0,683	1,106	0,626	1,078	0,566	0,854	0,535	0,768	0,649	0,806	0,741	1,205	0,912	0,830	0,882	0,774	0,922	0,748	0,910	0,723	0,929	0,839	1,036	0,944	1,023	0,803	0,973	0,701	0,940	0,702	0,957	0,765	1,034	0,813	1,011	0,989	1,079	0,840	1,043	0,827	1,105	0,802	1,047	0,766	1,080	0,834	1,012	0,088	0,834	0,091	0,872	0,091	0,824	0,090	0,871	0,089	0,918	0,091	0,879	0,090
6:38:04	36,9	0,758	1,075	0,986	1,023	1,050	1,039	0,986	1,056	1,042	1,104	1,101	1,176	0,890	1,034	0,733	1,024	0,730	0,947	1,027	0,942	0,821	1,046	0,656	1,076	1,009	0,959	0,895	0,892	1,030	0,719	0,988	0,858	1,032	0,880	1,130	0,920	0,695	1,111	0,637	1,084	0,576	0,864	0,546	0,781	0,658	0,814	0,748	1,209	0,917	0,838	0,893	0,782	0,930	0,753	0,919	0,728	0,940	0,844	1,047	0,951	1,039	0,808	0,991	0,706	0,961	0,715	0,978	0,773	1,050	0,817	1,026	0,997	1,094	0,860	1,063	0,844	1,122	0,817	1,063	0,783	1,097	0,852	1,028	0,088	0,854	0,091	0,891	0,091	0,844	0,091	0,889	0,089	0,937	0,091	0,897	0,090
6:48:04	37,0	0,768	1,085	0,993	1,036	1,052	1,055	0,996	1,069	1,047	1,114	1,106	1,190	0,902	1,051	0,742	1,039	0,740	0,962	1,032	0,955	0,841	1,065	0,668	1,087	1,019	0,980	0,906	0,912	1,040	0,733	0,998	0,873	1,042	0,902	1,134	0,939	0,704	1,115	0,646	1,088	0,587	0,878	0,558	0,791	0,668	0,816	0,760	1,204	0,919	0,843	0,902	0,785	0,938	0,756	0,927	0,735	0,947	0,846	1,052	0,954	1,050	0,810	1,006	0,700	0,986	0,724	0,978	0,775	1,066	0,816	1,042	1,006	1,107	0,871	1,078	0,858	1,135	0,830	1,077	0,798	1,111	0,867	1,042	0,088	0,870	0,091	0,908	0,091	0,862	0,090	0,901	0,089	0,953	0,091	0,913	0,089
6:58:04	37,0	0,782	1,097	1,014	1,047	1,065	1,070	1,019	1,083	1,060	1,127	1,117	1,197	0,920	1,070	0,755	1,055	0,754	0,981	1,048	0,974	0,860	1,082	0,679	1,103	1,032	0,993	0,920	0,931	1,054	0,748	1,012	0,893	1,060	0,922	1,154	0,963	0,716	1,117	0,653	1,091	0,599	0,887	0,573	0,801	0,677	0,823	0,773	1,209	0,927	0,850	0,915	0,790	0,948	0,762	0,939	0,740	0,960	0,853	1,068	0,963	1,064	0,803	1,027	0,709	0,998	0,732	0,999	0,780	1,081	0,826	1,053	1,017	1,122	0,890	1,097	0,877	1,151	0,845	1,094	0,814	1,125	0,884	1,058	0,088	0,890	0,091	0,926	0,091	0,879	0,090	0,921	0,089	0,974	0,091	0,935	0,090
7:08:04	37,0	0,794	1,109	1,033	1,057	1,083	1,087	1,042	1,100	1,069	1,139	1,128	1,209	0,934	1,089	0,767	1,073	0,767	0,997	1,058	0,990	0,879	1,100	0,694	1,117	1,042	1,017	0,932	0,946	1,064	0,761	1,024	0,910	1,070	0,938	1,168	0,981	0,726	1,119	0,663	1,092	0,610	0,898	0,585	0,806	0,686	0,826	0,783	1,208	0,936	0,856	0,927	0,793	0,955	0,768	0,947	0,747	0,969	0,858	1,077	0,970	1,080	0,804	1,041	0,718	1,022	0,741	1,005	0,788	1,097	0,831	1,068	1,025	1,134	0,903	1,113	0,891	1,165	0,858	1,110	0,830	1,141	0,898	1,074	0,088	0,907	0,091	0,944	0,091	0,896	0,090	0,937	0,089	0,993	0,091	0,956	0,089
7:18:04	37,0	0,808	1,121	1,045	1,069	1,103	1,106	1,057	1,122	1,082	1,153	1,142	1,212	0,950	1,109	0,780	1,091	0,783	1,016	1,071	1,008	0,898	1,117	0,708	1,132	1,056	1,039	0,943	0,971	1,077	0,775	1,038	0,928	1,077	0,959	1,182	0,999	0,735	1,119	0,671	1,094	0,623	0,910	0,599	0,814	0,694	0,832	0,795	1,211	0,948	0,863	0,940	0,800	0,964	0,774	0,958	0,754	0,977	0,864	1,091	0,982	1,095	0,804	1,060	0,725	1,032	0,748	1,022	0,799	1,108	0,841	1,083	1,037	1,149	0,920	1,131	0,908	1,180	0,873	1,126	0,846	1,156	0,913	1,090	0,089	0,929	0,091	0,962	0,091	0,919	0,091	0,957	0,089	1,010	0,091	0,977	0,090
7:28:04	37,0	0,820	1,132	1,042	1,083	1,122	1,121	1,058	1,132	1,095	1,163	1,151	1,223	0,963	1,126	0,793	1,105	0,794	1,032	1,079	1,024	0,913	1,129	0,721	1,143	1,065	1,063	0,954	0,985	1,089	0,788	1,050	0,943	1,089	0,969	1,194	1,017	0,745	1,119	0,678	1,093	0,633	0,919	0,615	0,820	0,703	0,837	0,806	1,210	0,956	0,869	0,950	0,804	0,973	0,778	0,967	0,760	0,985	0,868	1,099	0,990	1,107	0,812	1,072	0,730	1,052	0,755	1,043	0,810	1,120	0,849	1,098	1,047	1,161	0,932	1,145	0,922	1,194	0,887	1,140	0,861	1,170	0,925	1,104	0,089	0,949	0,091	0,975	0,091	0,939	0,091	0,971	0,089	1,025	0,091	0,990	0,089
7:38:04	37,0	0,833	1,144	1,045	1,096	1,134	1,133	1,062	1,145	1,102	1,172	1,157	1,229	0,973	1,142	0,802	1,120	0,808	1,047	1,088	1,038	0,927	1,141	0,735	1,154	1,075	1,077	0,963	1,001	1,098	0,802	1,059	0,963	1,105	0,988	1,204	1,032	0,755	1,120	0,686	1,093	0,646	0,928	0,628	0,827	0,712	0,839	0,817	1,206	0,963	0,875	0,959	0,808	0,979	0,782	0,974	0,768	0,990	0,873	1,104	0,995	1,119	0,813	1,085	0,731	1,065	0,761	1,046	0,815	1,133	0,854	1,110	1,054	1,173	0,945	1,158	0,937	1,206	0,899	1,153	0,875	1,183	0,939	1,116	0,088	0,964	0,091	0,988	0,091	0,953	0,090	0,983	0,089	1,036	0,091	1,002	0,089
7:48:04	37,0	0,843	1,154	1,067	1,111	1,144	1,147	1,073	1,157	1,111	1,183	1,164	1,239	0,985	1,155	0,813	1,132	0,819	1,062	1,095	1,056	0,941	1,154	0,748	1,164	1,085	1,092	0,972	1,018	1,108	0,813	1,071	0,976	1,114	1,003	1,218	1,048	0,766	1,118	0,697	1,093	0,657	0,938	0,643	0,832	0,720	0,844	0,829	1,209	0,971	0,880	0,968	0,813	0,985	0,786	0,983	0,773	1,001	0,879	1,110	1,002	1,132	0,813	1,099	0,735	1,078	0,767	1,058	0,825	1,145	0,862	1,123	1,061	1,183	0,959	1,169	0,952	1,218	0,913	1,166	0,889	1,197	0,950	1,129	0,089	0,979	0,091	1,001	0,091	0,968	0,090	0,994	0,089	1,049	0,091	1,016	0,090
7:58:04	37,0	0,854	1,161	1,081	1,119	1,151	1,155	1,096	1,169	1,115	1,187	1,172	1,240	0,993	1,168	0,825	1,145	0,832	1,075	1,100	1,068	0,952	1,166	0,758	1,173	1,091	1,101	0,980	1,027	1,117	0,830	1,080	0,987	1,126	1,017	1,226	1,061	0,776	1,116	0,706	1,093	0,667	0,946	0,658	0,837	0,730	0,847	0,842	1,210	0,977	0,886	0,976	0,816	0,993	0,790	0,989	0,779	1,008	0,882	1,115	1,006	1,144	0,815	1,108	0,736	1,093	0,772	1,066	0,833	1,158	0,863	1,137	1,067	1,196	0,969	1,182	0,963	1,230	0,926	1,178	0,904	1,209	0,959	1,140	0,089	0,991	0,091	1,011	0,091	0,980	0,091	1,004	0,089	1,058	0,091	1,026	0,090
8:08:04	37,0	0,868	1,173	1,096	1,133	1,157	1,170	1,102	1,180	1,125	1,196	1,181	1,252	1,007	1,182	0,837	1,156	0,843	1,088	1,110	1,080	0,966	1,177	0,774	1,183	1,104	1,117	0,991	1,041	1,128	0,837	1,090	0,999	1,126	1,032	1,238	1,079	0,786	1,117	0,711	1,091	0,680	0,950	0,673	0,840	0,737	0,849	0,853	1,205	0,985	0,891	0,987	0,821	1,001	0,793	1,000	0,785	1,017	0,885	1,123	1,014	1,152	0,819	1,122	0,739	1,106	0,779	1,082	0,836	1,168	0,865	1,148	1,074	1,205	0,982	1,194	0,975	1,239	0,939	1,188	0,921	1,221	0,969	1,151	0,088	1,003	0,091	1,021	0,091	0,991	0,091	1,017	0,089	1,070	0,091	1,037	0,089
8:18:04	37,0	0,878	1,179	1,108	1,145	1,165	1,179	1,113	1,194	1,132	1,204	1,192	1,256	1,019	1,196	0,852	1,168	0,855	1,102	1,121	1,092	0,980	1,185	0,789	1,192	1,110	1,133	1,000	1,055	1,138	0,853	1,101	1,011	1,141	1,049	1,247	1,094	0,796	1,117	0,720	1,090	0,692	0,957	0,689	0,844	0,748	0,852	0,866	1,204	0,994	0,898	0,999	0,826	1,009	0,799	1,011	0,793	1,026	0,892	1,132	1,024	1,165	0,824	1,137	0,747	1,120	0,787	1,089	0,844	1,180	0,874	1,160	1,086	1,215	0,994	1,206	0,986	1,250	0,953	1,199	0,935	1,232	0,980	1,166	0,088	1,013	0,091	1,031	0,091	1,004	0,090	1,028	0,089	1,083	0,091	1,051	0,090
8:28:04	37,0	0,889	1,189	1,119	1,156	1,170	1,192	1,139	1,198	1,137	1,212	1,197	1,260	1,030	1,207	0,862	1,181	0,865	1,114	1,126	1,104	0,989	1,199	0,803	1,202	1,121	1,136	1,009	1,071	1,146	0,866	1,112	1,025	1,153	1,062	1,257	1,107	0,806	1,119	0,729	1,088	0,704	0,963	0,704	0,847	0,755	0,854	0,875	1,202	1,000	0,902	1,010	0,829	1,016	0,803	1,018	0,798	1,035	0,897	1,137	1,031	1,176	0,830	1,146	0,750	1,134	0,795	1,101	0,850	1,190	0,878	1,171	1,093	1,224	1,006	1,215	0,999	1,261	0,963	1,210	0,948	1,243	0,989	1,174	0,089	1,023	0,091	1,041	0,091	1,015	0,090	1,037	0,089	1,093	0,091	1,062	0,090
8:38:04	37,0	0,898	1,197	1,128	1,163	1,176	1,201	1,133	1,208	1,144	1,219	1,203	1,266	1,038	1,217	0,871	1,188	0,874	1,124	1,132	1,117	0,998	1,208	0,816	1,210	1,128	1,146	1,016	1,083	1,155	0,877	1,120	1,035	1,161	1,075	1,266	1,119	0,817	1,121	0,737	1,085	0,717	0,968	0,715	0,849	0,768	0,856	0,889	1,194	1,007	0,907	1,017	0,834	1,023	0,805	1,023	0,803	1,041	0,901	1,141	1,040	1,185	0,834	1,156	0,751	1,144	0,799	1,115	0,854	1,199	0,875	1,178	1,098	1,232	1,015	1,224	1,012	1,267	0,974	1,221	0,962	1,253	0,996	1,183	0,089	1,032	0,091	1,052	0,091	1,023	0,091	1,045	0,089	1,102	0,091	1,071	0,090
8:48:04	37,0	0,906	1,202	1,141	1,172	1,182	1,209	1,142	1,216	1,150	1,224	1,210	1,271	1,047	1,227	0,884	1,198	0,884	1,135	1,138	1,128	1,006	1,215	0,825	1,219	1,136	1,154	1,024	1,097	1,164	0,894	1,129	1,045	1,167	1,086	1,272	1,129	0,827	1,125	0,745	1,083	0,727	0,972	0,728	0,850	0,776	0,858	0,903	1,194	1,013	0,912	1,025	0,836	1,030	0,808	1,030	0,807	1,047	0,906	1,148	1,046	1,195	0,837	1,167	0,756	1,156	0,805	1,121	0,861	1,210	0,881	1,188	1,105	1,241	1,024	1,234	1,021	1,276	0,985	1,231	0,974	1,261	1,006	1,192	0,089	1,042	0,091	1,056	0,091	1,033	0,091	1,054	0,089	1,112	0,091	1,082	0,090
8:58:04	37,0	0,918	1,213	1,152	1,180	1,190	1,219	1,165	1,224	1,159	1,232	1,218	1,279	1,056	1,236	0,894	1,208	0,895	1,145	1,146	1,137	1,017	1,226	0,837	1,227	1,147	1,163	1,032	1,109	1,174	0,904	1,140	1,055	1,177	1,100	1,280	1,135	0,839	1,128	0,752	1,081	0,736	0,978	0,742	0,853	0,786	0,860	0,916	1,195	1,021	0,919	1,033	0,841	1,037	0,812	1,036	0,811	1,055	0,912	1,156	1,057	1,205	0,843	1,176	0,763	1,168	0,813	1,131	0,868	1,217	0,888	1,199	1,116	1,248	1,038	1,241	1,032	1,284	0,997	1,242	0,986	1,270	1,015	1,202	0,088	1,054	0,091	1,067	0,091	1,043	0,090	1,066	0,089	1,121	0,091	1,092	0,089
9:08:04	37,0	0,925	1,219	1,159	1,190	1,197	1,229	1,159	1,233	1,161	1,238	1,226	1,283	1,062	1,247	0,905	1,217	0,904	1,155	1,152	1,146	1,024	1,231	0,846	1,235	1,154	1,171	1,039	1,122	1,182	0,917	1,149	1,065	1,187	1,112	1,289	1,145	0,849	1,132	0,761	1,080	0,748	0,984	0,758	0,856	0,796	0,862	0,931	1,196	1,028	0,924	1,039	0,846	1,042	0,814	1,041	0,819	1,060	0,919	1,161	1,066	1,215	0,847	1,185	0,769	1,179	0,817	1,142	0,873	1,226	0,889	1,209	1,122	1,256	1,047	1,250	1,042	1,289	1,007	1,250	0,998	1,279	1,023	1,209	0,089	1,062	0,091	1,074	0,091	1,055	0,091	1,073	0,089	1,129	0,091	1,100	0,090
9:18:04	37,0	0,933	1,225	1,166	1,199	1,205	1,237	1,171	1,237	1,169	1,246	1,231	1,288	1,069	1,255	0,915	1,226	0,914	1,164	1,155	1,155	1,029	1,237	0,856	1,242	1,161	1,182	1,046	1,130	1,189	0,929	1,157	1,074	1,196	1,123	1,295	1,154	0,861	1,137	0,768	1,079	0,756	0,989	0,769	0,858	0,805	0,863	0,943	1,197	1,035	0,929	1,045	0,851	1,048	0,819	1,046	0,822	1,063	0,924	1,167	1,071	1,224	0,852	1,196	0,773	1,189	0,822	1,153	0,878	1,236	0,896	1,216	1,129	1,264	1,058	1,256	1,051	1,297	1,015	1,257	1,010	1,287	1,031	1,218	0,089	1,068	0,091	1,082	0,091	1,062	0,091	1,082	0,089	1,137	0,091	1,109	0,090
9:28:04	37,0	0,939	1,229	1,175	1,203	1,211	1,244	1,188	1,250	1,168	1,249	1,236	1,290	1,073	1,263	0,924	1,233	0,921	1,173	1,161	1,162	1,034	1,249	0,863	1,248	1,166	1,188	1,051	1,139	1,196	0,943	1,164	1,082	1,200	1,131	1,301	1,164	0,871	1,141	0,777	1,077	0,768	0,994	0,778	0,859	0,816	0,865	0,953	1,198	1,041	0,933	1,051	0,855	1,050	0,822	1,050	0,825	1,069	0,928	1,171	1,076	1,231	0,855	1,202	0,777	1,196	0,826	1,157	0,881	1,242	0,898	1,226	1,134	1,269	1,065	1,261	1,055	1,302	1,022	1,264	1,019	1,292	1,038	1,224	0,088	1,076	0,091	1,088	0,091	1,070	0,090	1,087	0,089	1,145	0,091	1,117	0,089
9:38:04	37,0	0,948	1,237	1,178	1,211	1,216	1,250	1,191	1,248	1,175	1,256	1,240	1,294	1,079	1,271	0,933	1,241	0,932	1,182	1,165	1,171	1,042	1,252	0,872	1,254	1,174	1,192	1,058	1,149	1,202	0,957	1,173	1,091	1,208	1,138	1,310	1,172	0,883	1,145	0,785	1,076	0,777	0,999	0,787	0,862	0,830	0,870	0,964	1,202	1,047	0,938	1,057	0,861	1,055	0,828	1,056	0,832	1,075	0,934	1,176	1,082	1,239	0,861	1,210	0,781	1,206	0,832	1,163	0,886	1,248	0,902	1,234	1,141	1,277	1,073	1,268	1,066	1,307	1,030	1,269	1,030	1,299	1,046	1,230	0,089	1,084	0,091	1,095	0,091	1,078	0,090	1,096	0,089	1,151	0,091	1,125	0,090
9:48:04	37,0	0,953	1,241	1,188	1,214	1,220	1,256	1,188	1,261	1,177	1,262	1,244	1,298	1,086	1,279	0,940	1,246	0,939	1,191	1,171	1,178	1,045	1,260	0,881	1,260	1,181	1,200	1,063	1,158	1,209	0,968	1,178	1,099	1,218	1,146	1,314	1,180	0,891	1,146	0,791	1,075	0,783	1,005	0,797	0,864	0,836	0,875	0,967	1,206	1,051	0,942	1,061	0,864	1,058	0,830	1,058	0,836	1,075	0,938	1,181	1,085	1,246	0,863	1,217	0,784	1,215	0,834	1,172	0,891	1,256	0,904	1,238	1,145	1,283	1,081	1,275	1,071	1,314	1,036	1,277	1,039	1,305	1,051	1,236	0,089	1,089	0,091	1,101	0,091	1,084	0,091	1,101	0,089	1,156	0,091	1,132	0,090
9:58:04	37,0	0,958	1,244	1,185	1,220	1,227	1,259	1,191	1,267	1,181	1,265	1,249	1,301	1,090	1,286	0,949	1,255	0,948	1,198	1,175	1,184	1,048	1,269	0,886	1,266	1,185	1,205	1,068	1,160	1,213	0,979	1,186	1,107	1,224	1,153	1,319	1,186	0,901	1,145	0,797	1,076	0,790	1,010	0,804	0,866	0,847	0,881	0,974	1,208	1,053	0,945	1,065	0,867	1,061	0,834	1,061	0,838	1,081	0,940	1,185	1,089	1,251	0,865	1,225	0,786	1,222	0,839	1,181	0,895	1,262	0,906	1,246	1,152	1,286	1,087	1,280	1,078	1,317	1,043	1,281	1,047	1,310	1,058	1,242	0,088	1,095	0,091	1,106	0,091	1,092	0,090	1,106	0,089	1,163	0,091	1,139	0,089
10:08:04	37,0	0,966	1,249	1,192	1,225	1,232	1,267	1,196	1,270	1,184	1,272	1,253	1,304	1,097	1,292	0,958	1,260	0,956	1,204	1,177	1,192	1,053	1,273	0,892	1,273	1,191	1,210	1,073	1,173	1,220	0,991	1,192	1,111	1,229	1,160	1,324	1,196	0,910	1,145	0,803	1,076	0,796	1,012	0,812	0,868	0,856	0,889	0,979	1,214	1,057	0,949	1,071	0,871	1,064	0,837	1,065	0,841	1,086	0,945	1,188	1,093	1,259	0,869	1,232	0,791	1,232	0,843	1,185	0,900	1,268	0,911	1,255	1,156	1,292	1,096	1,285	1,087	1,322	1,048	1,284	1,056	1,315	1,065	1,247	0,088	1,100	0,091	1,114	0,091	1,099	0,090	1,113	0,089	1,169	0,091	1,147	0,089
10:18:04	37,0	0,973	1,256	1,197	1,229	1,235	1,272	1,206	1,273	1,188	1,275	1,257	1,311	1,098	1,301	0,965	1,266	0,965	1,211	1,181	1,198	1,056	1,276	0,901	1,277	1,198	1,218	1,077	1,179	1,226	1,002	1,198	1,118	1,236	1,168	1,330	1,203	0,915	1,145	0,811	1,076	0,800	1,014	0,817	0,870	0,867	0,898	0,985	1,217	1,060	0,954	1,075	0,873	1,068	0,840	1,070	0,845	1,088	0,948	1,193	1,097	1,266	0,871	1,238	0,792	1,236	0,845	1,191	0,905	1,275	0,914	1,259	1,163	1,297	1,102	1,288	1,092	1,326	1,054	1,290	1,064	1,320	1,072	1,252	0,089	1,106	0,091	1,121	0,091	1,106	0,091	1,119	0,089	1,174	0,091	1,153	0,090
10:28:04	37,0	0,977	1,260	1,199	1,237	1,239	1,278	1,211	1,279	1,191	1,276	1,260	1,310	1,102	1,306	0,970	1,272	0,972	1,218	1,183	1,204	1,059	1,282	0,907	1,281	1,203	1,218	1,082	1,187	1,230	1,012	1,203	1,122	1,243	1,174	1,333	1,208	0,920	1,146	0,819	1,078	0,803	1,015	0,822	0,873	0,873	0,907	0,988	1,217	1,062	0,959	1,079	0,876	1,071	0,843	1,074	0,850	1,090	0,951	1,197	1,099	1,271	0,874	1,246	0,796	1,245	0,849	1,195	0,908	1,279	0,915	1,264	1,168	1,301	1,107	1,293	1,097	1,331	1,059	1,295	1,069	1,324	1,077	1,255	0,088	1,110	0,091	1,123	0,091	1,112	0,091	1,124	0,089	1,178	0,091	1,159	0,090
10:38:04	37,0	0,983	1,262	1,203	1,239	1,241	1,282	1,212	1,282	1,194	1,284	1,264	1,314	1,105	1,310	0,975	1,277	0,978	1,222	1,185	1,210	1,060	1,292	0,912	1,287	1,205	1,225	1,085	1,194	1,234	1,020	1,207	1,125	1,250	1,180	1,335	1,213	0,922	1,145	0,823	1,080	0,805	1,018	0,826	0,874	0,880	0,916	0,992	1,216	1,063	0,962	1,082	0,878	1,072	0,846	1,075	0,852	1,094	0,952	1,200	1,098	1,276	0,877	1,251	0,799	1,251	0,852	1,209	0,908	1,283	0,915	1,271	1,171	1,304	1,110	1,294	1,103	1,333	1,062	1,298	1,075	1,331	1,081	1,259	0,089	1,114	0,091	1,128	0,091	1,116	0,091	1,125	0,089	1,181	0,091	1,163	0,090
10:48:04	37,0	0,990	1,267	1,210	1,242	1,245	1,288	1,223	1,285	1,199	1,285	1,268	1,319	1,109	1,315	0,981	1,282	0,984	1,230	1,190	1,215	1,067	1,297	0,922	1,291	1,212	1,230	1,089	1,201	1,242	1,027	1,215	1,132	1,252	1,187	1,340	1,219	0,927	1,145	0,832	1,082	0,808	1,019	0,832	0,877	0,887	0,926	0,997	1,218	1,066	0,968	1,087	0,882	1,077	0,849	1,081	0,855	1,097	0,960	1,204	1,103	1,281	0,880	1,258	0,804	1,257	0,856	1,206	0,914	1,288	0,921	1,276	1,179	1,309	1,116	1,300	1,107	1,336	1,069	1,304	1,081	1,332	1,089	1,263	0,089	1,120	0,091	1,135	0,091	1,124	0,090	1,131	0,089	1,187	0,091	1,171	0,090
10:58:04	37,0	0,995	1,271	1,213	1,244	1,249	1,293	1,229	1,290	1,201	1,288	1,272	1,321	1,115	1,321	0,986	1,286	0,989	1,235	1,192	1,220	1,071	1,297	0,930	1,295	1,217	1,234	1,093	1,208	1,246	1,040	1,221	1,136	1,260	1,193	1,344	1,222	0,931	1,145	0,835	1,086	0,812	1,023	0,835	0,881	0,893	0,936	1,002	1,219	1,070	0,972	1,091	0,887	1,079	0,852	1,084	0,859	1,101	0,962	1,210	1,108	1,288	0,883	1,265	0,806	1,262	0,859	1,212	0,918	1,292	0,921	1,281	1,184	1,313	1,124	1,305	1,114	1,341	1,076	1,309	1,089	1,340	1,095	1,268	0,089	1,125	0,091	1,142	0,091	1,130	0,091	1,138	0,089	1,191	0,091	1,177	0,090
11:08:04	37,0	1,000	1,278	1,218	1,254	1,255	1,304	1,239	1,292	1,207	1,293	1,277	1,324	1,121	1,326	0,989	1,290	0,996	1,240	1,196	1,225	1,075	1,299	0,939	1,300	1,225	1,233	1,099	1,214	1,250	1,045	1,228	1,139	1,267	1,199	1,350	1,227	0,936	1,147	0,842	1,090	0,815	1,023	0,838	0,884	0,898	0,947	1,004	1,223	1,073	0,978	1,097	0,888	1,084	0,857	1,090	0,863	1,107	0,969	1,216	1,116	1,294	0,889	1,271	0,812	1,270	0,863	1,216	0,923	1,297	0,929	1,289	1,189	1,318	1,132	1,310	1,121	1,347	1,083	1,314	1,097	1,343	1,103	1,274	0,089	1,131	0,091	1,149	0,091	1,140	0,091	1,145	0,089	1,199	0,091	1,187	0,090
11:18:04	37,0	1,005	1,280	1,222	1,254	1,255	1,304	1,236	1,299	1,208	1,296	1,278	1,324	1,121	1,331	0,991	1,296	0,998	1,243	1,197	1,232	1,075	1,302	0,945	1,302	1,227	1,233	1,102	1,221	1,253	1,051	1,232	1,143	1,271	1,204	1,347	1,229	0,939	1,145	0,844	1,091	0,816	1,025	0,843	0,887	0,900	0,953	1,005	1,219	1,072	0,982	1,099	0,890	1,084	0,861	1,090	0,867	1,106	0,973	1,217	1,114	1,298	0,892	1,274	0,813	1,275	0,866	1,222	0,926	1,301	0,931	1,292	1,192	1,320	1,135	1,310	1,125	1,349	1,087	1,315	1,100	1,348	1,106	1,278	0,089	1,134	0,091	1,150	0,091	1,139	0,091	1,146	0,089	1,200	0,091	1,187	0,090
11:28:04	37,0	1,009	1,282	1,224	1,257	1,257	1,307	1,236	1,300	1,210	1,300	1,278	1,326	1,122	1,333	0,994	1,300	0,999	1,250	1,199	1,233	1,075	1,317	0,945	1,306	1,229	1,236	1,103	1,227	1,257	1,058	1,234	1,144	1,272	1,207	1,346	1,232	0,941	1,143	0,844	1,094	0,820	1,025	0,847	0,890	0,905	0,960	1,010	1,216	1,072	0,988	1,103	0,891	1,085	0,860	1,092	0,869	1,111	0,976	1,220	1,113	1,301	0,893	1,278	0,815	1,280	0,865	1,226	0,926	1,305	0,928	1,297	1,196	1,324	1,139	1,312	1,128	1,352	1,090	1,317	1,103	1,352	1,108	1,280	0,089	1,136	0,091	1,155	0,091	1,143	0,091	1,147	0,089	1,203	0,091	1,190	0,090
11:38:04	37,0	1,014	1,283	1,225	1,253	1,259	1,311	1,237	1,302	1,212	1,306	1,279	1,329	1,123	1,334	0,999	1,301	1,001	1,253	1,200	1,236	1,076	1,316	0,949	1,310	1,234	1,238	1,104	1,233	1,260	1,068	1,236	1,144	1,277	1,211	1,347	1,236	0,944	1,142	0,848	1,093	0,821	1,028	0,848	0,891	0,908	0,965	1,010	1,213	1,072	0,991	1,105	0,892	1,087	0,862	1,093	0,871	1,110	0,976	1,220	1,112	1,305	0,894	1,282	0,817	1,285	0,867	1,232	0,927	1,308	0,932	1,299	1,197	1,327	1,138	1,317	1,130	1,354	1,092	1,318	1,106	1,354	1,112	1,282	0,089	1,139	0,091	1,156	0,091	1,145	0,091	1,148	0,089	1,204	0,091	1,193	0,090
11:48:04	36,9	1,018	1,283	1,228	1,256	1,260	1,315	1,236	1,303	1,210	1,304	1,279	1,330	1,124	1,337	0,999	1,308	1,004	1,256	1,198	1,240	1,077	1,324	0,953	1,309	1,236	1,240	1,106	1,240	1,260	1,075	1,240	1,149	1,276	1,216	1,345	1,241	0,946	1,141	0,848	1,093	0,821	1,030	0,850	0,894	0,911	0,972	1,013	1,212	1,074	0,995	1,108	0,894	1,088	0,867	1,095	0,876	1,114	0,978	1,224	1,112	1,306	0,896	1,286	0,822	1,288	0,870	1,236	0,930	1,311	0,934	1,306	1,200	1,327	1,144	1,315	1,137	1,355	1,095	1,320	1,109	1,355	1,116	1,286	0,089	1,141	0,091	1,160	0,091	1,150	0,091	1,151	0,089	1,207	0,091	1,196	0,090
11:58:04	37,0	1,020	1,287	1,226	1,255	1,257	1,313	1,234	1,300	1,210	1,302	1,276	1,331	1,126	1,339	0,999	1,308	1,004	1,259	1,193	1,243	1,076	1,321	0,949	1,307	1,239	1,243	1,104	1,242	1,262	1,083	1,240	1,149	1,279	1,219	1,345	1,243	0,948	1,141	0,852	1,090	0,823	1,029	0,850	0,895	0,912	0,974	1,016	1,209	1,071	0,998	1,109	0,896	1,087	0,865	1,093	0,877	1,116	0,976	1,224	1,106	1,306	0,897	1,289	0,819	1,294	0,870	1,246	0,930	1,312	0,931	1,307	1,202	1,329	1,142	1,318	1,139	1,356	1,094	1,317	1,109	1,356	1,118	1,287	0,089	1,142	0,091	1,165	0,091	1,150	0,091	1,148	0,089	1,207	0,091	1,195	0,090
12:08:04	37,0	1,025	1,288	1,229	1,258	1,262	1,321	1,239	1,307	1,213	1,307	1,279	1,332	1,125	1,342	1,000	1,312	1,007	1,262	1,196	1,245	1,077	1,330	0,953	1,310	1,243	1,245	1,108	1,245	1,267	1,092	1,245	1,150	1,285	1,224	1,346	1,248	0,951	1,141	0,850	1,090	0,825	1,030	0,854	0,895	0,914	0,978	1,018	1,208	1,072	1,002	1,113	0,899	1,090	0,868	1,098	0,877	1,117	0,974	1,228	1,110	1,314	0,897	1,293	0,822	1,295	0,871	1,244	0,932	1,317	0,931	1,311	1,206	1,332	1,149	1,317	1,140	1,361	1,100	1,323	1,113	1,360	1,126	1,289	0,089	1,149	0,091	1,166	0,091	1,155	0,091	1,155	0,089	1,208	0,091	1,201	0,090
12:18:04	37,0	1,031	1,291	1,234	1,260	1,265	1,321	1,245	1,310	1,218	1,311	1,282	1,335	1,130	1,343	1,004	1,315	1,009	1,265	1,199	1,250	1,081	1,334	0,956	1,315	1,249	1,251	1,112	1,248	1,272	1,098	1,249	1,152	1,294	1,228	1,347	1,251	0,953	1,139	0,852	1,088	0,824	1,031	0,856	0,896	0,914	0,981	1,020	1,208	1,074	1,006	1,116	0,900	1,093	0,871	1,102	0,880	1,118	0,974	1,231	1,112	1,319	0,901	1,295	0,824	1,300	0,874	1,247	0,933	1,320	0,932	1,313	1,211	1,338	1,151	1,323	1,147	1,364	1,105	1,325	1,116	1,363	1,131	1,292	0,089	1,152	0,091	1,170	0,091	1,161	0,091	1,159	0,089	1,210	0,091	1,207	0,090
12:28:04	37,0	1,033	1,295	1,232	1,262	1,264	1,324	1,243	1,308	1,218	1,312	1,282	1,335	1,131	1,346	1,005	1,315	1,010	1,267	1,199	1,252	1,080	1,333	0,957	1,315	1,249	1,251	1,113	1,252	1,273	1,102	1,251	1,152	1,291	1,230	1,342	1,250	0,955	1,139	0,852	1,087	0,825	1,029	0,857	0,895	0,915	0,982	1,021	1,206	1,073	1,007	1,119	0,904	1,095	0,872	1,102	0,883	1,119	0,969	1,233	1,110	1,321	0,903	1,298	0,825	1,304	0,873	1,251	0,936	1,322	0,933	1,316	1,214	1,338	1,154	1,323	1,149	1,367	1,108	1,328	1,119	1,365	1,135	1,293	0,089	1,155	0,091	1,174	0,091	1,163	0,091	1,160	0,089	1,211	0,091	1,209	0,090
12:38:04	37,0	1,036	1,295	1,235	1,264	1,266	1,327	1,246	1,311	1,221	1,312	1,282	1,335	1,132	1,347	1,005	1,320	1,012	1,269	1,202	1,254	1,081	1,339	0,960	1,318	1,252	1,255	1,116	1,255	1,277	1,109	1,256	1,155	1,298	1,233	1,341	1,251	0,957	1,138	0,851	1,087	0,827	1,028	0,858	0,896	0,918	0,985	1,023	1,207	1,075	1,009	1,123	0,906	1,096	0,876	1,106	0,886	1,125	0,971	1,238	1,113	1,322	0,906	1,303	0,829	1,305	0,873	1,252	0,938	1,324	0,935	1,318	1,219	1,341	1,159	1,323	1,157	1,368	1,114	1,331	1,124	1,368	1,141	1,296	0,089	1,159	0,092	1,179	0,091	1,167	0,091	1,167	0,089	1,211	0,091	1,214	0,090
12:48:04	37,0	1,039	1,296	1,234	1,262	1,263	1,320	1,236	1,306	1,216	1,309	1,275	1,335	1,132	1,349	1,002	1,319	1,009	1,270	1,194	1,254	1,077	1,336	0,957	1,315	1,258	1,255	1,112	1,256	1,274	1,113	1,253	1,155	1,294	1,236	1,341	1,249	0,957	1,135	0,851	1,084	0,824	1,028	0,857	0,894	0,917	0,985	1,024	1,202	1,070	1,007	1,118	0,907	1,095	0,877	1,102	0,887	1,119	0,970	1,236	1,104	1,320	0,905	1,303	0,830	1,307	0,875	1,254	0,939	1,325	0,933	1,319	1,216	1,339	1,156	1,327	1,157	1,370	1,110	1,329	1,123	1,366	1,142	1,298	0,089	1,157	0,091	1,179	0,091	1,165	0,091	1,164	0,089	1,209	0,091	1,211	0,090
12:58:04	37,0	1,041	1,299	1,234	1,267	1,264	1,323	1,238	1,307	1,216	1,312	1,276	1,333	1,131	1,351	1,002	1,321	1,011	1,272	1,197	1,257	1,079	1,334	0,958	1,317	1,259	1,258	1,113	1,262	1,276	1,118	1,255	1,154	1,294	1,238	1,343	1,249	0,959	1,133	0,850	1,082	0,826	1,028	0,859	0,894	0,916	0,985	1,025	1,201	1,072	1,008	1,124	0,908	1,097	0,881	1,106	0,892	1,124	0,968	1,241	1,106	1,325	0,908	1,304	0,829	1,311	0,876	1,260	0,941	1,327	0,934	1,322	1,221	1,343	1,159	1,328	1,161	1,371	1,113	1,325	1,125	1,369	1,147	1,298	0,089	1,160	0,091	1,183	0,091	1,168	0,091	1,167	0,089	1,208	0,091	1,213	0,090
13:08:04	37,0	1,043	1,298	1,234	1,265	1,263	1,324	1,234	1,303	1,216	1,313	1,274	1,332	1,131	1,348	0,999	1,321	1,011	1,274	1,196	1,256	1,078	1,334	0,958	1,316	1,261	1,258	1,113	1,262	1,277	1,125	1,256	1,154	1,297	1,241	1,340	1,249	0,960	1,131	0,851	1,080	0,825	1,026	0,860	0,893	0,917	0,986	1,025	1,196	1,070	1,005	1,126	0,909	1,098	0,882	1,106	0,892	1,127	0,964	1,242	1,103	1,325	0,910	1,308	0,832	1,312	0,878	1,263	0,944	1,327	0,934	1,323	1,220	1,343	1,159	1,329	1,162	1,372	1,114	1,329	1,128	1,373	1,150	1,299	0,089	1,162	0,091	1,185	0,091	1,170	0,091	1,165	0,089	1,204	0,091	1,212	0,090
13:18:04	37,0	1,045	1,299	1,234	1,267	1,261	1,321	1,228	1,306	1,214	1,311	1,273	1,331	1,131	1,348	1,000	1,321	1,008	1,275	1,192	1,256	1,078	1,335	0,957	1,317	1,258	1,259	1,112	1,264	1,277	1,132	1,256	1,155	1,296	1,243	1,336	1,250	0,960	1,128	0,848	1,078	0,825	1,026	0,860	0,892	0,916	0,986	1,024	1,190	1,066	1,005	1,125	0,908	1,097	0,885	1,104	0,892	1,123	0,962	1,244	1,100	1,323	0,911	1,307	0,833	1,317	0,878	1,264	0,946	1,327	0,933	1,326	1,224	1,345	1,159	1,329	1,166	1,371	1,117	1,330	1,128	1,372	1,151	1,300	0,089	1,160	0,091	1,184	0,091	1,172	0,091	1,167	0,089	1,203	0,091	1,213	0,090
13:28:04	37,0	1,047	1,300	1,236	1,272	1,263	1,324	1,233	1,305	1,215	1,313	1,274	1,330	1,130	1,352	0,999	1,322	1,012	1,276	1,196	1,258	1,079	1,335	0,963	1,319	1,264	1,259	1,114	1,266	1,280	1,137	1,260	1,156	1,298	1,246	1,335	1,251	0,961	1,126	0,848	1,077	0,825	1,026	0,863	0,892	0,917	0,987	1,022	1,190	1,067	1,003	1,131	0,909	1,099	0,888	1,110	0,897	1,125	0,963	1,247	1,101	1,327	0,914	1,310	0,837	1,317	0,881	1,265	0,951	1,331	0,934	1,330	1,224	1,348	1,164	1,332	1,169	1,375	1,122	1,330	1,133	1,375	1,158	1,302	0,089	1,162	0,092	1,188	0,091	1,177	0,091	1,171	0,090	1,204	0,091	1,215	0,090
13:38:04	37,0	1,049	1,302	1,235	1,274	1,265	1,325	1,236	1,309	1,217	1,314	1,274	1,330	1,131	1,352	1,003	1,323	1,014	1,277	1,200	1,261	1,080	1,337	0,966	1,320	1,266	1,258	1,116	1,266	1,282	1,143	1,264	1,157	1,300	1,248	1,335	1,251	0,961	1,124	0,848	1,077	0,824	1,028	0,865	0,892	0,918	0,988	1,022	1,189	1,070	1,003	1,135	0,911	1,101	0,889	1,111	0,902	1,132	0,962	1,249	1,103	1,331	0,917	1,312	0,838	1,321	0,882	1,266	0,953	1,330	0,938	1,332	1,231	1,349	1,168	1,334	1,172	1,379	1,127	1,330	1,137	1,378	1,165	1,304	0,089	1,164	0,091	1,192	0,091	1,181	0,091	1,172	0,089	1,204	0,091	1,219	0,090
13:48:04	37,0	1,051	1,302	1,236	1,276	1,264	1,327	1,234	1,308	1,216	1,314	1,274	1,331	1,132	1,352	1,000	1,326	1,013	1,279	1,199	1,264	1,080	1,339	0,966	1,319	1,268	1,256	1,117	1,266	1,283	1,145	1,266	1,158	1,304	1,248	1,335	1,250	0,961	1,122	0,845	1,075	0,824	1,027	0,866	0,892	0,919	0,989	1,023	1,186	1,071	1,004	1,137	0,908	1,101	0,890	1,113	0,902	1,131	0,962	1,253	1,104	1,334	0,918	1,313	0,840	1,320	0,885	1,272	0,955	1,331	0,937	1,330	1,233	1,351	1,170	1,334	1,175	1,381	1,130	1,331	1,139	1,380	1,168	1,303	0,089	1,165	0,091	1,194	0,091	1,183	0,091	1,175	0,089	1,202	0,091	1,219	0,090
13:58:04	37,0	1,053	1,304	1,235	1,277	1,262	1,326	1,233	1,308	1,215	1,315	1,272	1,330	1,133	1,353	0,999	1,326	1,014	1,280	1,198	1,266	1,081	1,339	0,966	1,321	1,271	1,254	1,118	1,263	1,284	1,148	1,268	1,159	1,306	1,248	1,331	1,250	0,961	1,119	0,845	1,073	0,823	1,027	0,865	0,890	0,917	0,989	1,020	1,183	1,069	1,002	1,138	0,908	1,102	0,889	1,114	0,903	1,131	0,960	1,254	1,102	1,332	0,918	1,314	0,838	1,324	0,886	1,273	0,958	1,335	0,938	1,331	1,232	1,350	1,172	1,336	1,177	1,381	1,133	1,334	1,142	1,380	1,170	1,304	0,089	1,167	0,092	1,194	0,091	1,185	0,091	1,175	0,090	1,202	0,091	1,220	0,090
14:08:04	37,0	1,055	1,305	1,236	1,280	1,264	1,330	1,237	1,311	1,216	1,317	1,276	1,331	1,134	1,357	0,999	1,327	1,016	1,281	1,201	1,266	1,082	1,341	0,967	1,320	1,274	1,252	1,118	1,263	1,286	1,149	1,270	1,158	1,308	1,247	1,329	1,251	0,962	1,118	0,843	1,071	0,823	1,024	0,865	0,889	0,917	0,989	1,020	1,181	1,071	1,002	1,141	0,908	1,101	0,889	1,116	0,901	1,135	0,958	1,256	1,103	1,335	0,920	1,314	0,843	1,323	0,884	1,278	0,959	1,335	0,938	1,332	1,237	1,354	1,175	1,334	1,181	1,383	1,137	1,332	1,145	1,380	1,174	1,304	0,089	1,168	0,092	1,198	0,091	1,188	0,091	1,179	0,089	1,204	0,091	1,223	0,090
14:18:04	37,0	1,056	1,306	1,236	1,280	1,264	1,332	1,237	1,311	1,217	1,315	1,276	1,332	1,131	1,355	0,999	1,328	1,015	1,282	1,200	1,266	1,081	1,343	0,966	1,320	1,274	1,251	1,121	1,261	1,287	1,149	1,271	1,157	1,309	1,245	1,329	1,250	0,962	1,117	0,842	1,071	0,822	1,024	0,866	0,887	0,916	0,990	1,018	1,181	1,072	1,001	1,142	0,904	1,103	0,886	1,118	0,900	1,136	0,956	1,259	1,103	1,337	0,919	1,313	0,845	1,326	0,886	1,279	0,958	1,332	0,937	1,332	1,241	1,355	1,178	1,334	1,184	1,383	1,141	1,334	1,148	1,381	1,177	1,304	0,089	1,170	0,091	1,200	0,091	1,190	0,091	1,179	0,090	1,205	0,091	1,225	0,090
14:28:04	37,0	1,057	1,310	1,235	1,282	1,265	1,330	1,239	1,314	1,219	1,317	1,277	1,333	1,132	1,357	1,000	1,329	1,016	1,283	1,202	1,268	1,082	1,341	0,970	1,321	1,275	1,249	1,122	1,260	1,289	1,152	1,273	1,157	1,310	1,246	1,325	1,249	0,962	1,116	0,839	1,070	0,822	1,024	0,867	0,886	0,916	0,991	1,016	1,179	1,073	1,000	1,146	0,907	1,104	0,886	1,121	0,901	1,137	0,955	1,261	1,104	1,337	0,919	1,315	0,844	1,327	0,885	1,279	0,960	1,333	0,943	1,333	1,242	1,355	1,181	1,338	1,187	1,385	1,146	1,334	1,152	1,383	1,182	1,306	0,089	1,171	0,092	1,200	0,091	1,194	0,091	1,183	0,090	1,208	0,091	1,228	0,090
14:38:04	37,0	1,059	1,310	1,234	1,282	1,263	1,329	1,238	1,313	1,217	1,317	1,276	1,334	1,133	1,357	0,999	1,330	1,016	1,282	1,201	1,267	1,081	1,345	0,968	1,323	1,274	1,246	1,122	1,259	1,290	1,149	1,273	1,158	1,309	1,244	1,323	1,249	0,962	1,113	0,837	1,068	0,820	1,023	0,866	0,885	0,917	0,990	1,018	1,177	1,073	0,999	1,148	0,904	1,104	0,885	1,121	0,899	1,135	0,951	1,264	1,103	1,340	0,920	1,315	0,844	1,326	0,886	1,278	0,963	1,333	0,941	1,332	1,243	1,357	1,183	1,337	1,189	1,386	1,148	1,334	1,154	1,384	1,184	1,306	0,089	1,171	0,091	1,201	0,091	1,196	0,091	1,182	0,090	1,208	0,091	1,228	0,090
14:48:04	37,0	1,059	1,310	1,232	1,282	1,266	1,329	1,244	1,313	1,219	1,319	1,276	1,335	1,133	1,359	1,002	1,334	1,017	1,284	1,204	1,270	1,082	1,347	0,971	1,326	1,276	1,244	1,124	1,256	1,291	1,147	1,276	1,158	1,314	1,244	1,322	1,249	0,963	1,114	0,836	1,068	0,819	1,021	0,867	0,883	0,915	0,991	1,016	1,176	1,075	0,998	1,150	0,904	1,104	0,883	1,124	0,897	1,133	0,949	1,266	1,107	1,338	0,920	1,316	0,845	1,329	0,885	1,278	0,964	1,336	0,943	1,333	1,245	1,357	1,186	1,337	1,193	1,387	1,154	1,336	1,159	1,387	1,188	1,306	0,089	1,172	0,091	1,202	0,091	1,198	0,091	1,186	0,089	1,210	0,091	1,232	0,090
14:58:04	37,0	1,059	1,311	1,234	1,286	1,267	1,336	1,248	1,316	1,220	1,320	1,279	1,336	1,135	1,361	1,002	1,333	1,017	1,285	1,204	1,272	1,084	1,348	0,972	1,327	1,278	1,242	1,126	1,255	1,294	1,148	1,277	1,159	1,317	1,244	1,320	1,249	0,964	1,113	0,837	1,068	0,820	1,021	0,868	0,883	0,914	0,991	1,016	1,176	1,075	0,998	1,152	0,904	1,104	0,883	1,126	0,898	1,137	0,947	1,268	1,107	1,340	0,922	1,317	0,849	1,329	0,886	1,278	0,966	1,334	0,946	1,334	1,249	1,356	1,190	1,337	1,197	1,388	1,159	1,335	1,162	1,388	1,191	1,307	0,089	1,174	0,091	1,204	0,091	1,202	0,091	1,186	0,090	1,212	0,091	1,234	0,090
15:08:04	37,0	1,060	1,312	1,233	1,286	1,265	1,332	1,243	1,314	1,219	1,319	1,277	1,336	1,133	1,358	1,004	1,333	1,016	1,285	1,202	1,271	1,084	1,349	0,972	1,325	1,279	1,239	1,125	1,252	1,293	1,150	1,276	1,160	1,313	1,242	1,317	1,247	0,963	1,110	0,834	1,066	0,819	1,019	0,866	0,883	0,913	0,991	1,015	1,173	1,072	0,995	1,154	0,901	1,104	0,882	1,127	0,896	1,136	0,946	1,269	1,105	1,340	0,922	1,317	0,848	1,328	0,887	1,279	0,968	1,336	0,943	1,332	1,246	1,357	1,192	1,340	1,197	1,387	1,160	1,335	1,163	1,386	1,193	1,308	0,089	1,175	0,092	1,205	0,091	1,203	0,091	1,187	0,090	1,211	0,091	1,234	0,090
15:18:04	36,9	1,060	1,313	1,231	1,285	1,264	1,330	1,244	1,313	1,218	1,321	1,276	1,337	1,131	1,360	1,004	1,334	1,018	1,284	1,203	1,274	1,085	1,347	0,977	1,328	1,279	1,236	1,124	1,250	1,294	1,149	1,277	1,159	1,313	1,241	1,315	1,247	0,966	1,110	0,830	1,065	0,817	1,018	0,867	0,882	0,913	0,991	1,011	1,172	1,072	0,995	1,155	0,901	1,103	0,880	1,129	0,895	1,138	0,945	1,270	1,106	1,338	0,923	1,316	0,850	1,329	0,888	1,278	0,968	1,336	0,945	1,333	1,250	1,355	1,196	1,334	1,200	1,390	1,165	1,333	1,166	1,383	1,196	1,308	0,089	1,176	0,091	1,204	0,091	1,204	0,091	1,188	0,089	1,209	0,091	1,236	0,090
15:28:04	37,0	1,061	1,312	1,231	1,288	1,264	1,333	1,245	1,315	1,217	1,322	1,276	1,336	1,133	1,361	1,002	1,335	1,017	1,286	1,201	1,275	1,084	1,352	0,975	1,330	1,281	1,233	1,125	1,248	1,294	1,149	1,276	1,160	1,313	1,241	1,312	1,247	0,967	1,109	0,831	1,064	0,816	1,022	0,868	0,881	0,911	0,991	1,013	1,170	1,070	0,993	1,157	0,897	1,104	0,879	1,130	0,892	1,136	0,941	1,273	1,104	1,337	0,922	1,316	0,849	1,328	0,886	1,278	0,972	1,336	0,946	1,331	1,250	1,356	1,199	1,335	1,204	1,389	1,167	1,334	1,168	1,386	1,198	1,308	0,089	1,177	0,092	1,205	0,091	1,207	0,091	1,189	0,090	1,211	0,091	1,236	0,090
15:38:04	37,0	1,060	1,315	1,231	1,290	1,263	1,332	1,247	1,318	1,218	1,322	1,276	1,336	1,135	1,363	1,004	1,334	1,017	1,286	1,203	1,276	1,086	1,346	0,978	1,331	1,280	1,231	1,125	1,244	1,295	1,149	1,278	1,160	1,314	1,240	1,311	1,246	0,966	1,106	0,827	1,063	0,816	1,019	0,866	0,881	0,910	0,991	1,011	1,169	1,070	0,993	1,159	0,895	1,104	0,877	1,131	0,892	1,137	0,939	1,275	1,105	1,338	0,923	1,316	0,850	1,327	0,885	1,277	0,971	1,335	0,946	1,330	1,253	1,357	1,202	1,332	1,207	1,389	1,170	1,332	1,171	1,385	1,200	1,310	0,089	1,177	0,091	1,207	0,091	1,209	0,091	1,191	0,090	1,211	0,091	1,240	0,090
15:48:04	37,0	1,061	1,314	1,231	1,289	1,264	1,334	1,245	1,317	1,218	1,322	1,276	1,337	1,133	1,364	1,004	1,338	1,017	1,288	1,204	1,277	1,086	1,347	0,980	1,332	1,284	1,227	1,125	1,240	1,294	1,150	1,278	1,161	1,314	1,238	1,308	1,249	0,966	1,105	0,825	1,061	0,813	1,018	0,867	0,880	0,909	0,993	1,010	1,169	1,070	0,990	1,160	0,893	1,102	0,875	1,134	0,889	1,138	0,936	1,276	1,104	1,339	0,924	1,314	0,855	1,327	0,886	1,277	0,971	1,337	0,946	1,332	1,253	1,355	1,206	1,332	1,207	1,389	1,175	1,332	1,173	1,385	1,201	1,308	0,089	1,179	0,092	1,207	0,091	1,210	0,091	1,191	0,090	1,213	0,091	1,240	0,090
15:58:04	37,0	1,060	1,313	1,230	1,290	1,264	1,334	1,246	1,316	1,220	1,323	1,275	1,339	1,133	1,367	1,003	1,337	1,018	1,288	1,202	1,277	1,086	1,350	0,982	1,333	1,282	1,227	1,125	1,237	1,296	1,147	1,278	1,160	1,318	1,238	1,308	1,247	0,967	1,105	0,822	1,061	0,813	1,018	0,867	0,881	0,908	0,993	1,008	1,169	1,068	0,989	1,162	0,893	1,102	0,874	1,134	0,888	1,139	0,935	1,276	1,105	1,337	0,922	1,313	0,855	1,327	0,887	1,276	0,973	1,337	0,946	1,328	1,253	1,354	1,207	1,328	1,210	1,389	1,177	1,331	1,175	1,383	1,204	1,310	0,089	1,177	0,092	1,207	0,091	1,212	0,091	1,191	0,090	1,214	0,091	1,240	0,090
16:08:04	36,9	1,060	1,313	1,230	1,292	1,263	1,333	1,245	1,316	1,218	1,323	1,273	1,340	1,132	1,366	1,002	1,337	1,018	1,288	1,202	1,278	1,086	1,352	0,982	1,332	1,284	1,224	1,124	1,233	1,295	1,144	1,278	1,161	1,316	1,236	1,302	1,247	0,966	1,103	0,821	1,061	0,812	1,014	0,867	0,880	0,907	0,993	1,009	1,167	1,066	0,987	1,161	0,890	1,102	0,872	1,135	0,885	1,139	0,932	1,277	1,103	1,337	0,922	1,312	0,855	1,325	0,886	1,276	0,973	1,335	0,947	1,328	1,256	1,353	1,210	1,331	1,212	1,389	1,180	1,329	1,179	1,384	1,206	1,312	0,089	1,179	0,092	1,208	0,091	1,212	0,091	1,190	0,090	1,214	0,091	1,242	0,090
16:18:04	37,0	1,060	1,312	1,228	1,291	1,262	1,329	1,243	1,318	1,216	1,323	1,272	1,339	1,129	1,365	0,999	1,336	1,017	1,289	1,200	1,277	1,085	1,354	0,978	1,332	1,282	1,223	1,123	1,229	1,294	1,141	1,276	1,160	1,314	1,234	1,272	1,245	0,966	1,102	0,816	1,059	0,811	1,010	0,867	0,880	0,906	0,993	1,008	1,165	1,064	0,985	1,164	0,886	1,100	0,868	1,133	0,881	1,136	0,929	1,277	1,100	1,336	0,924	1,310	0,854	1,323	0,886	1,275	0,974	1,335	0,946	1,328	1,252	1,353	1,210	1,328	1,213	1,387	1,181	1,329	1,180	1,383	1,206	1,309	0,089	1,179	0,091	1,207	0,091	1,212	0,091	1,191	0,089	1,213	0,091	1,240	0,090
16:28:04	37,0	1,060	1,313	1,227	1,290	1,257	1,331	1,234	1,317	1,214	1,322	1,268	1,337	1,129	1,365	0,997	1,336	1,016	1,287	1,196	1,278	1,085	1,353	0,977	1,330	1,284	1,223	1,121	1,226	1,291	1,140	1,275	1,160	1,310	1,233	1,255	1,244	0,963	1,100	0,815	1,058	0,809	1,007	0,866	0,878	0,904	0,992	1,007	1,163	1,060	0,983	1,162	0,882	1,099	0,864	1,131	0,877	1,135	0,926	1,278	1,096	1,331	0,924	1,308	0,853	1,322	0,884	1,273	0,976	1,334	0,944	1,327	1,249	1,354	1,210	1,333	1,213	1,386	1,180	1,324	1,180	1,382	1,206	1,308	0,089	1,176	0,091	1,206	0,091	1,211	0,091	1,188	0,090	1,210	0,091	1,238	0,090
16:38:04	37,0	1,059	1,313	1,227	1,291	1,260	1,331	1,236	1,315	1,214	1,322	1,271	1,338	1,128	1,365	1,000	1,337	1,016	1,288	1,197	1,278	1,085	1,356	0,978	1,331	1,283	1,222	1,122	1,222	1,292	1,143	1,275	1,161	1,313	1,234	1,251	1,246	0,964	1,098	0,812	1,057	0,809	1,007	0,865	0,878	0,904	0,992	1,006	1,163	1,061	0,980	1,165	0,881	1,098	0,863	1,135	0,877	1,138	0,924	1,280	1,097	1,334	0,924	1,307	0,855	1,320	0,885	1,272	0,974	1,335	0,945	1,326	1,252	1,352	1,211	1,325	1,214	1,384	1,184	1,326	1,183	1,382	1,209	1,309	0,089	1,176	0,091	1,208	0,091	1,212	0,091	1,190	0,090	1,212	0,091	1,240	0,090
16:48:04	37,0	1,059	1,312	1,224	1,290	1,256	1,331	1,230	1,317	1,213	1,320	1,267	1,337	1,126	1,365	1,001	1,337	1,016	1,288	1,193	1,275	1,083	1,353	0,976	1,331	1,284	1,221	1,120	1,218	1,290	1,143	1,273	1,161	1,310	1,232	1,248	1,245	0,962	1,097	0,811	1,056	0,806	1,006	0,863	0,877	0,903	0,991	1,006	1,161	1,059	0,977	1,163	0,878	1,097	0,859	1,134	0,872	1,134	0,921	1,279	1,093	1,329	0,924	1,304	0,854	1,318	0,884	1,271	0,975	1,331	0,946	1,324	1,249	1,351	1,212	1,328	1,215	1,385	1,185	1,322	1,184	1,378	1,208	1,308	0,089	1,175	0,091	1,206	0,091	1,210	0,091	1,186	0,090	1,209	0,091	1,236	0,090
16:58:04	37,0	1,058	1,311	1,227	1,290	1,258	1,332	1,237	1,317	1,215	1,320	1,269	1,337	1,127	1,365	1,003	1,339	1,018	1,290	1,198	1,276	1,086	1,351	0,983	1,332	1,284	1,220	1,122	1,213	1,293	1,142	1,276	1,162	1,312	1,234	1,246	1,246	0,963	1,095	0,804	1,056	0,807	1,008	0,864	0,878	0,901	0,991	1,000	1,162	1,058	0,975	1,166	0,876	1,097	0,860	1,136	0,871	1,137	0,919	1,280	1,096	1,331	0,924	1,306	0,859	1,319	0,885	1,271	0,978	1,330	0,948	1,322	1,252	1,351	1,216	1,322	1,220	1,385	1,190	1,323	1,188	1,377	1,212	1,307	0,089	1,174	0,091	1,207	0,091	1,214	0,091	1,190	0,090	1,212	0,091	1,241	0,090
17:08:04	37,0	1,057	1,310	1,224	1,291	1,256	1,330	1,235	1,317	1,212	1,320	1,268	1,337	1,126	1,365	1,003	1,339	1,016	1,290	1,196	1,277	1,085	1,354	0,983	1,331	1,284	1,218	1,120	1,210	1,291	1,140	1,274	1,162	1,312	1,231	1,245	1,244	0,963	1,094	0,804	1,056	0,806	1,006	0,865	0,877	0,900	0,990	1,000	1,161	1,055	0,973	1,166	0,873	1,096	0,855	1,135	0,868	1,137	0,916	1,281	1,094	1,329	0,924	1,303	0,855	1,316	0,884	1,268	0,977	1,331	0,948	1,321	1,253	1,349	1,216	1,320	1,221	1,383	1,191	1,322	1,188	1,378	1,212	1,307	0,089	1,177	0,092	1,207	0,091	1,214	0,091	1,189	0,090	1,211	0,091	1,240	0,090
17:18:04	37,0	1,058	1,310	1,225	1,290	1,254	1,331	1,236	1,319	1,212	1,320	1,266	1,337	1,125	1,363	1,001	1,337	1,016	1,289	1,195	1,276	1,085	1,351	0,981	1,332	1,285	1,216	1,119	1,206	1,291	1,138	1,274	1,163	1,311	1,231	1,242	1,243	0,963	1,092	0,804	1,054	0,805	1,004	0,865	0,877	0,898	0,989	0,999	1,160	1,053	0,970	1,166	0,872	1,095	0,851	1,136	0,866	1,135	0,913	1,282	1,092	1,328	0,924	1,301	0,854	1,314	0,885	1,267	0,980	1,328	0,947	1,319	1,250	1,348	1,217	1,321	1,221	1,382	1,193	1,321	1,189	1,378	1,212	1,306	0,089	1,177	0,091	1,208	0,091	1,215	0,091	1,189	0,090	1,211	0,091	1,240	0,090
17:28:04	37,0	1,056	1,309	1,223	1,291	1,251	1,331	1,231	1,317	1,212	1,321	1,262	1,337	1,123	1,363	0,999	1,338	1,014	1,288	1,193	1,276	1,084	1,357	0,978	1,331	1,286	1,215	1,118	1,204	1,290	1,137	1,272	1,163	1,309	1,231	1,238	1,244	0,960	1,093	0,801	1,054	0,805	1,005	0,862	0,877	0,898	0,989	1,000	1,159	1,051	0,966	1,165	0,867	1,092	0,849	1,136	0,863	1,133	0,907	1,281	1,089	1,325	0,923	1,299	0,854	1,312	0,883	1,266	0,977	1,330	0,943	1,319	1,247	1,347	1,217	1,319	1,220	1,380	1,194	1,319	1,191	1,378	1,213	1,306	0,089	1,174	0,092	1,207	0,091	1,212	0,091	1,187	0,090	1,209	0,091	1,239	0,090
17:38:04	37,0	1,057	1,311	1,223	1,291	1,252	1,331	1,237	1,317	1,211	1,319	1,262	1,335	1,123	1,363	0,998	1,337	1,014	1,290	1,193	1,279	1,085	1,355	0,983	1,332	1,284	1,214	1,118	1,201	1,291	1,136	1,272	1,164	1,307	1,232	1,235	1,244	0,961	1,090	0,798	1,054	0,805	1,003	0,863	0,877	0,897	0,989	0,995	1,158	1,050	0,965	1,165	0,866	1,093	0,846	1,138	0,860	1,135	0,907	1,282	1,089	1,324	0,926	1,298	0,856	1,311	0,884	1,265	0,980	1,325	0,949	1,318	1,251	1,346	1,218	1,323	1,223	1,380	1,198	1,320	1,193	1,375	1,215	1,307	0,089	1,176	0,092	1,208	0,091	1,215	0,091	1,188	0,090	1,211	0,091	1,241	0,090
17:48:04	37,0	1,056	1,310	1,219	1,290	1,248	1,330	1,228	1,314	1,209	1,320	1,258	1,334	1,120	1,360	0,998	1,336	1,013	1,289	1,191	1,277	1,084	1,350	0,982	1,330	1,286	1,213	1,117	1,198	1,288	1,133	1,272	1,165	1,305	1,230	1,231	1,242	0,960	1,090	0,800	1,052	0,803	1,002	0,861	0,876	0,894	0,987	0,995	1,156	1,046	0,959	1,164	0,860	1,091	0,842	1,135	0,856	1,133	0,902	1,280	1,084	1,323	0,923	1,295	0,856	1,309	0,883	1,262	0,979	1,324	0,948	1,314	1,247	1,345	1,220	1,317	1,224	1,378	1,197	1,317	1,192	1,373	1,214	1,304	0,089	1,175	0,092	1,206	0,091	1,213	0,091	1,187	0,090	1,207	0,091	1,240	0,090
17:58:04	37,0	1,056	1,307	1,219	1,290	1,246	1,329	1,225	1,314	1,208	1,320	1,256	1,332	1,118	1,359	0,996	1,335	1,012	1,287	1,188	1,276	1,083	1,351	0,978	1,329	1,284	1,212	1,115	1,196	1,285	1,130	1,269	1,165	1,301	1,230	1,229	1,241	0,956	1,087	0,798	1,051	0,803	1,001	0,861	0,876	0,893	0,986	0,993	1,153	1,043	0,956	1,164	0,857	1,089	0,838	1,135	0,851	1,132	0,898	1,280	1,080	1,320	0,922	1,292	0,856	1,307	0,882	1,261	0,981	1,321	0,944	1,313	1,243	1,344	1,221	1,316	1,223	1,378	1,198	1,310	1,193	1,370	1,214	1,302	0,089	1,174	0,092	1,204	0,091	1,212	0,091	1,186	0,090	1,204	0,091	1,237	0,090
18:08:04	37,0	1,056	1,307	1,219	1,290	1,244	1,329	1,226	1,315	1,206	1,318	1,252	1,331	1,117	1,358	0,995	1,335	1,011	1,287	1,187	1,277	1,083	1,355	0,976	1,331	1,284	1,211	1,115	1,194	1,284	1,130	1,268	1,166	1,302	1,230	1,227	1,243	0,957	1,085	0,795	1,050	0,802	1,000	0,860	0,875	0,891	0,984	0,994	1,153	1,041	0,953	1,164	0,855	1,088	0,835	1,133	0,845	1,131	0,895	1,281	1,080	1,320	0,923	1,290	0,852	1,304	0,879	1,258	0,978	1,320	0,943	1,312	1,246	1,345	1,223	1,316	1,224	1,378	1,196	1,311	1,195	1,372	1,214	1,302	0,089	1,174	0,091	1,203	0,091	1,213	0,091	1,185	0,090	1,204	0,091	1,238	0,090
18:18:04	37,0	1,055	1,305	1,216	1,288	1,239	1,327	1,221	1,313	1,203	1,317	1,245	1,331	1,113	1,356	0,994	1,334	1,008	1,286	1,185	1,276	1,080	1,353	0,972	1,330	1,286	1,207	1,113	1,192	1,281	1,130	1,266	1,167	1,297	1,230	1,222	1,241	0,953	1,083	0,792	1,048	0,800	0,999	0,859	0,874	0,889	0,981	0,994	1,149	1,036	0,949	1,162	0,850	1,084	0,830	1,131	0,841	1,128	0,890	1,281	1,073	1,313	0,921	1,287	0,851	1,301	0,878	1,256	0,978	1,318	0,942	1,309	1,240	1,342	1,221	1,316	1,221	1,374	1,194	1,307	1,193	1,367	1,212	1,300	0,089	1,172	0,091	1,202	0,091	1,211	0,091	1,181	0,089	1,201	0,091	1,236	0,090
18:28:04	37,0	1,055	1,305	1,215	1,285	1,237	1,325	1,217	1,311	1,199	1,317	1,241	1,328	1,109	1,356	0,991	1,332	1,007	1,286	1,182	1,274	1,077	1,351	0,970	1,330	1,287	1,206	1,111	1,191	1,278	1,130	1,263	1,168	1,295	1,231	1,217	1,242	0,952	1,082	0,787	1,048	0,798	0,997	0,857	0,874	0,889	0,979	0,992	1,146	1,032	0,945	1,162	0,846	1,083	0,828	1,130	0,838	1,127	0,886	1,280	1,070	1,312	0,919	1,284	0,850	1,299	0,877	1,254	0,978	1,319	0,938	1,307	1,239	1,341	1,219	1,317	1,221	1,375	1,195	1,306	1,193	1,364	1,212	1,300	0,089	1,173	0,091	1,200	0,091	1,209	0,091	1,182	0,089	1,198	0,091	1,233	0,090
18:38:04	37,0	1,054	1,304	1,213	1,283	1,236	1,326	1,215	1,309	1,199	1,316	1,242	1,328	1,108	1,354	0,991	1,333	1,007	1,283	1,181	1,271	1,078	1,346	0,971	1,329	1,284	1,206	1,110	1,191	1,277	1,130	1,262	1,169	1,292	1,232	1,216	1,242	0,950	1,081	0,787	1,048	0,798	0,998	0,857	0,874	0,887	0,979	0,990	1,145	1,029	0,941	1,161	0,844	1,083	0,824	1,131	0,836	1,127	0,882	1,279	1,067	1,310	0,920	1,283	0,852	1,298	0,878	1,254	0,978	1,315	0,936	1,305	1,240	1,342	1,219	1,312	1,220	1,372	1,197	1,305	1,194	1,365	1,212	1,298	0,089	1,172	0,092	1,200	0,091	1,209	0,091	1,180	0,090	1,198	0,091	1,233	0,090
18:48:04	37,0	1,054	1,302	1,211	1,285	1,234	1,325	1,215	1,310	1,197	1,314	1,241	1,326	1,107	1,354	0,992	1,333	1,006	1,285	1,180	1,271	1,079	1,351	0,970	1,327	1,286	1,204	1,110	1,190	1,277	1,130	1,262	1,171	1,291	1,233	1,214	1,243	0,948	1,081	0,785	1,047	0,799	0,998	0,857	0,873	0,886	0,979	0,989	1,144	1,025	0,936	1,163	0,840	1,080	0,819	1,128	0,831	1,126	0,879	1,279	1,066	1,309	0,919	1,280	0,851	1,296	0,876	1,252	0,980	1,313	0,940	1,304	1,238	1,341	1,219	1,311	1,220	1,372	1,197	1,303	1,195	1,364	1,213	1,297	0,089	1,171	0,091	1,200	0,091	1,209	0,091	1,180	0,090	1,196	0,091	1,234	0,090
18:58:04	37,0	1,054	1,301	1,210	1,283	1,231	1,324	1,212	1,308	1,195	1,311	1,239	1,326	1,105	1,354	0,992	1,333	1,004	1,284	1,179	1,273	1,074	1,350	0,968	1,326	1,283	1,204	1,109	1,189	1,276	1,129	1,260	1,170	1,286	1,233	1,210	1,242	0,947	1,080	0,786	1,046	0,797	0,996	0,855	0,872	0,885	0,978	0,987	1,142	1,023	0,933	1,161	0,836	1,078	0,818	1,129	0,827	1,126	0,876	1,279	1,063	1,305	0,917	1,278	0,849	1,294	0,876	1,251	0,980	1,310	0,936	1,301	1,235	1,340	1,219	1,311	1,221	1,370	1,198	1,299	1,195	1,363	1,212	1,295	0,089	1,171	0,092	1,198	0,091	1,208	0,091	1,179	0,090	1,195	0,091	1,233	0,090
19:08:04	37,0	1,055	1,304	1,210	1,284	1,233	1,323	1,215	1,310	1,197	1,313	1,244	1,325	1,105	1,354	0,989	1,334	1,005	1,285	1,177	1,270	1,079	1,349	0,971	1,324	1,283	1,203	1,110	1,189	1,276	1,127	1,262	1,170	1,290	1,235	1,209	1,243	0,947	1,080	0,780	1,046	0,797	0,996	0,855	0,874	0,886	0,979	0,983	1,144	1,023	0,930	1,159	0,832	1,079	0,814	1,130	0,824	1,125	0,873	1,278	1,065	1,303	0,918	1,278	0,851	1,294	0,872	1,249	0,977	1,309	0,942	1,300	1,237	1,339	1,221	1,306	1,222	1,370	1,203	1,303	1,197	1,364	1,213	1,295	0,089	1,170	0,091	1,198	0,091	1,209	0,091	1,180	0,090	1,194	0,091	1,235	0,090
19:18:04	37,0	1,056	1,303	1,208	1,282	1,228	1,325	1,212	1,310	1,194	1,312	1,238	1,325	1,102	1,355	0,987	1,332	1,002	1,284	1,175	1,269	1,073	1,351	0,968	1,325	1,286	1,203	1,107	1,188	1,274	1,127	1,260	1,171	1,288	1,234	1,206	1,241	0,946	1,079	0,781	1,045	0,795	0,995	0,853	0,873	0,884	0,978	0,986	1,141	1,019	0,927	1,159	0,829	1,076	0,811	1,130	0,817	1,127	0,869	1,278	1,062	1,305	0,915	1,276	0,849	1,290	0,872	1,246	0,977	1,309	0,936	1,299	1,236	1,339	1,223	1,306	1,221	1,368	1,199	1,301	1,197	1,361	1,211	1,294	0,089	1,171	0,092	1,196	0,091	1,207	0,091	1,178	0,090	1,194	0,091	1,233	0,090
19:28:04	37,0	1,055	1,299	1,206	1,282	1,226	1,324	1,212	1,309	1,192	1,312	1,238	1,322	1,100	1,352	0,990	1,332	1,003	1,285	1,176	1,269	1,074	1,351	0,967	1,321	1,283	1,203	1,106	1,188	1,273	1,128	1,257	1,171	1,288	1,237	1,203	1,242	0,945	1,078	0,781	1,044	0,796	0,994	0,851	0,872	0,883	0,976	0,985	1,140	1,016	0,922	1,162	0,825	1,075	0,807	1,126	0,815	1,123	0,866	1,278	1,057	1,302	0,917	1,275	0,843	1,289	0,869	1,245	0,978	1,307	0,935	1,296	1,237	1,338	1,219	1,304	1,220	1,367	1,200	1,299	1,197	1,359	1,211	1,292	0,089	1,169	0,092	1,196	0,091	1,206	0,091	1,176	0,090	1,193	0,091	1,233	0,090
19:38:04	37,0	1,055	1,301	1,205	1,282	1,225	1,322	1,211	1,307	1,190	1,312	1,235	1,321	1,099	1,352	0,989	1,330	0,999	1,284	1,173	1,268	1,071	1,348	0,966	1,321	1,285	1,203	1,105	1,187	1,272	1,129	1,256	1,173	1,284	1,237	1,200	1,242	0,945	1,077	0,778	1,042	0,795	0,993	0,850	0,871	0,879	0,975	0,983	1,138	1,012	0,918	1,158	0,822	1,072	0,803	1,127	0,811	1,121	0,862	1,277	1,055	1,300	0,913	1,273	0,845	1,287	0,868	1,243	0,976	1,304	0,933	1,294	1,232	1,337	1,221	1,305	1,219	1,367	1,200	1,297	1,196	1,357	1,210	1,292	0,089	1,168	0,091	1,193	0,091	1,205	0,091	1,175	0,089	1,191	0,091	1,233	0,090
19:48:04	37,0	1,056	1,300	1,206	1,283	1,225	1,323	1,212	1,308	1,190	1,312	1,236	1,323	1,099	1,350	0,990	1,327	1,001	1,284	1,173	1,269	1,072	1,336	0,970	1,319	1,285	1,204	1,106	1,188	1,273	1,130	1,257	1,174	1,284	1,239	1,199	1,244	0,945	1,077	0,777	1,043	0,795	0,996	0,850	0,871	0,879	0,976	0,979	1,139	1,011	0,916	1,158	0,819	1,075	0,801	1,129	0,807	1,123	0,858	1,277	1,056	1,299	0,914	1,272	0,844	1,286	0,866	1,242	0,977	1,303	0,933	1,294	1,234	1,336	1,222	1,301	1,221	1,367	1,203	1,299	1,198	1,357	1,211	1,290	0,089	1,169	0,092	1,196	0,091	1,205	0,091	1,175	0,090	1,191	0,091	1,234	0,090
19:58:04	37,0	1,056	1,300	1,203	1,282	1,221	1,321	1,202	1,307	1,188	1,311	1,230	1,321	1,096	1,350	0,985	1,326	0,998	1,283	1,170	1,268	1,072	1,346	0,966	1,319	1,285	1,205	1,103	1,189	1,269	1,132	1,254	1,176	1,285	1,241	1,196	1,246	0,943	1,076	0,777	1,042	0,794	0,994	0,848	0,871	0,880	0,975	0,980	1,136	1,007	0,912	1,157	0,815	1,072	0,798	1,126	0,807	1,120	0,855	1,276	1,050	1,296	0,913	1,270	0,843	1,284	0,864	1,240	0,977	1,301	0,933	1,292	1,230	1,335	1,221	1,300	1,218	1,365	1,201	1,295	1,196	1,355	1,209	1,290	0,089	1,167	0,092	1,192	0,091	1,204	0,091	1,173	0,090	1,190	0,091	1,232	0,090
20:08:04	37,0	1,058	1,298	1,202	1,280	1,222	1,322	1,201	1,307	1,186	1,311	1,231	1,322	1,095	1,350	0,987	1,327	0,998	1,282	1,170	1,268	1,070	1,343	0,967	1,317	1,283	1,204	1,102	1,188	1,270	1,132	1,254	1,177	1,281	1,243	1,194	1,245	0,943	1,076	0,776	1,042	0,794	0,994	0,847	0,872	0,879	0,975	0,977	1,136	1,005	0,908	1,156	0,813	1,073	0,795	1,125	0,803	1,121	0,854	1,275	1,050	1,297	0,912	1,269	0,842	1,283	0,863	1,239	0,977	1,298	0,934	1,291	1,230	1,333	1,220	1,300	1,219	1,364	1,202	1,295	1,198	1,355	1,210	1,291	0,089	1,168	0,091	1,193	0,091	1,203	0,091	1,173	0,090	1,188	0,091	1,233	0,090
20:18:04	37,0	1,058	1,298	1,200	1,278	1,220	1,319	1,198	1,306	1,186	1,309	1,229	1,321	1,093	1,346	0,985	1,324	0,997	1,283	1,169	1,266	1,070	1,344	0,967	1,315	1,285	1,205	1,101	1,189	1,268	1,132	1,253	1,179	1,278	1,244	1,192	1,247	0,942	1,075	0,775	1,041	0,795	0,993	0,847	0,871	0,876	0,975	0,977	1,135	1,003	0,906	1,156	0,809	1,069	0,792	1,125	0,801	1,119	0,853	1,275	1,050	1,294	0,910	1,269	0,843	1,281	0,863	1,239	0,976	1,299	0,934	1,289	1,231	1,333	1,220	1,297	1,218	1,363	1,200	1,294	1,198	1,354	1,209	1,289	0,089	1,166	0,092	1,192	0,091	1,203	0,091	1,171	0,090	1,190	0,091	1,234	0,090
20:28:04	37,0	1,059	1,295	1,200	1,280	1,219	1,319	1,197	1,305	1,185	1,309	1,228	1,320	1,091	1,347	0,983	1,323	0,994	1,282	1,167	1,268	1,069	1,341	0,965	1,315	1,284	1,206	1,101	1,189	1,267	1,132	1,251	1,178	1,279	1,245	1,190	1,247	0,942	1,074	0,775	1,039	0,794	0,993	0,847	0,872	0,875	0,975	0,978	1,134	1,003	0,903	1,157	0,807	1,068	0,789	1,125	0,797	1,117	0,849	1,274	1,050	1,293	0,909	1,268	0,839	1,280	0,858	1,238	0,974	1,298	0,932	1,287	1,229	1,333	1,221	1,298	1,218	1,363	1,200	1,293	1,199	1,354	1,209	1,289	0,089	1,165	0,092	1,189	0,091	1,202	0,091	1,171	0,090	1,188	0,091	1,234	0,090
20:38:04	37,0	1,060	1,296	1,196	1,278	1,216	1,321	1,195	1,306	1,183	1,308	1,225	1,319	1,090	1,348	0,981	1,323	0,995	1,282	1,165	1,266	1,067	1,343	0,961	1,315	1,284	1,205	1,100	1,190	1,264	1,133	1,250	1,179	1,280	1,246	1,189	1,247	0,942	1,075	0,773	1,039	0,794	0,994	0,846	0,871	0,873	0,974	0,979	1,132	0,999	0,899	1,155	0,805	1,066	0,788	1,123	0,794	1,116	0,845	1,274	1,048	1,292	0,908	1,268	0,841	1,278	0,856	1,236	0,972	1,296	0,928	1,287	1,225	1,332	1,220	1,297	1,215	1,362	1,199	1,290	1,199	1,352	1,208	1,291	0,089	1,166	0,091	1,187	0,091	1,201	0,091	1,170	0,090	1,187	0,091	1,232	0,090
20:48:04	37,0	1,060	1,294	1,195	1,276	1,214	1,318	1,192	1,304	1,180	1,307	1,223	1,318	1,087	1,344	0,980	1,321	0,994	1,280	1,162	1,265	1,065	1,341	0,959	1,315	1,287	1,206	1,100	1,191	1,264	1,133	1,248	1,179	1,277	1,247	1,187	1,247	0,942	1,074	0,774	1,038	0,794	0,993	0,846	0,871	0,873	0,973	0,978	1,131	0,996	0,896	1,152	0,801	1,064	0,786	1,121	0,792	1,112	0,844	1,272	1,045	1,289	0,907	1,267	0,838	1,276	0,857	1,235	0,972	1,294	0,923	1,285	1,224	1,330	1,218	1,297	1,217	1,361	1,198	1,287	1,197	1,351	1,207	1,286	0,089	1,165	0,092	1,187	0,091	1,200	0,091	1,170	0,090	1,185	0,091	1,231	0,090
20:58:04	37,0	1,062	1,291	1,196	1,276	1,215	1,319	1,198	1,302	1,181	1,307	1,225	1,319	1,088	1,345	0,982	1,321	0,993	1,279	1,162	1,264	1,067	1,340	0,961	1,310	1,282	1,205	1,099	1,191	1,265	1,135	1,249	1,181	1,275	1,248	1,187	1,249	0,943	1,074	0,774	1,038	0,795	0,994	0,845	0,871	0,874	0,974	0,977	1,132	0,997	0,895	1,152	0,799	1,064	0,785	1,122	0,788	1,115	0,842	1,271	1,047	1,290	0,908	1,267	0,837	1,276	0,852	1,234	0,973	1,293	0,926	1,284	1,222	1,331	1,220	1,296	1,216	1,361	1,201	1,290	1,199	1,351	1,208	1,285	0,089	1,165	0,091	1,187	0,091	1,200	0,091	1,170	0,090	1,185	0,091	1,233	0,090
21:08:04	37,0	1,063	1,291	1,193	1,274	1,212	1,318	1,196	1,305	1,177	1,305	1,222	1,317	1,085	1,345	0,979	1,321	0,993	1,279	1,160	1,265	1,065	1,340	0,961	1,311	1,286	1,206	1,097	1,192	1,261	1,135	1,246	1,182	1,273	1,249	1,177	1,250	0,942	1,072	0,773	1,038	0,794	0,994	0,844	0,871	0,874	0,974	0,976	1,130	0,994	0,891	1,152	0,796	1,063	0,783	1,121	0,787	1,115	0,839	1,270	1,043	1,289	0,905	1,266	0,832	1,274	0,851	1,233	0,974	1,291	0,923	1,283	1,221	1,330	1,219	1,295	1,214	1,360	1,199	1,287	1,199	1,351	1,207	1,285	0,089	1,165	0,091	1,185	0,091	1,199	0,091	1,168	0,089	1,183	0,091	1,232	0,090
21:18:04	37,0	1,064	1,291	1,194	1,272	1,210	1,317	1,193	1,303	1,176	1,303	1,218	1,317	1,081	1,344	0,976	1,317	0,992	1,278	1,156	1,264	1,062	1,338	0,957	1,313	1,285	1,206	1,096	1,192	1,260	1,134	1,245	1,182	1,268	1,249	1,163	1,250	0,941	1,071	0,771	1,038	0,794	0,992	0,844	0,870	0,872	0,974	0,976	1,128	0,991	0,889	1,149	0,793	1,062	0,779	1,121	0,782	1,114	0,836	1,269	1,040	1,287	0,903	1,265	0,834	1,272	0,850	1,232	0,974	1,291	0,921	1,282	1,222	1,328	1,217	1,297	1,214	1,360	1,198	1,286	1,198	1,349	1,206	1,284	0,089	1,164	0,092	1,185	0,091	1,197	0,091	1,168	0,090	1,180	0,091	1,230	0,090
21:28:04	37,0	1,065	1,290	1,191	1,272	1,209	1,315	1,192	1,302	1,175	1,304	1,217	1,315	1,082	1,345	0,977	1,318	0,991	1,279	1,157	1,265	1,062	1,337	0,958	1,310	1,287	1,208	1,096	1,194	1,259	1,136	1,243	1,183	1,269	1,251	1,160	1,251	0,942	1,071	0,770	1,038	0,794	0,992	0,842	0,870	0,871	0,973	0,976	1,127	0,989	0,885	1,149	0,790	1,060	0,777	1,120	0,781	1,115	0,834	1,267	1,038	1,287	0,901	1,265	0,831	1,272	0,849	1,231	0,970	1,291	0,922	1,281	1,221	1,330	1,217	1,295	1,213	1,359	1,198	1,286	1,199	1,348	1,205	1,284	0,089	1,162	0,092	1,183	0,091	1,196	0,091	1,167	0,090	1,180	0,091	1,230	0,090
21:38:04	37,0	1,066	1,290	1,190	1,271	1,208	1,314	1,187	1,300	1,172	1,303	1,215	1,313	1,079	1,343	0,975	1,318	0,989	1,277	1,153	1,263	1,060	1,337	0,956	1,312	1,287	1,207	1,094	1,194	1,257	1,136	1,242	1,182	1,264	1,252	1,159	1,251	0,941	1,071	0,770	1,037	0,794	0,992	0,842	0,870	0,871	0,972	0,973	1,124	0,986	0,883	1,145	0,787	1,060	0,774	1,117	0,778	1,113	0,831	1,266	1,035	1,284	0,900	1,264	0,831	1,270	0,847	1,230	0,974	1,288	0,918	1,279	1,220	1,327	1,215	1,295	1,214	1,359	1,197	1,284	1,197	1,347	1,204	1,284	0,089	1,162	0,091	1,183	0,091	1,196	0,091	1,165	0,090	1,178	0,091	1,229	0,090
21:48:04	37,0	1,067	1,288	1,188	1,272	1,207	1,314	1,185	1,299	1,172	1,301	1,214	1,313	1,079	1,343	0,976	1,319	0,991	1,276	1,151	1,262	1,059	1,335	0,958	1,306	1,283	1,208	1,095	1,195	1,257	1,136	1,241	1,184	1,261	1,254	1,158	1,252	0,942	1,070	0,769	1,037	0,794	0,991	0,841	0,869	0,873	0,973	0,971	1,125	0,986	0,881	1,141	0,786	1,059	0,773	1,119	0,778	1,110	0,829	1,264	1,036	1,286	0,899	1,264	0,831	1,270	0,847	1,229	0,969	1,285	0,918	1,279	1,214	1,328	1,215	1,294	1,213	1,356	1,199	1,285	1,197	1,350	1,203	1,284	0,089	1,161	0,092	1,183	0,091	1,195	0,091	1,167	0,090	1,177	0,091	1,230	0,090
21:58:04	37,0	1,069	1,289	1,189	1,271	1,206	1,313	1,186	1,299	1,172	1,301	1,214	1,313	1,078	1,343	0,976	1,317	0,988	1,277	1,154	1,262	1,059	1,335	0,960	1,307	1,285	1,209	1,094	1,196	1,256	1,137	1,241	1,185	1,261	1,255	1,162	1,255	0,942	1,071	0,768	1,037	0,794	0,991	0,840	0,870	0,871	0,972	0,970	1,125	0,987	0,879	1,145	0,784	1,059	0,772	1,119	0,775	1,112	0,826	1,263	1,035	1,282	0,898	1,264	0,828	1,269	0,846	1,228	0,972	1,288	0,918	1,279	1,217	1,329	1,218	1,292	1,213	1,359	1,201	1,286	1,198	1,346	1,204	1,286	0,089	1,162	0,092	1,183	0,091	1,195	0,091	1,167	0,090	1,179	0,091	1,232	0,090
22:08:04	37,0	1,071	1,288	1,187	1,272	1,205	1,313	1,183	1,298	1,171	1,300	1,213	1,313	1,076	1,343	0,973	1,317	0,988	1,276	1,154	1,261	1,059	1,334	0,960	1,306	1,285	1,208	1,093	1,196	1,254	1,137	1,240	1,185	1,260	1,256	1,159	1,255	0,943	1,069	0,767	1,037	0,794	0,991	0,841	0,869	0,871	0,972	0,970	1,124	0,985	0,877	1,145	0,781	1,058	0,769	1,119	0,773	1,112	0,825	1,264	1,034	1,283	0,896	1,265	0,826	1,268	0,843	1,227	0,970	1,286	0,918	1,278	1,218	1,327	1,216	1,295	1,214	1,359	1,199	1,284	1,198	1,347	1,203	1,285	0,089	1,161	0,091	1,181	0,091	1,195	0,091	1,166	0,090	1,177	0,091	1,231	0,090

