

Software Version	3.11.19



Experiment File Path:	C:\Users\PBE\Desktop\Alphonso\repeticion curvas EE\repeticion placa3dia1.xpt
Protocol File Path:	C:\Users\PBE\Desktop\CommonProtocolsPR\protocolosparalosplatereaders\DO_kinetic_37_24h_new_plates_agitation_constante.prt



Plate Number	Plate 1
Date	16/05/2023
Time	19:51:19
Reader Type:	Synergy HTX
Reader Serial Number:	2108057
Reading Type	Reader

Procedure Details

Plate Type	Nunc 96 flat bottom generic (Use plate lid)
Eject plate on completion	
Set Temperature	Setpoint 37°C, Gradient 1 °C
	Preheat before moving to next step
Start Kinetic	Runtime 24:00:00 (HH:MM:SS), Interval 0:10:00, 145 Reads
    Shake	Orbital: 8:00 (MM:SS)
	Frequency: 365 cpm (2 mm)
    Read	Optical Density
	Absorbance Endpoint
	Full Plate
	Wavelengths:  600
	Read Speed: Normal,  Delay: 100 msec,  Measurements/Data Point: 8
End Kinetic	

Optical Density:600

Time	0:08:04	0:18:04	0:28:04	0:38:04	0:48:04	0:58:04	1:08:04	1:18:04	1:28:04	1:38:04	1:48:04	1:58:04	2:08:04	2:18:04	2:28:04	2:38:04	2:48:04	2:58:04	3:08:04	3:18:04	3:28:04	3:38:04	3:48:04	3:58:04	4:08:04	4:18:04	4:28:04	4:38:04	4:48:04	4:58:04	5:08:04	5:18:04	5:28:04	5:38:04	5:48:04	5:58:04	6:08:04	6:18:04	6:28:04	6:38:04	6:48:04	6:58:04	7:08:04	7:18:04	7:28:04	7:38:04	7:48:04	7:58:04	8:08:04	8:18:04	8:28:04	8:38:04	8:48:04	8:58:04	9:08:04	9:18:04	9:28:04	9:38:04	9:48:04	9:58:04	10:08:04	10:18:04	10:28:04	10:38:04	10:48:04	10:58:04	11:08:04	11:18:04	11:28:04	11:38:04	11:48:04	11:58:04	12:08:04	12:18:04	12:28:04	12:38:04	12:48:04	12:58:04	13:08:04	13:18:04	13:28:04	13:38:04	13:48:04	13:58:04	14:08:04	14:18:04	14:28:04	14:38:04	14:48:04	14:58:04	15:08:04	15:18:04	15:28:04	15:38:04	15:48:04	15:58:04	16:08:04	16:18:04	16:28:04	16:38:04	16:48:04	16:58:04	17:08:04	17:18:04	17:28:04	17:38:04	17:48:04	17:58:04	18:08:04	18:18:04	18:28:04	18:38:04	18:48:04	18:58:04	19:08:04	19:18:04	19:28:04	19:38:04	19:48:04	19:58:04	20:08:04	20:18:04	20:28:04	20:38:04	20:48:04	20:58:04	21:08:04	21:18:04	21:28:04	21:38:04	21:48:04	21:58:04	22:08:04	22:18:04	22:28:04	22:38:04	22:48:04	22:58:04	23:08:04	23:18:04	23:28:04	23:38:04	23:48:04	23:58:04	24:08:04	
T° Optical Density:600	37,0	37,0	37,0	37,0	37,0	37,0	37,0	37,0	37,0	37,0	37,0	37,0	37,0	37,0	37,0	37,0	37,0	37,0	37,0	37,0	37,0	37,0	37,0	37,0	37,0	37,0	37,0	37,0	37,0	37,0	37,0	37,0	37,0	37,1	37,0	37,0	37,0	37,0	37,0	37,0	37,0	37,0	37,0	37,0	37,0	37,0	37,0	37,0	37,0	37,0	37,0	37,0	37,0	37,0	37,0	37,0	37,0	37,0	37,0	37,0	37,0	37,0	37,0	37,0	37,0	37,0	37,0	37,0	37,0	37,0	37,0	37,0	37,0	37,0	37,0	37,0	37,0	37,0	37,0	37,0	37,0	37,0	37,0	37,0	37,0	37,0	37,0	37,0	37,0	37,0	37,0	37,0	37,0	37,0	37,0	37,0	37,1	37,0	37,0	37,0	37,0	37,0	37,0	36,9	37,0	37,0	37,0	37,0	37,0	37,0	37,0	37,0	37,0	37,0	37,0	37,0	37,0	37,0	37,0	37,0	37,0	37,0	37,0	37,0	37,0	37,0	37,0	37,0	37,0	37,0	37,0	37,0	37,0	37,0	37,0	37,0	37,0	37,0	37,0	37,0	37,0	37,0	37,0	37,0	37,0	
A1	0,112	0,121	0,133	0,134	0,120	0,113	0,113	0,116	0,122	0,132	0,146	0,168	0,192	0,225	0,252	0,273	0,299	0,324	0,347	0,377	0,409	0,444	0,476	0,510	0,545	0,578	0,620	0,661	0,708	0,756	0,808	0,862	0,894	0,914	0,929	0,951	0,961	0,973	0,985	0,998	1,012	1,027	1,041	1,052	1,062	1,073	1,077	1,087	1,091	1,101	1,111	1,119	1,131	1,139	1,144	1,149	1,154	1,167	1,180	1,185	1,195	1,201	1,209	1,214	1,226	1,232	1,241	1,250	1,251	1,260	1,262	1,274	1,280	1,286	1,289	1,294	1,294	1,306	1,310	1,312	1,322	1,315	1,316	1,319	1,321	1,325	1,325	1,331	1,332	1,329	1,330	1,332	1,331	1,334	1,335	1,335	1,338	1,341	1,337	1,341	1,347	1,355	1,352	1,353	1,358	1,350	1,351	1,347	1,344	1,341	1,348	1,343	1,338	1,346	1,344	1,355	1,360	1,360	1,368	1,365	1,366	1,359	1,364	1,359	1,367	1,366	1,375	1,376	1,378	1,378	1,378	1,372	1,369	1,381	1,374	1,375	1,378	1,383	1,376	1,385	1,380	1,384	1,388	1,388	1,389	
A2	0,088	0,088	0,088	0,088	0,088	0,088	0,088	0,088	0,088	0,088	0,088	0,088	0,088	0,088	0,088	0,088	0,088	0,088	0,088	0,088	0,088	0,088	0,088	0,088	0,088	0,088	0,088	0,088	0,088	0,088	0,087	0,088	0,088	0,088	0,088	0,088	0,088	0,088	0,087	0,088	0,088	0,088	0,088	0,088	0,088	0,088	0,088	0,088	0,088	0,088	0,088	0,088	0,088	0,088	0,088	0,088	0,088	0,088	0,088	0,088	0,088	0,088	0,088	0,088	0,088	0,088	0,088	0,088	0,088	0,088	0,088	0,088	0,088	0,088	0,088	0,088	0,088	0,088	0,088	0,088	0,088	0,088	0,088	0,088	0,088	0,088	0,088	0,088	0,088	0,088	0,088	0,088	0,088	0,088	0,088	0,088	0,088	0,088	0,088	0,088	0,088	0,088	0,088	0,088	0,088	0,088	0,088	0,088	0,088	0,088	0,088	0,088	0,088	0,088	0,088	0,088	0,088	0,088	0,088	0,088	0,088	0,088	0,088	0,088	0,088	0,088	0,088	0,088	0,088	0,088	0,088	0,088	0,088	0,088	0,088	0,088	0,088	0,088	0,088	0,088	0,088	0,088	0,088	0,088	0,088	
A3	0,108	0,111	0,112	0,115	0,125	0,111	0,110	0,111	0,114	0,118	0,126	0,140	0,155	0,177	0,206	0,236	0,262	0,284	0,309	0,330	0,352	0,377	0,400	0,426	0,453	0,477	0,501	0,527	0,553	0,583	0,625	0,700	0,814	0,888	0,941	0,971	0,987	1,002	1,018	1,029	1,040	1,054	1,069	1,082	1,095	1,111	1,121	1,133	1,139	1,149	1,158	1,168	1,182	1,192	1,201	1,211	1,219	1,224	1,230	1,238	1,249	1,264	1,269	1,274	1,278	1,289	1,293	1,304	1,315	1,315	1,325	1,331	1,337	1,345	1,351	1,348	1,355	1,357	1,361	1,366	1,364	1,368	1,366	1,370	1,375	1,377	1,375	1,378	1,378	1,377	1,377	1,380	1,377	1,377	1,379	1,375	1,379	1,375	1,374	1,375	1,379	1,382	1,376	1,381	1,385	1,377	1,376	1,370	1,371	1,368	1,370	1,368	1,369	1,370	1,369	1,373	1,380	1,377	1,380	1,379	1,376	1,371	1,376	1,372	1,377	1,378	1,381	1,379	1,380	1,381	1,381	1,375	1,374	1,382	1,377	1,373	1,378	1,380	1,373	1,379	1,377	1,378	1,381	1,379	1,379	
A4	0,090	0,090	0,089	0,089	0,089	0,089	0,089	0,089	0,089	0,089	0,089	0,089	0,089	0,089	0,089	0,089	0,089	0,089	0,089	0,089	0,089	0,089	0,089	0,089	0,089	0,089	0,089	0,089	0,089	0,089	0,089	0,089	0,089	0,089	0,089	0,089	0,089	0,089	0,089	0,089	0,090	0,089	0,089	0,089	0,089	0,090	0,089	0,090	0,089	0,090	0,089	0,089	0,090	0,090	0,090	0,089	0,090	0,090	0,090	0,090	0,090	0,090	0,090	0,090	0,090	0,090	0,090	0,090	0,090	0,090	0,090	0,090	0,090	0,090	0,090	0,090	0,090	0,090	0,090	0,090	0,090	0,090	0,090	0,090	0,090	0,090	0,090	0,090	0,090	0,090	0,090	0,090	0,090	0,090	0,090	0,090	0,090	0,090	0,090	0,090	0,090	0,090	0,090	0,090	0,090	0,090	0,090	0,090	0,090	0,090	0,090	0,090	0,090	0,090	0,090	0,090	0,090	0,090	0,090	0,090	0,090	0,090	0,090	0,090	0,090	0,090	0,090	0,090	0,090	0,090	0,090	0,090	0,090	0,090	0,090	0,090	0,090	0,090	0,090	0,090	0,090	0,090	0,090	0,090	0,090	
A5	0,108	0,111	0,115	0,120	0,126	0,133	0,147	0,149	0,158	0,173	0,193	0,215	0,242	0,271	0,305	0,341	0,383	0,422	0,457	0,491	0,521	0,551	0,581	0,609	0,637	0,665	0,689	0,718	0,754	0,795	0,843	0,888	0,922	0,951	0,971	0,987	1,001	1,010	1,019	1,029	1,040	1,048	1,060	1,069	1,078	1,089	1,096	1,109	1,117	1,129	1,139	1,146	1,156	1,166	1,171	1,181	1,187	1,197	1,205	1,206	1,217	1,222	1,231	1,238	1,254	1,263	1,273	1,283	1,287	1,292	1,296	1,305	1,314	1,316	1,320	1,322	1,323	1,329	1,333	1,338	1,343	1,343	1,341	1,342	1,344	1,350	1,349	1,352	1,355	1,352	1,353	1,351	1,354	1,356	1,357	1,358	1,360	1,363	1,362	1,364	1,366	1,372	1,371	1,373	1,377	1,368	1,371	1,367	1,364	1,363	1,365	1,363	1,359	1,362	1,361	1,369	1,372	1,370	1,374	1,373	1,376	1,366	1,368	1,367	1,368	1,370	1,372	1,373	1,373	1,372	1,369	1,367	1,364	1,371	1,366	1,361	1,366	1,369	1,365	1,369	1,363	1,364	1,371	1,370	1,369	
A6	0,094	0,092	0,092	0,092	0,092	0,092	0,092	0,092	0,092	0,092	0,092	0,092	0,092	0,092	0,092	0,092	0,092	0,092	0,092	0,092	0,093	0,093	0,093	0,093	0,093	0,093	0,093	0,093	0,093	0,093	0,093	0,093	0,093	0,093	0,093	0,093	0,093	0,093	0,093	0,093	0,093	0,093	0,093	0,093	0,093	0,093	0,093	0,093	0,093	0,093	0,093	0,093	0,093	0,093	0,093	0,093	0,093	0,093	0,093	0,093	0,093	0,093	0,093	0,093	0,093	0,093	0,093	0,094	0,094	0,094	0,093	0,093	0,094	0,094	0,094	0,093	0,093	0,093	0,094	0,093	0,094	0,093	0,093	0,094	0,093	0,094	0,093	0,093	0,093	0,093	0,093	0,093	0,093	0,093	0,093	0,093	0,093	0,093	0,093	0,093	0,093	0,093	0,093	0,093	0,093	0,093	0,094	0,094	0,093	0,093	0,093	0,094	0,093	0,094	0,093	0,093	0,094	0,093	0,094	0,093	0,093	0,093	0,093	0,093	0,093	0,093	0,093	0,093	0,093	0,093	0,093	0,093	0,093	0,093	0,093	0,093	0,093	0,093	0,093	0,093	0,093	0,093	0,093	0,093	0,093	
A7	0,103	0,104	0,107	0,113	0,117	0,123	0,138	0,137	0,147	0,161	0,177	0,198	0,220	0,246	0,276	0,305	0,338	0,364	0,383	0,400	0,415	0,430	0,447	0,467	0,488	0,510	0,534	0,570	0,650	0,746	0,818	0,862	0,895	0,921	0,936	0,948	0,962	0,973	0,981	0,992	1,003	1,010	1,025	1,034	1,044	1,053	1,057	1,073	1,075	1,086	1,098	1,104	1,113	1,122	1,125	1,132	1,136	1,149	1,155	1,157	1,165	1,169	1,179	1,187	1,205	1,214	1,224	1,234	1,240	1,243	1,245	1,257	1,264	1,268	1,270	1,271	1,271	1,279	1,284	1,291	1,296	1,292	1,289	1,290	1,293	1,302	1,302	1,305	1,309	1,305	1,306	1,303	1,306	1,307	1,310	1,309	1,312	1,315	1,313	1,313	1,321	1,329	1,329	1,329	1,337	1,322	1,326	1,320	1,318	1,316	1,322	1,320	1,314	1,322	1,318	1,329	1,336	1,334	1,339	1,334	1,336	1,330	1,335	1,330	1,336	1,337	1,341	1,339	1,342	1,341	1,342	1,337	1,335	1,345	1,336	1,337	1,339	1,344	1,337	1,344	1,344	1,343	1,349	1,349	1,351	
A8	0,089	0,089	0,089	0,089	0,089	0,089	0,089	0,089	0,089	0,089	0,089	0,089	0,089	0,089	0,089	0,089	0,089	0,089	0,089	0,089	0,089	0,089	0,089	0,089	0,089	0,089	0,089	0,089	0,089	0,089	0,089	0,089	0,089	0,089	0,089	0,089	0,089	0,089	0,089	0,089	0,089	0,089	0,089	0,089	0,089	0,089	0,089	0,089	0,089	0,089	0,089	0,089	0,089	0,089	0,089	0,089	0,089	0,089	0,089	0,089	0,089	0,089	0,089	0,089	0,089	0,089	0,089	0,089	0,089	0,089	0,089	0,089	0,089	0,089	0,089	0,089	0,089	0,089	0,089	0,089	0,089	0,089	0,089	0,089	0,089	0,089	0,089	0,089	0,089	0,089	0,089	0,089	0,089	0,089	0,089	0,089	0,089	0,089	0,089	0,090	0,089	0,089	0,089	0,089	0,089	0,089	0,089	0,089	0,089	0,089	0,089	0,090	0,090	0,089	0,090	0,089	0,090	0,089	0,090	0,089	0,090	0,089	0,089	0,090	0,089	0,089	0,089	0,089	0,089	0,089	0,089	0,089	0,090	0,089	0,089	0,089	0,089	0,089	0,089	0,089	0,089	0,089	0,089	0,089	0,089	
A9	0,107	0,109	0,112	0,116	0,119	0,125	0,141	0,137	0,142	0,151	0,163	0,176	0,191	0,209	0,229	0,250	0,274	0,294	0,310	0,324	0,342	0,356	0,373	0,396	0,418	0,443	0,469	0,498	0,539	0,606	0,729	0,841	0,914	0,966	0,997	1,014	1,030	1,040	1,048	1,059	1,071	1,081	1,092	1,103	1,113	1,122	1,129	1,143	1,148	1,159	1,171	1,177	1,191	1,199	1,204	1,210	1,216	1,230	1,240	1,239	1,247	1,252	1,272	1,278	1,295	1,301	1,309	1,318	1,323	1,326	1,331	1,343	1,349	1,354	1,357	1,359	1,360	1,364	1,369	1,374	1,380	1,379	1,375	1,377	1,378	1,384	1,384	1,387	1,391	1,387	1,388	1,385	1,389	1,389	1,390	1,390	1,393	1,395	1,392	1,393	1,397	1,406	1,405	1,403	1,409	1,396	1,398	1,394	1,390	1,390	1,393	1,391	1,388	1,391	1,389	1,399	1,403	1,400	1,404	1,400	1,400	1,395	1,399	1,395	1,400	1,402	1,406	1,402	1,404	1,405	1,403	1,401	1,397	1,410	1,401	1,398	1,403	1,404	1,400	1,405	1,405	1,405	1,411	1,408	1,410	
A10	0,087	0,087	0,087	0,087	0,087	0,087	0,087	0,087	0,087	0,087	0,087	0,087	0,087	0,087	0,087	0,087	0,087	0,087	0,087	0,087	0,087	0,087	0,087	0,087	0,087	0,087	0,087	0,087	0,087	0,087	0,087	0,087	0,086	0,087	0,087	0,087	0,087	0,087	0,087	0,087	0,087	0,087	0,087	0,087	0,087	0,087	0,087	0,087	0,087	0,087	0,087	0,087	0,087	0,087	0,087	0,087	0,087	0,087	0,087	0,087	0,087	0,087	0,087	0,087	0,087	0,087	0,087	0,087	0,087	0,087	0,087	0,087	0,087	0,087	0,087	0,087	0,087	0,087	0,087	0,087	0,087	0,087	0,087	0,087	0,087	0,087	0,087	0,087	0,087	0,087	0,087	0,087	0,087	0,087	0,087	0,087	0,087	0,087	0,087	0,087	0,087	0,087	0,087	0,087	0,087	0,087	0,087	0,087	0,087	0,087	0,087	0,088	0,087	0,087	0,087	0,087	0,087	0,087	0,087	0,087	0,087	0,087	0,087	0,087	0,087	0,087	0,087	0,087	0,087	0,087	0,087	0,087	0,087	0,087	0,087	0,087	0,087	0,087	0,087	0,087	0,087	0,087	0,087	0,087	0,087	
A11	0,105	0,109	0,114	0,121	0,130	0,141	0,149	0,161	0,174	0,194	0,229	0,261	0,294	0,338	0,382	0,425	0,486	0,553	0,607	0,673	0,747	0,794	0,852	0,898	0,932	0,963	0,977	0,994	1,007	1,018	1,019	1,014	1,011	1,024	1,028	1,030	1,045	1,052	1,063	1,069	1,080	1,091	1,107	1,115	1,123	1,134	1,140	1,155	1,157	1,167	1,176	1,184	1,193	1,205	1,211	1,216	1,223	1,236	1,253	1,253	1,264	1,272	1,286	1,290	1,304	1,308	1,318	1,324	1,332	1,335	1,342	1,355	1,360	1,367	1,369	1,370	1,371	1,376	1,384	1,390	1,394	1,391	1,387	1,389	1,391	1,401	1,400	1,403	1,406	1,401	1,402	1,400	1,403	1,403	1,406	1,405	1,408	1,410	1,408	1,407	1,411	1,418	1,415	1,416	1,424	1,411	1,413	1,407	1,403	1,402	1,405	1,403	1,398	1,404	1,402	1,412	1,417	1,414	1,419	1,415	1,416	1,411	1,413	1,409	1,414	1,415	1,419	1,419	1,421	1,422	1,419	1,417	1,412	1,426	1,416	1,415	1,419	1,421	1,418	1,423	1,422	1,424	1,426	1,426	1,430	
A12	0,089	0,089	0,089	0,089	0,089	0,089	0,089	0,089	0,089	0,089	0,089	0,089	0,089	0,089	0,089	0,089	0,089	0,089	0,088	0,088	0,088	0,089	0,088	0,089	0,088	0,089	0,089	0,088	0,088	0,089	0,088	0,088	0,088	0,089	0,089	0,088	0,088	0,088	0,088	0,088	0,089	0,089	0,088	0,088	0,089	0,088	0,088	0,089	0,088	0,089	0,089	0,089	0,088	0,088	0,088	0,088	0,089	0,088	0,089	0,088	0,089	0,088	0,089	0,089	0,089	0,089	0,088	0,089	0,089	0,089	0,089	0,089	0,089	0,089	0,089	0,089	0,089	0,089	0,089	0,089	0,089	0,089	0,089	0,089	0,089	0,089	0,089	0,089	0,089	0,089	0,089	0,089	0,089	0,089	0,089	0,089	0,089	0,089	0,089	0,089	0,089	0,089	0,089	0,089	0,089	0,089	0,089	0,089	0,089	0,089	0,089	0,089	0,089	0,089	0,089	0,089	0,089	0,089	0,089	0,089	0,089	0,089	0,089	0,089	0,089	0,089	0,089	0,089	0,089	0,089	0,089	0,089	0,089	0,089	0,089	0,089	0,089	0,088	0,089	0,089	0,089	0,089	0,089	0,089	0,089	
B1	0,091	0,092	0,092	0,092	0,092	0,092	0,092	0,092	0,092	0,092	0,092	0,092	0,092	0,092	0,092	0,092	0,092	0,092	0,092	0,092	0,092	0,092	0,092	0,092	0,092	0,092	0,092	0,092	0,092	0,092	0,092	0,092	0,091	0,092	0,092	0,092	0,092	0,092	0,092	0,092	0,092	0,092	0,092	0,092	0,092	0,092	0,092	0,092	0,092	0,092	0,092	0,092	0,092	0,092	0,092	0,092	0,092	0,092	0,092	0,092	0,092	0,092	0,092	0,092	0,092	0,092	0,092	0,092	0,092	0,092	0,092	0,092	0,092	0,092	0,092	0,092	0,092	0,092	0,092	0,092	0,092	0,092	0,092	0,092	0,092	0,092	0,092	0,092	0,092	0,092	0,092	0,092	0,092	0,092	0,092	0,092	0,092	0,092	0,092	0,092	0,092	0,092	0,092	0,092	0,092	0,092	0,092	0,092	0,092	0,092	0,092	0,092	0,092	0,092	0,092	0,092	0,092	0,092	0,092	0,092	0,092	0,092	0,092	0,092	0,092	0,092	0,092	0,092	0,092	0,092	0,092	0,092	0,092	0,092	0,092	0,092	0,092	0,092	0,092	0,092	0,092	0,092	0,092	0,092	0,092	
B2	0,110	0,113	0,114	0,120	0,138	0,112	0,108	0,106	0,107	0,110	0,115	0,123	0,135	0,150	0,170	0,197	0,225	0,247	0,268	0,291	0,313	0,336	0,361	0,385	0,409	0,430	0,455	0,478	0,503	0,532	0,572	0,647	0,779	0,875	0,949	0,985	1,001	1,013	1,028	1,040	1,052	1,062	1,079	1,092	1,109	1,125	1,133	1,144	1,147	1,159	1,171	1,182	1,194	1,206	1,217	1,222	1,228	1,241	1,251	1,252	1,261	1,271	1,281	1,292	1,302	1,310	1,318	1,324	1,332	1,335	1,343	1,348	1,355	1,361	1,366	1,370	1,371	1,380	1,383	1,384	1,388	1,394	1,395	1,398	1,400	1,406	1,408	1,409	1,411	1,414	1,415	1,417	1,420	1,421	1,421	1,425	1,425	1,429	1,428	1,428	1,429	1,434	1,433	1,435	1,437	1,437	1,436	1,436	1,438	1,438	1,436	1,437	1,436	1,435	1,435	1,438	1,438	1,439	1,439	1,440	1,442	1,441	1,440	1,441	1,440	1,438	1,441	1,443	1,439	1,439	1,440	1,442	1,441	1,440	1,441	1,438	1,440	1,440	1,439	1,440	1,438	1,440	1,440	1,440	1,437	
B3	0,089	0,089	0,088	0,089	0,088	0,088	0,088	0,088	0,088	0,088	0,088	0,088	0,088	0,088	0,088	0,088	0,088	0,088	0,088	0,088	0,088	0,088	0,088	0,088	0,088	0,088	0,088	0,088	0,088	0,088	0,088	0,088	0,088	0,088	0,088	0,088	0,088	0,088	0,088	0,088	0,088	0,088	0,088	0,088	0,088	0,088	0,088	0,088	0,088	0,088	0,088	0,088	0,088	0,088	0,088	0,088	0,088	0,088	0,088	0,088	0,088	0,088	0,088	0,088	0,088	0,088	0,088	0,088	0,088	0,088	0,088	0,088	0,088	0,088	0,088	0,088	0,088	0,088	0,088	0,088	0,088	0,088	0,088	0,088	0,088	0,088	0,088	0,088	0,088	0,088	0,088	0,088	0,088	0,088	0,088	0,088	0,088	0,088	0,088	0,088	0,088	0,088	0,088	0,088	0,088	0,088	0,088	0,088	0,088	0,088	0,088	0,088	0,088	0,088	0,088	0,088	0,088	0,088	0,088	0,088	0,088	0,088	0,088	0,088	0,088	0,088	0,088	0,088	0,088	0,088	0,088	0,088	0,088	0,088	0,088	0,088	0,088	0,088	0,088	0,088	0,088	0,088	0,088	0,088	0,088	
B4	0,104	0,105	0,105	0,110	0,114	0,110	0,109	0,109	0,112	0,115	0,120	0,129	0,140	0,154	0,172	0,195	0,223	0,256	0,280	0,298	0,316	0,330	0,346	0,365	0,384	0,404	0,424	0,444	0,472	0,519	0,611	0,727	0,820	0,866	0,900	0,925	0,949	0,964	0,978	0,988	1,004	1,016	1,032	1,043	1,057	1,071	1,074	1,085	1,085	1,096	1,111	1,124	1,132	1,136	1,142	1,151	1,156	1,167	1,176	1,183	1,196	1,206	1,214	1,223	1,228	1,237	1,244	1,252	1,256	1,264	1,265	1,273	1,278	1,280	1,286	1,287	1,292	1,299	1,299	1,301	1,308	1,310	1,310	1,311	1,318	1,322	1,324	1,324	1,327	1,329	1,331	1,331	1,334	1,338	1,338	1,342	1,342	1,344	1,346	1,345	1,348	1,355	1,353	1,352	1,355	1,350	1,356	1,353	1,354	1,354	1,355	1,355	1,355	1,355	1,353	1,355	1,357	1,357	1,357	1,359	1,359	1,357	1,357	1,359	1,358	1,357	1,359	1,361	1,362	1,362	1,361	1,360	1,360	1,361	1,359	1,359	1,359	1,357	1,360	1,359	1,359	1,360	1,359	1,361	1,362	
B5	0,102	0,102	0,102	0,102	0,102	0,102	0,102	0,102	0,102	0,102	0,102	0,102	0,102	0,102	0,102	0,102	0,102	0,102	0,102	0,102	0,102	0,102	0,102	0,102	0,102	0,102	0,102	0,102	0,102	0,102	0,102	0,102	0,102	0,102	0,102	0,102	0,102	0,102	0,102	0,102	0,103	0,102	0,102	0,103	0,103	0,102	0,102	0,102	0,102	0,102	0,102	0,103	0,103	0,102	0,103	0,102	0,103	0,103	0,103	0,103	0,103	0,102	0,103	0,103	0,103	0,103	0,103	0,103	0,103	0,103	0,103	0,103	0,103	0,103	0,103	0,103	0,103	0,103	0,103	0,103	0,103	0,103	0,103	0,103	0,103	0,103	0,103	0,103	0,103	0,103	0,103	0,103	0,103	0,103	0,103	0,103	0,103	0,103	0,103	0,103	0,103	0,103	0,103	0,103	0,103	0,103	0,103	0,103	0,103	0,103	0,103	0,103	0,103	0,103	0,103	0,103	0,103	0,103	0,103	0,103	0,103	0,103	0,103	0,103	0,103	0,103	0,103	0,103	0,103	0,103	0,103	0,103	0,103	0,103	0,103	0,103	0,103	0,103	0,103	0,103	0,103	0,103	0,103	0,103	0,103	
B6	0,106	0,113	0,101	0,096	0,096	0,097	0,098	0,100	0,102	0,106	0,112	0,120	0,131	0,148	0,171	0,203	0,241	0,274	0,305	0,336	0,377	0,417	0,473	0,524	0,573	0,626	0,674	0,722	0,777	0,829	0,875	0,916	0,941	0,954	0,963	0,981	0,993	0,998	1,007	1,020	1,035	1,044	1,060	1,069	1,079	1,089	1,093	1,108	1,109	1,121	1,137	1,147	1,161	1,172	1,176	1,183	1,185	1,202	1,213	1,211	1,218	1,223	1,235	1,239	1,257	1,264	1,277	1,289	1,289	1,297	1,299	1,313	1,319	1,325	1,323	1,326	1,322	1,329	1,334	1,339	1,346	1,333	1,332	1,335	1,327	1,343	1,339	1,348	1,351	1,341	1,340	1,343	1,344	1,341	1,343	1,339	1,349	1,354	1,344	1,347	1,361	1,375	1,374	1,369	1,380	1,359	1,362	1,353	1,342	1,339	1,350	1,343	1,332	1,339	1,334	1,353	1,367	1,369	1,376	1,370	1,370	1,359	1,363	1,351	1,364	1,367	1,370	1,370	1,374	1,373	1,369	1,357	1,349	1,364	1,355	1,352	1,357	1,366	1,355	1,362	1,360	1,358	1,368	1,365	1,366	
B7	0,089	0,089	0,089	0,089	0,089	0,088	0,088	0,089	0,088	0,088	0,088	0,088	0,088	0,088	0,088	0,089	0,088	0,088	0,088	0,088	0,088	0,088	0,088	0,088	0,088	0,088	0,088	0,088	0,088	0,088	0,088	0,088	0,088	0,088	0,088	0,088	0,088	0,088	0,088	0,088	0,089	0,088	0,088	0,088	0,089	0,088	0,089	0,088	0,088	0,088	0,088	0,089	0,088	0,089	0,088	0,088	0,088	0,088	0,089	0,089	0,089	0,088	0,089	0,089	0,089	0,088	0,089	0,089	0,089	0,089	0,089	0,089	0,089	0,089	0,089	0,089	0,089	0,089	0,089	0,089	0,089	0,089	0,089	0,089	0,089	0,089	0,089	0,089	0,089	0,089	0,089	0,089	0,089	0,089	0,089	0,089	0,089	0,089	0,089	0,089	0,089	0,089	0,089	0,089	0,089	0,089	0,089	0,089	0,089	0,089	0,089	0,089	0,089	0,089	0,089	0,089	0,089	0,089	0,089	0,089	0,089	0,089	0,089	0,089	0,089	0,089	0,089	0,089	0,089	0,089	0,089	0,089	0,089	0,089	0,089	0,089	0,089	0,089	0,089	0,089	0,089	0,089	0,089	0,089	0,089	
B8	0,100	0,100	0,100	0,102	0,109	0,105	0,102	0,102	0,103	0,106	0,108	0,112	0,118	0,128	0,141	0,157	0,178	0,204	0,234	0,263	0,284	0,303	0,323	0,341	0,360	0,382	0,403	0,425	0,448	0,474	0,511	0,577	0,715	0,831	0,899	0,939	0,961	0,978	0,994	1,010	1,025	1,037	1,054	1,065	1,079	1,094	1,099	1,114	1,119	1,130	1,141	1,154	1,165	1,176	1,183	1,189	1,197	1,212	1,224	1,231	1,242	1,251	1,259	1,268	1,277	1,284	1,294	1,299	1,307	1,312	1,317	1,327	1,332	1,338	1,342	1,343	1,346	1,355	1,359	1,365	1,369	1,369	1,366	1,368	1,373	1,377	1,378	1,378	1,381	1,381	1,381	1,383	1,382	1,384	1,385	1,385	1,389	1,393	1,391	1,393	1,395	1,405	1,401	1,399	1,405	1,395	1,400	1,396	1,396	1,397	1,397	1,394	1,397	1,399	1,395	1,401	1,405	1,404	1,406	1,405	1,403	1,400	1,403	1,402	1,403	1,401	1,407	1,408	1,408	1,409	1,408	1,401	1,401	1,407	1,404	1,401	1,402	1,405	1,402	1,406	1,404	1,404	1,406	1,406	1,406	
B9	0,089	0,089	0,089	0,089	0,089	0,089	0,089	0,089	0,089	0,089	0,089	0,089	0,089	0,089	0,089	0,089	0,089	0,089	0,089	0,089	0,089	0,089	0,089	0,089	0,089	0,089	0,089	0,089	0,089	0,089	0,089	0,089	0,089	0,089	0,089	0,089	0,089	0,088	0,089	0,089	0,089	0,089	0,089	0,089	0,089	0,089	0,089	0,089	0,088	0,089	0,088	0,089	0,089	0,089	0,089	0,088	0,089	0,089	0,089	0,089	0,089	0,088	0,089	0,089	0,089	0,089	0,089	0,089	0,089	0,089	0,089	0,088	0,089	0,089	0,089	0,088	0,089	0,089	0,089	0,089	0,089	0,089	0,089	0,089	0,089	0,089	0,089	0,089	0,089	0,089	0,089	0,089	0,089	0,089	0,089	0,089	0,089	0,089	0,089	0,089	0,089	0,089	0,089	0,089	0,089	0,089	0,089	0,089	0,089	0,089	0,088	0,089	0,089	0,089	0,089	0,088	0,089	0,088	0,089	0,089	0,089	0,088	0,088	0,089	0,089	0,089	0,089	0,089	0,089	0,089	0,089	0,089	0,089	0,089	0,089	0,088	0,089	0,088	0,088	0,089	0,088	0,089	0,088	0,088	0,088	
B10	0,101	0,105	0,107	0,109	0,115	0,124	0,128	0,119	0,123	0,129	0,136	0,146	0,158	0,173	0,191	0,213	0,240	0,272	0,309	0,350	0,386	0,420	0,454	0,484	0,513	0,544	0,576	0,603	0,632	0,659	0,689	0,728	0,788	0,856	0,907	0,944	0,976	0,992	1,006	1,023	1,039	1,053	1,070	1,083	1,098	1,113	1,123	1,139	1,142	1,157	1,173	1,186	1,198	1,210	1,217	1,225	1,234	1,253	1,264	1,271	1,279	1,289	1,295	1,303	1,312	1,319	1,326	1,335	1,343	1,347	1,354	1,363	1,370	1,377	1,379	1,382	1,384	1,392	1,397	1,401	1,408	1,404	1,403	1,406	1,410	1,413	1,413	1,417	1,419	1,417	1,416	1,419	1,419	1,421	1,421	1,421	1,425	1,429	1,427	1,431	1,432	1,445	1,440	1,440	1,446	1,438	1,439	1,436	1,436	1,436	1,438	1,435	1,436	1,439	1,435	1,438	1,447	1,444	1,446	1,449	1,446	1,441	1,442	1,442	1,446	1,444	1,449	1,447	1,449	1,449	1,448	1,440	1,437	1,447	1,443	1,438	1,440	1,442	1,437	1,441	1,437	1,440	1,440	1,437	1,438	
B11	0,087	0,087	0,087	0,087	0,086	0,087	0,087	0,087	0,087	0,087	0,086	0,086	0,086	0,086	0,086	0,086	0,086	0,086	0,086	0,086	0,086	0,086	0,086	0,086	0,086	0,086	0,086	0,086	0,086	0,086	0,086	0,086	0,086	0,086	0,086	0,086	0,086	0,086	0,086	0,086	0,086	0,086	0,086	0,086	0,086	0,086	0,086	0,086	0,086	0,086	0,086	0,086	0,086	0,086	0,086	0,086	0,086	0,086	0,086	0,086	0,086	0,086	0,086	0,086	0,086	0,086	0,086	0,087	0,087	0,086	0,086	0,086	0,086	0,086	0,086	0,086	0,086	0,087	0,087	0,086	0,087	0,086	0,087	0,086	0,086	0,087	0,087	0,087	0,086	0,086	0,087	0,086	0,087	0,086	0,087	0,086	0,086	0,087	0,086	0,086	0,087	0,087	0,087	0,087	0,087	0,087	0,087	0,087	0,087	0,086	0,086	0,087	0,087	0,087	0,087	0,086	0,086	0,087	0,087	0,086	0,087	0,086	0,086	0,087	0,087	0,087	0,087	0,087	0,086	0,086	0,087	0,086	0,087	0,086	0,086	0,086	0,087	0,086	0,086	0,087	0,086	0,087	0,086	0,086	0,086	
B12	0,107	0,113	0,119	0,128	0,137	0,162	0,138	0,144	0,157	0,173	0,194	0,217	0,243	0,274	0,306	0,344	0,390	0,435	0,477	0,520	0,557	0,590	0,632	0,667	0,705	0,745	0,784	0,833	0,880	0,927	0,971	1,001	1,021	1,045	1,057	1,071	1,089	1,100	1,111	1,123	1,136	1,153	1,166	1,175	1,184	1,195	1,201	1,214	1,216	1,229	1,244	1,252	1,266	1,277	1,282	1,289	1,293	1,306	1,315	1,315	1,321	1,327	1,337	1,341	1,354	1,359	1,368	1,375	1,376	1,381	1,383	1,393	1,396	1,401	1,401	1,401	1,400	1,405	1,411	1,414	1,418	1,412	1,408	1,410	1,408	1,416	1,413	1,415	1,420	1,414	1,413	1,413	1,413	1,412	1,412	1,410	1,415	1,415	1,411	1,412	1,417	1,425	1,423	1,421	1,428	1,415	1,416	1,412	1,407	1,407	1,411	1,408	1,403	1,410	1,406	1,418	1,426	1,423	1,429	1,425	1,428	1,422	1,426	1,417	1,426	1,427	1,430	1,430	1,433	1,431	1,429	1,423	1,416	1,428	1,422	1,417	1,421	1,425	1,420	1,423	1,422	1,422	1,425	1,424	1,427	
C1	0,121	0,123	0,126	0,132	0,139	0,146	0,157	0,168	0,178	0,189	0,200	0,213	0,227	0,242	0,259	0,282	0,310	0,338	0,362	0,385	0,410	0,435	0,463	0,486	0,504	0,524	0,543	0,560	0,578	0,601	0,621	0,646	0,678	0,714	0,756	0,808	0,850	0,885	0,911	0,921	0,942	0,958	0,972	0,980	0,992	1,002	1,007	1,016	1,018	1,024	1,032	1,042	1,052	1,063	1,067	1,069	1,077	1,090	1,099	1,103	1,111	1,117	1,127	1,136	1,146	1,155	1,162	1,173	1,178	1,185	1,191	1,202	1,211	1,219	1,225	1,226	1,229	1,237	1,242	1,249	1,256	1,253	1,257	1,259	1,265	1,271	1,275	1,278	1,284	1,285	1,287	1,291	1,296	1,301	1,304	1,306	1,313	1,317	1,318	1,323	1,328	1,339	1,339	1,341	1,346	1,342	1,348	1,349	1,349	1,351	1,353	1,357	1,358	1,364	1,363	1,371	1,380	1,379	1,383	1,386	1,388	1,387	1,392	1,391	1,397	1,400	1,401	1,407	1,407	1,409	1,410	1,410	1,410	1,417	1,419	1,419	1,421	1,427	1,426	1,431	1,429	1,432	1,436	1,437	1,441	
C2	0,088	0,088	0,088	0,088	0,088	0,088	0,088	0,088	0,088	0,088	0,088	0,088	0,088	0,088	0,088	0,088	0,088	0,088	0,087	0,087	0,087	0,087	0,087	0,087	0,087	0,087	0,087	0,087	0,087	0,087	0,087	0,087	0,087	0,087	0,087	0,087	0,087	0,087	0,087	0,087	0,087	0,087	0,087	0,087	0,087	0,087	0,087	0,087	0,087	0,087	0,087	0,087	0,087	0,087	0,087	0,087	0,087	0,087	0,087	0,087	0,087	0,087	0,087	0,087	0,087	0,087	0,087	0,087	0,087	0,087	0,087	0,087	0,087	0,087	0,087	0,087	0,087	0,087	0,087	0,087	0,087	0,087	0,087	0,088	0,087	0,087	0,087	0,087	0,087	0,087	0,087	0,087	0,087	0,087	0,087	0,087	0,087	0,088	0,087	0,087	0,088	0,087	0,088	0,087	0,087	0,087	0,088	0,088	0,087	0,087	0,087	0,088	0,087	0,088	0,088	0,087	0,088	0,087	0,088	0,087	0,088	0,087	0,087	0,088	0,087	0,088	0,088	0,087	0,087	0,087	0,088	0,087	0,088	0,088	0,088	0,087	0,087	0,087	0,087	0,088	0,087	0,088	0,087	0,087	0,087	
C3	0,094	0,095	0,095	0,095	0,096	0,098	0,099	0,102	0,106	0,112	0,119	0,131	0,144	0,160	0,181	0,205	0,232	0,263	0,293	0,318	0,339	0,354	0,369	0,385	0,403	0,424	0,442	0,460	0,481	0,507	0,544	0,580	0,623	0,655	0,696	0,737	0,774	0,802	0,838	0,870	0,894	0,920	0,946	0,970	0,994	1,013	1,029	1,045	1,057	1,067	1,080	1,090	1,104	1,120	1,131	1,141	1,152	1,162	1,175	1,179	1,187	1,199	1,206	1,216	1,226	1,233	1,241	1,248	1,257	1,264	1,270	1,276	1,284	1,288	1,295	1,301	1,301	1,311	1,318	1,325	1,331	1,334	1,337	1,343	1,348	1,356	1,358	1,364	1,367	1,372	1,375	1,384	1,386	1,391	1,395	1,398	1,404	1,409	1,411	1,418	1,419	1,429	1,430	1,431	1,436	1,437	1,439	1,442	1,443	1,445	1,452	1,452	1,455	1,459	1,460	1,462	1,469	1,470	1,474	1,475	1,476	1,480	1,482	1,483	1,486	1,488	1,491	1,493	1,495	1,502	1,501	1,500	1,503	1,508	1,508	1,510	1,513	1,514	1,515	1,519	1,520	1,523	1,524	1,526	1,530	
C4	0,090	0,090	0,090	0,090	0,090	0,090	0,090	0,090	0,090	0,090	0,089	0,090	0,089	0,090	0,090	0,090	0,090	0,090	0,089	0,089	0,090	0,090	0,090	0,090	0,089	0,090	0,089	0,089	0,089	0,089	0,089	0,089	0,089	0,089	0,089	0,089	0,089	0,089	0,089	0,089	0,090	0,089	0,089	0,089	0,089	0,089	0,089	0,089	0,089	0,089	0,089	0,089	0,089	0,089	0,089	0,089	0,089	0,089	0,089	0,089	0,089	0,089	0,089	0,090	0,089	0,089	0,089	0,090	0,090	0,090	0,089	0,089	0,089	0,089	0,089	0,089	0,089	0,089	0,090	0,089	0,090	0,089	0,090	0,090	0,090	0,090	0,090	0,089	0,089	0,089	0,090	0,089	0,090	0,090	0,089	0,090	0,089	0,090	0,090	0,089	0,090	0,089	0,089	0,089	0,090	0,090	0,090	0,090	0,090	0,090	0,089	0,090	0,090	0,090	0,090	0,090	0,090	0,090	0,090	0,089	0,090	0,089	0,089	0,090	0,090	0,090	0,090	0,090	0,089	0,090	0,090	0,089	0,090	0,090	0,089	0,089	0,089	0,089	0,089	0,090	0,089	0,090	0,089	0,089	0,089	
C5	0,097	0,097	0,098	0,099	0,101	0,104	0,109	0,114	0,121	0,131	0,144	0,164	0,190	0,224	0,266	0,326	0,372	0,403	0,443	0,480	0,525	0,551	0,587	0,608	0,629	0,631	0,637	0,643	0,660	0,678	0,696	0,711	0,728	0,749	0,766	0,784	0,797	0,813	0,824	0,836	0,850	0,863	0,876	0,888	0,896	0,916	0,926	0,939	0,948	0,961	0,972	0,984	0,994	1,003	1,013	1,027	1,033	1,045	1,051	1,056	1,063	1,068	1,074	1,082	1,090	1,095	1,104	1,112	1,118	1,124	1,128	1,136	1,145	1,150	1,157	1,158	1,163	1,173	1,177	1,183	1,192	1,191	1,196	1,198	1,205	1,211	1,214	1,217	1,224	1,226	1,229	1,234	1,236	1,240	1,244	1,246	1,252	1,257	1,260	1,264	1,268	1,275	1,279	1,279	1,284	1,283	1,290	1,292	1,293	1,296	1,301	1,300	1,304	1,308	1,311	1,314	1,319	1,325	1,329	1,331	1,333	1,336	1,338	1,341	1,344	1,347	1,351	1,356	1,359	1,361	1,364	1,364	1,367	1,371	1,373	1,374	1,377	1,379	1,381	1,385	1,386	1,387	1,390	1,393	1,394	
C6	0,089	0,089	0,089	0,089	0,088	0,088	0,088	0,088	0,088	0,088	0,088	0,088	0,088	0,088	0,088	0,088	0,088	0,088	0,088	0,088	0,088	0,088	0,088	0,088	0,088	0,088	0,088	0,088	0,088	0,088	0,088	0,088	0,088	0,088	0,088	0,088	0,088	0,088	0,088	0,088	0,088	0,088	0,088	0,088	0,088	0,088	0,088	0,088	0,088	0,088	0,088	0,088	0,088	0,088	0,088	0,088	0,088	0,088	0,088	0,088	0,088	0,088	0,088	0,088	0,088	0,088	0,088	0,088	0,088	0,088	0,088	0,088	0,088	0,088	0,088	0,088	0,088	0,088	0,088	0,088	0,088	0,088	0,088	0,088	0,088	0,088	0,088	0,088	0,088	0,088	0,088	0,088	0,088	0,088	0,088	0,088	0,088	0,088	0,088	0,088	0,088	0,088	0,088	0,088	0,088	0,088	0,088	0,088	0,088	0,088	0,088	0,088	0,088	0,088	0,088	0,088	0,088	0,088	0,088	0,088	0,088	0,088	0,088	0,088	0,088	0,088	0,088	0,088	0,088	0,088	0,088	0,088	0,088	0,088	0,088	0,088	0,088	0,088	0,088	0,088	0,088	0,088	0,088	0,088	0,088	
C7	0,091	0,091	0,091	0,091	0,091	0,092	0,093	0,095	0,097	0,100	0,104	0,111	0,120	0,132	0,151	0,175	0,206	0,243	0,282	0,317	0,346	0,379	0,405	0,434	0,470	0,504	0,530	0,560	0,584	0,604	0,630	0,649	0,671	0,691	0,709	0,724	0,738	0,754	0,762	0,774	0,785	0,795	0,806	0,819	0,832	0,846	0,859	0,873	0,881	0,895	0,909	0,923	0,936	0,951	0,961	0,968	0,975	0,986	0,997	1,003	1,012	1,020	1,027	1,037	1,046	1,053	1,063	1,070	1,077	1,083	1,089	1,099	1,109	1,116	1,124	1,126	1,128	1,139	1,143	1,152	1,160	1,159	1,159	1,162	1,167	1,177	1,179	1,185	1,191	1,194	1,195	1,199	1,202	1,208	1,213	1,217	1,224	1,231	1,233	1,237	1,247	1,261	1,266	1,265	1,272	1,265	1,274	1,273	1,273	1,277	1,282	1,283	1,285	1,291	1,292	1,299	1,311	1,318	1,322	1,324	1,326	1,324	1,329	1,328	1,333	1,335	1,343	1,347	1,349	1,353	1,356	1,353	1,355	1,360	1,362	1,362	1,366	1,371	1,370	1,375	1,376	1,378	1,384	1,385	1,387	
C8	0,093	0,093	0,093	0,093	0,093	0,093	0,093	0,093	0,093	0,093	0,093	0,093	0,093	0,093	0,093	0,093	0,093	0,093	0,092	0,092	0,092	0,093	0,092	0,092	0,092	0,092	0,092	0,092	0,092	0,092	0,092	0,092	0,092	0,092	0,092	0,092	0,092	0,092	0,092	0,092	0,092	0,092	0,092	0,092	0,092	0,092	0,092	0,092	0,092	0,092	0,092	0,092	0,092	0,092	0,092	0,092	0,092	0,092	0,092	0,092	0,092	0,092	0,092	0,092	0,092	0,092	0,092	0,092	0,092	0,092	0,092	0,092	0,092	0,092	0,092	0,092	0,092	0,092	0,092	0,092	0,092	0,092	0,092	0,092	0,092	0,092	0,092	0,092	0,092	0,092	0,092	0,092	0,092	0,092	0,092	0,092	0,092	0,092	0,092	0,092	0,092	0,092	0,092	0,092	0,092	0,092	0,092	0,092	0,092	0,092	0,092	0,092	0,092	0,092	0,092	0,092	0,092	0,092	0,092	0,092	0,092	0,092	0,092	0,092	0,092	0,092	0,092	0,092	0,092	0,092	0,092	0,092	0,092	0,092	0,092	0,092	0,092	0,092	0,092	0,092	0,092	0,092	0,092	0,092	0,092	
C9	0,103	0,102	0,103	0,108	0,108	0,110	0,113	0,119	0,127	0,136	0,147	0,163	0,180	0,199	0,220	0,244	0,269	0,296	0,317	0,336	0,354	0,371	0,389	0,409	0,430	0,452	0,474	0,496	0,521	0,555	0,595	0,634	0,678	0,724	0,799	0,889	0,966	1,014	1,052	1,082	1,102	1,122	1,141	1,156	1,172	1,192	1,198	1,210	1,211	1,224	1,235	1,246	1,257	1,269	1,276	1,282	1,289	1,300	1,308	1,310	1,317	1,324	1,331	1,337	1,347	1,353	1,363	1,366	1,373	1,378	1,385	1,393	1,400	1,406	1,409	1,414	1,416	1,426	1,431	1,436	1,444	1,444	1,448	1,452	1,454	1,462	1,464	1,469	1,472	1,476	1,477	1,482	1,487	1,489	1,493	1,495	1,502	1,505	1,508	1,514	1,516	1,524	1,523	1,524	1,527	1,529	1,531	1,532	1,529	1,530	1,538	1,538	1,540	1,543	1,542	1,545	1,551	1,553	1,557	1,557	1,559	1,560	1,562	1,559	1,566	1,566	1,569	1,571	1,573	1,575	1,577	1,574	1,575	1,578	1,579	1,578	1,581	1,583	1,581	1,584	1,584	1,584	1,585	1,585	1,586	
C10	0,095	0,095	0,095	0,095	0,095	0,095	0,095	0,095	0,095	0,095	0,095	0,095	0,095	0,094	0,095	0,095	0,095	0,095	0,094	0,094	0,095	0,095	0,094	0,095	0,094	0,094	0,094	0,094	0,094	0,094	0,094	0,094	0,094	0,094	0,094	0,094	0,094	0,094	0,094	0,094	0,094	0,094	0,094	0,094	0,094	0,094	0,094	0,094	0,094	0,094	0,094	0,094	0,094	0,094	0,094	0,094	0,094	0,094	0,094	0,094	0,094	0,094	0,094	0,094	0,094	0,094	0,094	0,094	0,094	0,094	0,094	0,094	0,094	0,094	0,094	0,094	0,094	0,094	0,094	0,094	0,094	0,094	0,094	0,094	0,094	0,094	0,094	0,094	0,094	0,094	0,094	0,094	0,094	0,094	0,094	0,094	0,094	0,094	0,094	0,094	0,094	0,094	0,094	0,094	0,094	0,094	0,094	0,094	0,094	0,094	0,094	0,094	0,094	0,094	0,094	0,094	0,094	0,094	0,094	0,094	0,094	0,094	0,094	0,094	0,094	0,094	0,094	0,094	0,094	0,094	0,094	0,094	0,094	0,094	0,094	0,093	0,094	0,093	0,094	0,094	0,094	0,094	0,093	0,094	0,094	
C11	0,104	0,107	0,110	0,113	0,119	0,125	0,132	0,140	0,151	0,165	0,179	0,196	0,212	0,228	0,243	0,256	0,268	0,280	0,295	0,306	0,317	0,327	0,335	0,343	0,351	0,360	0,371	0,383	0,396	0,419	0,465	0,564	0,669	0,751	0,789	0,819	0,845	0,862	0,875	0,887	0,898	0,910	0,926	0,942	0,954	0,969	0,981	0,993	1,002	1,014	1,029	1,042	1,053	1,065	1,075	1,083	1,091	1,106	1,119	1,125	1,133	1,141	1,147	1,155	1,165	1,171	1,181	1,186	1,195	1,200	1,204	1,216	1,222	1,228	1,236	1,238	1,242	1,251	1,255	1,264	1,269	1,270	1,271	1,275	1,280	1,290	1,291	1,297	1,303	1,305	1,307	1,310	1,315	1,320	1,325	1,326	1,333	1,339	1,341	1,347	1,354	1,365	1,368	1,368	1,375	1,369	1,375	1,375	1,374	1,377	1,383	1,384	1,384	1,391	1,392	1,399	1,409	1,411	1,416	1,419	1,419	1,420	1,424	1,424	1,430	1,433	1,439	1,442	1,446	1,450	1,452	1,450	1,452	1,457	1,458	1,457	1,464	1,467	1,465	1,470	1,471	1,473	1,480	1,478	1,482	
C12	0,087	0,087	0,086	0,087	0,086	0,087	0,086	0,086	0,086	0,086	0,086	0,086	0,086	0,086	0,086	0,086	0,086	0,086	0,086	0,086	0,086	0,086	0,086	0,086	0,086	0,086	0,086	0,086	0,086	0,086	0,086	0,086	0,086	0,086	0,086	0,086	0,086	0,086	0,086	0,086	0,086	0,086	0,086	0,086	0,086	0,086	0,086	0,086	0,086	0,086	0,086	0,086	0,086	0,086	0,086	0,086	0,086	0,086	0,086	0,086	0,086	0,086	0,086	0,086	0,086	0,086	0,086	0,086	0,087	0,086	0,087	0,086	0,087	0,087	0,086	0,086	0,086	0,086	0,087	0,087	0,087	0,086	0,086	0,087	0,086	0,087	0,087	0,087	0,087	0,086	0,087	0,087	0,087	0,086	0,086	0,087	0,087	0,087	0,087	0,087	0,087	0,087	0,087	0,087	0,087	0,087	0,087	0,087	0,087	0,087	0,087	0,087	0,087	0,087	0,087	0,087	0,087	0,087	0,087	0,087	0,087	0,087	0,087	0,087	0,087	0,087	0,087	0,087	0,087	0,087	0,087	0,087	0,087	0,087	0,087	0,087	0,087	0,087	0,087	0,087	0,087	0,087	0,087	0,087	0,087	
D1	0,089	0,089	0,089	0,089	0,089	0,089	0,089	0,089	0,089	0,089	0,089	0,089	0,091	0,090	0,091	0,089	0,089	0,089	0,089	0,089	0,089	0,089	0,089	0,089	0,089	0,089	0,089	0,089	0,089	0,089	0,089	0,089	0,089	0,089	0,089	0,089	0,089	0,089	0,089	0,089	0,089	0,089	0,089	0,089	0,089	0,089	0,089	0,089	0,089	0,089	0,089	0,089	0,089	0,089	0,089	0,089	0,089	0,089	0,089	0,089	0,089	0,089	0,089	0,089	0,089	0,089	0,089	0,089	0,089	0,089	0,089	0,089	0,089	0,089	0,089	0,089	0,089	0,089	0,089	0,089	0,089	0,089	0,089	0,089	0,089	0,089	0,089	0,089	0,089	0,089	0,089	0,089	0,089	0,089	0,089	0,089	0,089	0,089	0,089	0,089	0,089	0,089	0,089	0,089	0,089	0,089	0,089	0,089	0,089	0,089	0,089	0,089	0,089	0,089	0,089	0,089	0,089	0,089	0,089	0,089	0,089	0,089	0,089	0,089	0,089	0,089	0,089	0,089	0,089	0,089	0,089	0,089	0,089	0,089	0,089	0,089	0,089	0,089	0,089	0,089	0,089	0,089	0,089	0,089	0,089	
D2	0,131	0,136	0,143	0,153	0,166	0,179	0,192	0,223	0,243	0,269	0,293	0,324	0,355	0,390	0,426	0,457	0,485	0,514	0,538	0,563	0,590	0,616	0,645	0,673	0,702	0,739	0,779	0,819	0,856	0,888	0,918	0,931	0,939	0,952	0,959	0,969	0,979	0,983	0,993	1,002	1,008	1,017	1,028	1,035	1,043	1,053	1,061	1,073	1,079	1,089	1,099	1,111	1,120	1,127	1,136	1,145	1,150	1,160	1,170	1,177	1,184	1,189	1,196	1,202	1,209	1,216	1,223	1,229	1,233	1,238	1,243	1,250	1,257	1,263	1,267	1,268	1,276	1,283	1,286	1,291	1,298	1,300	1,303	1,305	1,310	1,315	1,317	1,322	1,328	1,329	1,334	1,333	1,338	1,341	1,345	1,349	1,354	1,359	1,363	1,362	1,372	1,381	1,386	1,384	1,385	1,384	1,394	1,390	1,392	1,394	1,396	1,398	1,398	1,404	1,405	1,409	1,416	1,423	1,425	1,427	1,427	1,426	1,431	1,432	1,434	1,437	1,442	1,447	1,448	1,450	1,452	1,451	1,452	1,457	1,458	1,460	1,463	1,466	1,467	1,471	1,472	1,474	1,477	1,478	1,480	
D3	0,090	0,089	0,089	0,089	0,089	0,089	0,089	0,089	0,089	0,089	0,089	0,089	0,089	0,089	0,089	0,089	0,089	0,089	0,089	0,089	0,089	0,089	0,089	0,089	0,089	0,089	0,089	0,089	0,089	0,089	0,089	0,089	0,089	0,089	0,089	0,089	0,089	0,089	0,089	0,089	0,089	0,089	0,089	0,089	0,089	0,089	0,089	0,089	0,089	0,089	0,089	0,089	0,089	0,089	0,089	0,089	0,089	0,089	0,089	0,089	0,089	0,089	0,089	0,089	0,089	0,089	0,089	0,089	0,089	0,089	0,089	0,089	0,089	0,089	0,089	0,089	0,089	0,089	0,089	0,089	0,089	0,089	0,089	0,089	0,089	0,089	0,089	0,089	0,089	0,089	0,089	0,089	0,089	0,089	0,089	0,089	0,089	0,089	0,089	0,089	0,089	0,089	0,089	0,089	0,089	0,089	0,089	0,089	0,089	0,089	0,089	0,089	0,089	0,089	0,089	0,089	0,089	0,089	0,089	0,089	0,089	0,089	0,089	0,089	0,089	0,089	0,090	0,089	0,089	0,090	0,089	0,089	0,089	0,089	0,089	0,089	0,089	0,089	0,089	0,090	0,089	0,089	0,089	0,089	0,089	
D4	0,090	0,091	0,091	0,091	0,091	0,091	0,092	0,093	0,094	0,096	0,099	0,103	0,110	0,119	0,131	0,149	0,175	0,210	0,255	0,301	0,346	0,391	0,429	0,465	0,497	0,524	0,546	0,561	0,578	0,596	0,608	0,624	0,636	0,656	0,681	0,699	0,717	0,736	0,742	0,759	0,773	0,781	0,785	0,795	0,813	0,827	0,848	0,867	0,887	0,896	0,906	0,919	0,933	0,947	0,959	0,966	0,973	0,982	0,991	0,997	1,003	1,011	1,017	1,024	1,032	1,038	1,045	1,052	1,059	1,065	1,071	1,077	1,086	1,090	1,098	1,103	1,104	1,112	1,118	1,126	1,132	1,134	1,139	1,143	1,147	1,153	1,157	1,160	1,166	1,170	1,174	1,180	1,183	1,187	1,191	1,196	1,202	1,207	1,210	1,216	1,221	1,230	1,236	1,235	1,240	1,240	1,246	1,248	1,251	1,254	1,260	1,261	1,266	1,269	1,274	1,275	1,281	1,289	1,292	1,294	1,294	1,294	1,297	1,299	1,303	1,306	1,310	1,318	1,320	1,319	1,323	1,321	1,322	1,327	1,329	1,329	1,332	1,337	1,337	1,343	1,345	1,345	1,349	1,352	1,353	
D5	0,089	0,089	0,089	0,089	0,089	0,089	0,089	0,089	0,089	0,089	0,089	0,089	0,089	0,089	0,088	0,089	0,089	0,089	0,088	0,088	0,089	0,089	0,088	0,089	0,088	0,088	0,089	0,088	0,088	0,088	0,088	0,089	0,088	0,088	0,088	0,088	0,088	0,088	0,088	0,088	0,089	0,089	0,088	0,089	0,089	0,088	0,088	0,088	0,088	0,089	0,089	0,088	0,088	0,089	0,088	0,088	0,089	0,088	0,089	0,088	0,089	0,088	0,089	0,089	0,089	0,088	0,089	0,089	0,089	0,089	0,088	0,089	0,089	0,089	0,089	0,089	0,089	0,089	0,089	0,089	0,089	0,088	0,089	0,089	0,089	0,089	0,089	0,089	0,089	0,089	0,089	0,088	0,089	0,089	0,089	0,089	0,089	0,089	0,089	0,089	0,089	0,089	0,089	0,089	0,089	0,089	0,089	0,089	0,089	0,089	0,089	0,089	0,089	0,089	0,089	0,089	0,089	0,089	0,089	0,089	0,089	0,089	0,089	0,089	0,089	0,089	0,089	0,089	0,089	0,089	0,089	0,089	0,089	0,089	0,089	0,089	0,089	0,089	0,089	0,089	0,089	0,089	0,089	0,089	0,089	
D6	0,094	0,092	0,092	0,093	0,093	0,094	0,095	0,097	0,100	0,103	0,109	0,117	0,128	0,143	0,161	0,186	0,218	0,257	0,301	0,340	0,376	0,408	0,441	0,478	0,520	0,557	0,581	0,601	0,625	0,657	0,681	0,701	0,731	0,750	0,777	0,800	0,817	0,834	0,850	0,868	0,885	0,894	0,912	0,932	0,948	0,965	0,979	0,994	0,997	1,005	1,014	1,026	1,033	1,038	1,044	1,051	1,058	1,070	1,072	1,078	1,084	1,087	1,093	1,104	1,107	1,119	1,129	1,131	1,134	1,144	1,146	1,158	1,165	1,169	1,175	1,171	1,180	1,194	1,197	1,201	1,209	1,207	1,206	1,209	1,214	1,224	1,223	1,228	1,235	1,233	1,237	1,236	1,242	1,248	1,251	1,254	1,259	1,267	1,269	1,270	1,283	1,294	1,297	1,294	1,295	1,289	1,303	1,299	1,298	1,301	1,304	1,306	1,311	1,315	1,310	1,322	1,330	1,340	1,341	1,343	1,341	1,337	1,343	1,340	1,347	1,350	1,353	1,363	1,363	1,361	1,365	1,359	1,360	1,366	1,363	1,362	1,364	1,369	1,369	1,375	1,377	1,377	1,378	1,382	1,382	
D7	0,088	0,088	0,088	0,088	0,088	0,088	0,088	0,088	0,088	0,088	0,088	0,088	0,088	0,088	0,088	0,088	0,088	0,088	0,088	0,088	0,088	0,088	0,088	0,088	0,088	0,088	0,088	0,088	0,088	0,088	0,087	0,088	0,088	0,088	0,088	0,088	0,088	0,087	0,088	0,088	0,088	0,088	0,088	0,088	0,088	0,088	0,088	0,088	0,088	0,088	0,088	0,088	0,088	0,088	0,087	0,087	0,088	0,088	0,088	0,088	0,088	0,088	0,088	0,088	0,088	0,088	0,088	0,088	0,088	0,088	0,088	0,088	0,088	0,088	0,088	0,088	0,088	0,088	0,088	0,088	0,088	0,088	0,088	0,088	0,088	0,088	0,088	0,088	0,088	0,088	0,088	0,088	0,088	0,088	0,088	0,088	0,088	0,088	0,088	0,088	0,088	0,088	0,088	0,088	0,088	0,088	0,088	0,088	0,088	0,088	0,088	0,088	0,088	0,088	0,088	0,088	0,088	0,088	0,088	0,088	0,088	0,088	0,088	0,088	0,088	0,088	0,088	0,088	0,088	0,088	0,088	0,088	0,088	0,088	0,088	0,088	0,088	0,088	0,088	0,088	0,088	0,088	0,088	0,088	0,088	
D8	0,097	0,097	0,097	0,098	0,099	0,101	0,104	0,108	0,114	0,122	0,134	0,149	0,170	0,196	0,220	0,245	0,284	0,322	0,358	0,380	0,405	0,440	0,480	0,535	0,583	0,618	0,640	0,636	0,653	0,672	0,712	0,763	0,810	0,835	0,848	0,864	0,885	0,898	0,908	0,921	0,937	0,949	0,967	0,982	0,995	1,010	1,021	1,034	1,043	1,057	1,072	1,082	1,092	1,102	1,109	1,119	1,126	1,141	1,149	1,153	1,159	1,165	1,171	1,181	1,185	1,192	1,201	1,205	1,209	1,214	1,218	1,228	1,235	1,241	1,246	1,246	1,251	1,265	1,264	1,270	1,279	1,277	1,281	1,283	1,288	1,295	1,297	1,300	1,306	1,308	1,312	1,315	1,319	1,323	1,326	1,329	1,334	1,341	1,342	1,348	1,354	1,362	1,365	1,366	1,368	1,368	1,374	1,375	1,376	1,376	1,383	1,382	1,386	1,388	1,389	1,395	1,401	1,408	1,411	1,413	1,413	1,414	1,416	1,419	1,423	1,425	1,430	1,436	1,438	1,441	1,444	1,442	1,443	1,449	1,449	1,447	1,453	1,457	1,455	1,460	1,463	1,463	1,465	1,469	1,472	
D9	0,088	0,088	0,088	0,088	0,088	0,088	0,088	0,088	0,088	0,088	0,088	0,088	0,088	0,088	0,088	0,088	0,088	0,088	0,088	0,088	0,088	0,088	0,088	0,088	0,088	0,088	0,088	0,088	0,088	0,088	0,088	0,088	0,088	0,088	0,088	0,088	0,088	0,088	0,088	0,088	0,088	0,088	0,088	0,088	0,088	0,088	0,088	0,088	0,088	0,088	0,088	0,088	0,088	0,088	0,088	0,088	0,088	0,088	0,088	0,088	0,088	0,088	0,088	0,088	0,088	0,088	0,088	0,088	0,088	0,088	0,088	0,088	0,088	0,088	0,088	0,088	0,088	0,088	0,088	0,088	0,088	0,088	0,088	0,088	0,088	0,088	0,088	0,088	0,088	0,088	0,088	0,088	0,088	0,088	0,088	0,088	0,088	0,089	0,088	0,088	0,088	0,088	0,088	0,088	0,088	0,088	0,088	0,088	0,088	0,088	0,088	0,089	0,088	0,088	0,088	0,088	0,089	0,088	0,088	0,088	0,088	0,088	0,088	0,088	0,088	0,088	0,088	0,088	0,088	0,088	0,088	0,088	0,088	0,088	0,088	0,088	0,088	0,088	0,088	0,088	0,088	0,088	0,088	0,088	0,088	
D10	0,100	0,101	0,102	0,103	0,106	0,110	0,114	0,121	0,129	0,141	0,154	0,169	0,185	0,201	0,217	0,232	0,246	0,262	0,278	0,294	0,309	0,324	0,337	0,349	0,362	0,374	0,386	0,399	0,413	0,430	0,453	0,483	0,524	0,584	0,664	0,753	0,821	0,869	0,906	0,933	0,959	0,981	1,004	1,023	1,042	1,065	1,080	1,100	1,108	1,127	1,145	1,161	1,173	1,186	1,195	1,205	1,214	1,226	1,234	1,241	1,250	1,257	1,263	1,269	1,275	1,279	1,287	1,290	1,294	1,298	1,303	1,308	1,315	1,319	1,324	1,326	1,329	1,337	1,341	1,347	1,353	1,353	1,355	1,359	1,362	1,368	1,372	1,374	1,378	1,381	1,383	1,386	1,389	1,392	1,395	1,397	1,402	1,406	1,407	1,413	1,414	1,422	1,424	1,425	1,430	1,428	1,433	1,434	1,434	1,436	1,439	1,440	1,444	1,444	1,447	1,451	1,453	1,457	1,460	1,462	1,464	1,464	1,467	1,467	1,472	1,473	1,476	1,480	1,481	1,485	1,486	1,487	1,489	1,492	1,494	1,494	1,498	1,499	1,500	1,504	1,506	1,506	1,508	1,510	1,512	
D11	0,087	0,087	0,087	0,087	0,087	0,087	0,087	0,087	0,087	0,087	0,086	0,087	0,086	0,087	0,086	0,087	0,086	0,087	0,086	0,086	0,087	0,087	0,086	0,086	0,086	0,087	0,087	0,086	0,086	0,086	0,086	0,086	0,086	0,087	0,087	0,087	0,086	0,086	0,086	0,086	0,087	0,086	0,086	0,086	0,087	0,087	0,086	0,087	0,086	0,086	0,086	0,086	0,087	0,087	0,086	0,086	0,087	0,087	0,086	0,087	0,087	0,087	0,087	0,087	0,087	0,087	0,087	0,087	0,087	0,087	0,087	0,087	0,087	0,087	0,087	0,087	0,087	0,087	0,087	0,087	0,087	0,087	0,087	0,087	0,087	0,087	0,087	0,087	0,087	0,087	0,087	0,087	0,087	0,087	0,087	0,087	0,087	0,087	0,087	0,087	0,087	0,087	0,087	0,087	0,087	0,087	0,087	0,087	0,087	0,087	0,087	0,087	0,087	0,087	0,087	0,087	0,087	0,087	0,087	0,087	0,087	0,087	0,087	0,087	0,087	0,087	0,087	0,087	0,087	0,087	0,087	0,087	0,087	0,087	0,087	0,087	0,087	0,087	0,087	0,087	0,087	0,087	0,087	0,087	0,087	
D12	0,110	0,113	0,118	0,124	0,132	0,142	0,154	0,169	0,181	0,197	0,215	0,232	0,247	0,262	0,277	0,293	0,310	0,327	0,345	0,360	0,378	0,394	0,415	0,431	0,457	0,496	0,548	0,595	0,635	0,673	0,716	0,791	0,868	0,947	0,984	1,007	1,024	1,040	1,057	1,070	1,084	1,098	1,113	1,125	1,137	1,151	1,160	1,176	1,181	1,190	1,205	1,216	1,226	1,241	1,246	1,250	1,258	1,274	1,282	1,284	1,289	1,294	1,300	1,304	1,315	1,319	1,326	1,332	1,337	1,339	1,342	1,353	1,357	1,363	1,367	1,369	1,370	1,377	1,382	1,389	1,394	1,393	1,391	1,394	1,396	1,405	1,406	1,411	1,414	1,413	1,414	1,414	1,417	1,421	1,422	1,423	1,428	1,433	1,431	1,435	1,440	1,449	1,450	1,451	1,457	1,449	1,454	1,451	1,451	1,452	1,455	1,457	1,454	1,460	1,460	1,468	1,475	1,476	1,480	1,481	1,482	1,480	1,483	1,482	1,488	1,491	1,494	1,496	1,499	1,501	1,503	1,499	1,497	1,506	1,504	1,504	1,507	1,511	1,509	1,513	1,513	1,515	1,519	1,519	1,520	
E1	0,089	0,089	0,089	0,089	0,089	0,089	0,089	0,089	0,089	0,089	0,089	0,089	0,089	0,089	0,089	0,089	0,089	0,089	0,089	0,089	0,089	0,089	0,089	0,089	0,089	0,089	0,089	0,089	0,089	0,089	0,089	0,089	0,089	0,089	0,089	0,089	0,089	0,089	0,089	0,089	0,089	0,089	0,089	0,089	0,089	0,089	0,089	0,089	0,089	0,089	0,089	0,089	0,089	0,089	0,089	0,089	0,089	0,089	0,089	0,089	0,089	0,089	0,089	0,089	0,089	0,089	0,089	0,089	0,089	0,089	0,089	0,089	0,089	0,089	0,089	0,089	0,089	0,089	0,089	0,089	0,089	0,089	0,089	0,089	0,089	0,089	0,089	0,089	0,089	0,089	0,089	0,089	0,089	0,089	0,089	0,089	0,089	0,089	0,089	0,089	0,089	0,089	0,089	0,089	0,090	0,089	0,090	0,090	0,090	0,090	0,090	0,090	0,090	0,090	0,090	0,090	0,091	0,091	0,091	0,092	0,092	0,093	0,093	0,094	0,095	0,096	0,097	0,098	0,099	0,101	0,103	0,104	0,107	0,109	0,112	0,116	0,119	0,122	0,126	0,130	0,133	0,139	0,144	0,149	0,156	
E2	0,089	0,089	0,088	0,089	0,088	0,088	0,088	0,088	0,088	0,088	0,088	0,088	0,088	0,088	0,088	0,088	0,088	0,088	0,088	0,088	0,088	0,088	0,088	0,088	0,088	0,088	0,088	0,088	0,088	0,088	0,088	0,088	0,088	0,088	0,088	0,088	0,088	0,088	0,088	0,088	0,088	0,088	0,088	0,088	0,088	0,088	0,088	0,088	0,088	0,088	0,088	0,088	0,088	0,088	0,088	0,088	0,088	0,088	0,088	0,088	0,088	0,088	0,088	0,088	0,088	0,088	0,088	0,088	0,088	0,088	0,088	0,088	0,088	0,088	0,088	0,088	0,088	0,088	0,088	0,088	0,088	0,088	0,088	0,088	0,088	0,088	0,088	0,088	0,088	0,088	0,088	0,088	0,088	0,088	0,088	0,088	0,088	0,088	0,088	0,088	0,088	0,088	0,088	0,088	0,088	0,088	0,088	0,088	0,089	0,088	0,088	0,089	0,088	0,089	0,089	0,088	0,089	0,088	0,088	0,088	0,089	0,088	0,088	0,088	0,089	0,089	0,088	0,089	0,088	0,089	0,089	0,088	0,088	0,089	0,089	0,088	0,088	0,089	0,088	0,089	0,089	0,089	0,089	0,088	0,088	
E3	0,095	0,095	0,095	0,095	0,095	0,095	0,095	0,095	0,095	0,095	0,095	0,095	0,095	0,095	0,095	0,096	0,096	0,096	0,096	0,096	0,096	0,096	0,096	0,096	0,096	0,096	0,096	0,096	0,096	0,097	0,097	0,097	0,097	0,097	0,097	0,098	0,098	0,098	0,098	0,099	0,099	0,100	0,100	0,101	0,102	0,103	0,104	0,105	0,107	0,109	0,111	0,114	0,117	0,120	0,124	0,129	0,134	0,139	0,144	0,150	0,157	0,165	0,173	0,182	0,192	0,201	0,211	0,223	0,236	0,248	0,262	0,273	0,289	0,301	0,317	0,328	0,336	0,350	0,364	0,380	0,387	0,402	0,407	0,415	0,428	0,442	0,449	0,463	0,475	0,488	0,502	0,512	0,518	0,529	0,535	0,549	0,561	0,571	0,574	0,583	0,590	0,601	0,611	0,617	0,624	0,624	0,630	0,633	0,633	0,633	0,639	0,640	0,647	0,649	0,647	0,655	0,662	0,673	0,683	0,690	0,694	0,699	0,700	0,703	0,706	0,710	0,716	0,725	0,731	0,734	0,736	0,733	0,737	0,736	0,738	0,738	0,740	0,745	0,744	0,749	0,752	0,753	0,756	0,760	0,764	
E4	0,088	0,088	0,088	0,088	0,088	0,087	0,087	0,087	0,088	0,088	0,087	0,088	0,088	0,087	0,087	0,088	0,088	0,087	0,087	0,087	0,087	0,088	0,088	0,088	0,087	0,088	0,088	0,087	0,087	0,088	0,087	0,088	0,087	0,088	0,088	0,088	0,088	0,087	0,088	0,088	0,088	0,088	0,087	0,088	0,088	0,088	0,088	0,088	0,088	0,088	0,088	0,088	0,088	0,088	0,088	0,088	0,088	0,088	0,088	0,088	0,088	0,088	0,088	0,088	0,088	0,088	0,088	0,088	0,088	0,088	0,088	0,088	0,088	0,088	0,088	0,088	0,088	0,088	0,088	0,088	0,088	0,088	0,088	0,088	0,088	0,088	0,088	0,088	0,088	0,088	0,088	0,088	0,088	0,088	0,088	0,088	0,088	0,088	0,088	0,088	0,088	0,088	0,088	0,088	0,088	0,088	0,088	0,088	0,088	0,088	0,088	0,088	0,088	0,088	0,088	0,088	0,088	0,088	0,088	0,088	0,088	0,088	0,088	0,088	0,088	0,088	0,088	0,089	0,088	0,088	0,089	0,088	0,089	0,089	0,088	0,088	0,088	0,088	0,088	0,089	0,089	0,089	0,088	0,088	0,088	
E5	0,091	0,091	0,091	0,091	0,091	0,091	0,091	0,092	0,091	0,091	0,091	0,092	0,091	0,091	0,091	0,091	0,091	0,092	0,091	0,091	0,091	0,091	0,092	0,092	0,091	0,092	0,092	0,092	0,092	0,092	0,092	0,093	0,093	0,094	0,094	0,095	0,096	0,096	0,098	0,099	0,100	0,101	0,103	0,104	0,107	0,109	0,111	0,114	0,117	0,121	0,126	0,131	0,136	0,142	0,149	0,158	0,169	0,180	0,194	0,210	0,229	0,250	0,270	0,289	0,307	0,321	0,337	0,351	0,366	0,379	0,391	0,398	0,407	0,412	0,418	0,428	0,433	0,439	0,446	0,456	0,460	0,466	0,472	0,477	0,483	0,491	0,496	0,503	0,509	0,516	0,522	0,529	0,535	0,542	0,547	0,553	0,559	0,567	0,571	0,581	0,586	0,594	0,600	0,606	0,613	0,615	0,619	0,625	0,628	0,630	0,637	0,639	0,643	0,644	0,647	0,652	0,658	0,666	0,674	0,677	0,679	0,680	0,679	0,680	0,684	0,685	0,688	0,697	0,700	0,699	0,702	0,699	0,699	0,701	0,701	0,698	0,701	0,705	0,704	0,708	0,709	0,709	0,712	0,716	0,715	
E6	0,088	0,088	0,088	0,088	0,087	0,087	0,087	0,087	0,087	0,087	0,087	0,087	0,087	0,087	0,087	0,087	0,087	0,087	0,087	0,087	0,087	0,087	0,087	0,087	0,087	0,087	0,087	0,087	0,087	0,087	0,087	0,087	0,087	0,087	0,087	0,087	0,087	0,086	0,087	0,087	0,087	0,087	0,087	0,087	0,087	0,087	0,087	0,087	0,087	0,087	0,087	0,087	0,087	0,087	0,087	0,087	0,087	0,087	0,087	0,087	0,087	0,087	0,087	0,087	0,087	0,087	0,087	0,087	0,087	0,087	0,087	0,087	0,087	0,087	0,087	0,087	0,087	0,087	0,087	0,087	0,087	0,087	0,087	0,087	0,087	0,087	0,087	0,087	0,087	0,087	0,087	0,087	0,087	0,087	0,087	0,087	0,087	0,087	0,087	0,087	0,087	0,087	0,087	0,087	0,087	0,087	0,087	0,087	0,087	0,087	0,087	0,087	0,087	0,087	0,087	0,087	0,087	0,087	0,087	0,087	0,087	0,087	0,087	0,087	0,087	0,087	0,087	0,087	0,087	0,087	0,087	0,087	0,087	0,087	0,087	0,087	0,087	0,087	0,087	0,087	0,087	0,087	0,087	0,087	0,087	
E7	0,092	0,092	0,092	0,092	0,092	0,092	0,093	0,092	0,092	0,093	0,094	0,094	0,095	0,096	0,097	0,098	0,099	0,100	0,101	0,102	0,103	0,104	0,106	0,108	0,111	0,113	0,115	0,117	0,121	0,126	0,131	0,138	0,146	0,157	0,165	0,176	0,187	0,196	0,204	0,210	0,217	0,220	0,226	0,233	0,237	0,246	0,252	0,261	0,265	0,272	0,283	0,295	0,303	0,314	0,324	0,339	0,344	0,362	0,370	0,378	0,390	0,403	0,411	0,424	0,428	0,448	0,458	0,472	0,472	0,485	0,492	0,509	0,525	0,540	0,550	0,551	0,572	0,583	0,585	0,585	0,607	0,608	0,616	0,619	0,626	0,636	0,638	0,644	0,654	0,656	0,664	0,661	0,668	0,673	0,678	0,682	0,688	0,695	0,699	0,699	0,713	0,722	0,732	0,730	0,728	0,728	0,736	0,730	0,729	0,729	0,730	0,730	0,731	0,733	0,731	0,738	0,744	0,755	0,760	0,763	0,762	0,758	0,760	0,758	0,761	0,764	0,769	0,779	0,782	0,781	0,784	0,779	0,779	0,782	0,781	0,776	0,779	0,787	0,785	0,791	0,793	0,792	0,797	0,803	0,803	
E8	0,092	0,092	0,092	0,092	0,092	0,091	0,091	0,092	0,092	0,091	0,091	0,091	0,091	0,091	0,091	0,091	0,091	0,091	0,091	0,091	0,091	0,091	0,091	0,091	0,091	0,091	0,091	0,091	0,091	0,091	0,091	0,091	0,091	0,091	0,091	0,091	0,091	0,091	0,091	0,091	0,091	0,091	0,091	0,091	0,091	0,091	0,091	0,091	0,091	0,091	0,091	0,091	0,091	0,091	0,091	0,091	0,090	0,091	0,091	0,091	0,091	0,090	0,091	0,091	0,091	0,091	0,091	0,091	0,091	0,091	0,091	0,091	0,091	0,091	0,090	0,090	0,091	0,091	0,091	0,091	0,091	0,090	0,091	0,091	0,090	0,091	0,091	0,090	0,091	0,090	0,091	0,090	0,090	0,090	0,091	0,090	0,090	0,091	0,091	0,090	0,091	0,090	0,091	0,091	0,091	0,090	0,091	0,091	0,091	0,090	0,090	0,091	0,091	0,091	0,091	0,090	0,091	0,091	0,091	0,091	0,091	0,090	0,090	0,091	0,091	0,091	0,090	0,091	0,091	0,090	0,091	0,090	0,091	0,090	0,091	0,090	0,090	0,090	0,090	0,091	0,090	0,091	0,090	0,090	0,090	
E9	0,093	0,093	0,093	0,094	0,094	0,094	0,094	0,094	0,095	0,095	0,095	0,095	0,095	0,095	0,095	0,095	0,095	0,095	0,095	0,096	0,096	0,096	0,096	0,097	0,097	0,099	0,100	0,101	0,102	0,103	0,105	0,107	0,109	0,113	0,117	0,120	0,123	0,128	0,134	0,138	0,146	0,152	0,162	0,170	0,183	0,195	0,213	0,228	0,244	0,256	0,270	0,288	0,308	0,323	0,345	0,360	0,377	0,384	0,391	0,406	0,421	0,442	0,456	0,453	0,463	0,468	0,471	0,473	0,477	0,482	0,485	0,488	0,494	0,499	0,505	0,511	0,514	0,521	0,527	0,535	0,545	0,553	0,558	0,564	0,571	0,577	0,582	0,587	0,592	0,597	0,601	0,607	0,611	0,614	0,618	0,622	0,626	0,631	0,635	0,636	0,642	0,649	0,657	0,660	0,663	0,665	0,667	0,667	0,668	0,669	0,669	0,671	0,670	0,674	0,675	0,677	0,682	0,689	0,693	0,696	0,699	0,698	0,702	0,702	0,706	0,708	0,712	0,717	0,721	0,723	0,727	0,726	0,727	0,731	0,732	0,732	0,735	0,739	0,740	0,746	0,747	0,752	0,756	0,760	0,761	
E10	0,094	0,093	0,093	0,093	0,093	0,093	0,093	0,093	0,093	0,093	0,093	0,093	0,093	0,093	0,093	0,093	0,093	0,093	0,093	0,093	0,093	0,093	0,093	0,093	0,093	0,093	0,093	0,093	0,093	0,093	0,093	0,093	0,093	0,093	0,093	0,093	0,093	0,093	0,093	0,093	0,093	0,093	0,093	0,093	0,093	0,093	0,093	0,093	0,093	0,093	0,093	0,093	0,093	0,093	0,093	0,093	0,093	0,093	0,093	0,093	0,093	0,093	0,093	0,093	0,093	0,093	0,093	0,094	0,094	0,093	0,093	0,093	0,093	0,093	0,093	0,093	0,093	0,093	0,093	0,093	0,093	0,093	0,093	0,094	0,093	0,093	0,094	0,093	0,094	0,093	0,093	0,093	0,093	0,093	0,093	0,093	0,093	0,093	0,093	0,093	0,094	0,094	0,094	0,093	0,094	0,094	0,094	0,094	0,094	0,093	0,093	0,094	0,094	0,094	0,093	0,093	0,094	0,094	0,094	0,094	0,094	0,093	0,093	0,093	0,093	0,094	0,093	0,094	0,094	0,094	0,094	0,094	0,094	0,094	0,094	0,094	0,094	0,093	0,094	0,094	0,093	0,094	0,093	0,094	0,094	
E11	0,094	0,095	0,095	0,095	0,096	0,096	0,097	0,097	0,098	0,099	0,098	0,098	0,097	0,097	0,097	0,097	0,097	0,097	0,097	0,097	0,097	0,098	0,098	0,098	0,099	0,100	0,101	0,102	0,103	0,104	0,106	0,108	0,110	0,113	0,116	0,120	0,123	0,127	0,132	0,137	0,143	0,148	0,155	0,163	0,172	0,181	0,191	0,204	0,217	0,234	0,251	0,265	0,282	0,300	0,313	0,326	0,342	0,354	0,374	0,386	0,397	0,405	0,414	0,421	0,429	0,434	0,444	0,451	0,461	0,468	0,476	0,482	0,491	0,503	0,512	0,520	0,528	0,535	0,544	0,556	0,567	0,574	0,579	0,584	0,591	0,599	0,605	0,613	0,622	0,628	0,634	0,637	0,641	0,646	0,652	0,656	0,665	0,671	0,676	0,678	0,686	0,694	0,702	0,706	0,712	0,710	0,718	0,714	0,714	0,716	0,718	0,719	0,718	0,721	0,721	0,727	0,738	0,747	0,756	0,759	0,765	0,763	0,771	0,769	0,775	0,779	0,787	0,791	0,798	0,801	0,805	0,803	0,803	0,811	0,814	0,816	0,824	0,832	0,831	0,838	0,841	0,842	0,852	0,856	0,859	
E12	0,088	0,088	0,088	0,088	0,088	0,088	0,088	0,088	0,088	0,088	0,088	0,088	0,088	0,088	0,088	0,088	0,088	0,088	0,087	0,087	0,088	0,088	0,088	0,088	0,087	0,088	0,088	0,088	0,087	0,087	0,087	0,088	0,088	0,088	0,088	0,088	0,088	0,087	0,087	0,087	0,088	0,088	0,088	0,088	0,088	0,088	0,088	0,088	0,088	0,087	0,088	0,088	0,088	0,088	0,088	0,088	0,088	0,088	0,088	0,088	0,088	0,088	0,088	0,088	0,088	0,088	0,088	0,088	0,088	0,088	0,088	0,088	0,088	0,088	0,088	0,088	0,088	0,088	0,088	0,088	0,088	0,088	0,088	0,088	0,088	0,088	0,088	0,088	0,088	0,088	0,088	0,088	0,088	0,088	0,088	0,088	0,088	0,088	0,088	0,088	0,088	0,088	0,088	0,088	0,088	0,088	0,088	0,088	0,088	0,088	0,088	0,088	0,088	0,088	0,088	0,088	0,088	0,088	0,088	0,088	0,088	0,088	0,088	0,088	0,088	0,088	0,088	0,088	0,088	0,088	0,088	0,088	0,088	0,089	0,088	0,088	0,088	0,088	0,088	0,088	0,088	0,088	0,088	0,088	0,088	
F1	0,090	0,089	0,089	0,089	0,089	0,089	0,089	0,089	0,089	0,089	0,089	0,089	0,089	0,089	0,089	0,089	0,089	0,089	0,089	0,089	0,089	0,089	0,089	0,089	0,088	0,089	0,089	0,089	0,089	0,089	0,089	0,089	0,089	0,089	0,089	0,089	0,089	0,089	0,089	0,089	0,089	0,089	0,089	0,089	0,089	0,089	0,089	0,089	0,089	0,089	0,089	0,089	0,089	0,089	0,089	0,089	0,089	0,089	0,089	0,089	0,089	0,089	0,089	0,089	0,089	0,089	0,089	0,089	0,089	0,089	0,089	0,089	0,089	0,089	0,089	0,089	0,089	0,089	0,089	0,089	0,089	0,089	0,089	0,089	0,089	0,089	0,089	0,089	0,089	0,089	0,089	0,089	0,089	0,089	0,089	0,089	0,089	0,089	0,089	0,089	0,089	0,089	0,089	0,089	0,089	0,089	0,089	0,089	0,089	0,089	0,089	0,090	0,089	0,089	0,089	0,089	0,089	0,089	0,089	0,089	0,089	0,089	0,089	0,089	0,089	0,090	0,089	0,089	0,089	0,089	0,089	0,089	0,089	0,089	0,089	0,089	0,089	0,089	0,089	0,090	0,089	0,090	0,089	0,089	0,089	
F2	0,100	0,100	0,100	0,100	0,101	0,102	0,102	0,103	0,105	0,107	0,111	0,116	0,122	0,130	0,140	0,152	0,166	0,179	0,195	0,212	0,232	0,257	0,281	0,316	0,337	0,360	0,390	0,415	0,443	0,469	0,493	0,510	0,528	0,547	0,563	0,580	0,594	0,609	0,623	0,636	0,647	0,663	0,676	0,690	0,702	0,715	0,728	0,740	0,750	0,762	0,775	0,786	0,796	0,805	0,810	0,816	0,823	0,830	0,837	0,842	0,848	0,855	0,863	0,874	0,881	0,888	0,897	0,905	0,915	0,922	0,932	0,941	0,954	0,965	0,978	0,986	0,996	1,008	1,017	1,028	1,039	1,047	1,056	1,062	1,070	1,079	1,087	1,095	1,104	1,112	1,119	1,124	1,131	1,137	1,145	1,152	1,160	1,167	1,173	1,177	1,187	1,194	1,204	1,209	1,214	1,216	1,223	1,226	1,230	1,234	1,236	1,241	1,244	1,249	1,252	1,256	1,261	1,269	1,277	1,282	1,290	1,296	1,305	1,310	1,316	1,321	1,328	1,333	1,339	1,343	1,347	1,348	1,349	1,353	1,358	1,360	1,366	1,373	1,376	1,381	1,384	1,388	1,394	1,396	1,398	
F3	0,087	0,087	0,087	0,087	0,087	0,087	0,087	0,087	0,087	0,087	0,087	0,087	0,087	0,087	0,087	0,087	0,087	0,087	0,086	0,086	0,087	0,087	0,086	0,087	0,086	0,086	0,086	0,087	0,086	0,087	0,086	0,086	0,086	0,086	0,086	0,087	0,086	0,086	0,086	0,086	0,087	0,086	0,086	0,086	0,087	0,087	0,086	0,087	0,086	0,086	0,086	0,086	0,086	0,087	0,086	0,086	0,086	0,087	0,087	0,086	0,086	0,086	0,087	0,087	0,087	0,087	0,087	0,086	0,087	0,087	0,086	0,087	0,087	0,087	0,087	0,087	0,087	0,087	0,087	0,086	0,087	0,086	0,087	0,087	0,086	0,087	0,087	0,086	0,087	0,086	0,087	0,087	0,087	0,087	0,087	0,087	0,086	0,087	0,087	0,087	0,087	0,087	0,087	0,087	0,087	0,087	0,087	0,087	0,087	0,087	0,087	0,087	0,087	0,087	0,087	0,087	0,087	0,087	0,087	0,087	0,087	0,087	0,087	0,087	0,087	0,087	0,087	0,087	0,087	0,087	0,087	0,087	0,087	0,087	0,087	0,087	0,087	0,087	0,087	0,087	0,087	0,087	0,087	0,087	0,087	
F4	0,098	0,098	0,099	0,099	0,100	0,102	0,104	0,107	0,111	0,116	0,122	0,131	0,142	0,153	0,167	0,182	0,198	0,216	0,236	0,258	0,284	0,308	0,330	0,354	0,379	0,403	0,422	0,438	0,455	0,471	0,486	0,501	0,514	0,527	0,537	0,548	0,561	0,574	0,586	0,598	0,609	0,621	0,634	0,647	0,659	0,671	0,681	0,694	0,701	0,709	0,716	0,725	0,732	0,741	0,751	0,763	0,773	0,786	0,801	0,817	0,835	0,849	0,865	0,880	0,893	0,913	0,927	0,942	0,954	0,969	0,979	0,997	1,010	1,022	1,034	1,042	1,055	1,068	1,078	1,086	1,098	1,105	1,113	1,119	1,129	1,139	1,147	1,155	1,163	1,167	1,175	1,177	1,184	1,190	1,197	1,203	1,209	1,214	1,221	1,223	1,233	1,240	1,249	1,253	1,257	1,261	1,267	1,268	1,272	1,276	1,279	1,284	1,288	1,294	1,299	1,305	1,315	1,323	1,331	1,337	1,341	1,342	1,347	1,349	1,352	1,355	1,360	1,365	1,369	1,371	1,375	1,378	1,379	1,383	1,385	1,387	1,392	1,398	1,399	1,403	1,406	1,409	1,413	1,419	1,422	
F5	0,089	0,089	0,089	0,089	0,089	0,089	0,089	0,089	0,089	0,089	0,088	0,089	0,089	0,088	0,089	0,089	0,089	0,089	0,088	0,088	0,089	0,089	0,088	0,089	0,088	0,089	0,089	0,088	0,088	0,089	0,088	0,088	0,088	0,089	0,088	0,089	0,089	0,088	0,088	0,089	0,089	0,089	0,088	0,089	0,089	0,089	0,088	0,089	0,089	0,089	0,088	0,088	0,089	0,089	0,088	0,088	0,088	0,088	0,089	0,088	0,089	0,088	0,088	0,088	0,089	0,089	0,089	0,089	0,089	0,089	0,089	0,089	0,089	0,089	0,089	0,089	0,089	0,089	0,089	0,089	0,089	0,088	0,089	0,089	0,089	0,089	0,089	0,089	0,089	0,089	0,089	0,089	0,089	0,088	0,088	0,089	0,088	0,089	0,089	0,089	0,089	0,089	0,089	0,088	0,089	0,089	0,089	0,089	0,089	0,089	0,089	0,089	0,089	0,089	0,089	0,088	0,089	0,089	0,089	0,089	0,089	0,089	0,089	0,089	0,089	0,089	0,089	0,089	0,089	0,089	0,089	0,089	0,089	0,089	0,089	0,089	0,089	0,089	0,089	0,089	0,089	0,089	0,088	0,089	0,089	
F6	0,091	0,091	0,092	0,092	0,093	0,094	0,095	0,097	0,100	0,102	0,105	0,109	0,115	0,123	0,133	0,145	0,159	0,176	0,194	0,215	0,235	0,260	0,286	0,310	0,332	0,358	0,381	0,402	0,419	0,435	0,450	0,465	0,479	0,493	0,502	0,513	0,524	0,534	0,545	0,554	0,567	0,577	0,591	0,603	0,616	0,630	0,643	0,658	0,667	0,676	0,685	0,694	0,702	0,711	0,720	0,727	0,734	0,746	0,753	0,762	0,769	0,779	0,787	0,795	0,809	0,826	0,839	0,852	0,866	0,876	0,888	0,905	0,918	0,933	0,947	0,953	0,965	0,975	0,986	0,997	1,008	1,016	1,022	1,027	1,036	1,043	1,052	1,060	1,067	1,076	1,081	1,086	1,092	1,098	1,106	1,112	1,119	1,127	1,132	1,137	1,145	1,154	1,163	1,166	1,171	1,177	1,182	1,185	1,190	1,194	1,198	1,201	1,206	1,215	1,221	1,229	1,237	1,249	1,258	1,264	1,269	1,274	1,280	1,281	1,288	1,290	1,296	1,304	1,310	1,314	1,320	1,323	1,326	1,331	1,332	1,335	1,340	1,343	1,346	1,350	1,353	1,358	1,364	1,369	1,373	
F7	0,088	0,088	0,088	0,088	0,088	0,088	0,088	0,088	0,088	0,088	0,087	0,088	0,087	0,087	0,087	0,087	0,088	0,088	0,087	0,087	0,088	0,088	0,087	0,087	0,087	0,087	0,087	0,087	0,087	0,087	0,087	0,087	0,087	0,088	0,087	0,087	0,087	0,087	0,087	0,087	0,087	0,087	0,087	0,087	0,087	0,087	0,087	0,088	0,087	0,087	0,087	0,087	0,087	0,088	0,087	0,087	0,087	0,087	0,087	0,087	0,087	0,087	0,087	0,087	0,087	0,087	0,088	0,087	0,087	0,087	0,088	0,087	0,087	0,088	0,087	0,087	0,087	0,087	0,087	0,087	0,088	0,087	0,087	0,088	0,087	0,088	0,088	0,088	0,088	0,087	0,088	0,087	0,088	0,087	0,087	0,087	0,087	0,088	0,088	0,087	0,088	0,088	0,088	0,088	0,088	0,088	0,088	0,088	0,088	0,088	0,088	0,088	0,088	0,088	0,088	0,088	0,088	0,088	0,088	0,088	0,088	0,087	0,087	0,088	0,088	0,088	0,088	0,088	0,088	0,088	0,088	0,088	0,088	0,088	0,088	0,088	0,088	0,088	0,088	0,088	0,088	0,088	0,088	0,088	0,088	
F8	0,093	0,093	0,094	0,095	0,096	0,096	0,097	0,098	0,100	0,104	0,108	0,114	0,122	0,133	0,147	0,164	0,184	0,208	0,232	0,263	0,292	0,318	0,345	0,375	0,404	0,430	0,452	0,470	0,490	0,508	0,525	0,539	0,551	0,564	0,576	0,590	0,602	0,616	0,629	0,643	0,658	0,673	0,684	0,694	0,703	0,713	0,723	0,734	0,745	0,757	0,770	0,784	0,799	0,816	0,832	0,849	0,864	0,879	0,895	0,907	0,921	0,935	0,949	0,963	0,978	0,990	1,002	1,016	1,037	1,054	1,070	1,086	1,103	1,119	1,134	1,147	1,156	1,168	1,181	1,196	1,207	1,216	1,227	1,236	1,244	1,256	1,262	1,274	1,282	1,289	1,296	1,308	1,315	1,323	1,329	1,335	1,343	1,352	1,355	1,363	1,367	1,376	1,381	1,385	1,393	1,393	1,399	1,401	1,402	1,406	1,413	1,415	1,421	1,423	1,423	1,427	1,435	1,440	1,444	1,447	1,450	1,454	1,456	1,455	1,462	1,463	1,467	1,469	1,473	1,477	1,478	1,476	1,478	1,483	1,483	1,484	1,486	1,487	1,486	1,490	1,490	1,491	1,494	1,494	1,497	
F9	0,088	0,088	0,088	0,088	0,088	0,088	0,088	0,088	0,088	0,088	0,087	0,087	0,087	0,087	0,087	0,088	0,087	0,088	0,087	0,087	0,087	0,087	0,087	0,087	0,087	0,088	0,088	0,087	0,087	0,087	0,087	0,087	0,087	0,088	0,088	0,088	0,087	0,087	0,088	0,087	0,088	0,087	0,087	0,088	0,088	0,088	0,087	0,088	0,088	0,088	0,088	0,088	0,088	0,088	0,088	0,087	0,088	0,088	0,088	0,088	0,088	0,088	0,088	0,088	0,088	0,088	0,088	0,088	0,088	0,088	0,088	0,088	0,088	0,088	0,088	0,088	0,088	0,088	0,088	0,088	0,088	0,088	0,088	0,088	0,088	0,088	0,088	0,088	0,088	0,088	0,088	0,088	0,088	0,088	0,088	0,088	0,088	0,088	0,088	0,088	0,088	0,088	0,088	0,088	0,088	0,088	0,088	0,088	0,088	0,088	0,088	0,088	0,088	0,088	0,088	0,088	0,088	0,088	0,088	0,088	0,088	0,088	0,088	0,088	0,088	0,088	0,088	0,088	0,088	0,088	0,088	0,088	0,088	0,088	0,088	0,088	0,088	0,088	0,088	0,088	0,088	0,088	0,088	0,088	0,088	
F10	0,099	0,099	0,099	0,100	0,102	0,101	0,101	0,101	0,102	0,104	0,106	0,109	0,113	0,119	0,126	0,136	0,148	0,163	0,179	0,199	0,217	0,240	0,265	0,289	0,314	0,340	0,366	0,391	0,411	0,432	0,452	0,470	0,488	0,506	0,520	0,533	0,545	0,557	0,569	0,581	0,594	0,607	0,620	0,633	0,644	0,653	0,658	0,665	0,671	0,676	0,682	0,690	0,698	0,706	0,715	0,723	0,732	0,742	0,752	0,764	0,774	0,785	0,797	0,809	0,820	0,831	0,841	0,852	0,862	0,872	0,883	0,894	0,904	0,916	0,928	0,937	0,947	0,956	0,965	0,977	0,988	0,999	1,008	1,023	1,036	1,051	1,065	1,079	1,093	1,106	1,117	1,128	1,138	1,147	1,156	1,165	1,176	1,188	1,196	1,209	1,218	1,229	1,243	1,254	1,265	1,271	1,280	1,290	1,295	1,302	1,312	1,316	1,321	1,328	1,333	1,337	1,345	1,354	1,360	1,364	1,369	1,374	1,380	1,379	1,386	1,390	1,394	1,399	1,404	1,408	1,415	1,415	1,418	1,423	1,425	1,427	1,431	1,435	1,434	1,438	1,441	1,444	1,447	1,449	1,450	
F11	0,087	0,087	0,087	0,087	0,086	0,086	0,086	0,086	0,087	0,086	0,086	0,086	0,086	0,086	0,086	0,086	0,086	0,086	0,086	0,086	0,086	0,086	0,086	0,086	0,086	0,086	0,086	0,086	0,086	0,086	0,086	0,086	0,086	0,086	0,086	0,086	0,086	0,086	0,086	0,086	0,086	0,086	0,086	0,086	0,086	0,086	0,086	0,086	0,086	0,086	0,086	0,086	0,086	0,086	0,086	0,086	0,086	0,086	0,086	0,086	0,086	0,086	0,086	0,086	0,086	0,086	0,086	0,086	0,086	0,086	0,086	0,086	0,086	0,086	0,086	0,086	0,086	0,086	0,086	0,086	0,087	0,086	0,086	0,086	0,086	0,086	0,086	0,086	0,086	0,086	0,087	0,086	0,086	0,086	0,086	0,086	0,086	0,087	0,087	0,086	0,086	0,086	0,087	0,086	0,087	0,086	0,087	0,087	0,087	0,087	0,086	0,087	0,087	0,086	0,087	0,086	0,087	0,086	0,086	0,086	0,087	0,087	0,086	0,087	0,087	0,087	0,087	0,087	0,087	0,087	0,086	0,086	0,087	0,087	0,087	0,087	0,087	0,087	0,087	0,087	0,087	0,087	0,087	0,086	0,086	
F12	0,100	0,100	0,100	0,101	0,102	0,104	0,105	0,108	0,109	0,112	0,115	0,120	0,126	0,134	0,144	0,157	0,171	0,189	0,207	0,229	0,250	0,276	0,303	0,331	0,354	0,384	0,409	0,432	0,451	0,468	0,484	0,500	0,516	0,531	0,544	0,557	0,569	0,580	0,592	0,604	0,617	0,631	0,646	0,660	0,676	0,693	0,707	0,722	0,731	0,740	0,750	0,760	0,771	0,784	0,795	0,806	0,817	0,834	0,849	0,862	0,876	0,889	0,901	0,916	0,932	0,949	0,965	0,980	0,994	1,004	1,017	1,033	1,046	1,059	1,073	1,081	1,090	1,101	1,113	1,123	1,137	1,145	1,150	1,156	1,164	1,175	1,184	1,191	1,200	1,204	1,209	1,209	1,215	1,222	1,228	1,232	1,242	1,246	1,250	1,255	1,264	1,275	1,281	1,286	1,294	1,294	1,304	1,307	1,313	1,317	1,327	1,331	1,333	1,341	1,346	1,355	1,369	1,376	1,386	1,391	1,395	1,394	1,401	1,400	1,406	1,410	1,417	1,424	1,429	1,433	1,438	1,438	1,435	1,444	1,445	1,446	1,452	1,456	1,456	1,460	1,462	1,465	1,468	1,470	1,475	
G1	0,125	0,134	0,143	0,162	0,191	0,157	0,151	0,156	0,163	0,173	0,195	0,226	0,268	0,317	0,358	0,404	0,469	0,523	0,558	0,601	0,660	0,693	0,707	0,734	0,767	0,798	0,838	0,872	0,896	0,908	0,930	0,932	0,939	0,947	0,952	0,959	0,967	0,976	0,981	0,990	1,002	1,011	1,021	1,029	1,038	1,051	1,055	1,067	1,068	1,078	1,091	1,099	1,109	1,119	1,125	1,129	1,136	1,151	1,166	1,171	1,179	1,188	1,198	1,205	1,218	1,224	1,235	1,244	1,250	1,254	1,258	1,269	1,275	1,282	1,284	1,287	1,286	1,298	1,302	1,308	1,315	1,312	1,312	1,316	1,316	1,325	1,325	1,327	1,330	1,328	1,328	1,331	1,333	1,334	1,335	1,334	1,341	1,343	1,342	1,345	1,349	1,356	1,355	1,353	1,359	1,352	1,355	1,352	1,350	1,349	1,355	1,353	1,349	1,355	1,354	1,359	1,367	1,367	1,369	1,369	1,368	1,365	1,366	1,362	1,370	1,370	1,375	1,375	1,379	1,378	1,378	1,374	1,372	1,379	1,379	1,378	1,378	1,384	1,379	1,385	1,385	1,385	1,390	1,390	1,389	
G2	0,105	0,105	0,105	0,105	0,105	0,105	0,105	0,106	0,106	0,106	0,105	0,106	0,105	0,106	0,106	0,106	0,106	0,106	0,105	0,106	0,106	0,106	0,106	0,106	0,106	0,106	0,106	0,106	0,105	0,106	0,106	0,106	0,106	0,106	0,106	0,106	0,105	0,106	0,105	0,106	0,106	0,106	0,106	0,106	0,106	0,106	0,106	0,106	0,106	0,106	0,106	0,106	0,106	0,106	0,106	0,106	0,106	0,106	0,106	0,106	0,106	0,106	0,106	0,106	0,106	0,106	0,106	0,106	0,106	0,106	0,106	0,106	0,106	0,106	0,106	0,106	0,106	0,106	0,106	0,106	0,106	0,106	0,106	0,106	0,106	0,106	0,106	0,106	0,106	0,106	0,106	0,106	0,106	0,106	0,106	0,106	0,106	0,106	0,106	0,106	0,106	0,106	0,106	0,106	0,106	0,106	0,106	0,106	0,106	0,106	0,106	0,107	0,107	0,106	0,107	0,106	0,106	0,106	0,106	0,106	0,106	0,106	0,106	0,106	0,106	0,107	0,106	0,106	0,106	0,106	0,106	0,106	0,106	0,106	0,106	0,107	0,106	0,106	0,106	0,106	0,106	0,107	0,106	0,106	0,106	
G3	0,108	0,108	0,110	0,110	0,111	0,114	0,122	0,129	0,141	0,156	0,181	0,214	0,248	0,289	0,333	0,377	0,415	0,455	0,494	0,532	0,564	0,598	0,632	0,661	0,690	0,724	0,757	0,806	0,836	0,857	0,880	0,897	0,902	0,915	0,916	0,927	0,942	0,949	0,960	0,967	0,986	0,997	1,013	1,023	1,035	1,051	1,054	1,067	1,068	1,077	1,091	1,104	1,114	1,127	1,135	1,139	1,150	1,165	1,180	1,184	1,195	1,203	1,212	1,219	1,228	1,236	1,242	1,249	1,257	1,260	1,264	1,274	1,276	1,286	1,288	1,289	1,287	1,295	1,299	1,308	1,312	1,305	1,306	1,303	1,307	1,312	1,314	1,315	1,317	1,316	1,314	1,318	1,319	1,321	1,325	1,324	1,329	1,333	1,331	1,331	1,335	1,348	1,350	1,341	1,348	1,335	1,343	1,338	1,338	1,338	1,338	1,338	1,337	1,339	1,340	1,341	1,348	1,350	1,351	1,350	1,348	1,347	1,350	1,348	1,351	1,352	1,355	1,357	1,357	1,358	1,357	1,354	1,355	1,359	1,360	1,356	1,358	1,360	1,358	1,361	1,360	1,362	1,363	1,362	1,363	
G4	0,089	0,089	0,089	0,089	0,089	0,089	0,089	0,089	0,089	0,089	0,089	0,089	0,089	0,089	0,089	0,089	0,089	0,089	0,089	0,089	0,089	0,089	0,089	0,089	0,089	0,089	0,089	0,089	0,089	0,089	0,089	0,089	0,089	0,089	0,089	0,089	0,089	0,089	0,089	0,089	0,089	0,089	0,089	0,089	0,089	0,089	0,089	0,089	0,089	0,089	0,089	0,089	0,089	0,089	0,089	0,089	0,089	0,089	0,089	0,089	0,089	0,089	0,089	0,089	0,089	0,089	0,089	0,089	0,089	0,089	0,089	0,089	0,089	0,089	0,089	0,089	0,089	0,089	0,089	0,089	0,089	0,089	0,089	0,089	0,089	0,089	0,089	0,089	0,090	0,089	0,089	0,089	0,089	0,089	0,089	0,089	0,089	0,089	0,089	0,089	0,090	0,089	0,089	0,089	0,089	0,089	0,090	0,089	0,089	0,089	0,089	0,090	0,089	0,089	0,090	0,089	0,089	0,089	0,089	0,089	0,089	0,089	0,089	0,090	0,089	0,090	0,089	0,089	0,089	0,089	0,089	0,089	0,089	0,089	0,089	0,089	0,089	0,089	0,089	0,090	0,089	0,090	0,089	0,090	0,089	
G5	0,095	0,095	0,097	0,098	0,096	0,096	0,096	0,098	0,100	0,103	0,107	0,114	0,122	0,135	0,152	0,174	0,203	0,235	0,265	0,292	0,317	0,339	0,364	0,396	0,441	0,496	0,546	0,594	0,635	0,662	0,694	0,715	0,734	0,751	0,768	0,784	0,803	0,822	0,835	0,853	0,870	0,886	0,898	0,910	0,922	0,936	0,939	0,954	0,963	0,971	0,979	0,995	1,002	1,013	1,020	1,029	1,035	1,048	1,058	1,066	1,077	1,088	1,099	1,115	1,127	1,135	1,146	1,153	1,160	1,165	1,172	1,185	1,193	1,200	1,206	1,206	1,209	1,223	1,228	1,234	1,243	1,238	1,240	1,242	1,244	1,252	1,253	1,257	1,263	1,262	1,266	1,265	1,269	1,270	1,274	1,275	1,281	1,286	1,284	1,288	1,293	1,303	1,303	1,300	1,306	1,296	1,305	1,300	1,301	1,300	1,304	1,303	1,302	1,304	1,303	1,312	1,315	1,319	1,320	1,319	1,318	1,316	1,319	1,317	1,322	1,324	1,327	1,330	1,329	1,331	1,331	1,325	1,325	1,331	1,328	1,326	1,328	1,331	1,329	1,331	1,331	1,330	1,334	1,332	1,332	
G6	0,092	0,092	0,091	0,091	0,091	0,091	0,091	0,091	0,091	0,091	0,091	0,091	0,091	0,091	0,091	0,091	0,091	0,091	0,091	0,091	0,091	0,091	0,091	0,091	0,091	0,091	0,091	0,091	0,091	0,091	0,091	0,091	0,091	0,091	0,091	0,091	0,091	0,091	0,091	0,091	0,091	0,091	0,091	0,091	0,091	0,091	0,091	0,091	0,091	0,091	0,091	0,091	0,091	0,091	0,091	0,091	0,091	0,091	0,091	0,091	0,091	0,091	0,091	0,091	0,091	0,091	0,091	0,091	0,091	0,091	0,091	0,091	0,091	0,091	0,091	0,091	0,091	0,091	0,091	0,091	0,091	0,091	0,091	0,091	0,091	0,091	0,091	0,091	0,091	0,091	0,091	0,091	0,091	0,091	0,091	0,091	0,091	0,091	0,091	0,091	0,091	0,091	0,091	0,091	0,091	0,091	0,092	0,091	0,092	0,091	0,091	0,092	0,091	0,091	0,092	0,091	0,091	0,091	0,091	0,091	0,091	0,091	0,091	0,091	0,091	0,091	0,091	0,092	0,091	0,091	0,091	0,091	0,091	0,091	0,091	0,091	0,091	0,091	0,091	0,092	0,091	0,091	0,091	0,091	0,091	
G7	0,100	0,101	0,101	0,102	0,104	0,108	0,113	0,124	0,129	0,139	0,153	0,171	0,192	0,219	0,252	0,286	0,318	0,346	0,370	0,392	0,413	0,437	0,457	0,480	0,505	0,527	0,551	0,574	0,610	0,714	0,793	0,859	0,903	0,928	0,945	0,959	0,972	0,982	0,990	0,999	1,011	1,018	1,031	1,039	1,047	1,060	1,065	1,079	1,085	1,095	1,106	1,115	1,125	1,135	1,141	1,147	1,152	1,165	1,173	1,181	1,188	1,198	1,207	1,220	1,233	1,242	1,255	1,262	1,271	1,277	1,284	1,296	1,304	1,309	1,316	1,317	1,320	1,331	1,336	1,341	1,347	1,346	1,346	1,347	1,353	1,358	1,360	1,363	1,367	1,368	1,369	1,369	1,372	1,374	1,377	1,379	1,383	1,388	1,387	1,391	1,393	1,401	1,400	1,397	1,401	1,392	1,401	1,397	1,395	1,395	1,397	1,395	1,394	1,397	1,394	1,399	1,404	1,406	1,407	1,406	1,405	1,403	1,403	1,402	1,402	1,403	1,406	1,407	1,407	1,408	1,407	1,401	1,402	1,409	1,406	1,403	1,404	1,407	1,403	1,405	1,405	1,405	1,407	1,406	1,406	
G8	0,088	0,087	0,087	0,087	0,087	0,087	0,087	0,087	0,087	0,087	0,087	0,087	0,087	0,087	0,087	0,087	0,087	0,087	0,087	0,087	0,087	0,087	0,087	0,087	0,086	0,087	0,087	0,087	0,087	0,087	0,087	0,087	0,087	0,087	0,087	0,087	0,087	0,087	0,087	0,087	0,087	0,087	0,087	0,087	0,087	0,087	0,087	0,087	0,087	0,087	0,087	0,087	0,087	0,087	0,087	0,087	0,087	0,087	0,087	0,087	0,087	0,087	0,087	0,087	0,087	0,087	0,087	0,087	0,087	0,087	0,087	0,087	0,087	0,087	0,087	0,087	0,087	0,087	0,087	0,087	0,087	0,087	0,087	0,087	0,087	0,087	0,087	0,087	0,087	0,087	0,087	0,087	0,087	0,087	0,087	0,087	0,087	0,087	0,087	0,087	0,087	0,087	0,087	0,087	0,087	0,087	0,087	0,087	0,087	0,087	0,087	0,088	0,087	0,087	0,087	0,087	0,087	0,087	0,087	0,087	0,087	0,087	0,087	0,087	0,087	0,087	0,087	0,087	0,087	0,087	0,087	0,087	0,087	0,087	0,087	0,087	0,087	0,087	0,087	0,087	0,087	0,087	0,087	0,087	0,087	
G9	0,101	0,102	0,103	0,105	0,108	0,112	0,118	0,127	0,138	0,153	0,172	0,195	0,226	0,264	0,308	0,358	0,418	0,475	0,528	0,589	0,636	0,683	0,722	0,763	0,793	0,818	0,829	0,836	0,845	0,853	0,869	0,877	0,884	0,894	0,901	0,909	0,921	0,934	0,943	0,955	0,966	0,979	0,992	1,005	1,017	1,029	1,037	1,051	1,057	1,067	1,079	1,090	1,101	1,112	1,120	1,125	1,135	1,147	1,157	1,163	1,174	1,187	1,195	1,204	1,216	1,224	1,234	1,242	1,246	1,254	1,258	1,272	1,277	1,284	1,289	1,294	1,297	1,306	1,310	1,317	1,322	1,320	1,319	1,323	1,323	1,334	1,335	1,340	1,343	1,342	1,341	1,345	1,346	1,345	1,348	1,349	1,355	1,363	1,357	1,359	1,366	1,373	1,371	1,371	1,376	1,369	1,371	1,367	1,368	1,363	1,372	1,368	1,370	1,373	1,367	1,376	1,386	1,384	1,388	1,386	1,384	1,381	1,384	1,378	1,384	1,384	1,386	1,386	1,390	1,390	1,389	1,383	1,384	1,390	1,386	1,385	1,387	1,394	1,387	1,390	1,387	1,387	1,394	1,391	1,391	
G10	0,090	0,090	0,090	0,090	0,090	0,089	0,090	0,090	0,089	0,089	0,089	0,089	0,089	0,089	0,089	0,090	0,089	0,089	0,089	0,089	0,089	0,089	0,089	0,089	0,090	0,089	0,089	0,089	0,089	0,089	0,090	0,089	0,089	0,090	0,089	0,089	0,089	0,089	0,089	0,089	0,090	0,090	0,089	0,089	0,089	0,089	0,089	0,090	0,089	0,089	0,090	0,089	0,089	0,089	0,089	0,090	0,089	0,090	0,089	0,089	0,089	0,089	0,090	0,090	0,090	0,089	0,089	0,090	0,090	0,090	0,090	0,090	0,090	0,090	0,090	0,090	0,090	0,090	0,090	0,090	0,090	0,090	0,090	0,090	0,090	0,090	0,090	0,090	0,090	0,090	0,090	0,090	0,090	0,090	0,090	0,090	0,090	0,090	0,090	0,090	0,090	0,090	0,090	0,090	0,090	0,090	0,090	0,090	0,090	0,090	0,090	0,090	0,090	0,090	0,090	0,090	0,090	0,090	0,090	0,090	0,090	0,090	0,090	0,090	0,090	0,090	0,090	0,090	0,090	0,090	0,090	0,090	0,090	0,090	0,090	0,090	0,090	0,090	0,090	0,090	0,090	0,090	0,090	0,090	0,090	
G11	0,104	0,106	0,110	0,114	0,121	0,131	0,138	0,143	0,175	0,201	0,233	0,264	0,294	0,332	0,376	0,423	0,468	0,511	0,557	0,601	0,643	0,685	0,727	0,769	0,807	0,842	0,874	0,908	0,950	0,985	1,008	1,018	1,024	1,035	1,039	1,044	1,056	1,068	1,079	1,090	1,105	1,119	1,135	1,147	1,160	1,172	1,181	1,199	1,206	1,217	1,232	1,244	1,256	1,275	1,284	1,291	1,300	1,314	1,326	1,331	1,340	1,349	1,357	1,362	1,372	1,379	1,389	1,396	1,403	1,406	1,411	1,421	1,425	1,430	1,433	1,430	1,433	1,439	1,443	1,450	1,454	1,451	1,448	1,449	1,452	1,458	1,459	1,462	1,464	1,460	1,459	1,457	1,459	1,463	1,463	1,461	1,466	1,470	1,467	1,470	1,475	1,482	1,480	1,479	1,483	1,473	1,478	1,471	1,470	1,470	1,476	1,471	1,469	1,474	1,471	1,480	1,488	1,486	1,490	1,486	1,486	1,481	1,484	1,479	1,487	1,487	1,492	1,490	1,490	1,490	1,489	1,484	1,481	1,486	1,487	1,481	1,486	1,489	1,483	1,486	1,484	1,483	1,488	1,485	1,484	
G12	0,087	0,087	0,087	0,087	0,087	0,087	0,087	0,086	0,086	0,086	0,086	0,087	0,086	0,086	0,086	0,086	0,086	0,086	0,086	0,086	0,086	0,086	0,086	0,086	0,086	0,086	0,086	0,086	0,086	0,086	0,086	0,086	0,086	0,086	0,086	0,086	0,086	0,086	0,086	0,086	0,086	0,086	0,086	0,086	0,086	0,086	0,086	0,086	0,086	0,086	0,086	0,086	0,086	0,086	0,086	0,086	0,086	0,086	0,086	0,086	0,086	0,086	0,086	0,086	0,086	0,086	0,086	0,087	0,086	0,086	0,086	0,086	0,086	0,087	0,086	0,086	0,087	0,086	0,086	0,086	0,087	0,086	0,086	0,087	0,086	0,087	0,087	0,087	0,086	0,086	0,086	0,086	0,086	0,086	0,086	0,087	0,086	0,087	0,087	0,086	0,087	0,086	0,087	0,087	0,087	0,086	0,087	0,087	0,087	0,087	0,086	0,087	0,087	0,087	0,087	0,086	0,087	0,087	0,087	0,087	0,087	0,087	0,086	0,087	0,087	0,087	0,087	0,087	0,087	0,087	0,086	0,087	0,087	0,087	0,087	0,086	0,087	0,087	0,087	0,087	0,087	0,087	0,087	0,087	0,087	
H1	0,088	0,087	0,087	0,087	0,087	0,087	0,087	0,087	0,087	0,087	0,087	0,087	0,087	0,087	0,087	0,087	0,087	0,087	0,087	0,087	0,087	0,087	0,087	0,087	0,087	0,087	0,087	0,087	0,087	0,087	0,087	0,087	0,087	0,087	0,087	0,087	0,087	0,087	0,087	0,087	0,087	0,087	0,087	0,087	0,087	0,087	0,087	0,087	0,087	0,087	0,087	0,087	0,087	0,087	0,087	0,087	0,087	0,087	0,087	0,087	0,087	0,087	0,087	0,087	0,087	0,087	0,087	0,087	0,087	0,087	0,087	0,087	0,087	0,087	0,087	0,087	0,087	0,087	0,087	0,087	0,087	0,087	0,087	0,087	0,087	0,087	0,087	0,087	0,087	0,087	0,087	0,087	0,087	0,087	0,087	0,087	0,087	0,087	0,087	0,087	0,088	0,087	0,088	0,087	0,087	0,087	0,087	0,088	0,088	0,088	0,087	0,088	0,088	0,087	0,088	0,087	0,088	0,088	0,088	0,087	0,088	0,087	0,087	0,088	0,087	0,088	0,087	0,088	0,088	0,088	0,088	0,088	0,088	0,088	0,088	0,088	0,088	0,087	0,087	0,088	0,088	0,088	0,087	0,088	0,087	
H2	0,109	0,113	0,119	0,123	0,123	0,155	0,190	0,231	0,273	0,332	0,382	0,429	0,472	0,519	0,558	0,606	0,654	0,699	0,735	0,780	0,820	0,855	0,888	0,919	0,948	0,976	0,997	1,015	1,036	1,048	1,065	1,070	1,071	1,076	1,073	1,074	1,080	1,084	1,088	1,094	1,103	1,109	1,120	1,128	1,137	1,151	1,155	1,168	1,171	1,179	1,194	1,204	1,212	1,224	1,229	1,239	1,242	1,253	1,259	1,260	1,265	1,269	1,275	1,280	1,288	1,292	1,300	1,304	1,307	1,310	1,314	1,323	1,327	1,330	1,332	1,333	1,332	1,341	1,345	1,350	1,355	1,353	1,352	1,355	1,356	1,364	1,365	1,370	1,373	1,371	1,372	1,373	1,377	1,380	1,382	1,383	1,389	1,392	1,392	1,395	1,400	1,409	1,409	1,409	1,415	1,404	1,412	1,409	1,408	1,409	1,414	1,414	1,414	1,418	1,418	1,426	1,435	1,434	1,438	1,438	1,439	1,435	1,439	1,438	1,442	1,446	1,449	1,450	1,453	1,451	1,454	1,451	1,450	1,455	1,456	1,456	1,457	1,461	1,460	1,463	1,464	1,463	1,468	1,469	1,468	
H3	0,089	0,089	0,089	0,089	0,089	0,089	0,089	0,089	0,089	0,089	0,089	0,089	0,089	0,089	0,089	0,089	0,089	0,089	0,089	0,089	0,089	0,089	0,089	0,089	0,089	0,089	0,089	0,089	0,089	0,089	0,089	0,089	0,089	0,089	0,089	0,089	0,089	0,089	0,089	0,089	0,089	0,089	0,089	0,089	0,089	0,089	0,089	0,089	0,089	0,089	0,089	0,089	0,089	0,089	0,089	0,089	0,089	0,089	0,089	0,089	0,089	0,089	0,089	0,089	0,089	0,089	0,089	0,089	0,090	0,089	0,089	0,089	0,089	0,089	0,090	0,089	0,089	0,089	0,089	0,089	0,090	0,089	0,089	0,090	0,089	0,090	0,090	0,090	0,090	0,089	0,089	0,089	0,090	0,089	0,089	0,090	0,089	0,090	0,090	0,089	0,090	0,090	0,090	0,090	0,090	0,090	0,090	0,090	0,090	0,090	0,090	0,090	0,090	0,090	0,090	0,090	0,090	0,090	0,090	0,090	0,090	0,090	0,090	0,090	0,090	0,090	0,090	0,090	0,090	0,090	0,090	0,090	0,090	0,090	0,090	0,090	0,090	0,090	0,090	0,090	0,090	0,090	0,090	0,090	0,090	
H4	0,101	0,101	0,103	0,105	0,108	0,111	0,121	0,134	0,150	0,172	0,198	0,227	0,255	0,306	0,369	0,414	0,459	0,513	0,560	0,602	0,637	0,677	0,717	0,767	0,805	0,833	0,869	0,896	0,926	0,949	0,973	0,989	0,999	1,012	1,018	1,026	1,033	1,040	1,050	1,058	1,069	1,078	1,091	1,100	1,113	1,126	1,134	1,150	1,156	1,168	1,181	1,192	1,203	1,216	1,223	1,230	1,237	1,253	1,264	1,266	1,272	1,278	1,284	1,289	1,298	1,305	1,311	1,318	1,324	1,327	1,333	1,342	1,347	1,354	1,358	1,361	1,361	1,369	1,374	1,380	1,385	1,386	1,385	1,389	1,392	1,399	1,401	1,405	1,408	1,409	1,410	1,411	1,415	1,417	1,420	1,422	1,426	1,429	1,431	1,433	1,440	1,446	1,448	1,450	1,455	1,449	1,456	1,454	1,454	1,456	1,459	1,460	1,462	1,464	1,466	1,471	1,477	1,475	1,480	1,480	1,482	1,483	1,485	1,486	1,488	1,491	1,493	1,494	1,496	1,497	1,498	1,497	1,499	1,500	1,499	1,501	1,503	1,504	1,506	1,507	1,508	1,509	1,511	1,512	1,512	
H5	0,092	0,092	0,092	0,092	0,092	0,092	0,092	0,092	0,092	0,092	0,092	0,092	0,092	0,092	0,092	0,092	0,092	0,098	0,092	0,092	0,092	0,092	0,092	0,093	0,092	0,093	0,093	0,093	0,093	0,094	0,095	0,096	0,097	0,100	0,102	0,107	0,115	0,126	0,141	0,162	0,191	0,229	0,278	0,336	0,396	0,449	0,505	0,565	0,612	0,660	0,723	0,769	0,809	0,852	0,880	0,902	0,912	0,950	0,974	0,985	1,002	1,011	1,018	1,024	1,034	1,035	1,040	1,046	1,051	1,054	1,058	1,072	1,089	1,099	1,111	1,114	1,118	1,133	1,144	1,159	1,170	1,172	1,172	1,176	1,182	1,196	1,204	1,214	1,226	1,227	1,229	1,231	1,244	1,256	1,266	1,271	1,284	1,293	1,293	1,304	1,316	1,333	1,336	1,339	1,349	1,339	1,348	1,344	1,342	1,345	1,357	1,354	1,357	1,363	1,364	1,376	1,388	1,389	1,396	1,395	1,396	1,390	1,395	1,390	1,397	1,398	1,401	1,400	1,401	1,400	1,399	1,394	1,392	1,399	1,397	1,395	1,397	1,402	1,397	1,401	1,400	1,400	1,406	1,404	1,405	
H6	0,103	0,104	0,105	0,108	0,111	0,116	0,124	0,131	0,140	0,151	0,164	0,180	0,199	0,224	0,246	0,280	0,328	0,370	0,400	0,430	0,494	0,543	0,594	0,652	0,701	0,739	0,774	0,804	0,831	0,858	0,890	0,924	0,950	0,975	0,993	1,012	1,026	1,032	1,039	1,044	1,055	1,062	1,073	1,081	1,087	1,097	1,102	1,115	1,119	1,131	1,143	1,154	1,166	1,180	1,189	1,195	1,202	1,215	1,226	1,230	1,237	1,244	1,255	1,261	1,272	1,280	1,286	1,293	1,298	1,302	1,307	1,317	1,323	1,329	1,333	1,335	1,336	1,343	1,350	1,357	1,363	1,362	1,360	1,363	1,368	1,375	1,377	1,381	1,385	1,386	1,385	1,388	1,391	1,395	1,398	1,400	1,403	1,409	1,409	1,412	1,418	1,425	1,429	1,429	1,434	1,432	1,436	1,436	1,437	1,438	1,442	1,443	1,443	1,447	1,448	1,454	1,459	1,461	1,464	1,466	1,467	1,467	1,470	1,470	1,472	1,474	1,478	1,480	1,482	1,483	1,485	1,487	1,486	1,489	1,490	1,489	1,491	1,494	1,492	1,496	1,497	1,498	1,499	1,501	1,502	
H7	0,087	0,086	0,086	0,086	0,086	0,086	0,086	0,086	0,086	0,086	0,086	0,086	0,086	0,086	0,086	0,086	0,086	0,086	0,086	0,086	0,086	0,086	0,086	0,086	0,086	0,086	0,086	0,086	0,086	0,086	0,086	0,086	0,086	0,086	0,086	0,086	0,086	0,086	0,086	0,086	0,086	0,086	0,086	0,086	0,086	0,086	0,086	0,086	0,086	0,086	0,086	0,086	0,086	0,086	0,086	0,086	0,086	0,086	0,086	0,086	0,086	0,086	0,086	0,086	0,086	0,086	0,086	0,086	0,086	0,086	0,086	0,086	0,086	0,086	0,086	0,086	0,086	0,086	0,086	0,086	0,086	0,086	0,086	0,086	0,086	0,086	0,086	0,086	0,086	0,086	0,086	0,086	0,086	0,086	0,086	0,087	0,086	0,087	0,087	0,086	0,087	0,086	0,087	0,086	0,086	0,087	0,087	0,087	0,087	0,086	0,087	0,087	0,087	0,087	0,087	0,087	0,087	0,087	0,087	0,086	0,087	0,086	0,086	0,087	0,086	0,087	0,087	0,087	0,087	0,087	0,087	0,087	0,087	0,087	0,087	0,087	0,087	0,086	0,087	0,087	0,086	0,087	0,087	0,087	0,087	
H8	0,099	0,100	0,101	0,104	0,107	0,112	0,120	0,133	0,150	0,172	0,198	0,227	0,257	0,289	0,324	0,361	0,398	0,436	0,471	0,503	0,536	0,570	0,603	0,635	0,669	0,731	0,765	0,798	0,851	0,903	0,927	0,962	0,985	1,006	1,016	1,030	1,044	1,057	1,068	1,078	1,090	1,101	1,114	1,121	1,134	1,144	1,152	1,163	1,171	1,180	1,192	1,200	1,210	1,220	1,225	1,232	1,241	1,251	1,259	1,260	1,265	1,271	1,276	1,280	1,289	1,292	1,299	1,305	1,310	1,313	1,316	1,326	1,332	1,338	1,340	1,343	1,343	1,350	1,356	1,361	1,368	1,366	1,363	1,367	1,370	1,378	1,381	1,385	1,389	1,388	1,389	1,390	1,394	1,399	1,402	1,402	1,406	1,411	1,412	1,417	1,421	1,430	1,430	1,431	1,436	1,430	1,436	1,435	1,436	1,438	1,443	1,446	1,446	1,450	1,451	1,458	1,464	1,463	1,467	1,469	1,471	1,470	1,475	1,476	1,480	1,482	1,485	1,486	1,488	1,489	1,491	1,489	1,491	1,496	1,495	1,496	1,498	1,500	1,499	1,504	1,504	1,506	1,506	1,509	1,510	
H9	0,090	0,090	0,090	0,090	0,090	0,090	0,090	0,090	0,090	0,090	0,090	0,090	0,090	0,090	0,090	0,090	0,089	0,090	0,090	0,090	0,090	0,090	0,090	0,090	0,090	0,090	0,090	0,090	0,089	0,090	0,090	0,090	0,090	0,090	0,090	0,090	0,090	0,089	0,090	0,090	0,090	0,090	0,090	0,090	0,090	0,090	0,090	0,090	0,090	0,090	0,090	0,090	0,090	0,090	0,090	0,090	0,090	0,090	0,090	0,090	0,090	0,090	0,090	0,090	0,090	0,090	0,090	0,090	0,090	0,090	0,090	0,090	0,090	0,090	0,090	0,090	0,090	0,090	0,090	0,090	0,090	0,090	0,090	0,090	0,090	0,090	0,090	0,090	0,090	0,090	0,090	0,090	0,090	0,090	0,090	0,090	0,090	0,091	0,091	0,090	0,090	0,090	0,090	0,090	0,090	0,090	0,090	0,091	0,091	0,090	0,090	0,091	0,091	0,091	0,091	0,090	0,091	0,090	0,091	0,090	0,091	0,090	0,090	0,090	0,090	0,091	0,091	0,090	0,090	0,090	0,091	0,090	0,091	0,091	0,090	0,090	0,090	0,090	0,091	0,091	0,091	0,091	0,090	0,091	0,090	
H10	0,110	0,112	0,115	0,119	0,126	0,135	0,142	0,151	0,163	0,177	0,193	0,210	0,231	0,254	0,277	0,299	0,318	0,338	0,355	0,370	0,403	0,435	0,463	0,551	0,603	0,677	0,695	0,735	0,750	0,771	0,804	0,846	0,898	0,936	0,962	0,985	1,004	1,024	1,042	1,056	1,071	1,085	1,103	1,115	1,130	1,145	1,156	1,175	1,183	1,197	1,210	1,223	1,236	1,252	1,260	1,266	1,271	1,283	1,291	1,293	1,301	1,305	1,312	1,315	1,326	1,333	1,341	1,346	1,351	1,355	1,359	1,369	1,373	1,381	1,384	1,384	1,386	1,393	1,399	1,404	1,409	1,410	1,407	1,412	1,415	1,423	1,426	1,430	1,434	1,435	1,435	1,439	1,442	1,445	1,448	1,450	1,455	1,460	1,459	1,463	1,469	1,475	1,479	1,480	1,483	1,479	1,483	1,481	1,481	1,482	1,485	1,487	1,488	1,492	1,494	1,500	1,506	1,507	1,510	1,509	1,511	1,507	1,510	1,509	1,514	1,515	1,519	1,519	1,520	1,521	1,522	1,520	1,520	1,526	1,525	1,524	1,528	1,531	1,530	1,531	1,532	1,533	1,536	1,537	1,537	
H11	0,090	0,090	0,090	0,090	0,090	0,090	0,090	0,090	0,090	0,090	0,090	0,090	0,090	0,090	0,090	0,090	0,090	0,090	0,090	0,090	0,090	0,090	0,090	0,090	0,090	0,090	0,090	0,090	0,090	0,090	0,090	0,090	0,090	0,090	0,090	0,090	0,090	0,090	0,090	0,090	0,090	0,090	0,090	0,090	0,090	0,090	0,090	0,090	0,090	0,090	0,090	0,090	0,090	0,090	0,090	0,090	0,090	0,090	0,090	0,090	0,090	0,090	0,090	0,090	0,090	0,090	0,090	0,090	0,090	0,090	0,090	0,090	0,090	0,090	0,090	0,090	0,090	0,090	0,090	0,090	0,090	0,090	0,090	0,090	0,090	0,090	0,090	0,091	0,090	0,090	0,090	0,090	0,090	0,090	0,090	0,090	0,090	0,091	0,090	0,090	0,091	0,090	0,091	0,090	0,091	0,091	0,091	0,091	0,091	0,090	0,091	0,091	0,091	0,091	0,091	0,090	0,091	0,091	0,090	0,091	0,091	0,091	0,091	0,090	0,091	0,091	0,091	0,091	0,091	0,091	0,091	0,090	0,091	0,091	0,091	0,090	0,091	0,091	0,091	0,091	0,091	0,091	0,090	0,091	0,090	
H12	0,117	0,123	0,131	0,144	0,157	0,164	0,195	0,220	0,243	0,270	0,299	0,329	0,359	0,398	0,439	0,478	0,518	0,559	0,595	0,633	0,670	0,710	0,751	0,791	0,836	0,881	0,915	0,941	0,975	1,010	1,050	1,071	1,078	1,089	1,092	1,098	1,107	1,112	1,117	1,124	1,133	1,143	1,155	1,164	1,175	1,185	1,190	1,203	1,204	1,217	1,226	1,233	1,242	1,255	1,262	1,264	1,268	1,277	1,285	1,285	1,290	1,294	1,300	1,302	1,315	1,318	1,324	1,330	1,334	1,337	1,341	1,351	1,356	1,361	1,363	1,365	1,365	1,373	1,378	1,382	1,387	1,385	1,384	1,388	1,392	1,398	1,400	1,405	1,407	1,407	1,407	1,411	1,413	1,416	1,420	1,420	1,425	1,429	1,430	1,433	1,440	1,446	1,449	1,448	1,454	1,447	1,452	1,449	1,452	1,453	1,456	1,455	1,459	1,462	1,464	1,468	1,476	1,476	1,480	1,481	1,485	1,483	1,485	1,485	1,489	1,492	1,494	1,496	1,498	1,499	1,500	1,498	1,499	1,504	1,502	1,503	1,506	1,508	1,507	1,511	1,511	1,513	1,515	1,516	1,518	

Results

Well	Integral: Integral [Optical Density:600]	maxOD: Mean Max OD [Optical Density:600]	maxOD: t at Mean Max OD [Optical Density:600]	CustomStatistics: Max V [Optical Density:600]	CustomStatistics: Y Intercept [Optical Density:600]	CustomStatistics: R [Optical Density:600]	CustomStatistics: R-Squared [Optical Density:600]	CustomStatistics: t at Max V [Optical Density:600]	CustomStatistics: Lagtime [Optical Density:600]	CustomStatistics: Max V Calc - t min [Optical Density:600]	CustomStatistics: Max V Calc - t max [Optical Density:600]	Early_MaxV: Max V [Optical Density:600]	Early_MaxV: R-Squared [Optical Density:600]	Early_MaxV: t at Max V [Optical Density:600]	Early_MaxV: Lagtime [Optical Density:600]
A1	92002,470	1,386	23:48:04	5,004	-0,732	0,999	0,999	4:58:04	2:50:33	4:38:04	5:18:04	5,140	1,000	5:03:04	2:57:00
A2	7596,180	0,088	0:28:04	-0,010	0,089	-0,945	0,893	1:58:04	1:24:04	1:38:04	2:18:04	-0,040	1,000	4:43:04	4:30:34
A3	93007,200	1,381	17:08:04	8,184	-1,891	0,993	0,985	5:28:04	4:04:41	5:08:04	5:48:04	4,290	1,000	5:03:04	3:09:03
A4	7760,850	0,090	18:58:04	-0,009	0,097	-0,900	0,810	13:18:04	14:02:31	12:58:04	13:38:04	-0,040	1,000	4:03:04	3:55:34
A5	94214,100	1,373	19:48:04	4,301	-0,485	0,999	0,997	5:08:04	2:18:26	4:48:04	5:28:04	4,750	1,000	5:03:04	2:35:59
A6	8044,860	0,094	11:38:04	-0,015	0,111	-0,855	0,731	20:08:04	21:13:24	19:48:04	20:28:04	0,030	1,000	4:53:04	4:34:44
A7	90344,490	1,347	23:48:04	7,500	-1,506	0,992	0,985	4:58:04	3:34:44	4:38:04	5:18:04	9,570	1,000	4:53:04	3:51:51
A8	7712,100	0,090	18:48:04	-0,010	0,101	-0,822	0,676	18:58:04	19:20:04	18:38:04	19:18:04	0,030	1,000	4:13:04	4:18:04
A9	94476,360	1,408	23:48:04	9,843	-2,306	0,995	0,991	5:08:04	4:05:22	4:48:04	5:28:04	12,270	1,000	5:03:04	4:18:06
A10	7521,420	0,087	17:48:04	-0,009	0,088	-0,822	0,675	2:58:04	2:13:37	2:38:04	3:18:04	0,040	1,000	2:33:04	2:38:04
A11	99750,000	1,426	23:48:04	6,415	-0,593	0,999	0,997	3:08:04	1:49:26	2:48:04	3:28:04	7,430	1,000	3:23:04	2:03:45
A12	7667,280	0,089	0:28:04	-0,019	0,090	-0,936	0,876	0:38:04	0:20:10	0:18:04	0:58:04	0,040	1,000	1:13:04	1:10:34
B1	7943,910	0,092	17:38:04	0,011	0,080	0,930	0,864	18:38:04	17:52:37	18:18:04	18:58:04	-0,030	1,000	0:43:04	0:38:04
B2	94984,410	1,441	22:08:04	9,811	-2,454	0,996	0,991	5:28:04	4:21:43	5:08:04	5:48:04	4,000	1,000	5:03:04	3:15:07
B3	7606,500	0,089	0:28:04	-0,010	0,090	-0,884	0,781	2:58:04	2:06:04	2:38:04	3:18:04	0,030	1,000	3:23:04	3:41:24
B4	89956,680	1,361	21:38:04	9,029	-2,152	0,991	0,983	5:08:04	4:09:58	4:48:04	5:28:04	9,220	1,000	5:03:04	4:13:38
B5	8875,200	0,103	18:18:04	-0,011	0,111	-0,972	0,945	11:38:04	13:07:09	11:18:04	11:58:04	-0,030	1,000	3:03:04	3:01:24
B6	92651,580	1,372	17:08:04	5,184	-0,712	1,000	0,999	3:58:04	2:39:08	3:38:04	4:18:04	5,620	1,000	3:43:04	2:40:55
B7	7664,460	0,089	17:48:04	-0,010	0,090	-0,791	0,625	2:58:04	2:28:04	2:38:04	3:18:04	-0,040	1,000	3:03:04	2:55:34
B8	92212,680	1,408	21:28:04	10,282	-2,667	0,993	0,986	5:28:04	4:29:06	5:08:04	5:48:04	3,750	1,000	5:03:04	3:18:50
B9	7667,970	0,089	0:28:04	-0,010	0,094	-0,884	0,781	8:58:04	7:56:04	8:38:04	9:18:04	-0,040	1,000	4:03:04	3:50:34
B10	96090,000	1,449	21:28:04	5,643	-1,058	0,997	0,994	5:28:04	3:25:59	5:08:04	5:48:04	4,090	1,000	3:13:04	2:19:14
B11	7469,610	0,087	0:28:04	0,009	0,078	0,740	0,547	16:28:04	16:52:31	16:08:04	16:48:04	-0,040	1,000	1:43:04	1:35:34
B12	99824,880	1,431	21:28:04	4,691	-0,472	1,000	1,000	4:48:04	2:04:49	4:28:04	5:08:04	4,860	1,000	4:33:04	2:13:08
C1	89365,320	1,435	23:48:04	4,390	-0,767	0,998	0,996	5:48:04	3:22:42	5:28:04	6:08:04	2,830	1,000	2:43:04	1:45:14
C2	7556,280	0,088	0:28:04	-0,009	0,088	-0,900	0,810	0:48:04	0:36:57	0:28:04	1:08:04	-0,020	1,000	0:53:04	0:43:04
C3	92441,610	1,524	23:48:04	3,863	-0,648	0,999	0,998	5:38:04	3:12:25	5:18:04	5:58:04	3,700	1,000	5:03:04	3:06:54
C4	7735,950	0,090	0:28:04	-0,011	0,092	-0,904	0,818	2:58:04	2:23:31	2:38:04	3:18:04	0,030	1,000	1:53:04	2:04:44
C5	86160,090	1,390	23:48:04	4,655	-0,414	0,995	0,990	2:28:04	1:49:42	2:08:04	2:48:04	6,030	1,000	2:33:04	2:00:26
C6	7609,320	0,089	0:28:04	-0,010	0,102	-0,729	0,532	23:38:04	22:30:04	23:18:04	23:58:04	-0,030	1,000	4:03:04	3:41:24
C7	82284,690	1,382	23:48:04	3,590	-0,395	0,999	0,999	2:58:04	2:15:15	2:38:04	3:18:04	3,890	1,000	3:03:04	2:19:04
C8	7974,630	0,093	0:28:04	-0,009	0,102	-0,900	0,810	18:58:04	16:55:51	18:38:04	19:18:04	-0,030	1,000	3:03:04	2:44:44
C9	100374,420	1,585	23:48:04	7,471	-1,796	0,995	0,991	5:58:04	4:14:08	5:38:04	6:18:04	3,900	1,000	5:03:04	3:03:15
C10	8126,070	0,095	0:28:04	-0,008	0,104	-0,800	0,640	22:28:04	19:45:34	22:08:04	22:48:04	-0,040	1,000	5:03:04	4:43:04
C11	89147,430	1,477	23:48:04	8,678	-2,187	0,993	0,986	5:18:04	4:24:18	4:58:04	5:38:04	4,520	1,000	5:03:04	3:50:19
C12	7474,650	0,087	21:58:04	-0,009	0,088	-0,795	0,633	2:58:04	2:04:44	2:38:04	3:18:04	-0,040	1,000	4:43:04	4:28:04
D1	7693,470	0,090	2:18:04	0,054	0,083	0,851	0,724	1:58:04	1:49:11	1:38:04	2:18:04	0,180	1,000	2:03:04	1:58:37
D2	95945,280	1,476	23:48:04	3,875	-0,260	1,000	1,000	4:28:04	1:42:04	4:08:04	4:48:04	4,020	1,000	4:23:04	1:52:09
D3	7698,030	0,090	0:28:04	0,012	0,074	0,973	0,947	20:48:04	20:59:44	20:28:04	21:08:04	-0,040	1,000	4:33:04	4:15:34
D4	80718,090	1,349	23:48:04	4,531	-0,597	1,000	1,000	3:18:04	2:31:41	2:58:04	3:38:04	4,680	1,000	3:13:04	2:33:05
D5	7665,120	0,089	0:28:04	0,011	0,079	0,839	0,703	14:08:04	14:48:04	13:48:04	14:28:04	-0,040	1,000	4:33:04	4:20:34
D6	85833,840	1,379	23:48:04	3,985	-0,451	0,999	0,999	3:08:04	2:16:27	2:48:04	3:28:04	4,440	1,000	3:03:04	2:21:10
D7	7591,860	0,088	0:28:04	-0,011	0,090	-0,904	0,818	2:58:04	2:23:31	2:38:04	3:18:04	-0,040	1,000	5:03:04	4:50:34
D8	91343,400	1,466	23:48:04	4,594	-0,563	0,998	0,996	3:58:04	2:23:34	3:38:04	4:18:04	5,490	1,000	3:53:04	2:38:30
D9	7607,670	0,088	21:08:04	-0,012	0,102	-0,894	0,800	18:58:04	19:14:44	18:38:04	19:18:04	0,040	1,000	1:53:04	1:58:04
D10	93195,330	1,508	23:48:04	7,613	-1,981	0,998	0,996	5:48:04	4:33:25	5:28:04	6:08:04	2,300	1,000	5:03:04	2:35:56
D11	7495,320	0,087	23:28:04	-0,010	0,088	-1,000	1,000	1:28:04	0:58:04	1:08:04	1:48:04	-0,050	1,000	3:03:04	2:54:04
D12	98223,030	1,517	23:48:04	7,007	-1,430	0,995	0,990	5:18:04	3:40:13	4:58:04	5:38:04	5,190	1,000	4:23:04	3:06:23
E1	8056,410	0,144	23:48:04	0,555	-0,648	0,999	0,998	23:48:04	22:09:00	23:28:04	24:08:04	0,040	1,000	1:53:04	1:53:04
E2	7636,170	0,089	23:38:04	0,009	0,077	0,783	0,614	20:38:04	20:55:51	20:18:04	20:58:04	0,030	1,000	2:33:04	2:41:24
E3	31068,390	0,757	23:48:04	1,368	-0,708	0,998	0,996	12:08:04	9:46:42	11:48:04	12:28:04	0,040	1,000	3:23:04	3:05:34
E4	7601,130	0,089	23:18:04	-0,010	0,102	-0,870	0,758	22:28:04	23:42:04	22:08:04	22:48:04	-0,030	1,000	4:33:04	4:28:04
E5	32266,530	0,712	23:48:04	1,992	-0,982	1,000	1,000	10:18:04	8:58:33	9:58:04	10:38:04	-0,040	1,000	3:03:04	3:10:34
E6	7508,670	0,088	0:28:04	-0,012	0,089	-0,949	0,900	2:58:04	2:08:04	2:38:04	3:18:04	0,050	1,000	3:23:04	3:34:04
E7	40312,890	0,798	23:48:04	1,467	-0,545	0,996	0,992	12:08:04	7:13:50	11:48:04	12:28:04	0,490	1,000	5:03:04	3:49:05
E8	7840,680	0,092	0:28:04	-0,013	0,095	-0,876	0,768	4:38:04	3:36:32	4:18:04	4:58:04	-0,040	1,000	4:33:04	4:13:04
E9	37352,040	0,755	23:48:04	1,838	-0,664	0,999	0,998	8:48:04	6:51:56	8:28:04	9:08:04	0,170	1,000	4:53:04	4:02:11
E10	8064,480	0,094	22:28:04	0,010	0,091	0,884	0,781	3:28:04	4:10:04	3:08:04	3:48:04	-0,030	1,000	1:03:04	0:54:44
E11	39155,670	0,850	23:48:04	1,632	-0,579	0,999	0,998	8:38:04	6:52:43	8:18:04	8:58:04	0,170	1,000	5:03:04	4:03:57
E12	7599,210	0,088	22:08:04	-0,012	0,090	-0,926	0,857	2:58:04	2:23:04	2:38:04	3:18:04	-0,030	1,000	0:43:04	0:38:04
F1	7701,480	0,089	23:38:04	-0,009	0,097	-0,959	0,920	14:38:04	14:18:04	14:18:04	14:58:04	-0,040	1,000	4:03:04	3:45:34
F2	75309,150	1,392	23:48:04	2,704	-0,337	1,000	0,999	4:38:04	2:41:21	4:18:04	4:58:04	3,520	1,000	3:53:04	2:56:49
F3	7489,350	0,087	0:28:04	-0,011	0,088	-0,839	0,703	1:48:04	1:17:09	1:28:04	2:08:04	0,040	1,000	4:53:04	5:08:04
F4	77063,400	1,414	23:48:04	2,391	-0,214	1,000	0,999	3:28:04	2:10:44	3:08:04	3:48:04	2,590	1,000	3:23:04	2:16:50
F5	7661,310	0,089	0:28:04	-0,010	0,090	-0,870	0,758	2:58:04	1:52:04	2:38:04	3:18:04	0,040	1,000	1:53:04	2:00:34
F6	71918,430	1,363	23:48:04	2,443	-0,273	1,000	0,999	3:48:04	2:28:57	3:28:04	4:08:04	2,590	1,000	3:43:04	2:33:14
F7	7566,240	0,088	0:28:04	-0,012	0,089	-0,775	0,600	1:48:04	1:14:44	1:28:04	2:08:04	-0,040	1,000	2:03:04	1:53:04
F8	83625,330	1,493	23:48:04	2,832	-0,300	1,000	1,000	3:58:04	2:18:52	3:38:04	4:18:04	3,080	1,000	3:13:04	2:23:41
F9	7583,190	0,088	18:58:04	-0,009	0,091	-0,850	0,723	5:58:04	5:31:24	5:38:04	6:18:04	-0,040	1,000	3:03:04	2:53:04
F10	74852,520	1,446	23:48:04	2,536	-0,314	1,000	1,000	4:18:04	2:43:05	3:58:04	4:38:04	2,580	1,000	4:13:04	2:44:53
F11	7461,510	0,087	21:18:04	-0,012	0,087	-0,915	0,837	0:48:04	0:28:04	0:28:04	1:08:04	0,050	1,000	1:53:04	2:02:04
F12	79436,550	1,468	23:48:04	2,670	-0,306	1,000	0,999	3:58:04	2:32:08	3:38:04	4:18:04	2,940	1,000	4:13:04	2:42:07
G1	94235,520	1,388	23:48:04	5,230	-0,412	0,996	0,993	2:38:04	1:44:30	2:18:04	2:58:04	6,490	1,000	2:43:04	2:00:46
G2	9153,060	0,106	18:48:04	0,019	0,104	0,918	0,843	0:38:04	?????	0:18:04	0:58:04	0,060	1,000	4:53:04	4:48:04
G3	92658,420	1,362	23:48:04	4,219	-0,292	1,000	0,999	2:28:04	1:34:57	2:08:04	2:48:04	4,930	1,000	4:33:04	2:16:51
G4	7707,510	0,090	23:38:04	-0,012	0,102	-0,926	0,857	18:08:04	18:14:44	17:48:04	18:28:04	-0,030	1,000	1:43:04	1:31:24
G5	85173,690	1,332	23:48:04	5,006	-0,797	1,000	0,999	4:18:04	2:58:22	3:58:04	4:38:04	5,550	1,000	4:13:04	3:06:18
G6	7885,380	0,092	0:28:04	-0,010	0,092	-0,870	0,758	1:58:04	1:12:04	1:38:04	2:18:04	-0,030	1,000	2:03:04	1:58:04
G7	93347,940	1,407	21:28:04	7,527	-1,534	0,992	0,985	4:58:04	3:37:08	4:38:04	5:18:04	10,390	1,000	4:53:04	3:59:09
G8	7525,650	0,087	18:48:04	0,012	0,084	0,586	0,343	4:08:04	4:41:24	3:48:04	4:28:04	0,070	1,000	2:33:04	2:33:47
G9	93762,870	1,390	23:48:04	5,695	-0,540	1,000	1,000	2:58:04	1:52:48	2:38:04	3:18:04	6,090	1,000	3:13:04	1:58:41
G10	7748,580	0,090	18:18:04	-0,012	0,093	-0,866	0,750	4:28:04	3:59:44	4:08:04	4:48:04	0,070	1,000	2:33:04	2:36:38
G11	103023,750	1,490	21:28:04	4,494	-0,288	1,000	1,000	2:48:04	1:27:51	2:28:04	3:08:04	4,730	1,000	2:33:04	1:32:46
G12	7470,420	0,087	23:38:04	0,010	0,073	0,945	0,893	22:08:04	22:02:04	21:48:04	22:28:04	0,040	1,000	1:53:04	2:03:04
H1	7538,670	0,088	21:58:04	-0,009	0,088	-0,938	0,880	0:48:04	0:19:11	0:28:04	1:08:04	0,030	1,000	3:33:04	3:41:24
H2	101498,700	1,467	23:48:04	5,057	-0,167	0,999	0,998	1:38:04	0:55:22	1:18:04	1:58:04	5,940	1,000	1:33:04	1:02:57
H3	7728,120	0,090	23:38:04	0,011	0,080	0,904	0,818	13:58:04	13:32:37	13:38:04	14:18:04	0,030	1,000	4:13:04	4:24:44
H4	100469,130	1,510	23:48:04	5,165	-0,404	0,998	0,996	2:28:04	1:37:48	2:08:04	2:48:04	6,300	1,000	2:23:04	1:46:01
H5	74550,870	1,403	23:48:04	5,682	-2,153	1,000	1,000	7:28:04	6:35:07	7:08:04	7:48:04	0,570	1,000	2:53:04	2:48:04
H6	97594,920	1,500	23:48:04	5,457	-0,647	0,999	0,998	3:38:04	2:17:38	3:18:04	3:58:04	6,370	1,000	3:23:04	2:27:32
H7	7456,470	0,087	18:48:04	-0,010	0,087	-0,962	0,926	0:38:04	0:20:04	0:18:04	0:58:04	-0,030	1,000	5:03:04	4:51:24
H8	99005,040	1,507	23:48:04	4,300	-0,390	0,993	0,987	4:28:04	1:53:51	4:08:04	4:48:04	6,150	1,000	4:13:04	2:36:08
H9	7785,840	0,091	18:48:04	0,010	0,079	0,811	0,658	18:38:04	17:32:04	18:18:04	18:58:04	-0,030	1,000	2:43:04	2:38:04
H10	99966,780	1,535	23:48:04	6,240	-0,940	0,991	0,982	3:58:04	2:48:34	3:38:04	4:18:04	8,850	1,000	3:53:04	3:09:17
H11	7803,450	0,091	22:28:04	-0,011	0,103	-0,957	0,917	18:58:04	19:58:04	18:38:04	19:18:04	0,040	1,000	1:53:04	1:55:34
H12	102577,500	1,515	23:48:04	4,253	-0,219	1,000	0,999	3:58:04	1:20:26	3:38:04	4:18:04	4,510	1,000	4:13:04	1:34:44

