

Software Version	3.11.19



Experiment File Path:	C:\Users\PBE\Desktop\Alphonso\repeticion curvas EE\repetición placa 6 dia 1.xpt
Protocol File Path:	C:\Users\PBE\Desktop\CommonProtocolsPR\protocolosparalosplatereaders\DO_kinetic_37_24h_new_plates_agitation_constante.prt



Plate Number	Plate 1
Date	22/05/2023
Time	16:13:45
Reader Type:	Synergy HTX
Reader Serial Number:	2108057
Reading Type	Reader

Procedure Details

Plate Type	Nunc 96 flat bottom generic (Use plate lid)
Eject plate on completion	
Set Temperature	Setpoint 37°C, Gradient 1 °C
	Preheat before moving to next step
Start Kinetic	Runtime 24:00:00 (HH:MM:SS), Interval 0:10:00, 145 Reads
    Shake	Orbital: 8:00 (MM:SS)
	Frequency: 365 cpm (2 mm)
    Read	Optical Density
	Absorbance Endpoint
	Full Plate
	Wavelengths:  600
	Read Speed: Normal,  Delay: 100 msec,  Measurements/Data Point: 8
End Kinetic	

Optical Density:600

Time	0:08:04	0:18:04	0:28:04	0:38:04	0:48:04	0:58:04	1:08:04	1:18:04	1:28:04	1:38:04	1:48:04	1:58:04	2:08:04	2:18:04	2:28:04	2:38:04	2:48:04	2:58:04	3:08:04	3:18:04	3:28:04	3:38:04	3:48:04	3:58:04	4:08:04	4:18:04	4:28:04	4:38:04	4:48:04	4:58:04	5:08:04	5:18:04	5:28:04	5:38:04	5:48:04	5:58:04	6:08:04	6:18:04	6:28:04	6:38:04	6:48:04	6:58:04	7:08:04	7:18:04	7:28:04	7:38:04	7:48:04	7:58:04	8:08:04	8:18:04	8:28:04	8:38:04	8:48:04	8:58:04	9:08:04	9:18:04	9:28:04	9:38:04	9:48:04	9:58:04	10:08:04	10:18:04	10:28:04	10:38:04	10:48:04	10:58:04	11:08:04	11:18:04	11:28:04	11:38:04	11:48:04	11:58:04	12:08:04	12:18:04	12:28:04	12:38:04	12:48:04	12:58:04	13:08:04	13:18:04	13:28:04	13:38:04	13:48:04	13:58:04	14:08:04	14:18:04	14:28:04	14:38:04	14:48:04	14:58:04	15:08:04	15:18:04	15:28:04	15:38:04	15:48:04	15:58:04	16:08:04	16:18:04	16:28:04	16:38:04	16:48:04	16:58:04	17:08:04	17:18:04	17:28:04	17:38:04	17:48:04	17:58:04	18:08:04	18:18:04	18:28:04	18:38:04	18:48:04	18:58:04	19:08:04	19:18:04	19:28:04	19:38:04	19:48:04	19:58:04	20:08:04	20:18:04	20:28:04	20:38:04	20:48:04	20:58:04	21:08:04	21:18:04	21:28:04	21:38:04	21:48:04	21:58:04	22:08:04	22:18:04	22:28:04	22:38:04	22:48:04	22:58:04	23:08:04	23:18:04	23:28:04	23:38:04	23:48:04	23:58:04	24:08:04	
T° Optical Density:600	36,1	37,0	37,0	37,0	37,0	37,0	37,0	37,0	37,0	37,0	37,0	37,0	37,0	37,0	37,0	37,0	37,0	37,0	37,0	37,0	37,0	37,0	37,0	37,0	37,0	37,0	37,0	37,0	37,0	37,0	37,0	37,0	37,0	37,0	37,0	37,0	37,0	37,0	37,0	37,0	37,0	37,0	37,0	37,0	37,0	37,0	37,0	37,0	37,0	37,0	37,1	37,0	37,0	37,0	37,0	37,0	37,0	37,0	37,0	37,0	37,0	37,0	37,0	37,0	37,0	37,0	37,0	37,0	37,0	37,0	37,0	37,0	37,0	37,0	37,0	37,0	37,0	37,0	37,0	37,0	37,0	37,0	37,0	37,0	37,0	37,0	37,0	37,0	37,0	37,0	37,0	37,0	37,0	37,0	37,0	37,0	37,0	37,0	37,0	37,0	37,0	37,0	37,0	37,0	37,0	37,0	37,0	37,0	37,0	37,0	37,0	37,0	37,0	37,0	37,0	37,0	37,0	37,0	37,0	37,0	37,0	37,0	37,0	37,0	37,0	37,0	37,0	37,0	37,0	37,0	37,0	37,0	37,0	37,0	37,0	37,0	37,0	37,0	37,0	37,0	37,0	37,0	37,0	37,0	37,0	
A1	0,101	0,101	0,102	0,103	0,106	0,108	0,111	0,116	0,124	0,137	0,157	0,184	0,210	0,253	0,297	0,315	0,331	0,358	0,375	0,389	0,401	0,414	0,423	0,434	0,445	0,453	0,461	0,469	0,480	0,497	0,512	0,532	0,555	0,580	0,616	0,669	0,799	0,954	1,029	1,071	1,097	1,116	1,132	1,146	1,158	1,172	1,182	1,196	1,209	1,218	1,226	1,239	1,247	1,255	1,262	1,268	1,277	1,286	1,292	1,299	1,307	1,317	1,323	1,330	1,339	1,343	1,350	1,358	1,365	1,372	1,382	1,386	1,390	1,396	1,401	1,410	1,412	1,417	1,421	1,424	1,428	1,436	1,435	1,440	1,441	1,449	1,452	1,453	1,453	1,459	1,462	1,465	1,469	1,471	1,473	1,472	1,474	1,471	1,475	1,475	1,478	1,483	1,482	1,484	1,483	1,485	1,487	1,487	1,490	1,488	1,491	1,492	1,491	1,492	1,495	1,496	1,497	1,496	1,497	1,497	1,497	1,500	1,500	1,502	1,504	1,507	1,506	1,506	1,505	1,507	1,510	1,510	1,510	1,512	1,513	1,513	1,516	1,517	1,517	1,518	1,521	1,521	1,523	1,525	1,525	
A2	0,088	0,087	0,088	0,087	0,087	0,087	0,088	0,087	0,087	0,087	0,087	0,087	0,087	0,087	0,087	0,087	0,087	0,087	0,087	0,087	0,087	0,087	0,087	0,087	0,087	0,087	0,087	0,087	0,087	0,087	0,087	0,087	0,087	0,087	0,088	0,087	0,088	0,088	0,088	0,087	0,088	0,087	0,088	0,088	0,087	0,088	0,087	0,087	0,087	0,087	0,088	0,087	0,088	0,087	0,088	0,088	0,088	0,088	0,088	0,088	0,088	0,088	0,088	0,088	0,088	0,088	0,088	0,088	0,088	0,088	0,088	0,088	0,088	0,088	0,088	0,088	0,088	0,088	0,088	0,088	0,088	0,088	0,088	0,088	0,088	0,088	0,088	0,088	0,088	0,088	0,088	0,088	0,088	0,089	0,088	0,088	0,088	0,088	0,088	0,088	0,088	0,088	0,088	0,088	0,088	0,088	0,088	0,088	0,088	0,088	0,088	0,088	0,088	0,088	0,088	0,088	0,088	0,088	0,088	0,088	0,088	0,088	0,088	0,088	0,088	0,088	0,088	0,088	0,088	0,088	0,088	0,088	0,088	0,088	0,088	0,088	0,088	0,088	0,088	0,088	0,088	0,088	0,088	0,088	0,088	
A3	0,100	0,101	0,102	0,104	0,105	0,111	0,112	0,116	0,123	0,132	0,147	0,169	0,197	0,235	0,270	0,306	0,347	0,397	0,441	0,485	0,538	0,574	0,622	0,629	0,627	0,643	0,648	0,658	0,663	0,669	0,678	0,684	0,696	0,718	0,793	0,887	0,972	1,016	1,043	1,058	1,073	1,086	1,099	1,112	1,124	1,135	1,146	1,158	1,167	1,179	1,186	1,198	1,204	1,215	1,226	1,234	1,241	1,250	1,259	1,264	1,274	1,280	1,287	1,298	1,305	1,313	1,321	1,326	1,335	1,345	1,356	1,361	1,368	1,376	1,381	1,389	1,393	1,400	1,404	1,407	1,413	1,421	1,422	1,426	1,427	1,435	1,438	1,442	1,443	1,448	1,452	1,455	1,460	1,462	1,464	1,466	1,467	1,470	1,472	1,473	1,477	1,480	1,480	1,483	1,483	1,487	1,490	1,491	1,493	1,492	1,496	1,496	1,499	1,498	1,502	1,504	1,506	1,507	1,506	1,508	1,508	1,511	1,511	1,511	1,516	1,520	1,516	1,517	1,516	1,520	1,524	1,523	1,520	1,525	1,527	1,526	1,528	1,530	1,531	1,532	1,534	1,535	1,538	1,541	1,540	
A4	0,087	0,087	0,087	0,087	0,087	0,087	0,087	0,087	0,087	0,087	0,087	0,087	0,087	0,087	0,087	0,087	0,087	0,087	0,088	0,087	0,087	0,088	0,087	0,087	0,088	0,087	0,088	0,088	0,088	0,088	0,088	0,088	0,088	0,088	0,088	0,088	0,088	0,088	0,088	0,088	0,088	0,088	0,088	0,088	0,088	0,088	0,088	0,088	0,088	0,088	0,088	0,088	0,088	0,088	0,088	0,088	0,088	0,088	0,088	0,088	0,088	0,088	0,088	0,088	0,088	0,088	0,088	0,088	0,088	0,088	0,088	0,088	0,088	0,088	0,088	0,088	0,088	0,088	0,088	0,088	0,088	0,088	0,088	0,088	0,088	0,088	0,089	0,088	0,088	0,088	0,088	0,088	0,088	0,088	0,088	0,089	0,088	0,088	0,089	0,088	0,089	0,089	0,088	0,088	0,089	0,088	0,088	0,088	0,089	0,088	0,088	0,089	0,089	0,088	0,089	0,089	0,088	0,089	0,089	0,088	0,089	0,089	0,088	0,089	0,088	0,088	0,089	0,089	0,089	0,089	0,089	0,090	0,089	0,089	0,089	0,089	0,090	0,090	0,090	0,090	0,090	0,090	0,088	0,088	0,089	
A5	0,092	0,093	0,093	0,093	0,094	0,094	0,096	0,096	0,098	0,101	0,105	0,112	0,121	0,134	0,149	0,169	0,194	0,227	0,264	0,298	0,321	0,345	0,362	0,377	0,395	0,415	0,440	0,462	0,488	0,538	0,610	0,694	0,797	0,871	0,919	0,936	0,957	0,968	0,981	0,993	1,012	1,023	1,037	1,049	1,062	1,075	1,084	1,097	1,111	1,124	1,134	1,147	1,155	1,167	1,178	1,185	1,197	1,208	1,217	1,225	1,237	1,250	1,262	1,272	1,282	1,289	1,297	1,302	1,308	1,315	1,325	1,328	1,332	1,339	1,343	1,353	1,357	1,362	1,365	1,366	1,371	1,380	1,377	1,383	1,382	1,389	1,391	1,392	1,392	1,397	1,401	1,404	1,407	1,410	1,410	1,410	1,413	1,411	1,413	1,416	1,416	1,427	1,426	1,427	1,426	1,430	1,431	1,431	1,437	1,435	1,438	1,439	1,439	1,440	1,445	1,446	1,449	1,448	1,448	1,449	1,450	1,454	1,453	1,456	1,459	1,463	1,461	1,462	1,461	1,463	1,466	1,467	1,465	1,466	1,470	1,468	1,470	1,473	1,472	1,473	1,476	1,477	1,480	1,482	1,482	
A6	0,088	0,088	0,088	0,088	0,088	0,088	0,088	0,088	0,088	0,088	0,088	0,088	0,088	0,089	0,088	0,088	0,088	0,089	0,088	0,089	0,088	0,089	0,088	0,088	0,089	0,089	0,088	0,089	0,089	0,089	0,089	0,089	0,088	0,088	0,089	0,089	0,089	0,089	0,089	0,088	0,089	0,089	0,089	0,089	0,089	0,089	0,089	0,089	0,089	0,089	0,089	0,089	0,089	0,089	0,089	0,089	0,089	0,089	0,089	0,089	0,089	0,089	0,089	0,089	0,089	0,089	0,089	0,089	0,089	0,089	0,089	0,089	0,089	0,089	0,089	0,089	0,089	0,089	0,089	0,089	0,089	0,089	0,089	0,089	0,089	0,089	0,089	0,089	0,089	0,089	0,089	0,089	0,089	0,089	0,089	0,089	0,089	0,089	0,090	0,090	0,089	0,089	0,089	0,089	0,090	0,089	0,089	0,089	0,090	0,089	0,089	0,089	0,089	0,089	0,089	0,089	0,089	0,090	0,090	0,089	0,090	0,089	0,089	0,089	0,089	0,089	0,090	0,090	0,089	0,090	0,089	0,090	0,089	0,090	0,089	0,089	0,090	0,089	0,089	0,089	0,090	0,090	0,089	0,089	0,089	
A7	0,104	0,105	0,106	0,107	0,108	0,109	0,112	0,115	0,120	0,126	0,134	0,143	0,156	0,170	0,188	0,209	0,232	0,256	0,281	0,306	0,328	0,346	0,360	0,377	0,394	0,415	0,435	0,453	0,472	0,487	0,501	0,517	0,538	0,561	0,594	0,635	0,700	0,805	0,932	1,015	1,067	1,106	1,132	1,149	1,167	1,185	1,195	1,210	1,223	1,235	1,244	1,254	1,262	1,270	1,278	1,284	1,294	1,302	1,308	1,317	1,323	1,334	1,340	1,345	1,355	1,360	1,367	1,375	1,379	1,385	1,394	1,401	1,406	1,414	1,419	1,428	1,432	1,438	1,444	1,445	1,450	1,457	1,458	1,463	1,464	1,472	1,477	1,478	1,481	1,488	1,492	1,497	1,500	1,504	1,505	1,506	1,508	1,506	1,510	1,510	1,514	1,522	1,520	1,523	1,522	1,527	1,528	1,529	1,532	1,531	1,533	1,534	1,534	1,536	1,538	1,542	1,542	1,542	1,542	1,541	1,540	1,544	1,545	1,546	1,550	1,552	1,551	1,550	1,550	1,552	1,555	1,557	1,554	1,554	1,560	1,560	1,562	1,563	1,564	1,563	1,565	1,568	1,569	1,572	1,571	
A8	0,089	0,089	0,089	0,089	0,089	0,089	0,089	0,089	0,089	0,089	0,089	0,089	0,089	0,089	0,089	0,089	0,089	0,089	0,089	0,089	0,089	0,089	0,089	0,089	0,089	0,089	0,089	0,089	0,089	0,089	0,089	0,089	0,089	0,089	0,089	0,089	0,089	0,089	0,089	0,089	0,089	0,089	0,089	0,089	0,089	0,089	0,089	0,089	0,089	0,089	0,089	0,089	0,089	0,089	0,089	0,089	0,089	0,089	0,089	0,089	0,089	0,089	0,089	0,089	0,089	0,089	0,089	0,089	0,089	0,089	0,089	0,089	0,089	0,089	0,089	0,089	0,089	0,089	0,089	0,089	0,089	0,089	0,089	0,089	0,089	0,089	0,090	0,090	0,089	0,089	0,089	0,089	0,089	0,089	0,090	0,089	0,089	0,089	0,090	0,089	0,089	0,089	0,090	0,089	0,090	0,090	0,089	0,089	0,090	0,089	0,090	0,090	0,089	0,089	0,090	0,090	0,089	0,090	0,090	0,090	0,089	0,090	0,090	0,089	0,089	0,090	0,090	0,090	0,090	0,089	0,090	0,090	0,090	0,090	0,090	0,090	0,089	0,089	0,090	0,089	0,090	0,089	0,089	0,089	0,090	
A9	0,101	0,102	0,104	0,106	0,108	0,113	0,117	0,122	0,131	0,145	0,169	0,207	0,265	0,318	0,390	0,440	0,509	0,575	0,624	0,679	0,712	0,770	0,777	0,795	0,808	0,821	0,848	0,854	0,872	0,889	0,915	0,933	0,956	0,988	1,014	1,030	1,071	1,077	1,093	1,099	1,109	1,113	1,116	1,120	1,128	1,135	1,139	1,153	1,161	1,170	1,175	1,188	1,190	1,199	1,208	1,214	1,222	1,232	1,239	1,244	1,253	1,261	1,268	1,276	1,284	1,291	1,298	1,306	1,311	1,315	1,327	1,330	1,337	1,344	1,350	1,361	1,370	1,381	1,385	1,389	1,398	1,404	1,405	1,412	1,413	1,422	1,426	1,428	1,431	1,439	1,443	1,450	1,452	1,460	1,463	1,463	1,468	1,465	1,468	1,471	1,477	1,485	1,487	1,488	1,490	1,492	1,494	1,499	1,503	1,501	1,505	1,506	1,506	1,507	1,511	1,515	1,516	1,517	1,516	1,517	1,516	1,521	1,521	1,523	1,526	1,529	1,528	1,528	1,527	1,529	1,533	1,534	1,532	1,536	1,539	1,538	1,542	1,544	1,545	1,546	1,549	1,550	1,552	1,554	1,554	
A10	0,087	0,087	0,087	0,087	0,087	0,087	0,087	0,087	0,087	0,087	0,087	0,087	0,087	0,087	0,087	0,087	0,087	0,087	0,087	0,087	0,087	0,087	0,087	0,087	0,087	0,087	0,087	0,087	0,087	0,087	0,087	0,087	0,087	0,087	0,087	0,087	0,087	0,087	0,087	0,087	0,087	0,087	0,087	0,087	0,087	0,087	0,087	0,087	0,087	0,087	0,087	0,087	0,087	0,087	0,087	0,087	0,087	0,087	0,087	0,087	0,087	0,087	0,087	0,087	0,087	0,087	0,087	0,087	0,087	0,087	0,087	0,087	0,087	0,087	0,087	0,087	0,087	0,087	0,087	0,087	0,087	0,087	0,087	0,087	0,087	0,087	0,088	0,088	0,088	0,088	0,087	0,087	0,087	0,087	0,088	0,088	0,087	0,088	0,088	0,088	0,088	0,088	0,088	0,088	0,088	0,088	0,088	0,088	0,088	0,088	0,088	0,088	0,088	0,088	0,088	0,088	0,088	0,088	0,088	0,088	0,088	0,088	0,088	0,088	0,087	0,088	0,088	0,088	0,088	0,088	0,088	0,088	0,088	0,088	0,087	0,088	0,088	0,088	0,088	0,088	0,088	0,088	0,088	0,088	0,088	
A11	0,099	0,099	0,100	0,101	0,102	0,104	0,107	0,110	0,116	0,121	0,127	0,136	0,147	0,161	0,178	0,196	0,217	0,239	0,263	0,290	0,308	0,325	0,339	0,353	0,371	0,390	0,409	0,431	0,451	0,472	0,494	0,520	0,549	0,582	0,619	0,670	0,768	0,907	1,003	1,056	1,096	1,130	1,155	1,174	1,191	1,209	1,218	1,234	1,248	1,260	1,269	1,281	1,290	1,302	1,309	1,317	1,327	1,336	1,343	1,351	1,361	1,371	1,381	1,388	1,398	1,403	1,411	1,418	1,422	1,427	1,436	1,440	1,443	1,447	1,453	1,461	1,462	1,469	1,473	1,475	1,479	1,487	1,487	1,489	1,490	1,495	1,499	1,499	1,501	1,504	1,509	1,512	1,513	1,516	1,517	1,518	1,520	1,517	1,521	1,520	1,524	1,530	1,529	1,532	1,532	1,535	1,536	1,537	1,539	1,539	1,541	1,542	1,541	1,543	1,544	1,547	1,549	1,550	1,550	1,550	1,548	1,555	1,552	1,554	1,557	1,559	1,556	1,556	1,558	1,558	1,560	1,562	1,558	1,557	1,562	1,561	1,563	1,565	1,565	1,563	1,567	1,567	1,571	1,573	1,569	
A12	0,088	0,088	0,088	0,088	0,088	0,088	0,088	0,088	0,088	0,088	0,088	0,088	0,088	0,088	0,088	0,088	0,088	0,088	0,088	0,088	0,088	0,088	0,088	0,088	0,088	0,088	0,088	0,088	0,088	0,088	0,088	0,088	0,088	0,088	0,088	0,088	0,089	0,088	0,089	0,088	0,089	0,089	0,089	0,089	0,089	0,088	0,089	0,089	0,089	0,089	0,089	0,089	0,089	0,089	0,089	0,089	0,089	0,089	0,089	0,089	0,089	0,089	0,089	0,089	0,089	0,089	0,089	0,089	0,089	0,089	0,089	0,089	0,089	0,089	0,089	0,089	0,089	0,089	0,089	0,089	0,089	0,089	0,089	0,089	0,089	0,089	0,089	0,089	0,089	0,089	0,089	0,089	0,089	0,089	0,089	0,089	0,089	0,089	0,089	0,089	0,089	0,089	0,089	0,089	0,089	0,089	0,089	0,089	0,089	0,089	0,089	0,089	0,089	0,089	0,090	0,089	0,089	0,089	0,089	0,089	0,090	0,089	0,089	0,089	0,089	0,089	0,089	0,089	0,089	0,089	0,089	0,089	0,089	0,090	0,089	0,089	0,089	0,089	0,089	0,089	0,089	0,089	0,089	0,089	0,089	
B1	0,089	0,089	0,089	0,089	0,089	0,089	0,089	0,089	0,089	0,089	0,089	0,089	0,089	0,089	0,089	0,089	0,089	0,088	0,089	0,088	0,089	0,089	0,088	0,089	0,089	0,089	0,088	0,089	0,088	0,089	0,088	0,088	0,088	0,088	0,089	0,088	0,089	0,088	0,089	0,088	0,089	0,088	0,088	0,088	0,088	0,088	0,088	0,089	0,088	0,088	0,088	0,088	0,089	0,088	0,088	0,088	0,088	0,089	0,088	0,088	0,089	0,088	0,088	0,088	0,089	0,088	0,088	0,088	0,089	0,089	0,089	0,089	0,088	0,088	0,089	0,088	0,089	0,088	0,089	0,088	0,088	0,088	0,089	0,089	0,089	0,088	0,089	0,089	0,089	0,089	0,089	0,089	0,089	0,089	0,089	0,089	0,088	0,089	0,089	0,089	0,089	0,089	0,089	0,089	0,089	0,089	0,089	0,089	0,089	0,089	0,088	0,089	0,089	0,089	0,089	0,089	0,089	0,089	0,089	0,089	0,089	0,089	0,089	0,089	0,089	0,089	0,089	0,089	0,089	0,089	0,089	0,089	0,089	0,089	0,089	0,089	0,089	0,089	0,089	0,089	0,089	0,089	0,089	0,089	0,089	
B2	0,096	0,097	0,097	0,098	0,099	0,101	0,104	0,107	0,112	0,119	0,131	0,149	0,173	0,202	0,235	0,272	0,317	0,373	0,425	0,485	0,521	0,563	0,601	0,629	0,640	0,646	0,659	0,665	0,662	0,675	0,680	0,688	0,704	0,726	0,773	0,836	0,906	0,970	1,017	1,054	1,074	1,092	1,107	1,120	1,133	1,144	1,157	1,168	1,180	1,190	1,198	1,208	1,218	1,226	1,235	1,242	1,250	1,259	1,265	1,274	1,283	1,292	1,297	1,306	1,315	1,321	1,328	1,335	1,344	1,351	1,359	1,365	1,372	1,379	1,385	1,393	1,398	1,403	1,411	1,413	1,418	1,423	1,428	1,433	1,436	1,441	1,446	1,450	1,453	1,457	1,460	1,464	1,468	1,474	1,476	1,475	1,478	1,478	1,482	1,484	1,487	1,490	1,491	1,494	1,494	1,497	1,500	1,501	1,503	1,503	1,506	1,509	1,511	1,512	1,514	1,517	1,518	1,520	1,521	1,521	1,524	1,526	1,527	1,528	1,530	1,533	1,534	1,535	1,536	1,538	1,539	1,540	1,541	1,543	1,545	1,546	1,549	1,550	1,551	1,553	1,555	1,556	1,557	1,559	1,560	
B3	0,090	0,090	0,090	0,090	0,090	0,089	0,090	0,089	0,089	0,090	0,089	0,089	0,090	0,090	0,090	0,090	0,090	0,090	0,090	0,089	0,089	0,090	0,090	0,089	0,089	0,090	0,089	0,089	0,090	0,089	0,089	0,090	0,089	0,089	0,090	0,090	0,090	0,090	0,090	0,089	0,090	0,089	0,089	0,090	0,089	0,089	0,090	0,090	0,089	0,090	0,090	0,089	0,090	0,090	0,089	0,090	0,090	0,089	0,090	0,090	0,090	0,090	0,090	0,089	0,090	0,090	0,090	0,090	0,090	0,090	0,090	0,090	0,090	0,090	0,090	0,090	0,090	0,090	0,090	0,090	0,090	0,090	0,090	0,090	0,090	0,090	0,090	0,090	0,090	0,090	0,090	0,090	0,090	0,090	0,090	0,090	0,090	0,090	0,090	0,090	0,090	0,090	0,090	0,090	0,090	0,090	0,090	0,090	0,090	0,090	0,090	0,090	0,090	0,090	0,090	0,090	0,090	0,090	0,090	0,090	0,090	0,090	0,090	0,090	0,090	0,090	0,090	0,090	0,090	0,090	0,090	0,090	0,090	0,090	0,090	0,090	0,090	0,090	0,090	0,090	0,090	0,090	0,090	0,090	0,090	
B4	0,098	0,099	0,100	0,101	0,103	0,105	0,108	0,111	0,117	0,125	0,134	0,146	0,159	0,175	0,192	0,209	0,227	0,245	0,263	0,283	0,298	0,310	0,323	0,336	0,349	0,364	0,381	0,398	0,415	0,433	0,451	0,474	0,497	0,531	0,624	0,796	0,916	0,971	1,006	1,023	1,039	1,046	1,057	1,066	1,079	1,090	1,096	1,110	1,116	1,126	1,134	1,146	1,151	1,161	1,168	1,175	1,181	1,191	1,200	1,206	1,215	1,221	1,227	1,235	1,241	1,248	1,257	1,264	1,270	1,276	1,287	1,291	1,298	1,308	1,315	1,325	1,334	1,342	1,347	1,351	1,360	1,364	1,369	1,375	1,378	1,385	1,389	1,394	1,399	1,405	1,410	1,415	1,419	1,428	1,431	1,429	1,432	1,433	1,437	1,439	1,443	1,449	1,451	1,454	1,456	1,458	1,463	1,462	1,465	1,466	1,470	1,471	1,472	1,475	1,476	1,481	1,482	1,484	1,486	1,486	1,487	1,490	1,491	1,493	1,496	1,500	1,500	1,500	1,501	1,502	1,504	1,505	1,506	1,508	1,512	1,513	1,515	1,516	1,517	1,519	1,521	1,523	1,524	1,527	1,528	
B5	0,091	0,090	0,091	0,090	0,090	0,090	0,091	0,090	0,090	0,090	0,090	0,090	0,090	0,090	0,090	0,090	0,090	0,090	0,090	0,090	0,090	0,090	0,090	0,090	0,090	0,090	0,090	0,090	0,090	0,090	0,090	0,090	0,090	0,090	0,090	0,090	0,090	0,090	0,090	0,090	0,090	0,090	0,090	0,090	0,090	0,090	0,090	0,090	0,090	0,090	0,090	0,090	0,090	0,090	0,090	0,090	0,090	0,090	0,090	0,090	0,090	0,090	0,090	0,090	0,090	0,090	0,090	0,090	0,090	0,090	0,090	0,090	0,090	0,090	0,090	0,090	0,090	0,090	0,090	0,090	0,090	0,090	0,090	0,090	0,090	0,090	0,090	0,090	0,090	0,090	0,090	0,090	0,090	0,090	0,090	0,090	0,090	0,090	0,090	0,090	0,090	0,090	0,090	0,090	0,090	0,090	0,090	0,090	0,090	0,090	0,090	0,090	0,090	0,090	0,090	0,090	0,090	0,090	0,090	0,090	0,090	0,090	0,090	0,090	0,090	0,090	0,090	0,090	0,090	0,090	0,090	0,090	0,090	0,090	0,090	0,090	0,090	0,090	0,090	0,090	0,090	0,090	0,090	0,090	0,090	
B6	0,104	0,105	0,107	0,109	0,113	0,117	0,122	0,128	0,138	0,154	0,174	0,196	0,215	0,235	0,249	0,266	0,299	0,339	0,384	0,447	0,548	0,634	0,667	0,702	0,717	0,728	0,720	0,703	0,689	0,674	0,673	0,689	0,714	0,780	0,872	0,926	0,966	0,985	1,000	1,008	1,015	1,027	1,036	1,045	1,055	1,067	1,075	1,090	1,103	1,112	1,121	1,134	1,140	1,145	1,153	1,160	1,170	1,180	1,187	1,196	1,205	1,214	1,221	1,228	1,237	1,246	1,254	1,263	1,270	1,278	1,289	1,294	1,302	1,310	1,316	1,326	1,332	1,339	1,345	1,349	1,355	1,363	1,366	1,371	1,375	1,380	1,386	1,390	1,393	1,397	1,401	1,405	1,409	1,414	1,415	1,418	1,421	1,422	1,427	1,430	1,432	1,436	1,437	1,439	1,441	1,443	1,446	1,448	1,450	1,452	1,453	1,455	1,457	1,459	1,462	1,465	1,467	1,466	1,469	1,471	1,473	1,473	1,476	1,478	1,478	1,480	1,482	1,482	1,484	1,487	1,487	1,489	1,490	1,494	1,493	1,497	1,496	1,496	1,497	1,499	1,502	1,502	1,503	1,507	1,507	
B7	0,089	0,089	0,089	0,089	0,088	0,088	0,089	0,088	0,088	0,089	0,088	0,089	0,089	0,089	0,088	0,088	0,088	0,088	0,088	0,088	0,088	0,088	0,088	0,088	0,088	0,088	0,088	0,088	0,088	0,088	0,088	0,088	0,088	0,088	0,089	0,088	0,088	0,088	0,089	0,088	0,089	0,088	0,088	0,089	0,088	0,088	0,088	0,088	0,088	0,088	0,088	0,088	0,088	0,088	0,088	0,088	0,088	0,088	0,088	0,088	0,088	0,089	0,089	0,088	0,089	0,088	0,089	0,088	0,089	0,089	0,089	0,088	0,089	0,089	0,089	0,089	0,088	0,089	0,089	0,088	0,089	0,089	0,089	0,089	0,088	0,088	0,089	0,089	0,089	0,089	0,089	0,089	0,089	0,089	0,089	0,089	0,089	0,089	0,089	0,089	0,089	0,089	0,089	0,089	0,089	0,089	0,089	0,089	0,089	0,089	0,089	0,089	0,089	0,089	0,089	0,089	0,089	0,089	0,089	0,089	0,089	0,089	0,089	0,089	0,089	0,089	0,089	0,089	0,089	0,089	0,089	0,089	0,089	0,089	0,089	0,089	0,089	0,089	0,089	0,089	0,089	0,089	0,089	0,089	0,089	
B8	0,101	0,102	0,103	0,104	0,105	0,108	0,111	0,115	0,122	0,131	0,146	0,164	0,175	0,224	0,290	0,363	0,401	0,418	0,453	0,487	0,506	0,541	0,574	0,622	0,665	0,705	0,752	0,771	0,789	0,808	0,831	0,871	0,903	0,944	0,999	1,039	1,072	1,093	1,109	1,119	1,126	1,135	1,143	1,153	1,163	1,175	1,184	1,201	1,213	1,224	1,232	1,243	1,251	1,258	1,267	1,274	1,284	1,291	1,298	1,308	1,314	1,325	1,330	1,336	1,346	1,351	1,359	1,367	1,373	1,380	1,389	1,395	1,400	1,406	1,412	1,422	1,427	1,432	1,440	1,443	1,447	1,453	1,458	1,462	1,465	1,471	1,477	1,479	1,483	1,489	1,492	1,497	1,501	1,505	1,508	1,511	1,514	1,513	1,517	1,519	1,521	1,527	1,529	1,531	1,533	1,535	1,537	1,538	1,541	1,543	1,545	1,546	1,548	1,549	1,553	1,553	1,556	1,557	1,558	1,560	1,560	1,563	1,564	1,565	1,567	1,571	1,569	1,572	1,573	1,575	1,575	1,578	1,578	1,580	1,582	1,583	1,584	1,585	1,588	1,588	1,589	1,592	1,594	1,593	1,595	
B9	0,089	0,089	0,089	0,089	0,089	0,089	0,089	0,089	0,089	0,089	0,089	0,089	0,089	0,089	0,089	0,089	0,089	0,089	0,089	0,089	0,088	0,089	0,088	0,089	0,088	0,088	0,088	0,088	0,088	0,088	0,088	0,088	0,088	0,088	0,088	0,088	0,088	0,088	0,088	0,088	0,088	0,088	0,088	0,088	0,088	0,088	0,088	0,088	0,088	0,088	0,088	0,088	0,088	0,088	0,088	0,088	0,088	0,088	0,088	0,088	0,088	0,088	0,088	0,088	0,088	0,088	0,088	0,088	0,088	0,088	0,088	0,088	0,088	0,088	0,088	0,088	0,088	0,088	0,088	0,088	0,088	0,088	0,088	0,088	0,088	0,088	0,088	0,088	0,088	0,088	0,088	0,088	0,088	0,088	0,088	0,088	0,088	0,088	0,088	0,088	0,088	0,088	0,088	0,088	0,088	0,088	0,088	0,088	0,088	0,088	0,088	0,088	0,088	0,088	0,088	0,088	0,088	0,088	0,088	0,088	0,088	0,088	0,088	0,088	0,088	0,088	0,088	0,088	0,088	0,088	0,088	0,088	0,088	0,088	0,088	0,088	0,088	0,088	0,088	0,088	0,088	0,088	0,088	0,088	0,088	
B10	0,100	0,101	0,102	0,103	0,105	0,108	0,112	0,116	0,123	0,132	0,143	0,157	0,170	0,187	0,205	0,230	0,259	0,272	0,295	0,319	0,336	0,353	0,369	0,387	0,406	0,429	0,458	0,490	0,514	0,541	0,571	0,598	0,638	0,709	0,843	0,952	1,004	1,034	1,052	1,064	1,078	1,091	1,101	1,115	1,132	1,144	1,154	1,168	1,183	1,196	1,204	1,218	1,226	1,236	1,245	1,255	1,264	1,272	1,283	1,292	1,301	1,309	1,316	1,325	1,336	1,344	1,353	1,361	1,368	1,374	1,382	1,387	1,391	1,397	1,402	1,411	1,416	1,422	1,429	1,431	1,435	1,441	1,444	1,449	1,450	1,455	1,460	1,461	1,463	1,468	1,471	1,475	1,478	1,482	1,484	1,484	1,487	1,486	1,490	1,490	1,492	1,498	1,499	1,501	1,503	1,504	1,508	1,508	1,510	1,512	1,513	1,515	1,515	1,518	1,521	1,521	1,524	1,525	1,526	1,528	1,529	1,530	1,532	1,533	1,535	1,538	1,538	1,540	1,541	1,542	1,542	1,545	1,545	1,546	1,548	1,548	1,549	1,550	1,552	1,551	1,551	1,552	1,554	1,554	1,554	
B11	0,089	0,088	0,089	0,088	0,088	0,088	0,088	0,088	0,088	0,089	0,088	0,088	0,088	0,088	0,088	0,088	0,088	0,088	0,088	0,088	0,088	0,088	0,088	0,088	0,088	0,088	0,088	0,088	0,088	0,088	0,088	0,088	0,088	0,088	0,088	0,088	0,088	0,088	0,089	0,088	0,088	0,088	0,088	0,088	0,088	0,088	0,088	0,088	0,088	0,088	0,088	0,088	0,088	0,088	0,088	0,088	0,088	0,088	0,088	0,088	0,088	0,088	0,088	0,088	0,088	0,088	0,088	0,088	0,088	0,088	0,088	0,088	0,088	0,088	0,088	0,089	0,088	0,088	0,088	0,088	0,088	0,088	0,088	0,088	0,088	0,088	0,089	0,088	0,088	0,089	0,088	0,089	0,089	0,088	0,088	0,089	0,088	0,088	0,089	0,089	0,088	0,088	0,089	0,089	0,089	0,089	0,088	0,088	0,089	0,088	0,088	0,089	0,089	0,089	0,089	0,088	0,088	0,089	0,088	0,088	0,089	0,089	0,088	0,088	0,089	0,089	0,088	0,089	0,089	0,089	0,088	0,089	0,088	0,088	0,088	0,089	0,088	0,088	0,089	0,088	0,089	0,088	0,088	0,089	0,088	
B12	0,107	0,109	0,112	0,115	0,120	0,126	0,134	0,143	0,153	0,167	0,186	0,224	0,231	0,271	0,309	0,330	0,425	0,469	0,491	0,517	0,535	0,602	0,638	0,712	0,784	0,848	0,919	0,938	0,991	1,055	1,083	1,081	1,097	1,089	1,098	1,093	1,098	1,091	1,091	1,094	1,103	1,111	1,117	1,122	1,131	1,139	1,144	1,157	1,168	1,178	1,183	1,194	1,200	1,206	1,214	1,219	1,228	1,235	1,241	1,248	1,256	1,266	1,271	1,279	1,288	1,293	1,300	1,308	1,313	1,319	1,329	1,334	1,341	1,347	1,353	1,367	1,370	1,378	1,381	1,384	1,389	1,399	1,399	1,406	1,407	1,416	1,420	1,421	1,425	1,433	1,437	1,443	1,445	1,454	1,454	1,453	1,457	1,454	1,459	1,459	1,461	1,472	1,474	1,475	1,474	1,478	1,483	1,484	1,487	1,484	1,489	1,491	1,487	1,492	1,494	1,498	1,498	1,501	1,500	1,500	1,496	1,504	1,501	1,503	1,508	1,511	1,508	1,512	1,508	1,510	1,515	1,516	1,513	1,513	1,521	1,520	1,521	1,526	1,528	1,525	1,530	1,533	1,536	1,538	1,537	
C1	0,102	0,103	0,105	0,107	0,110	0,114	0,119	0,125	0,130	0,133	0,138	0,146	0,158	0,172	0,191	0,212	0,239	0,269	0,297	0,322	0,342	0,466	0,457	0,461	0,504	0,538	0,545	0,594	0,628	0,660	0,675	0,711	0,735	0,744	0,757	0,752	0,748	0,745	0,734	0,728	0,712	0,701	0,704	0,709	0,712	0,729	0,735	0,744	0,760	0,770	0,779	0,786	0,796	0,799	0,801	0,803	0,806	0,808	0,809	0,811	0,811	0,815	0,818	0,818	0,819	0,821	0,821	0,822	0,824	0,824	0,826	0,826	0,826	0,825	0,825	0,827	0,827	0,829	0,830	0,830	0,830	0,831	0,830	0,832	0,833	0,831	0,834	0,833	0,835	0,837	0,838	0,841	0,841	0,844	0,846	0,849	0,850	0,850	0,852	0,851	0,852	0,853	0,856	0,857	0,858	0,860	0,861	0,861	0,863	0,864	0,866	0,868	0,868	0,868	0,870	0,870	0,872	0,875	0,876	0,876	0,878	0,879	0,878	0,880	0,881	0,882	0,883	0,886	0,887	0,885	0,886	0,889	0,893	0,893	0,895	0,895	0,895	0,888	0,889	0,889	0,889	0,890	0,892	0,893	0,895	
C2	0,089	0,089	0,089	0,089	0,089	0,089	0,089	0,089	0,089	0,089	0,089	0,089	0,089	0,089	0,089	0,089	0,089	0,089	0,089	0,089	0,089	0,089	0,089	0,089	0,089	0,089	0,089	0,089	0,089	0,089	0,089	0,089	0,089	0,089	0,089	0,089	0,089	0,089	0,089	0,089	0,089	0,089	0,089	0,089	0,089	0,089	0,089	0,089	0,089	0,089	0,089	0,089	0,089	0,089	0,089	0,089	0,089	0,088	0,089	0,089	0,089	0,089	0,089	0,089	0,089	0,089	0,089	0,089	0,089	0,089	0,089	0,089	0,089	0,089	0,089	0,089	0,089	0,089	0,089	0,089	0,089	0,089	0,089	0,089	0,089	0,089	0,089	0,089	0,089	0,089	0,089	0,089	0,089	0,089	0,089	0,089	0,089	0,089	0,089	0,089	0,089	0,089	0,089	0,089	0,089	0,089	0,089	0,089	0,089	0,089	0,089	0,089	0,089	0,089	0,089	0,089	0,089	0,089	0,089	0,089	0,089	0,089	0,089	0,089	0,089	0,089	0,089	0,089	0,089	0,089	0,089	0,089	0,089	0,089	0,089	0,089	0,089	0,089	0,089	0,089	0,089	0,089	0,089	0,089	0,089	
C3	0,113	0,113	0,113	0,114	0,115	0,116	0,118	0,119	0,122	0,127	0,131	0,135	0,141	0,151	0,165	0,181	0,201	0,220	0,242	0,269	0,321	0,356	0,429	0,476	0,474	0,514	0,522	0,554	0,580	0,612	0,616	0,639	0,670	0,695	0,713	0,735	0,764	0,794	0,830	0,845	0,849	0,859	0,854	0,849	0,843	0,839	0,835	0,833	0,832	0,839	0,843	0,847	0,857	0,864	0,875	0,884	0,894	0,908	0,926	0,933	0,939	0,945	0,949	0,953	0,956	0,962	0,968	0,973	0,977	0,980	0,984	0,986	0,989	0,990	0,992	0,997	1,000	1,000	1,002	1,004	1,005	1,007	1,006	1,010	1,009	1,011	1,014	1,012	1,015	1,018	1,019	1,021	1,022	1,022	1,024	1,026	1,025	1,024	1,026	1,025	1,025	1,026	1,028	1,028	1,028	1,030	1,029	1,028	1,029	1,029	1,030	1,031	1,030	1,030	1,031	1,031	1,030	1,032	1,034	1,031	1,031	1,033	1,032	1,032	1,032	1,033	1,033	1,034	1,033	1,033	1,034	1,033	1,032	1,033	1,034	1,033	1,034	1,034	1,034	1,035	1,034	1,035	1,035	1,036	1,037	
C4	0,089	0,088	0,088	0,089	0,088	0,088	0,088	0,088	0,088	0,088	0,088	0,089	0,088	0,089	0,089	0,088	0,088	0,088	0,088	0,088	0,088	0,089	0,089	0,089	0,089	0,089	0,088	0,089	0,089	0,088	0,089	0,088	0,089	0,088	0,089	0,088	0,089	0,088	0,089	0,089	0,089	0,088	0,089	0,089	0,088	0,089	0,089	0,088	0,088	0,089	0,088	0,088	0,089	0,089	0,089	0,088	0,089	0,088	0,088	0,088	0,088	0,089	0,089	0,088	0,089	0,089	0,089	0,089	0,089	0,089	0,089	0,089	0,089	0,089	0,089	0,089	0,089	0,089	0,089	0,089	0,089	0,089	0,089	0,089	0,089	0,089	0,089	0,089	0,089	0,089	0,089	0,089	0,089	0,089	0,089	0,089	0,089	0,089	0,089	0,089	0,089	0,089	0,089	0,089	0,089	0,089	0,089	0,089	0,089	0,089	0,089	0,089	0,089	0,089	0,089	0,089	0,089	0,089	0,089	0,089	0,089	0,089	0,089	0,089	0,089	0,089	0,089	0,089	0,089	0,089	0,089	0,089	0,089	0,089	0,089	0,089	0,089	0,089	0,089	0,089	0,089	0,089	0,089	0,089	0,089	
C5	0,092	0,092	0,092	0,092	0,092	0,093	0,093	0,094	0,095	0,097	0,099	0,101	0,104	0,108	0,114	0,123	0,135	0,151	0,171	0,195	0,223	0,253	0,280	0,304	0,333	0,390	0,448	0,472	0,498	0,523	0,547	0,565	0,597	0,610	0,636	0,670	0,709	0,731	0,750	0,766	0,792	0,818	0,819	0,829	0,825	0,831	0,838	0,843	0,842	0,848	0,869	0,877	0,898	0,903	0,911	0,923	0,933	0,938	0,945	0,952	0,954	0,961	0,964	0,967	0,971	0,973	0,977	0,978	0,979	0,981	0,984	0,984	0,984	0,984	0,987	0,991	0,992	0,992	0,999	0,999	0,999	1,000	1,001	1,004	1,002	1,004	1,006	1,006	1,006	1,009	1,010	1,010	1,013	1,013	1,015	1,015	1,015	1,014	1,014	1,012	1,012	1,016	1,015	1,015	1,016	1,017	1,018	1,017	1,017	1,015	1,018	1,018	1,016	1,016	1,016	1,016	1,016	1,018	1,018	1,017	1,016	1,017	1,014	1,015	1,015	1,020	1,019	1,017	1,016	1,014	1,016	1,016	1,015	1,014	1,016	1,016	1,017	1,020	1,020	1,024	1,022	1,025	1,028	1,029	1,030	
C6	0,089	0,089	0,089	0,089	0,089	0,089	0,090	0,089	0,089	0,089	0,089	0,089	0,089	0,089	0,088	0,089	0,089	0,088	0,089	0,089	0,089	0,089	0,089	0,089	0,089	0,089	0,088	0,089	0,089	0,088	0,089	0,088	0,088	0,088	0,089	0,088	0,088	0,088	0,089	0,088	0,089	0,088	0,088	0,088	0,088	0,088	0,089	0,088	0,088	0,088	0,089	0,088	0,089	0,088	0,088	0,088	0,088	0,088	0,088	0,088	0,088	0,088	0,089	0,088	0,088	0,089	0,089	0,089	0,088	0,088	0,089	0,089	0,088	0,088	0,088	0,088	0,088	0,089	0,089	0,089	0,088	0,089	0,088	0,089	0,088	0,089	0,088	0,088	0,089	0,088	0,088	0,088	0,088	0,088	0,088	0,089	0,088	0,089	0,088	0,088	0,088	0,089	0,089	0,089	0,089	0,089	0,089	0,088	0,089	0,089	0,088	0,089	0,089	0,088	0,088	0,088	0,088	0,089	0,089	0,089	0,089	0,089	0,089	0,088	0,089	0,088	0,088	0,089	0,089	0,089	0,089	0,089	0,089	0,089	0,089	0,088	0,088	0,088	0,089	0,089	0,088	0,089	0,089	0,089	0,089	
C7	0,094	0,095	0,096	0,095	0,096	0,097	0,098	0,100	0,101	0,103	0,106	0,110	0,115	0,122	0,131	0,144	0,160	0,177	0,196	0,223	0,254	0,299	0,335	0,360	0,375	0,393	0,406	0,434	0,440	0,438	0,458	0,471	0,495	0,515	0,539	0,556	0,589	0,592	0,601	0,606	0,628	0,646	0,660	0,683	0,695	0,702	0,711	0,715	0,729	0,739	0,753	0,762	0,770	0,777	0,785	0,793	0,801	0,808	0,814	0,821	0,827	0,837	0,845	0,850	0,857	0,863	0,869	0,875	0,880	0,882	0,886	0,890	0,893	0,893	0,895	0,901	0,904	0,907	0,908	0,912	0,913	0,916	0,917	0,920	0,923	0,925	0,927	0,929	0,931	0,931	0,935	0,937	0,940	0,941	0,943	0,945	0,945	0,945	0,945	0,944	0,945	0,948	0,950	0,950	0,950	0,951	0,952	0,952	0,953	0,954	0,955	0,956	0,956	0,956	0,955	0,956	0,957	0,958	0,959	0,958	0,958	0,959	0,959	0,960	0,960	0,961	0,962	0,963	0,961	0,961	0,961	0,963	0,961	0,961	0,962	0,962	0,963	0,963	0,964	0,967	0,967	0,969	0,970	0,972	0,973	
C8	0,089	0,089	0,089	0,089	0,089	0,089	0,089	0,089	0,089	0,089	0,089	0,089	0,089	0,089	0,089	0,089	0,089	0,089	0,089	0,089	0,089	0,089	0,089	0,089	0,089	0,089	0,089	0,089	0,089	0,089	0,089	0,089	0,088	0,089	0,089	0,089	0,089	0,089	0,089	0,089	0,089	0,088	0,089	0,089	0,088	0,088	0,088	0,088	0,088	0,088	0,089	0,088	0,089	0,088	0,088	0,088	0,088	0,088	0,088	0,088	0,088	0,088	0,088	0,088	0,088	0,089	0,088	0,088	0,088	0,088	0,088	0,088	0,088	0,089	0,088	0,088	0,088	0,088	0,088	0,088	0,088	0,088	0,088	0,088	0,088	0,088	0,089	0,089	0,088	0,089	0,088	0,088	0,088	0,088	0,088	0,088	0,088	0,088	0,089	0,088	0,088	0,088	0,088	0,088	0,088	0,088	0,089	0,088	0,089	0,088	0,088	0,088	0,088	0,088	0,088	0,088	0,088	0,088	0,088	0,088	0,089	0,089	0,089	0,088	0,088	0,088	0,088	0,089	0,089	0,088	0,088	0,089	0,088	0,089	0,088	0,088	0,088	0,088	0,088	0,088	0,089	0,089	0,088	0,088	0,088	
C9	0,094	0,094	0,095	0,097	0,097	0,099	0,102	0,104	0,107	0,111	0,115	0,121	0,130	0,141	0,155	0,171	0,189	0,209	0,228	0,254	0,295	0,320	0,332	0,359	0,423	0,462	0,494	0,506	0,526	0,541	0,557	0,561	0,577	0,596	0,595	0,628	0,643	0,682	0,703	0,743	0,767	0,772	0,770	0,778	0,773	0,769	0,763	0,763	0,765	0,772	0,780	0,786	0,801	0,806	0,810	0,822	0,833	0,846	0,856	0,863	0,867	0,879	0,884	0,887	0,893	0,898	0,902	0,909	0,912	0,913	0,917	0,919	0,918	0,917	0,919	0,924	0,928	0,931	0,934	0,932	0,933	0,934	0,936	0,938	0,939	0,941	0,943	0,942	0,944	0,945	0,948	0,951	0,954	0,957	0,958	0,960	0,961	0,960	0,961	0,961	0,961	0,966	0,967	0,969	0,970	0,972	0,973	0,973	0,975	0,976	0,978	0,980	0,979	0,980	0,983	0,982	0,984	0,986	0,988	0,987	0,987	0,989	0,989	0,989	0,991	0,994	0,994	0,995	0,994	0,995	0,996	0,998	0,996	0,996	0,999	1,000	1,000	1,002	1,003	1,004	1,006	1,007	1,009	1,012	1,013	
C10	0,088	0,087	0,087	0,087	0,087	0,087	0,087	0,087	0,087	0,087	0,087	0,087	0,087	0,087	0,087	0,087	0,087	0,087	0,087	0,087	0,087	0,087	0,087	0,087	0,087	0,087	0,087	0,087	0,087	0,087	0,087	0,087	0,087	0,087	0,087	0,087	0,087	0,087	0,087	0,087	0,087	0,087	0,087	0,087	0,087	0,087	0,087	0,087	0,087	0,087	0,087	0,087	0,087	0,087	0,087	0,087	0,087	0,087	0,087	0,087	0,087	0,087	0,087	0,087	0,087	0,087	0,087	0,087	0,087	0,087	0,087	0,087	0,087	0,087	0,087	0,087	0,087	0,087	0,087	0,087	0,087	0,087	0,087	0,087	0,087	0,087	0,087	0,087	0,087	0,087	0,087	0,087	0,087	0,087	0,087	0,087	0,087	0,087	0,087	0,087	0,087	0,087	0,087	0,087	0,087	0,087	0,087	0,087	0,087	0,087	0,087	0,087	0,087	0,087	0,087	0,087	0,087	0,087	0,087	0,087	0,087	0,087	0,087	0,087	0,087	0,087	0,087	0,087	0,087	0,087	0,087	0,087	0,087	0,087	0,087	0,087	0,087	0,087	0,087	0,087	0,087	0,087	0,087	0,087	0,087	
C11	0,093	0,094	0,095	0,095	0,096	0,097	0,099	0,099	0,102	0,106	0,110	0,117	0,127	0,137	0,150	0,163	0,182	0,215	0,240	0,259	0,294	0,333	0,367	0,396	0,405	0,406	0,418	0,476	0,473	0,483	0,495	0,554	0,586	0,640	0,640	0,683	0,713	0,744	0,753	0,782	0,785	0,803	0,809	0,814	0,817	0,821	0,818	0,825	0,833	0,843	0,851	0,861	0,871	0,880	0,888	0,892	0,903	0,909	0,913	0,922	0,927	0,941	0,947	0,951	0,961	0,968	0,974	0,981	0,986	0,992	1,001	1,006	1,010	1,016	1,020	1,028	1,037	1,043	1,050	1,054	1,060	1,068	1,068	1,078	1,081	1,087	1,092	1,095	1,102	1,108	1,114	1,119	1,124	1,130	1,134	1,138	1,144	1,148	1,155	1,159	1,166	1,176	1,185	1,194	1,204	1,215	1,227	1,241	1,256	1,274	1,291	1,306	1,316	1,327	1,339	1,346	1,359	1,365	1,375	1,384	1,393	1,403	1,408	1,414	1,419	1,426	1,427	1,430	1,430	1,435	1,437	1,440	1,441	1,440	1,448	1,449	1,449	1,454	1,455	1,457	1,460	1,461	1,464	1,470	1,470	
C12	0,087	0,087	0,087	0,087	0,087	0,086	0,086	0,086	0,086	0,087	0,086	0,086	0,086	0,086	0,086	0,086	0,086	0,086	0,086	0,086	0,086	0,086	0,086	0,086	0,086	0,086	0,086	0,086	0,086	0,086	0,086	0,086	0,086	0,086	0,086	0,086	0,086	0,086	0,086	0,086	0,086	0,086	0,086	0,086	0,086	0,086	0,086	0,086	0,086	0,086	0,086	0,086	0,086	0,086	0,086	0,086	0,086	0,086	0,086	0,086	0,086	0,086	0,086	0,086	0,087	0,086	0,086	0,086	0,086	0,086	0,087	0,086	0,086	0,086	0,086	0,086	0,086	0,086	0,086	0,087	0,086	0,086	0,086	0,086	0,086	0,086	0,087	0,087	0,086	0,087	0,086	0,087	0,086	0,087	0,086	0,087	0,087	0,087	0,087	0,087	0,087	0,087	0,086	0,086	0,087	0,087	0,087	0,086	0,087	0,086	0,087	0,087	0,087	0,087	0,087	0,086	0,086	0,087	0,087	0,087	0,087	0,087	0,087	0,087	0,086	0,087	0,087	0,087	0,087	0,087	0,087	0,086	0,087	0,087	0,087	0,087	0,087	0,087	0,087	0,087	0,087	0,087	0,087	0,087	0,087	
D1	0,095	0,095	0,095	0,095	0,095	0,095	0,095	0,095	0,095	0,095	0,095	0,095	0,095	0,095	0,095	0,095	0,095	0,095	0,095	0,095	0,095	0,095	0,095	0,095	0,095	0,095	0,095	0,095	0,095	0,095	0,095	0,095	0,095	0,095	0,095	0,095	0,095	0,095	0,095	0,095	0,095	0,095	0,095	0,095	0,095	0,095	0,095	0,095	0,095	0,095	0,095	0,095	0,095	0,095	0,095	0,095	0,095	0,095	0,095	0,095	0,095	0,095	0,095	0,095	0,095	0,095	0,095	0,095	0,095	0,095	0,095	0,095	0,095	0,095	0,095	0,095	0,095	0,096	0,095	0,095	0,095	0,095	0,095	0,095	0,095	0,095	0,095	0,095	0,095	0,095	0,095	0,095	0,095	0,095	0,095	0,095	0,095	0,096	0,095	0,095	0,095	0,095	0,095	0,095	0,095	0,095	0,095	0,095	0,095	0,095	0,095	0,095	0,095	0,095	0,095	0,095	0,095	0,095	0,095	0,095	0,096	0,095	0,096	0,095	0,095	0,095	0,095	0,095	0,095	0,095	0,095	0,095	0,095	0,095	0,095	0,095	0,095	0,095	0,095	0,095	0,095	0,095	0,095	0,095	0,095	
D2	0,110	0,110	0,111	0,112	0,114	0,115	0,118	0,121	0,124	0,131	0,138	0,148	0,162	0,180	0,201	0,224	0,251	0,287	0,322	0,340	0,381	0,443	0,436	0,460	0,492	0,506	0,484	0,472	0,504	0,539	0,569	0,617	0,628	0,640	0,666	0,699	0,713	0,732	0,736	0,745	0,743	0,753	0,764	0,775	0,796	0,821	0,847	0,873	0,892	0,905	0,915	0,928	0,929	0,931	0,938	0,946	0,952	0,960	0,968	0,973	0,980	0,988	0,991	0,996	1,004	1,008	1,011	1,017	1,016	1,021	1,025	1,026	1,027	1,028	1,032	1,039	1,039	1,045	1,043	1,044	1,047	1,053	1,051	1,053	1,052	1,058	1,060	1,060	1,062	1,065	1,066	1,070	1,072	1,075	1,076	1,077	1,078	1,078	1,080	1,080	1,082	1,085	1,087	1,089	1,089	1,091	1,092	1,092	1,094	1,094	1,095	1,096	1,095	1,096	1,097	1,097	1,098	1,099	1,100	1,099	1,098	1,097	1,096	1,096	1,097	1,100	1,101	1,103	1,106	1,108	1,108	1,108	1,106	1,102	1,102	1,100	1,101	1,108	1,109	1,110	1,110	1,117	1,120	1,120	1,119	
D3	0,092	0,092	0,092	0,092	0,092	0,094	0,094	0,093	0,094	0,093	0,096	0,096	0,097	0,094	0,096	0,093	0,095	0,092	0,095	0,093	0,093	0,099	0,093	0,095	0,096	0,093	0,094	0,093	0,097	0,094	0,096	0,097	0,096	0,093	0,094	0,096	0,095	0,096	0,096	0,095	0,096	0,094	0,094	0,095	0,095	0,095	0,095	0,094	0,094	0,095	0,096	0,096	0,097	0,096	0,095	0,095	0,095	0,095	0,096	0,096	0,096	0,097	0,098	0,096	0,095	0,095	0,096	0,097	0,097	0,097	0,097	0,096	0,096	0,095	0,095	0,094	0,094	0,094	0,094	0,093	0,093	0,093	0,092	0,092	0,092	0,092	0,092	0,092	0,092	0,092	0,092	0,092	0,092	0,093	0,093	0,093	0,093	0,093	0,093	0,093	0,093	0,094	0,095	0,095	0,096	0,096	0,095	0,095	0,096	0,097	0,096	0,096	0,095	0,095	0,096	0,097	0,097	0,097	0,097	0,098	0,098	0,098	0,098	0,098	0,099	0,099	0,099	0,099	0,099	0,099	0,098	0,098	0,098	0,098	0,097	0,098	0,098	0,098	0,098	0,098	0,098	0,099	0,099	0,099	0,100	
D4	0,097	0,097	0,097	0,098	0,099	0,101	0,103	0,105	0,108	0,113	0,119	0,128	0,141	0,156	0,177	0,201	0,230	0,256	0,268	0,303	0,336	0,388	0,384	0,399	0,414	0,429	0,429	0,446	0,494	0,498	0,517	0,556	0,568	0,599	0,643	0,676	0,691	0,727	0,760	0,772	0,783	0,785	0,787	0,797	0,819	0,836	0,863	0,884	0,904	0,915	0,926	0,930	0,940	0,944	0,948	0,952	0,956	0,960	0,960	0,964	0,965	0,970	0,972	0,973	0,977	0,979	0,980	0,982	0,984	0,985	0,987	0,987	0,989	0,989	0,991	0,994	0,994	0,997	1,001	0,999	1,000	1,004	1,005	1,006	1,006	1,007	1,010	1,010	1,012	1,013	1,016	1,018	1,020	1,021	1,023	1,024	1,025	1,024	1,025	1,026	1,026	1,028	1,028	1,030	1,031	1,032	1,032	1,033	1,034	1,034	1,034	1,036	1,035	1,036	1,035	1,037	1,037	1,037	1,037	1,037	1,037	1,037	1,038	1,038	1,037	1,038	1,038	1,039	1,038	1,038	1,038	1,038	1,038	1,037	1,038	1,039	1,038	1,040	1,040	1,040	1,041	1,042	1,042	1,043	1,044	
D5	0,091	0,091	0,091	0,091	0,091	0,091	0,091	0,090	0,090	0,090	0,090	0,090	0,090	0,090	0,091	0,090	0,090	0,090	0,090	0,090	0,090	0,090	0,090	0,090	0,090	0,090	0,090	0,090	0,090	0,090	0,090	0,090	0,090	0,090	0,090	0,090	0,090	0,090	0,090	0,090	0,090	0,090	0,090	0,090	0,090	0,090	0,090	0,090	0,090	0,090	0,090	0,089	0,090	0,090	0,090	0,090	0,090	0,089	0,089	0,090	0,089	0,089	0,089	0,089	0,090	0,090	0,089	0,089	0,089	0,089	0,090	0,089	0,089	0,089	0,089	0,089	0,090	0,089	0,089	0,089	0,090	0,089	0,089	0,089	0,090	0,089	0,090	0,089	0,089	0,089	0,089	0,089	0,089	0,089	0,089	0,089	0,089	0,089	0,089	0,089	0,089	0,089	0,089	0,089	0,089	0,089	0,089	0,089	0,089	0,089	0,089	0,089	0,089	0,089	0,089	0,089	0,089	0,089	0,089	0,089	0,089	0,089	0,089	0,089	0,089	0,089	0,089	0,089	0,089	0,089	0,089	0,089	0,089	0,089	0,089	0,089	0,089	0,089	0,089	0,089	0,089	0,089	0,089	0,089	0,089	
D6	0,096	0,097	0,097	0,098	0,098	0,100	0,102	0,105	0,108	0,112	0,118	0,128	0,139	0,153	0,171	0,189	0,213	0,259	0,299	0,318	0,362	0,395	0,390	0,412	0,442	0,477	0,518	0,548	0,564	0,580	0,610	0,624	0,649	0,672	0,702	0,715	0,723	0,742	0,746	0,763	0,761	0,763	0,774	0,790	0,797	0,805	0,798	0,819	0,841	0,861	0,872	0,887	0,892	0,897	0,903	0,911	0,915	0,918	0,923	0,929	0,932	0,940	0,944	0,948	0,953	0,958	0,963	0,969	0,973	0,975	0,980	0,983	0,984	0,985	0,987	0,995	0,997	1,000	1,005	1,006	1,006	1,011	1,012	1,015	1,015	1,020	1,024	1,025	1,028	1,031	1,035	1,039	1,043	1,046	1,048	1,050	1,051	1,050	1,051	1,049	1,051	1,055	1,057	1,059	1,059	1,061	1,063	1,063	1,065	1,065	1,065	1,061	1,063	1,067	1,073	1,075	1,078	1,082	1,085	1,087	1,087	1,088	1,089	1,092	1,095	1,098	1,099	1,101	1,102	1,105	1,108	1,111	1,112	1,114	1,120	1,124	1,130	1,138	1,148	1,158	1,170	1,182	1,191	1,209	1,233	
D7	0,089	0,089	0,089	0,089	0,089	0,089	0,089	0,089	0,089	0,089	0,089	0,089	0,089	0,089	0,089	0,089	0,089	0,089	0,089	0,088	0,088	0,089	0,089	0,089	0,088	0,089	0,089	0,088	0,089	0,089	0,088	0,089	0,088	0,088	0,089	0,089	0,089	0,088	0,089	0,088	0,089	0,088	0,089	0,089	0,088	0,089	0,088	0,088	0,088	0,088	0,088	0,088	0,088	0,088	0,088	0,088	0,088	0,088	0,088	0,088	0,089	0,088	0,088	0,088	0,088	0,089	0,088	0,088	0,088	0,088	0,088	0,088	0,088	0,088	0,088	0,088	0,088	0,088	0,088	0,088	0,088	0,088	0,088	0,088	0,088	0,088	0,088	0,088	0,088	0,088	0,088	0,088	0,088	0,088	0,088	0,088	0,088	0,088	0,089	0,088	0,088	0,088	0,088	0,088	0,089	0,088	0,088	0,088	0,088	0,088	0,088	0,088	0,089	0,088	0,088	0,088	0,088	0,088	0,089	0,088	0,089	0,088	0,088	0,088	0,088	0,088	0,088	0,089	0,089	0,088	0,088	0,088	0,088	0,088	0,088	0,088	0,088	0,088	0,088	0,088	0,088	0,088	0,088	0,088	0,088	
D8	0,098	0,098	0,098	0,099	0,100	0,101	0,103	0,105	0,107	0,111	0,115	0,122	0,130	0,141	0,155	0,176	0,198	0,227	0,262	0,308	0,316	0,385	0,422	0,402	0,432	0,440	0,481	0,524	0,519	0,546	0,563	0,602	0,612	0,636	0,660	0,680	0,690	0,721	0,741	0,764	0,770	0,771	0,770	0,770	0,767	0,770	0,772	0,783	0,802	0,813	0,831	0,838	0,849	0,852	0,856	0,860	0,868	0,875	0,880	0,888	0,892	0,903	0,908	0,911	0,916	0,919	0,922	0,925	0,927	0,928	0,930	0,933	0,933	0,933	0,935	0,939	0,941	0,942	0,945	0,946	0,945	0,947	0,949	0,949	0,949	0,951	0,952	0,952	0,953	0,953	0,955	0,955	0,957	0,958	0,959	0,961	0,961	0,960	0,961	0,960	0,960	0,963	0,964	0,965	0,966	0,966	0,967	0,967	0,968	0,968	0,970	0,970	0,970	0,970	0,972	0,972	0,972	0,973	0,974	0,974	0,973	0,975	0,974	0,974	0,975	0,977	0,977	0,978	0,978	0,978	0,979	0,980	0,979	0,980	0,980	0,981	0,981	0,983	0,984	0,986	0,986	0,988	0,990	0,991	0,991	
D9	0,089	0,089	0,088	0,088	0,088	0,088	0,088	0,088	0,088	0,088	0,088	0,088	0,088	0,088	0,088	0,088	0,088	0,088	0,088	0,088	0,088	0,088	0,088	0,088	0,088	0,088	0,088	0,088	0,088	0,088	0,088	0,088	0,088	0,088	0,088	0,088	0,088	0,088	0,088	0,088	0,088	0,088	0,088	0,088	0,088	0,088	0,088	0,088	0,088	0,088	0,088	0,088	0,088	0,088	0,088	0,088	0,088	0,088	0,088	0,088	0,088	0,088	0,088	0,088	0,088	0,088	0,088	0,088	0,088	0,088	0,088	0,088	0,088	0,088	0,088	0,088	0,088	0,088	0,088	0,088	0,088	0,088	0,088	0,088	0,088	0,088	0,088	0,088	0,088	0,088	0,088	0,088	0,088	0,088	0,088	0,088	0,088	0,088	0,088	0,088	0,088	0,088	0,088	0,088	0,088	0,088	0,088	0,088	0,088	0,088	0,088	0,088	0,088	0,088	0,088	0,088	0,088	0,088	0,088	0,088	0,088	0,088	0,088	0,088	0,088	0,088	0,088	0,088	0,088	0,088	0,088	0,088	0,088	0,088	0,088	0,088	0,088	0,088	0,088	0,088	0,088	0,088	0,088	0,088	0,088	
D10	0,098	0,097	0,097	0,097	0,098	0,099	0,100	0,102	0,104	0,108	0,112	0,117	0,124	0,136	0,151	0,172	0,195	0,219	0,247	0,273	0,301	0,349	0,449	0,463	0,478	0,489	0,515	0,521	0,585	0,609	0,638	0,677	0,686	0,721	0,743	0,777	0,802	0,816	0,819	0,830	0,819	0,818	0,810	0,808	0,807	0,807	0,807	0,809	0,812	0,812	0,819	0,822	0,826	0,831	0,834	0,837	0,842	0,843	0,846	0,851	0,853	0,860	0,866	0,870	0,877	0,881	0,885	0,888	0,892	0,895	0,898	0,900	0,902	0,903	0,903	0,907	0,909	0,910	0,915	0,916	0,917	0,919	0,920	0,923	0,923	0,925	0,927	0,928	0,930	0,931	0,933	0,936	0,938	0,940	0,942	0,944	0,944	0,944	0,946	0,946	0,947	0,950	0,952	0,953	0,955	0,956	0,958	0,959	0,961	0,962	0,963	0,965	0,964	0,966	0,968	0,968	0,970	0,971	0,971	0,972	0,972	0,973	0,973	0,974	0,975	0,977	0,977	0,978	0,978	0,978	0,979	0,980	0,980	0,980	0,982	0,981	0,982	0,984	0,984	0,986	0,986	0,988	0,989	0,990	0,990	
D11	0,088	0,088	0,088	0,088	0,088	0,088	0,088	0,088	0,088	0,088	0,087	0,087	0,088	0,087	0,087	0,088	0,087	0,087	0,088	0,087	0,087	0,087	0,087	0,087	0,087	0,087	0,087	0,087	0,087	0,087	0,087	0,087	0,087	0,087	0,087	0,087	0,087	0,087	0,087	0,087	0,087	0,087	0,087	0,087	0,087	0,087	0,087	0,087	0,087	0,087	0,087	0,087	0,087	0,087	0,087	0,087	0,087	0,087	0,087	0,087	0,087	0,087	0,087	0,087	0,087	0,087	0,087	0,087	0,087	0,087	0,087	0,087	0,087	0,087	0,087	0,087	0,087	0,087	0,087	0,087	0,087	0,087	0,087	0,087	0,087	0,087	0,087	0,087	0,087	0,087	0,087	0,087	0,087	0,087	0,087	0,087	0,087	0,087	0,087	0,087	0,087	0,087	0,087	0,087	0,087	0,087	0,087	0,087	0,087	0,087	0,087	0,087	0,087	0,087	0,087	0,087	0,087	0,087	0,087	0,087	0,087	0,087	0,087	0,087	0,087	0,087	0,087	0,087	0,087	0,087	0,087	0,087	0,087	0,087	0,087	0,087	0,087	0,087	0,087	0,087	0,087	0,087	0,087	0,087	0,087	
D12	0,102	0,103	0,104	0,106	0,108	0,112	0,116	0,121	0,126	0,136	0,148	0,163	0,182	0,205	0,231	0,260	0,289	0,325	0,354	0,389	0,446	0,453	0,474	0,505	0,546	0,583	0,610	0,674	0,668	0,695	0,702	0,720	0,755	0,760	0,785	0,782	0,801	0,807	0,805	0,794	0,787	0,792	0,797	0,816	0,823	0,841	0,851	0,855	0,878	0,887	0,894	0,898	0,910	0,910	0,912	0,915	0,924	0,929	0,928	0,935	0,938	0,945	0,948	0,948	0,952	0,953	0,956	0,958	0,960	0,961	0,962	0,965	0,966	0,966	0,969	0,972	0,975	0,976	0,978	0,980	0,981	0,985	0,985	0,988	0,989	0,992	0,993	0,994	0,997	0,999	1,001	1,004	1,007	1,010	1,012	1,014	1,015	1,015	1,016	1,017	1,019	1,024	1,028	1,030	1,031	1,034	1,036	1,036	1,039	1,039	1,042	1,044	1,044	1,046	1,048	1,050	1,051	1,053	1,054	1,055	1,054	1,057	1,058	1,059	1,062	1,065	1,066	1,068	1,067	1,068	1,071	1,072	1,071	1,072	1,076	1,077	1,079	1,082	1,083	1,086	1,087	1,090	1,093	1,095	1,096	
E1	0,105	0,106	0,106	0,105	0,107	0,109	0,113	0,114	0,116	0,121	0,126	0,134	0,143	0,155	0,169	0,180	0,195	0,214	0,235	0,254	0,273	0,295	0,315	0,333	0,349	0,363	0,372	0,384	0,395	0,404	0,415	0,425	0,436	0,448	0,460	0,473	0,486	0,498	0,506	0,514	0,522	0,527	0,531	0,539	0,544	0,551	0,555	0,560	0,565	0,571	0,575	0,579	0,584	0,587	0,592	0,597	0,602	0,604	0,607	0,611	0,614	0,619	0,623	0,625	0,628	0,631	0,633	0,637	0,640	0,642	0,644	0,646	0,650	0,650	0,656	0,656	0,659	0,664	0,662	0,666	0,671	0,670	0,674	0,677	0,679	0,680	0,682	0,685	0,687	0,690	0,690	0,692	0,694	0,695	0,697	0,699	0,700	0,703	0,703	0,705	0,707	0,707	0,709	0,710	0,712	0,716	0,714	0,715	0,716	0,718	0,719	0,721	0,723	0,724	0,726	0,725	0,726	0,728	0,730	0,730	0,731	0,733	0,733	0,735	0,736	0,738	0,739	0,741	0,741	0,743	0,744	0,745	0,745	0,747	0,749	0,749	0,750	0,750	0,752	0,753	0,753	0,753	0,755	0,757	0,758	
E2	0,094	0,093	0,093	0,093	0,093	0,093	0,093	0,092	0,093	0,093	0,093	0,092	0,092	0,092	0,092	0,092	0,092	0,092	0,092	0,092	0,092	0,092	0,092	0,092	0,092	0,092	0,092	0,092	0,092	0,092	0,092	0,092	0,091	0,092	0,092	0,092	0,092	0,092	0,092	0,091	0,092	0,091	0,091	0,092	0,091	0,091	0,091	0,091	0,091	0,091	0,091	0,091	0,091	0,091	0,091	0,091	0,091	0,091	0,091	0,091	0,091	0,091	0,091	0,091	0,091	0,091	0,091	0,091	0,091	0,091	0,091	0,091	0,091	0,091	0,091	0,091	0,091	0,091	0,091	0,091	0,091	0,091	0,092	0,091	0,092	0,091	0,091	0,091	0,091	0,091	0,091	0,091	0,091	0,091	0,091	0,091	0,091	0,091	0,091	0,092	0,091	0,091	0,091	0,091	0,091	0,092	0,091	0,091	0,091	0,091	0,091	0,091	0,091	0,091	0,091	0,091	0,091	0,091	0,091	0,091	0,091	0,091	0,091	0,091	0,091	0,091	0,091	0,091	0,091	0,091	0,091	0,091	0,091	0,091	0,091	0,091	0,091	0,091	0,091	0,091	0,091	0,091	0,091	0,091	0,091	
E3	0,094	0,094	0,095	0,094	0,094	0,095	0,095	0,096	0,096	0,097	0,098	0,100	0,102	0,105	0,110	0,115	0,122	0,131	0,143	0,156	0,170	0,189	0,212	0,234	0,256	0,278	0,300	0,318	0,333	0,348	0,364	0,377	0,385	0,395	0,406	0,418	0,427	0,438	0,448	0,455	0,466	0,475	0,486	0,500	0,510	0,518	0,525	0,533	0,538	0,543	0,548	0,554	0,558	0,562	0,567	0,571	0,576	0,580	0,585	0,591	0,596	0,600	0,604	0,608	0,612	0,616	0,619	0,624	0,628	0,632	0,636	0,640	0,642	0,645	0,648	0,651	0,655	0,658	0,660	0,664	0,666	0,670	0,672	0,677	0,680	0,683	0,687	0,689	0,693	0,698	0,702	0,705	0,708	0,713	0,716	0,720	0,724	0,729	0,732	0,734	0,737	0,742	0,745	0,746	0,749	0,753	0,753	0,756	0,758	0,760	0,762	0,764	0,766	0,767	0,768	0,771	0,771	0,773	0,775	0,776	0,776	0,778	0,779	0,780	0,781	0,782	0,784	0,785	0,786	0,787	0,789	0,790	0,791	0,792	0,793	0,794	0,795	0,797	0,798	0,800	0,801	0,802	0,804	0,805	0,807	
E4	0,088	0,088	0,088	0,088	0,087	0,087	0,087	0,087	0,087	0,087	0,087	0,087	0,087	0,087	0,087	0,087	0,087	0,087	0,088	0,087	0,088	0,087	0,088	0,088	0,088	0,087	0,087	0,087	0,087	0,088	0,087	0,087	0,088	0,087	0,088	0,088	0,088	0,087	0,088	0,087	0,088	0,088	0,088	0,088	0,087	0,088	0,088	0,088	0,087	0,087	0,087	0,087	0,087	0,087	0,087	0,088	0,088	0,087	0,087	0,087	0,087	0,087	0,087	0,087	0,087	0,087	0,087	0,087	0,087	0,087	0,087	0,087	0,087	0,088	0,087	0,087	0,087	0,087	0,087	0,087	0,087	0,087	0,087	0,087	0,087	0,087	0,087	0,087	0,087	0,087	0,087	0,087	0,087	0,087	0,087	0,087	0,087	0,087	0,087	0,087	0,087	0,087	0,087	0,087	0,087	0,087	0,087	0,087	0,087	0,087	0,087	0,087	0,087	0,087	0,087	0,087	0,087	0,087	0,087	0,087	0,088	0,087	0,087	0,087	0,087	0,087	0,087	0,087	0,087	0,087	0,087	0,087	0,087	0,087	0,087	0,087	0,087	0,087	0,087	0,087	0,087	0,087	0,087	0,087	0,087	
E5	0,093	0,093	0,095	0,094	0,094	0,094	0,095	0,096	0,099	0,100	0,102	0,107	0,110	0,117	0,126	0,137	0,151	0,168	0,186	0,204	0,224	0,248	0,274	0,297	0,317	0,334	0,352	0,367	0,382	0,398	0,410	0,420	0,433	0,443	0,455	0,467	0,484	0,502	0,515	0,532	0,549	0,569	0,596	0,615	0,626	0,631	0,636	0,639	0,642	0,645	0,647	0,647	0,649	0,651	0,653	0,653	0,656	0,657	0,659	0,661	0,662	0,665	0,667	0,667	0,671	0,672	0,674	0,676	0,677	0,680	0,681	0,683	0,684	0,686	0,687	0,688	0,691	0,692	0,693	0,695	0,695	0,698	0,699	0,701	0,703	0,704	0,707	0,708	0,709	0,712	0,712	0,713	0,715	0,716	0,718	0,719	0,720	0,722	0,723	0,727	0,726	0,729	0,733	0,731	0,731	0,737	0,733	0,734	0,738	0,741	0,744	0,744	0,741	0,747	0,743	0,743	0,744	0,750	0,752	0,754	0,750	0,753	0,757	0,754	0,760	0,761	0,762	0,757	0,765	0,764	0,765	0,768	0,768	0,769	0,769	0,769	0,770	0,770	0,771	0,771	0,772	0,772	0,772	0,772	0,772	
E6	0,089	0,089	0,089	0,089	0,089	0,089	0,089	0,088	0,089	0,089	0,089	0,089	0,088	0,088	0,088	0,088	0,088	0,088	0,088	0,088	0,088	0,088	0,088	0,089	0,088	0,088	0,088	0,088	0,088	0,088	0,088	0,088	0,088	0,088	0,088	0,088	0,088	0,088	0,088	0,088	0,088	0,088	0,088	0,088	0,088	0,088	0,088	0,088	0,088	0,088	0,088	0,088	0,088	0,088	0,088	0,088	0,088	0,088	0,088	0,088	0,088	0,088	0,088	0,088	0,088	0,088	0,088	0,088	0,088	0,088	0,088	0,088	0,088	0,088	0,088	0,088	0,088	0,088	0,088	0,088	0,088	0,088	0,088	0,088	0,088	0,088	0,088	0,088	0,088	0,088	0,087	0,087	0,088	0,088	0,088	0,088	0,088	0,088	0,088	0,088	0,088	0,088	0,088	0,088	0,088	0,088	0,088	0,088	0,088	0,087	0,088	0,088	0,088	0,088	0,088	0,088	0,087	0,088	0,088	0,088	0,088	0,087	0,088	0,088	0,088	0,088	0,088	0,088	0,088	0,088	0,088	0,088	0,088	0,088	0,088	0,087	0,087	0,088	0,088	0,088	0,088	0,088	0,087	0,088	0,088	
E7	0,095	0,094	0,095	0,095	0,095	0,096	0,097	0,098	0,100	0,102	0,105	0,108	0,113	0,119	0,128	0,138	0,152	0,164	0,181	0,199	0,220	0,241	0,262	0,285	0,309	0,330	0,347	0,364	0,379	0,393	0,404	0,416	0,429	0,442	0,456	0,467	0,483	0,495	0,508	0,522	0,536	0,557	0,572	0,584	0,596	0,603	0,610	0,617	0,622	0,627	0,632	0,639	0,641	0,647	0,650	0,654	0,658	0,661	0,665	0,669	0,673	0,677	0,682	0,686	0,689	0,693	0,696	0,700	0,703	0,706	0,709	0,712	0,716	0,718	0,722	0,726	0,730	0,733	0,735	0,740	0,743	0,747	0,750	0,753	0,757	0,759	0,762	0,766	0,769	0,772	0,776	0,779	0,781	0,784	0,787	0,790	0,792	0,795	0,797	0,799	0,801	0,803	0,806	0,808	0,811	0,815	0,817	0,821	0,822	0,826	0,825	0,828	0,829	0,832	0,833	0,835	0,836	0,838	0,840	0,841	0,843	0,846	0,849	0,848	0,853	0,854	0,855	0,855	0,858	0,859	0,857	0,857	0,860	0,859	0,862	0,860	0,863	0,865	0,864	0,866	0,865	0,868	0,868	0,870	0,870	
E8	0,090	0,090	0,089	0,089	0,089	0,089	0,089	0,089	0,089	0,089	0,089	0,089	0,089	0,089	0,089	0,089	0,089	0,089	0,089	0,089	0,089	0,089	0,089	0,089	0,089	0,089	0,089	0,089	0,089	0,089	0,089	0,088	0,089	0,088	0,089	0,089	0,089	0,090	0,089	0,088	0,089	0,089	0,089	0,089	0,088	0,089	0,088	0,089	0,089	0,088	0,089	0,089	0,088	0,088	0,089	0,088	0,089	0,088	0,089	0,089	0,089	0,089	0,089	0,088	0,089	0,089	0,088	0,089	0,088	0,089	0,089	0,089	0,088	0,088	0,089	0,089	0,088	0,089	0,088	0,089	0,088	0,089	0,088	0,089	0,088	0,088	0,089	0,089	0,088	0,088	0,089	0,088	0,088	0,088	0,088	0,089	0,089	0,088	0,089	0,089	0,088	0,088	0,089	0,088	0,089	0,089	0,088	0,088	0,088	0,088	0,088	0,088	0,088	0,088	0,088	0,088	0,088	0,088	0,088	0,089	0,088	0,088	0,088	0,088	0,088	0,089	0,088	0,088	0,088	0,088	0,088	0,088	0,088	0,088	0,088	0,088	0,088	0,088	0,088	0,089	0,089	0,088	0,088	0,088	0,089	
E9	0,100	0,100	0,100	0,100	0,100	0,101	0,102	0,103	0,106	0,109	0,112	0,117	0,124	0,132	0,143	0,157	0,172	0,186	0,205	0,228	0,251	0,275	0,299	0,326	0,352	0,376	0,395	0,414	0,431	0,445	0,458	0,471	0,483	0,495	0,505	0,517	0,532	0,544	0,558	0,569	0,589	0,603	0,618	0,630	0,639	0,647	0,653	0,659	0,666	0,671	0,676	0,683	0,687	0,691	0,694	0,698	0,700	0,703	0,706	0,709	0,713	0,717	0,718	0,720	0,721	0,724	0,727	0,732	0,734	0,736	0,739	0,742	0,745	0,745	0,749	0,752	0,756	0,758	0,760	0,762	0,765	0,768	0,769	0,773	0,775	0,774	0,779	0,778	0,780	0,782	0,784	0,785	0,788	0,788	0,792	0,791	0,794	0,794	0,795	0,797	0,798	0,800	0,800	0,802	0,803	0,802	0,806	0,806	0,807	0,806	0,810	0,810	0,811	0,812	0,813	0,817	0,815	0,819	0,819	0,823	0,821	0,823	0,825	0,828	0,827	0,830	0,832	0,833	0,834	0,833	0,834	0,836	0,837	0,836	0,837	0,837	0,838	0,840	0,839	0,840	0,841	0,842	0,842	0,841	0,843	
E10	0,092	0,091	0,091	0,091	0,091	0,091	0,091	0,090	0,090	0,090	0,091	0,090	0,090	0,090	0,090	0,090	0,090	0,090	0,090	0,090	0,090	0,090	0,090	0,090	0,090	0,090	0,090	0,090	0,090	0,090	0,090	0,090	0,090	0,090	0,090	0,090	0,090	0,090	0,090	0,090	0,090	0,090	0,090	0,090	0,090	0,090	0,090	0,090	0,090	0,090	0,090	0,090	0,090	0,090	0,090	0,090	0,090	0,090	0,090	0,090	0,090	0,090	0,090	0,090	0,090	0,090	0,090	0,090	0,090	0,090	0,090	0,090	0,090	0,090	0,090	0,090	0,090	0,090	0,090	0,090	0,089	0,090	0,090	0,090	0,090	0,089	0,090	0,090	0,090	0,090	0,090	0,090	0,090	0,090	0,090	0,090	0,089	0,090	0,090	0,089	0,089	0,090	0,089	0,089	0,090	0,090	0,090	0,089	0,090	0,089	0,089	0,090	0,090	0,089	0,090	0,089	0,089	0,089	0,090	0,089	0,090	0,089	0,090	0,089	0,089	0,089	0,089	0,089	0,089	0,089	0,090	0,090	0,090	0,089	0,089	0,089	0,089	0,089	0,089	0,089	0,089	0,089	0,089	0,089	0,090	
E11	0,098	0,098	0,099	0,098	0,098	0,099	0,102	0,103	0,105	0,109	0,113	0,119	0,128	0,139	0,152	0,169	0,185	0,202	0,225	0,248	0,274	0,301	0,329	0,357	0,378	0,401	0,417	0,436	0,452	0,464	0,476	0,488	0,501	0,512	0,523	0,535	0,550	0,561	0,578	0,594	0,606	0,615	0,623	0,629	0,635	0,640	0,644	0,650	0,656	0,660	0,664	0,669	0,672	0,674	0,676	0,679	0,682	0,686	0,688	0,691	0,694	0,698	0,700	0,701	0,705	0,708	0,710	0,712	0,714	0,717	0,719	0,722	0,724	0,725	0,726	0,731	0,734	0,735	0,736	0,740	0,740	0,742	0,744	0,747	0,750	0,750	0,752	0,756	0,756	0,759	0,759	0,763	0,761	0,764	0,764	0,764	0,765	0,766	0,768	0,769	0,769	0,771	0,773	0,774	0,776	0,777	0,778	0,779	0,785	0,783	0,788	0,789	0,792	0,789	0,790	0,793	0,798	0,798	0,799	0,802	0,802	0,804	0,805	0,805	0,806	0,807	0,808	0,809	0,810	0,810	0,811	0,812	0,812	0,813	0,813	0,814	0,814	0,815	0,815	0,815	0,815	0,816	0,817	0,817	0,817	
E12	0,091	0,090	0,090	0,090	0,089	0,089	0,089	0,089	0,089	0,089	0,089	0,089	0,089	0,089	0,089	0,089	0,089	0,089	0,089	0,089	0,088	0,089	0,088	0,088	0,089	0,088	0,088	0,088	0,088	0,088	0,088	0,088	0,088	0,088	0,088	0,088	0,088	0,088	0,088	0,088	0,088	0,088	0,088	0,088	0,088	0,088	0,088	0,088	0,088	0,088	0,088	0,088	0,088	0,088	0,088	0,088	0,088	0,088	0,088	0,088	0,088	0,088	0,088	0,087	0,088	0,088	0,088	0,088	0,087	0,088	0,088	0,088	0,087	0,088	0,088	0,088	0,088	0,088	0,088	0,088	0,087	0,088	0,087	0,088	0,087	0,087	0,088	0,088	0,088	0,088	0,087	0,087	0,087	0,087	0,088	0,088	0,087	0,087	0,088	0,087	0,087	0,088	0,087	0,088	0,088	0,087	0,087	0,087	0,087	0,087	0,087	0,087	0,087	0,087	0,088	0,087	0,087	0,087	0,087	0,087	0,088	0,087	0,087	0,087	0,087	0,087	0,087	0,088	0,087	0,087	0,087	0,087	0,087	0,087	0,087	0,087	0,088	0,087	0,087	0,087	0,087	0,087	0,088	0,088	0,088	
F1	0,088	0,088	0,088	0,088	0,087	0,088	0,088	0,087	0,087	0,088	0,087	0,087	0,087	0,087	0,087	0,087	0,087	0,087	0,087	0,087	0,087	0,087	0,087	0,087	0,087	0,087	0,087	0,087	0,087	0,087	0,087	0,087	0,087	0,087	0,087	0,087	0,087	0,087	0,087	0,087	0,087	0,087	0,087	0,087	0,087	0,087	0,087	0,087	0,087	0,087	0,087	0,087	0,087	0,087	0,087	0,087	0,087	0,087	0,087	0,087	0,087	0,087	0,087	0,087	0,087	0,087	0,087	0,087	0,087	0,087	0,087	0,087	0,087	0,087	0,087	0,087	0,087	0,087	0,087	0,087	0,087	0,087	0,087	0,087	0,087	0,087	0,087	0,087	0,087	0,087	0,087	0,087	0,087	0,087	0,087	0,087	0,087	0,087	0,087	0,087	0,087	0,087	0,087	0,087	0,087	0,087	0,087	0,087	0,087	0,087	0,087	0,087	0,087	0,087	0,087	0,087	0,087	0,087	0,087	0,087	0,087	0,087	0,087	0,087	0,087	0,087	0,087	0,087	0,087	0,087	0,087	0,087	0,087	0,087	0,087	0,087	0,087	0,087	0,087	0,087	0,087	0,087	0,087	0,087	0,087	
F2	0,097	0,097	0,098	0,099	0,100	0,102	0,104	0,106	0,110	0,116	0,122	0,131	0,141	0,150	0,163	0,179	0,198	0,218	0,239	0,259	0,280	0,302	0,322	0,340	0,357	0,371	0,384	0,397	0,410	0,423	0,435	0,446	0,459	0,471	0,483	0,496	0,511	0,524	0,535	0,545	0,555	0,564	0,572	0,579	0,587	0,594	0,600	0,608	0,616	0,624	0,632	0,638	0,646	0,652	0,659	0,666	0,674	0,681	0,689	0,696	0,702	0,708	0,715	0,721	0,727	0,733	0,739	0,744	0,750	0,757	0,761	0,767	0,774	0,780	0,785	0,792	0,800	0,807	0,813	0,820	0,826	0,832	0,839	0,845	0,852	0,858	0,865	0,869	0,877	0,882	0,888	0,894	0,899	0,906	0,912	0,918	0,922	0,927	0,932	0,936	0,942	0,947	0,952	0,958	0,964	0,970	0,975	0,980	0,986	0,992	0,998	1,004	1,009	1,014	1,018	1,024	1,028	1,035	1,038	1,040	1,050	1,057	1,059	1,066	1,066	1,080	1,084	1,092	1,095	1,108	1,119	1,127	1,137	1,147	1,164	1,173	1,190	1,201	1,211	1,219	1,228	1,238	1,246	1,255	1,262	
F3	0,089	0,088	0,088	0,088	0,088	0,088	0,088	0,088	0,088	0,088	0,088	0,088	0,088	0,088	0,088	0,088	0,088	0,087	0,088	0,088	0,088	0,088	0,088	0,088	0,088	0,088	0,087	0,088	0,088	0,088	0,088	0,088	0,088	0,088	0,088	0,088	0,088	0,088	0,088	0,087	0,088	0,088	0,088	0,088	0,088	0,088	0,088	0,088	0,087	0,088	0,088	0,087	0,088	0,088	0,087	0,088	0,088	0,088	0,087	0,088	0,088	0,088	0,088	0,087	0,088	0,088	0,088	0,088	0,088	0,088	0,088	0,088	0,088	0,088	0,088	0,088	0,088	0,088	0,088	0,087	0,087	0,088	0,088	0,088	0,088	0,088	0,088	0,088	0,088	0,088	0,088	0,087	0,088	0,088	0,088	0,088	0,087	0,088	0,088	0,088	0,087	0,088	0,088	0,088	0,088	0,088	0,088	0,088	0,088	0,088	0,088	0,088	0,088	0,088	0,088	0,088	0,088	0,088	0,088	0,088	0,088	0,088	0,087	0,088	0,088	0,088	0,088	0,088	0,088	0,088	0,088	0,088	0,088	0,088	0,088	0,088	0,088	0,088	0,088	0,088	0,088	0,088	0,088	0,088	0,088	
F4	0,095	0,095	0,095	0,095	0,095	0,096	0,097	0,099	0,101	0,104	0,107	0,111	0,118	0,126	0,137	0,151	0,164	0,180	0,202	0,225	0,245	0,269	0,292	0,313	0,332	0,350	0,364	0,380	0,392	0,404	0,415	0,426	0,439	0,449	0,462	0,474	0,487	0,498	0,509	0,521	0,532	0,540	0,550	0,557	0,565	0,573	0,581	0,589	0,597	0,604	0,610	0,617	0,623	0,629	0,634	0,638	0,642	0,647	0,653	0,659	0,662	0,666	0,670	0,673	0,676	0,679	0,681	0,685	0,688	0,691	0,694	0,696	0,699	0,700	0,703	0,706	0,710	0,713	0,715	0,719	0,720	0,725	0,727	0,731	0,734	0,739	0,745	0,746	0,751	0,754	0,758	0,763	0,767	0,769	0,773	0,776	0,776	0,777	0,778	0,778	0,778	0,779	0,781	0,782	0,784	0,785	0,787	0,786	0,787	0,788	0,788	0,789	0,790	0,790	0,791	0,791	0,792	0,794	0,794	0,794	0,794	0,796	0,795	0,795	0,797	0,798	0,798	0,800	0,801	0,801	0,802	0,803	0,803	0,804	0,805	0,805	0,806	0,808	0,810	0,811	0,812	0,814	0,816	0,817	0,820	
F5	0,090	0,090	0,090	0,090	0,090	0,090	0,090	0,090	0,090	0,090	0,089	0,089	0,090	0,089	0,089	0,089	0,090	0,089	0,089	0,089	0,089	0,089	0,089	0,089	0,089	0,089	0,089	0,089	0,089	0,089	0,089	0,089	0,089	0,089	0,089	0,089	0,089	0,089	0,089	0,089	0,089	0,089	0,089	0,089	0,089	0,089	0,089	0,089	0,089	0,089	0,089	0,089	0,089	0,089	0,089	0,089	0,089	0,089	0,089	0,089	0,089	0,089	0,089	0,089	0,089	0,089	0,089	0,089	0,089	0,089	0,089	0,089	0,089	0,089	0,089	0,089	0,089	0,089	0,089	0,089	0,089	0,089	0,089	0,089	0,089	0,088	0,089	0,089	0,089	0,089	0,089	0,089	0,089	0,089	0,089	0,089	0,088	0,089	0,089	0,089	0,089	0,089	0,088	0,089	0,089	0,089	0,089	0,088	0,089	0,089	0,088	0,089	0,089	0,088	0,089	0,089	0,088	0,089	0,089	0,088	0,089	0,089	0,089	0,088	0,088	0,088	0,088	0,089	0,089	0,089	0,089	0,089	0,089	0,089	0,088	0,088	0,088	0,088	0,089	0,088	0,089	0,088	0,088	0,088	0,089	
F6	0,091	0,090	0,090	0,090	0,090	0,090	0,090	0,091	0,091	0,092	0,093	0,094	0,096	0,099	0,102	0,107	0,115	0,123	0,135	0,150	0,165	0,183	0,205	0,229	0,251	0,276	0,298	0,321	0,340	0,359	0,376	0,392	0,407	0,421	0,436	0,448	0,462	0,476	0,490	0,503	0,516	0,531	0,548	0,561	0,575	0,587	0,598	0,609	0,616	0,625	0,632	0,640	0,646	0,651	0,658	0,663	0,669	0,674	0,679	0,685	0,690	0,694	0,698	0,701	0,705	0,709	0,712	0,716	0,718	0,722	0,725	0,729	0,733	0,736	0,740	0,744	0,748	0,751	0,755	0,761	0,765	0,770	0,773	0,777	0,781	0,786	0,789	0,792	0,795	0,798	0,801	0,804	0,805	0,807	0,810	0,815	0,815	0,821	0,823	0,826	0,827	0,831	0,832	0,838	0,838	0,845	0,846	0,845	0,847	0,850	0,855	0,855	0,855	0,862	0,861	0,862	0,863	0,866	0,868	0,871	0,871	0,876	0,877	0,879	0,881	0,879	0,880	0,882	0,885	0,886	0,886	0,889	0,892	0,890	0,890	0,893	0,892	0,895	0,899	0,896	0,901	0,903	0,901	0,902	0,905	
F7	0,090	0,090	0,090	0,090	0,089	0,089	0,089	0,089	0,089	0,089	0,089	0,089	0,089	0,089	0,089	0,089	0,089	0,089	0,089	0,089	0,089	0,089	0,089	0,089	0,089	0,089	0,088	0,089	0,089	0,089	0,089	0,088	0,088	0,089	0,089	0,089	0,089	0,089	0,089	0,088	0,089	0,089	0,089	0,089	0,089	0,089	0,088	0,088	0,088	0,088	0,088	0,089	0,089	0,089	0,089	0,089	0,088	0,088	0,088	0,088	0,089	0,089	0,088	0,088	0,089	0,089	0,089	0,089	0,088	0,089	0,089	0,088	0,089	0,089	0,088	0,088	0,088	0,089	0,088	0,088	0,088	0,089	0,089	0,088	0,089	0,088	0,089	0,088	0,089	0,089	0,089	0,088	0,088	0,089	0,089	0,089	0,088	0,088	0,089	0,089	0,088	0,088	0,088	0,088	0,089	0,088	0,089	0,089	0,089	0,088	0,088	0,089	0,089	0,088	0,089	0,088	0,088	0,088	0,088	0,088	0,089	0,088	0,088	0,088	0,088	0,088	0,088	0,089	0,089	0,089	0,089	0,089	0,088	0,089	0,088	0,088	0,089	0,088	0,088	0,088	0,089	0,088	0,088	0,088	0,089	
F8	0,093	0,093	0,093	0,093	0,093	0,094	0,096	0,097	0,099	0,102	0,106	0,112	0,118	0,128	0,139	0,154	0,167	0,184	0,206	0,229	0,251	0,273	0,296	0,317	0,336	0,353	0,370	0,387	0,401	0,414	0,427	0,439	0,452	0,464	0,477	0,489	0,505	0,516	0,528	0,541	0,554	0,566	0,575	0,583	0,592	0,599	0,607	0,615	0,623	0,631	0,639	0,646	0,652	0,656	0,661	0,667	0,672	0,679	0,684	0,689	0,693	0,698	0,701	0,704	0,709	0,712	0,716	0,720	0,724	0,727	0,732	0,737	0,740	0,743	0,748	0,753	0,759	0,765	0,771	0,773	0,777	0,780	0,783	0,787	0,789	0,791	0,795	0,796	0,799	0,802	0,805	0,809	0,812	0,815	0,818	0,821	0,823	0,825	0,828	0,830	0,833	0,836	0,840	0,843	0,846	0,848	0,851	0,853	0,856	0,858	0,860	0,863	0,864	0,866	0,869	0,870	0,873	0,874	0,876	0,877	0,878	0,881	0,882	0,883	0,884	0,887	0,888	0,889	0,891	0,891	0,893	0,894	0,894	0,894	0,896	0,897	0,897	0,900	0,901	0,902	0,903	0,904	0,905	0,908	0,910	
F9	0,089	0,088	0,088	0,088	0,088	0,088	0,088	0,088	0,088	0,088	0,088	0,088	0,088	0,088	0,088	0,088	0,088	0,088	0,088	0,088	0,088	0,088	0,088	0,088	0,088	0,088	0,087	0,087	0,088	0,088	0,088	0,088	0,088	0,088	0,088	0,088	0,088	0,087	0,088	0,087	0,088	0,087	0,088	0,088	0,088	0,088	0,088	0,088	0,088	0,088	0,088	0,087	0,088	0,088	0,087	0,088	0,087	0,087	0,088	0,088	0,088	0,088	0,088	0,087	0,088	0,088	0,088	0,087	0,088	0,088	0,088	0,088	0,087	0,088	0,088	0,088	0,088	0,088	0,087	0,087	0,087	0,088	0,088	0,087	0,088	0,087	0,088	0,088	0,087	0,088	0,087	0,088	0,087	0,088	0,088	0,088	0,088	0,088	0,088	0,087	0,088	0,088	0,088	0,088	0,088	0,088	0,088	0,087	0,088	0,088	0,087	0,088	0,088	0,088	0,088	0,087	0,087	0,087	0,088	0,087	0,088	0,088	0,087	0,088	0,087	0,087	0,087	0,088	0,088	0,088	0,088	0,088	0,088	0,088	0,087	0,088	0,087	0,088	0,088	0,087	0,088	0,087	0,087	0,088	0,088	
F10	0,114	0,112	0,111	0,110	0,109	0,108	0,108	0,108	0,109	0,110	0,112	0,115	0,120	0,125	0,133	0,144	0,159	0,176	0,195	0,216	0,239	0,264	0,293	0,319	0,343	0,366	0,387	0,408	0,428	0,445	0,463	0,476	0,491	0,506	0,522	0,537	0,556	0,569	0,593	0,609	0,628	0,648	0,673	0,686	0,698	0,705	0,712	0,719	0,726	0,732	0,736	0,740	0,743	0,745	0,748	0,750	0,752	0,755	0,758	0,760	0,762	0,764	0,768	0,767	0,770	0,771	0,774	0,775	0,778	0,780	0,782	0,784	0,786	0,787	0,788	0,790	0,794	0,795	0,798	0,800	0,801	0,803	0,805	0,808	0,810	0,810	0,813	0,817	0,818	0,820	0,823	0,826	0,827	0,824	0,825	0,831	0,830	0,828	0,830	0,830	0,827	0,830	0,831	0,832	0,837	0,835	0,839	0,839	0,842	0,840	0,842	0,847	0,845	0,846	0,849	0,850	0,851	0,853	0,855	0,861	0,859	0,864	0,863	0,866	0,867	0,869	0,871	0,874	0,876	0,877	0,880	0,881	0,881	0,887	0,887	0,889	0,890	0,889	0,890	0,894	0,898	0,898	0,900	0,898	0,900	
F11	0,088	0,087	0,087	0,087	0,087	0,087	0,087	0,087	0,087	0,087	0,087	0,087	0,087	0,087	0,087	0,087	0,087	0,087	0,087	0,087	0,086	0,087	0,087	0,086	0,087	0,087	0,087	0,086	0,087	0,087	0,086	0,086	0,087	0,086	0,086	0,086	0,087	0,086	0,087	0,087	0,087	0,086	0,086	0,086	0,087	0,086	0,087	0,086	0,086	0,086	0,087	0,086	0,087	0,087	0,086	0,087	0,086	0,086	0,086	0,086	0,086	0,087	0,086	0,086	0,086	0,086	0,086	0,086	0,086	0,087	0,086	0,086	0,086	0,086	0,086	0,086	0,086	0,086	0,086	0,086	0,086	0,086	0,086	0,086	0,086	0,086	0,087	0,087	0,086	0,086	0,086	0,086	0,086	0,086	0,086	0,086	0,086	0,086	0,086	0,086	0,086	0,086	0,086	0,086	0,086	0,086	0,086	0,086	0,086	0,086	0,086	0,086	0,086	0,086	0,086	0,086	0,086	0,086	0,086	0,086	0,086	0,086	0,086	0,086	0,086	0,086	0,086	0,086	0,086	0,086	0,086	0,086	0,086	0,086	0,086	0,086	0,086	0,086	0,086	0,086	0,086	0,086	0,086	0,086	0,086	
F12	0,097	0,097	0,097	0,098	0,099	0,100	0,103	0,106	0,109	0,115	0,122	0,131	0,143	0,159	0,176	0,192	0,212	0,236	0,261	0,286	0,316	0,344	0,371	0,394	0,417	0,436	0,454	0,474	0,490	0,505	0,519	0,532	0,547	0,561	0,575	0,588	0,606	0,622	0,639	0,649	0,657	0,665	0,673	0,682	0,690	0,697	0,703	0,711	0,720	0,724	0,730	0,736	0,741	0,745	0,749	0,751	0,756	0,759	0,762	0,764	0,767	0,772	0,775	0,778	0,782	0,785	0,789	0,793	0,797	0,801	0,804	0,809	0,811	0,814	0,818	0,821	0,825	0,830	0,832	0,835	0,837	0,841	0,844	0,848	0,850	0,852	0,856	0,859	0,861	0,863	0,868	0,868	0,870	0,873	0,875	0,878	0,878	0,881	0,881	0,886	0,887	0,890	0,890	0,892	0,898	0,899	0,900	0,900	0,908	0,909	0,912	0,913	0,910	0,912	0,918	0,920	0,921	0,923	0,925	0,927	0,924	0,931	0,932	0,934	0,935	0,937	0,939	0,941	0,943	0,942	0,947	0,949	0,950	0,953	0,955	0,955	0,958	0,959	0,961	0,963	0,966	0,969	0,971	0,973	0,977	
G1	0,090	0,090	0,090	0,090	0,089	0,089	0,089	0,089	0,089	0,089	0,089	0,089	0,089	0,089	0,089	0,089	0,089	0,089	0,089	0,089	0,089	0,089	0,089	0,089	0,089	0,089	0,089	0,089	0,089	0,089	0,089	0,089	0,089	0,089	0,089	0,089	0,089	0,089	0,089	0,089	0,089	0,089	0,089	0,089	0,089	0,089	0,089	0,089	0,089	0,089	0,089	0,089	0,089	0,089	0,089	0,089	0,089	0,089	0,089	0,089	0,089	0,089	0,089	0,089	0,089	0,089	0,089	0,089	0,089	0,089	0,089	0,089	0,089	0,089	0,089	0,089	0,089	0,089	0,089	0,089	0,089	0,089	0,089	0,089	0,089	0,089	0,089	0,089	0,089	0,089	0,089	0,089	0,089	0,089	0,089	0,089	0,089	0,089	0,089	0,089	0,089	0,089	0,089	0,089	0,089	0,089	0,089	0,089	0,089	0,089	0,088	0,089	0,089	0,089	0,089	0,089	0,089	0,089	0,089	0,089	0,089	0,089	0,089	0,089	0,089	0,089	0,089	0,089	0,089	0,089	0,089	0,089	0,089	0,089	0,089	0,089	0,089	0,089	0,089	0,089	0,089	0,089	0,089	0,089	0,089	
G2	0,088	0,088	0,088	0,088	0,088	0,088	0,088	0,088	0,088	0,088	0,088	0,088	0,088	0,088	0,088	0,088	0,088	0,087	0,088	0,087	0,088	0,087	0,088	0,088	0,088	0,088	0,088	0,088	0,088	0,088	0,088	0,088	0,088	0,088	0,088	0,088	0,088	0,088	0,088	0,088	0,088	0,087	0,088	0,088	0,088	0,088	0,088	0,088	0,088	0,087	0,088	0,088	0,088	0,088	0,088	0,087	0,088	0,088	0,088	0,088	0,088	0,088	0,088	0,088	0,088	0,088	0,088	0,087	0,088	0,088	0,088	0,088	0,088	0,088	0,088	0,088	0,088	0,088	0,088	0,087	0,087	0,088	0,088	0,088	0,087	0,087	0,088	0,088	0,088	0,088	0,088	0,087	0,088	0,088	0,088	0,088	0,088	0,088	0,088	0,087	0,088	0,087	0,087	0,087	0,088	0,087	0,088	0,088	0,088	0,087	0,087	0,088	0,087	0,088	0,088	0,087	0,087	0,088	0,088	0,087	0,088	0,088	0,087	0,088	0,087	0,088	0,087	0,088	0,087	0,088	0,088	0,088	0,088	0,087	0,087	0,087	0,087	0,087	0,087	0,087	0,088	0,088	0,087	0,087	0,088	
G3	0,099	0,099	0,099	0,099	0,099	0,099	0,099	0,099	0,099	0,099	0,099	0,099	0,099	0,099	0,099	0,099	0,099	0,099	0,099	0,099	0,099	0,099	0,099	0,099	0,099	0,099	0,099	0,099	0,099	0,099	0,099	0,099	0,099	0,099	0,099	0,099	0,099	0,099	0,099	0,099	0,099	0,099	0,099	0,099	0,099	0,099	0,099	0,099	0,099	0,099	0,099	0,099	0,099	0,099	0,099	0,099	0,099	0,099	0,099	0,099	0,099	0,099	0,099	0,099	0,099	0,099	0,099	0,099	0,099	0,099	0,099	0,099	0,099	0,099	0,099	0,099	0,099	0,099	0,099	0,099	0,099	0,099	0,099	0,099	0,099	0,099	0,099	0,099	0,099	0,099	0,099	0,099	0,099	0,099	0,099	0,099	0,099	0,099	0,099	0,099	0,099	0,099	0,099	0,099	0,100	0,099	0,099	0,099	0,099	0,099	0,099	0,099	0,099	0,099	0,099	0,099	0,099	0,100	0,099	0,099	0,099	0,099	0,099	0,099	0,099	0,099	0,099	0,099	0,099	0,099	0,099	0,099	0,099	0,099	0,099	0,099	0,099	0,099	0,099	0,099	0,099	0,100	0,099	0,099	0,099	
G4	0,093	0,093	0,093	0,093	0,093	0,093	0,093	0,093	0,093	0,093	0,093	0,093	0,093	0,093	0,093	0,093	0,093	0,093	0,093	0,093	0,093	0,093	0,093	0,093	0,093	0,093	0,093	0,093	0,093	0,093	0,093	0,093	0,093	0,093	0,093	0,093	0,093	0,093	0,094	0,093	0,094	0,093	0,094	0,094	0,094	0,094	0,093	0,093	0,094	0,094	0,094	0,094	0,094	0,094	0,094	0,094	0,094	0,094	0,094	0,094	0,094	0,094	0,094	0,094	0,094	0,094	0,094	0,094	0,094	0,094	0,094	0,094	0,094	0,094	0,094	0,094	0,094	0,094	0,094	0,094	0,094	0,094	0,094	0,094	0,094	0,094	0,094	0,094	0,094	0,094	0,094	0,094	0,094	0,094	0,094	0,094	0,094	0,094	0,094	0,094	0,094	0,094	0,094	0,094	0,094	0,094	0,094	0,094	0,094	0,094	0,094	0,095	0,094	0,094	0,094	0,094	0,094	0,094	0,094	0,094	0,094	0,094	0,094	0,094	0,094	0,094	0,094	0,094	0,095	0,094	0,095	0,094	0,095	0,095	0,094	0,094	0,094	0,094	0,095	0,094	0,095	0,095	0,094	0,095	0,095	
G5	0,091	0,091	0,091	0,091	0,091	0,091	0,091	0,090	0,090	0,090	0,090	0,090	0,091	0,091	0,090	0,091	0,090	0,091	0,091	0,091	0,091	0,091	0,091	0,090	0,091	0,090	0,090	0,091	0,090	0,091	0,091	0,090	0,090	0,090	0,091	0,090	0,091	0,091	0,091	0,090	0,091	0,091	0,091	0,091	0,090	0,091	0,091	0,090	0,091	0,090	0,091	0,090	0,091	0,091	0,091	0,091	0,091	0,090	0,091	0,091	0,091	0,091	0,091	0,091	0,091	0,091	0,091	0,090	0,091	0,091	0,091	0,091	0,091	0,091	0,090	0,090	0,091	0,090	0,091	0,090	0,090	0,090	0,091	0,091	0,090	0,090	0,091	0,091	0,090	0,090	0,090	0,090	0,090	0,090	0,090	0,090	0,090	0,090	0,090	0,090	0,090	0,090	0,090	0,090	0,091	0,090	0,090	0,090	0,090	0,090	0,091	0,090	0,090	0,090	0,090	0,090	0,090	0,090	0,090	0,090	0,090	0,090	0,090	0,090	0,090	0,090	0,090	0,090	0,090	0,090	0,090	0,090	0,091	0,090	0,090	0,090	0,090	0,090	0,090	0,090	0,090	0,090	0,090	0,090	0,090	
G6	0,088	0,087	0,088	0,088	0,088	0,087	0,088	0,088	0,088	0,088	0,088	0,088	0,088	0,088	0,088	0,088	0,088	0,088	0,088	0,088	0,088	0,088	0,088	0,088	0,088	0,088	0,088	0,088	0,088	0,088	0,088	0,088	0,088	0,088	0,088	0,088	0,088	0,088	0,088	0,088	0,088	0,088	0,088	0,088	0,088	0,088	0,088	0,088	0,088	0,088	0,088	0,088	0,088	0,088	0,088	0,089	0,088	0,088	0,088	0,088	0,088	0,088	0,088	0,088	0,088	0,089	0,089	0,088	0,088	0,089	0,088	0,088	0,088	0,088	0,088	0,088	0,088	0,088	0,088	0,088	0,088	0,088	0,088	0,088	0,088	0,088	0,088	0,088	0,088	0,088	0,088	0,088	0,088	0,088	0,088	0,088	0,088	0,088	0,089	0,088	0,088	0,088	0,088	0,088	0,088	0,088	0,088	0,088	0,089	0,088	0,088	0,088	0,088	0,088	0,088	0,088	0,088	0,088	0,088	0,088	0,088	0,088	0,088	0,088	0,088	0,088	0,088	0,089	0,088	0,088	0,088	0,088	0,088	0,088	0,088	0,088	0,088	0,089	0,089	0,088	0,088	0,088	0,088	0,088	0,088	
G7	0,089	0,088	0,089	0,088	0,088	0,088	0,088	0,088	0,088	0,088	0,088	0,088	0,088	0,088	0,088	0,088	0,088	0,088	0,088	0,088	0,088	0,088	0,088	0,088	0,088	0,088	0,088	0,088	0,088	0,088	0,088	0,088	0,088	0,088	0,088	0,088	0,088	0,088	0,089	0,088	0,088	0,088	0,088	0,088	0,088	0,088	0,088	0,088	0,088	0,088	0,088	0,088	0,088	0,088	0,088	0,088	0,088	0,088	0,088	0,088	0,088	0,088	0,088	0,088	0,088	0,089	0,088	0,088	0,088	0,088	0,088	0,088	0,088	0,088	0,088	0,088	0,088	0,088	0,088	0,088	0,088	0,088	0,088	0,088	0,088	0,088	0,088	0,089	0,088	0,088	0,088	0,088	0,088	0,088	0,088	0,088	0,088	0,088	0,088	0,088	0,088	0,088	0,088	0,088	0,088	0,088	0,088	0,088	0,088	0,088	0,088	0,088	0,088	0,088	0,088	0,088	0,088	0,088	0,088	0,088	0,088	0,088	0,088	0,088	0,088	0,088	0,088	0,088	0,089	0,088	0,088	0,088	0,088	0,088	0,088	0,088	0,088	0,088	0,088	0,088	0,088	0,088	0,088	0,088	0,088	
G8	0,090	0,089	0,089	0,089	0,089	0,089	0,089	0,089	0,089	0,089	0,089	0,089	0,089	0,089	0,089	0,089	0,089	0,088	0,088	0,088	0,088	0,089	0,088	0,088	0,088	0,088	0,088	0,088	0,088	0,088	0,088	0,088	0,088	0,088	0,088	0,088	0,088	0,088	0,088	0,088	0,088	0,088	0,088	0,088	0,088	0,088	0,088	0,088	0,088	0,088	0,088	0,088	0,088	0,088	0,088	0,088	0,088	0,088	0,088	0,088	0,088	0,088	0,088	0,088	0,088	0,088	0,088	0,088	0,088	0,088	0,088	0,088	0,088	0,088	0,088	0,088	0,088	0,088	0,088	0,088	0,088	0,088	0,088	0,088	0,088	0,088	0,088	0,088	0,088	0,088	0,088	0,088	0,088	0,088	0,088	0,088	0,088	0,088	0,088	0,088	0,088	0,088	0,088	0,088	0,088	0,088	0,088	0,088	0,088	0,088	0,088	0,088	0,088	0,088	0,088	0,088	0,088	0,088	0,088	0,088	0,088	0,088	0,088	0,088	0,088	0,088	0,088	0,088	0,088	0,088	0,088	0,088	0,088	0,088	0,088	0,088	0,088	0,088	0,088	0,088	0,088	0,088	0,088	0,088	0,088	
G9	0,088	0,088	0,088	0,088	0,087	0,088	0,088	0,087	0,087	0,087	0,087	0,087	0,087	0,087	0,087	0,087	0,087	0,087	0,087	0,087	0,087	0,088	0,087	0,087	0,087	0,087	0,087	0,087	0,087	0,087	0,087	0,087	0,087	0,087	0,087	0,087	0,087	0,087	0,087	0,087	0,088	0,087	0,087	0,087	0,087	0,087	0,087	0,087	0,087	0,087	0,087	0,087	0,087	0,087	0,087	0,087	0,087	0,087	0,087	0,087	0,087	0,088	0,087	0,087	0,087	0,088	0,088	0,087	0,087	0,087	0,087	0,087	0,087	0,087	0,087	0,087	0,087	0,087	0,087	0,087	0,087	0,087	0,087	0,087	0,087	0,087	0,087	0,087	0,087	0,087	0,087	0,087	0,087	0,087	0,087	0,087	0,087	0,087	0,087	0,087	0,087	0,087	0,087	0,087	0,087	0,087	0,087	0,087	0,087	0,087	0,087	0,087	0,087	0,087	0,087	0,087	0,087	0,087	0,087	0,087	0,087	0,087	0,087	0,087	0,087	0,087	0,087	0,087	0,087	0,087	0,087	0,087	0,087	0,087	0,087	0,087	0,087	0,087	0,087	0,087	0,087	0,087	0,087	0,087	0,087	
G10	0,088	0,088	0,088	0,088	0,088	0,088	0,088	0,087	0,088	0,088	0,087	0,087	0,087	0,088	0,088	0,088	0,087	0,087	0,088	0,087	0,087	0,088	0,087	0,087	0,088	0,087	0,087	0,087	0,087	0,087	0,087	0,087	0,087	0,087	0,087	0,087	0,087	0,087	0,088	0,087	0,088	0,087	0,087	0,087	0,087	0,087	0,087	0,087	0,087	0,087	0,087	0,087	0,087	0,087	0,087	0,087	0,087	0,087	0,087	0,087	0,087	0,087	0,087	0,087	0,087	0,087	0,087	0,087	0,087	0,087	0,087	0,087	0,087	0,087	0,087	0,087	0,087	0,087	0,087	0,087	0,087	0,087	0,087	0,087	0,087	0,087	0,087	0,087	0,087	0,087	0,087	0,087	0,087	0,087	0,087	0,087	0,087	0,087	0,087	0,087	0,087	0,087	0,087	0,087	0,087	0,087	0,087	0,087	0,087	0,087	0,087	0,087	0,087	0,087	0,087	0,087	0,087	0,087	0,087	0,087	0,087	0,087	0,087	0,087	0,087	0,087	0,087	0,087	0,087	0,087	0,087	0,087	0,087	0,087	0,087	0,087	0,087	0,087	0,087	0,087	0,087	0,087	0,087	0,087	0,087	
G11	0,088	0,088	0,088	0,088	0,088	0,088	0,088	0,087	0,087	0,087	0,087	0,087	0,088	0,087	0,087	0,087	0,087	0,087	0,087	0,087	0,087	0,087	0,087	0,087	0,087	0,087	0,087	0,087	0,087	0,087	0,087	0,087	0,087	0,087	0,087	0,087	0,087	0,087	0,087	0,087	0,087	0,087	0,087	0,087	0,087	0,087	0,087	0,087	0,087	0,087	0,087	0,087	0,087	0,087	0,087	0,087	0,087	0,087	0,087	0,087	0,087	0,087	0,087	0,087	0,087	0,087	0,087	0,087	0,087	0,087	0,087	0,087	0,087	0,087	0,087	0,087	0,087	0,087	0,087	0,087	0,087	0,087	0,087	0,087	0,087	0,087	0,087	0,087	0,087	0,087	0,087	0,087	0,087	0,087	0,087	0,087	0,087	0,087	0,087	0,087	0,087	0,087	0,087	0,087	0,087	0,087	0,087	0,087	0,087	0,087	0,087	0,087	0,087	0,087	0,087	0,087	0,087	0,087	0,087	0,087	0,088	0,087	0,087	0,087	0,087	0,087	0,087	0,087	0,087	0,087	0,087	0,087	0,087	0,087	0,087	0,087	0,087	0,087	0,087	0,087	0,087	0,087	0,087	0,087	0,087	
G12	0,087	0,087	0,087	0,087	0,087	0,087	0,087	0,087	0,087	0,087	0,087	0,087	0,087	0,087	0,087	0,087	0,087	0,087	0,087	0,087	0,087	0,087	0,087	0,088	0,087	0,088	0,087	0,087	0,087	0,088	0,088	0,087	0,087	0,087	0,087	0,088	0,088	0,088	0,088	0,087	0,088	0,088	0,088	0,088	0,087	0,087	0,088	0,088	0,088	0,087	0,088	0,087	0,088	0,088	0,088	0,088	0,088	0,087	0,087	0,088	0,088	0,087	0,088	0,088	0,088	0,088	0,088	0,088	0,087	0,088	0,088	0,088	0,088	0,088	0,088	0,088	0,088	0,088	0,088	0,088	0,088	0,088	0,088	0,088	0,088	0,088	0,088	0,088	0,088	0,088	0,088	0,088	0,088	0,088	0,088	0,088	0,088	0,088	0,088	0,088	0,088	0,088	0,088	0,088	0,088	0,088	0,088	0,088	0,088	0,088	0,088	0,088	0,088	0,088	0,088	0,088	0,088	0,088	0,088	0,088	0,088	0,088	0,088	0,088	0,088	0,088	0,088	0,088	0,088	0,088	0,088	0,088	0,088	0,088	0,088	0,088	0,088	0,088	0,088	0,088	0,088	0,088	0,088	0,088	0,088	
H1	0,090	0,088	0,088	0,088	0,088	0,088	0,088	0,088	0,088	0,088	0,088	0,088	0,088	0,088	0,088	0,088	0,088	0,088	0,088	0,088	0,088	0,088	0,088	0,088	0,088	0,088	0,089	0,088	0,088	0,088	0,088	0,088	0,088	0,088	0,088	0,088	0,088	0,088	0,089	0,088	0,089	0,089	0,088	0,089	0,088	0,089	0,089	0,088	0,089	0,089	0,089	0,089	0,089	0,089	0,088	0,089	0,089	0,088	0,089	0,089	0,089	0,089	0,089	0,089	0,089	0,089	0,089	0,089	0,089	0,089	0,089	0,090	0,089	0,089	0,089	0,089	0,089	0,090	0,089	0,089	0,089	0,089	0,089	0,089	0,089	0,089	0,089	0,089	0,089	0,089	0,089	0,089	0,089	0,089	0,089	0,089	0,089	0,089	0,089	0,089	0,089	0,089	0,089	0,089	0,089	0,089	0,089	0,089	0,089	0,089	0,089	0,089	0,089	0,089	0,089	0,089	0,089	0,089	0,089	0,089	0,089	0,089	0,089	0,089	0,089	0,089	0,089	0,089	0,089	0,089	0,089	0,089	0,089	0,089	0,089	0,090	0,089	0,089	0,089	0,089	0,089	0,089	0,089	0,089	0,090	
H2	0,088	0,088	0,088	0,088	0,088	0,088	0,088	0,088	0,088	0,088	0,088	0,088	0,088	0,088	0,088	0,088	0,088	0,088	0,088	0,088	0,087	0,088	0,088	0,088	0,088	0,088	0,088	0,088	0,088	0,088	0,088	0,088	0,088	0,088	0,088	0,088	0,088	0,088	0,088	0,088	0,088	0,088	0,088	0,088	0,088	0,088	0,088	0,088	0,088	0,088	0,088	0,088	0,088	0,088	0,088	0,088	0,088	0,087	0,088	0,088	0,088	0,088	0,088	0,089	0,089	0,088	0,088	0,088	0,088	0,088	0,088	0,088	0,088	0,088	0,088	0,088	0,088	0,088	0,088	0,088	0,088	0,088	0,088	0,088	0,088	0,088	0,088	0,088	0,088	0,088	0,088	0,088	0,088	0,088	0,088	0,088	0,088	0,088	0,088	0,088	0,088	0,088	0,088	0,088	0,088	0,088	0,088	0,088	0,088	0,088	0,088	0,088	0,088	0,088	0,088	0,088	0,088	0,088	0,088	0,088	0,088	0,088	0,088	0,088	0,088	0,088	0,088	0,088	0,088	0,088	0,088	0,088	0,088	0,088	0,088	0,088	0,088	0,088	0,088	0,088	0,088	0,088	0,088	0,088	0,088	
H3	0,091	0,091	0,091	0,091	0,091	0,091	0,091	0,091	0,091	0,091	0,091	0,091	0,091	0,091	0,091	0,091	0,091	0,091	0,091	0,091	0,091	0,091	0,091	0,091	0,091	0,091	0,091	0,091	0,091	0,091	0,091	0,091	0,091	0,091	0,092	0,091	0,091	0,091	0,092	0,091	0,092	0,091	0,091	0,092	0,092	0,091	0,091	0,092	0,092	0,092	0,092	0,091	0,092	0,092	0,092	0,092	0,092	0,091	0,092	0,092	0,092	0,092	0,092	0,092	0,092	0,092	0,092	0,092	0,092	0,092	0,092	0,092	0,092	0,092	0,092	0,092	0,092	0,092	0,092	0,092	0,092	0,092	0,092	0,092	0,092	0,092	0,092	0,092	0,092	0,092	0,092	0,092	0,092	0,092	0,092	0,092	0,092	0,092	0,092	0,092	0,092	0,092	0,092	0,092	0,092	0,092	0,092	0,092	0,092	0,092	0,092	0,092	0,092	0,092	0,092	0,092	0,092	0,092	0,092	0,092	0,092	0,092	0,092	0,092	0,092	0,092	0,092	0,092	0,092	0,092	0,092	0,092	0,092	0,092	0,092	0,092	0,092	0,093	0,092	0,092	0,093	0,092	0,092	0,092	0,092	
H4	0,090	0,090	0,090	0,090	0,090	0,090	0,090	0,090	0,090	0,090	0,090	0,090	0,090	0,090	0,090	0,090	0,090	0,090	0,090	0,090	0,090	0,090	0,090	0,090	0,090	0,090	0,090	0,090	0,090	0,090	0,090	0,090	0,090	0,090	0,090	0,090	0,090	0,090	0,090	0,090	0,090	0,090	0,090	0,090	0,090	0,090	0,090	0,090	0,090	0,090	0,090	0,090	0,090	0,090	0,090	0,090	0,090	0,090	0,090	0,090	0,090	0,090	0,090	0,090	0,090	0,090	0,090	0,090	0,090	0,090	0,090	0,090	0,090	0,090	0,090	0,090	0,090	0,090	0,090	0,090	0,090	0,090	0,090	0,090	0,090	0,090	0,090	0,090	0,090	0,090	0,090	0,090	0,090	0,090	0,090	0,090	0,090	0,090	0,090	0,090	0,090	0,090	0,090	0,090	0,090	0,090	0,090	0,090	0,090	0,090	0,090	0,090	0,090	0,090	0,090	0,090	0,090	0,090	0,090	0,090	0,090	0,090	0,090	0,090	0,090	0,090	0,090	0,090	0,090	0,090	0,090	0,090	0,090	0,091	0,090	0,090	0,090	0,090	0,090	0,090	0,090	0,090	0,090	0,090	0,090	
H5	0,089	0,090	0,090	0,090	0,090	0,089	0,090	0,090	0,089	0,090	0,090	0,090	0,090	0,090	0,090	0,090	0,089	0,090	0,090	0,090	0,090	0,090	0,090	0,090	0,090	0,090	0,090	0,090	0,090	0,090	0,090	0,090	0,090	0,090	0,090	0,090	0,090	0,090	0,090	0,090	0,090	0,090	0,090	0,090	0,090	0,090	0,090	0,090	0,090	0,090	0,090	0,090	0,091	0,091	0,091	0,091	0,091	0,091	0,090	0,091	0,091	0,091	0,091	0,091	0,091	0,091	0,091	0,091	0,091	0,091	0,091	0,091	0,091	0,091	0,091	0,091	0,091	0,091	0,091	0,090	0,091	0,091	0,091	0,091	0,091	0,091	0,091	0,091	0,091	0,091	0,091	0,091	0,091	0,091	0,091	0,091	0,090	0,090	0,091	0,090	0,090	0,091	0,091	0,090	0,091	0,091	0,090	0,091	0,090	0,090	0,090	0,090	0,090	0,090	0,090	0,090	0,090	0,090	0,090	0,090	0,091	0,090	0,090	0,090	0,090	0,090	0,090	0,090	0,090	0,090	0,090	0,090	0,090	0,090	0,090	0,090	0,090	0,090	0,090	0,090	0,090	0,090	0,090	0,090	0,090	
H6	0,088	0,088	0,088	0,088	0,088	0,088	0,088	0,088	0,088	0,088	0,088	0,088	0,088	0,088	0,088	0,088	0,088	0,088	0,088	0,088	0,088	0,088	0,088	0,088	0,088	0,088	0,088	0,088	0,088	0,088	0,088	0,088	0,088	0,088	0,088	0,088	0,088	0,088	0,088	0,088	0,088	0,088	0,088	0,088	0,088	0,088	0,088	0,088	0,088	0,088	0,088	0,088	0,088	0,088	0,088	0,088	0,088	0,088	0,088	0,088	0,088	0,088	0,088	0,088	0,088	0,088	0,088	0,088	0,088	0,088	0,088	0,088	0,088	0,088	0,088	0,088	0,088	0,088	0,088	0,088	0,088	0,088	0,088	0,088	0,088	0,088	0,088	0,088	0,088	0,088	0,088	0,088	0,088	0,088	0,088	0,088	0,088	0,088	0,088	0,088	0,088	0,088	0,088	0,088	0,088	0,088	0,088	0,088	0,088	0,088	0,088	0,089	0,088	0,088	0,088	0,088	0,088	0,088	0,088	0,088	0,088	0,088	0,088	0,088	0,088	0,088	0,088	0,088	0,088	0,088	0,088	0,088	0,088	0,088	0,088	0,088	0,088	0,088	0,088	0,088	0,088	0,088	0,088	0,088	0,088	
H7	0,088	0,087	0,087	0,087	0,087	0,087	0,087	0,087	0,087	0,087	0,087	0,087	0,087	0,087	0,087	0,087	0,087	0,087	0,087	0,087	0,087	0,087	0,087	0,087	0,087	0,087	0,087	0,087	0,087	0,087	0,087	0,087	0,087	0,087	0,087	0,087	0,087	0,087	0,087	0,087	0,087	0,087	0,087	0,087	0,087	0,087	0,087	0,087	0,087	0,087	0,087	0,087	0,087	0,087	0,087	0,087	0,087	0,087	0,087	0,087	0,087	0,087	0,087	0,088	0,088	0,087	0,087	0,087	0,087	0,087	0,088	0,087	0,087	0,087	0,087	0,087	0,087	0,087	0,087	0,087	0,087	0,087	0,087	0,087	0,088	0,087	0,087	0,088	0,087	0,087	0,087	0,087	0,087	0,087	0,087	0,087	0,087	0,087	0,088	0,087	0,087	0,088	0,087	0,087	0,087	0,087	0,087	0,087	0,088	0,087	0,087	0,087	0,087	0,087	0,087	0,087	0,087	0,088	0,087	0,088	0,087	0,087	0,087	0,088	0,087	0,087	0,087	0,088	0,088	0,087	0,087	0,087	0,087	0,087	0,087	0,087	0,087	0,087	0,087	0,087	0,088	0,087	0,087	0,087	0,088	
H8	0,089	0,088	0,088	0,088	0,088	0,088	0,088	0,088	0,088	0,088	0,088	0,088	0,088	0,088	0,088	0,088	0,088	0,088	0,088	0,087	0,088	0,088	0,088	0,088	0,088	0,088	0,087	0,088	0,088	0,088	0,088	0,088	0,088	0,088	0,088	0,088	0,088	0,088	0,088	0,088	0,088	0,088	0,088	0,088	0,088	0,088	0,088	0,088	0,088	0,088	0,088	0,088	0,088	0,088	0,088	0,088	0,088	0,088	0,088	0,088	0,089	0,089	0,088	0,088	0,088	0,088	0,088	0,088	0,088	0,088	0,088	0,088	0,088	0,088	0,088	0,088	0,088	0,088	0,088	0,088	0,088	0,088	0,088	0,088	0,088	0,088	0,088	0,088	0,088	0,088	0,088	0,088	0,088	0,088	0,088	0,088	0,088	0,088	0,088	0,088	0,088	0,088	0,088	0,088	0,088	0,088	0,088	0,088	0,088	0,088	0,088	0,088	0,088	0,088	0,088	0,088	0,088	0,088	0,088	0,088	0,088	0,088	0,088	0,088	0,088	0,088	0,088	0,088	0,088	0,088	0,088	0,088	0,088	0,088	0,088	0,088	0,088	0,088	0,088	0,088	0,088	0,088	0,088	0,088	0,088	
H9	0,088	0,088	0,088	0,088	0,088	0,088	0,088	0,088	0,088	0,088	0,088	0,088	0,088	0,088	0,088	0,088	0,088	0,088	0,088	0,088	0,088	0,088	0,088	0,088	0,088	0,088	0,088	0,088	0,088	0,088	0,088	0,088	0,088	0,088	0,088	0,088	0,088	0,088	0,088	0,088	0,088	0,088	0,088	0,088	0,088	0,088	0,088	0,088	0,088	0,088	0,088	0,088	0,088	0,088	0,088	0,088	0,088	0,088	0,088	0,088	0,088	0,088	0,088	0,088	0,088	0,088	0,088	0,088	0,088	0,088	0,088	0,088	0,088	0,088	0,088	0,088	0,088	0,088	0,088	0,088	0,088	0,088	0,088	0,088	0,088	0,088	0,088	0,088	0,088	0,088	0,088	0,088	0,088	0,088	0,088	0,088	0,088	0,088	0,088	0,088	0,088	0,088	0,088	0,088	0,088	0,088	0,088	0,088	0,088	0,088	0,088	0,088	0,088	0,088	0,088	0,088	0,088	0,088	0,088	0,088	0,088	0,088	0,088	0,088	0,088	0,088	0,088	0,088	0,088	0,088	0,088	0,088	0,088	0,088	0,088	0,088	0,088	0,088	0,088	0,088	0,088	0,088	0,088	0,088	0,088	
H10	0,089	0,088	0,088	0,088	0,088	0,088	0,088	0,088	0,088	0,088	0,088	0,088	0,088	0,088	0,088	0,088	0,088	0,088	0,088	0,088	0,088	0,088	0,088	0,088	0,088	0,088	0,088	0,088	0,088	0,088	0,088	0,088	0,088	0,088	0,088	0,088	0,088	0,088	0,088	0,088	0,088	0,088	0,088	0,088	0,088	0,088	0,088	0,088	0,088	0,088	0,088	0,088	0,088	0,088	0,088	0,088	0,088	0,088	0,088	0,088	0,088	0,088	0,088	0,088	0,088	0,088	0,088	0,088	0,088	0,088	0,088	0,088	0,088	0,088	0,088	0,088	0,088	0,088	0,088	0,088	0,088	0,088	0,088	0,088	0,088	0,088	0,088	0,088	0,088	0,088	0,088	0,088	0,088	0,088	0,088	0,088	0,088	0,088	0,088	0,088	0,088	0,088	0,088	0,088	0,088	0,088	0,088	0,088	0,088	0,088	0,088	0,088	0,088	0,088	0,088	0,088	0,088	0,088	0,088	0,088	0,088	0,088	0,088	0,088	0,088	0,088	0,088	0,088	0,088	0,088	0,088	0,088	0,088	0,088	0,088	0,088	0,088	0,088	0,088	0,088	0,088	0,088	0,088	0,088	0,088	
H11	0,089	0,088	0,088	0,088	0,088	0,088	0,088	0,087	0,088	0,088	0,087	0,088	0,087	0,088	0,087	0,087	0,087	0,088	0,087	0,087	0,087	0,088	0,087	0,087	0,087	0,088	0,087	0,087	0,087	0,087	0,087	0,088	0,087	0,087	0,088	0,087	0,087	0,087	0,088	0,087	0,088	0,087	0,088	0,088	0,087	0,087	0,088	0,087	0,087	0,088	0,087	0,088	0,087	0,087	0,088	0,087	0,087	0,087	0,088	0,088	0,087	0,087	0,087	0,088	0,088	0,088	0,087	0,088	0,087	0,088	0,088	0,088	0,088	0,087	0,088	0,087	0,087	0,087	0,087	0,087	0,087	0,087	0,087	0,087	0,088	0,087	0,088	0,088	0,087	0,087	0,087	0,087	0,087	0,088	0,087	0,087	0,087	0,087	0,088	0,088	0,087	0,088	0,087	0,087	0,088	0,088	0,087	0,087	0,087	0,087	0,087	0,088	0,087	0,087	0,088	0,087	0,087	0,088	0,088	0,087	0,088	0,088	0,087	0,087	0,087	0,087	0,087	0,087	0,087	0,087	0,088	0,088	0,087	0,087	0,087	0,087	0,087	0,087	0,087	0,087	0,087	0,088	0,088	0,087	0,088	
H12	0,089	0,090	0,090	0,090	0,090	0,090	0,090	0,090	0,090	0,090	0,090	0,090	0,090	0,090	0,090	0,090	0,090	0,090	0,090	0,090	0,090	0,090	0,090	0,090	0,090	0,090	0,090	0,090	0,090	0,090	0,090	0,090	0,090	0,090	0,090	0,090	0,090	0,090	0,090	0,090	0,090	0,090	0,090	0,090	0,090	0,090	0,090	0,090	0,090	0,090	0,090	0,090	0,090	0,090	0,090	0,090	0,090	0,090	0,090	0,090	0,090	0,090	0,090	0,090	0,090	0,090	0,090	0,090	0,090	0,090	0,090	0,090	0,090	0,090	0,090	0,090	0,090	0,090	0,090	0,090	0,090	0,090	0,090	0,090	0,090	0,090	0,090	0,090	0,090	0,090	0,090	0,090	0,090	0,090	0,090	0,090	0,090	0,090	0,090	0,090	0,090	0,090	0,090	0,090	0,090	0,090	0,090	0,090	0,090	0,090	0,090	0,090	0,090	0,090	0,090	0,090	0,090	0,090	0,090	0,090	0,090	0,090	0,090	0,090	0,090	0,090	0,090	0,090	0,090	0,090	0,090	0,090	0,090	0,090	0,090	0,090	0,090	0,090	0,090	0,090	0,090	0,090	0,090	0,090	0,090	

Results

Well	Integral: Integral [Optical Density:600]	maxOD: Mean Max OD [Optical Density:600]	maxOD: t at Mean Max OD [Optical Density:600]	CustomStatistics: Max V [Optical Density:600]	CustomStatistics: Y Intercept [Optical Density:600]	CustomStatistics: R [Optical Density:600]	CustomStatistics: R-Squared [Optical Density:600]	CustomStatistics: t at Max V [Optical Density:600]	CustomStatistics: Lagtime [Optical Density:600]	CustomStatistics: Max V Calc - t min [Optical Density:600]	CustomStatistics: Max V Calc - t max [Optical Density:600]	Early_MaxV: Max V [Optical Density:600]	Early_MaxV: R-Squared [Optical Density:600]	Early_MaxV: t at Max V [Optical Density:600]	Early_MaxV: Lagtime [Optical Density:600]
A1	98047,770	1,523	23:48:04	11,119	-3,279	0,989	0,978	6:08:04	5:04:00	5:48:04	6:28:04	4,400	1,000	2:23:04	1:44:05
A2	7591,230	0,088	21:38:04	-0,017	0,089	-0,628	0,395	1:28:04	1:30:25	1:08:04	1:48:04	0,110	1,000	1:03:04	0:59:53
A3	99303,180	1,538	23:48:04	7,766	-1,904	0,994	0,988	5:58:04	4:18:08	5:38:04	6:18:04	5,240	1,000	3:23:04	2:05:13
A4	7618,560	0,090	23:18:04	-0,047	0,156	-0,872	0,760	23:38:04	?????	23:18:04	23:58:04	0,050	1,000	1:03:04	1:02:04
A5	94153,560	1,479	23:48:04	8,517	-2,007	0,998	0,996	5:18:04	4:06:33	4:58:04	5:38:04	7,130	1,000	5:03:04	3:55:40
A6	7693,530	0,090	17:48:04	0,010	0,080	0,884	0,781	16:08:04	14:06:04	15:48:04	16:28:04	0,040	1,000	1:03:04	1:03:04
A7	98856,210	1,569	23:48:04	9,924	-2,935	0,995	0,990	6:18:04	5:06:17	5:58:04	6:38:04	2,570	1,000	3:03:04	2:00:05
A8	7712,520	0,090	22:18:04	-0,017	0,113	-0,906	0,821	22:38:04	23:16:53	22:18:04	22:58:04	-0,030	1,000	0:43:04	0:38:04
A9	101948,940	1,552	23:48:04	6,325	-0,554	0,999	0,998	2:38:04	1:43:40	2:18:04	2:58:04	7,160	1,000	2:23:04	1:48:23
A10	7541,790	0,088	21:28:04	0,009	0,084	0,900	0,810	4:48:04	4:48:04	4:28:04	5:08:04	0,030	1,000	1:33:04	1:34:44
A11	100004,160	1,569	23:48:04	10,083	-2,931	0,990	0,980	6:18:04	5:00:33	5:58:04	6:38:04	2,660	1,000	3:13:04	2:07:01
A12	7679,310	0,089	21:08:04	0,011	0,087	0,904	0,818	1:18:04	0:52:37	0:58:04	1:38:04	-0,030	1,000	0:53:04	0:48:04
B1	7660,740	0,089	0:28:04	0,011	0,080	0,802	0,644	13:38:04	14:21:42	13:18:04	13:58:04	-0,030	1,000	2:53:04	2:38:04
B2	99696,660	1,557	23:48:04	6,233	-1,394	0,998	0,996	6:08:04	3:59:07	5:48:04	6:28:04	6,010	1,000	3:13:04	2:13:43
B3	7757,490	0,090	20:18:04	-0,011	0,090	-0,839	0,703	0:58:04	0:36:15	0:38:04	1:18:04	-0,030	1,000	0:53:04	0:44:44
B4	93906,270	1,525	23:48:04	11,731	-3,433	0,988	0,975	5:58:04	5:01:06	5:38:04	6:18:04	2,030	1,000	3:13:04	1:48:16
B5	7786,290	0,091	0:28:04	-0,009	0,095	-0,938	0,880	9:28:04	8:28:04	9:08:04	9:48:04	-0,050	1,000	1:13:04	1:12:04
B6	96395,310	1,504	23:48:04	7,537	-1,022	0,990	0,979	3:18:04	2:29:37	2:58:04	3:38:04	10,100	1,000	3:23:04	2:44:37
B7	7661,370	0,089	21:28:04	-0,012	0,101	-0,986	0,973	16:48:04	16:58:04	16:28:04	17:08:04	-0,020	1,000	0:43:04	0:38:04
B8	103346,940	1,593	23:48:04	5,911	-0,585	0,996	0,991	2:28:04	1:56:05	2:08:04	2:48:04	7,280	1,000	2:33:04	2:02:28
B9	7622,430	0,089	0:28:04	-0,010	0,100	-0,870	0,758	20:28:04	18:44:04	20:08:04	20:48:04	-0,030	1,000	0:43:04	0:38:04
B10	98857,980	1,553	23:48:04	9,758	-2,567	0,991	0,982	5:48:04	4:33:25	5:28:04	6:08:04	3,240	1,000	4:33:04	2:38:35
B11	7640,310	0,089	21:38:04	-0,011	0,090	-0,820	0,672	1:58:04	1:48:59	1:38:04	2:18:04	0,050	1,000	1:33:04	1:32:04
B12	101491,530	1,535	23:48:04	6,982	-0,952	1,000	0,999	4:08:04	2:32:00	3:48:04	4:28:04	9,440	1,000	2:43:04	2:15:15
C1	61994,100	0,894	22:28:04	4,644	-0,589	0,928	0,861	3:28:04	2:29:07	3:08:04	3:48:04	12,440	1,000	3:33:04	3:09:13
C2	7677,630	0,089	0:28:04	-0,009	0,094	-0,783	0,614	9:28:04	8:48:04	9:08:04	9:48:04	-0,020	1,000	0:43:04	0:38:04
C3	70887,540	1,036	23:48:04	5,220	-0,768	0,995	0,990	3:38:04	2:48:47	3:18:04	3:58:04	7,330	1,000	3:43:04	3:05:06
C4	7661,310	0,089	22:18:04	-0,023	0,090	-0,631	0,398	0:58:04	1:10:14	0:38:04	1:18:04	-0,130	1,000	0:43:04	0:38:04
C5	68987,100	1,027	23:48:04	4,519	-0,777	0,990	0,981	4:18:04	3:12:15	3:58:04	4:38:04	5,810	1,000	4:23:04	3:26:48
C6	7660,710	0,089	1:18:04	0,023	0,065	0,955	0,912	16:58:04	17:19:48	16:38:04	17:18:04	-0,090	1,000	2:53:04	2:52:31
C7	63150,120	0,970	23:48:04	3,560	-0,482	0,996	0,992	3:38:04	2:42:03	3:18:04	3:58:04	4,520	1,000	3:33:04	2:53:04
C8	7652,010	0,089	0:28:04	-0,013	0,102	-0,727	0,528	16:48:04	16:09:36	16:28:04	17:08:04	0,030	1,000	3:33:04	3:31:24
C9	66139,200	1,009	23:48:04	4,275	-0,647	0,991	0,983	4:08:04	2:53:19	3:48:04	4:28:04	6,460	1,000	4:03:04	3:17:29
C10	7527,330	0,087	21:48:04	-0,010	0,095	-0,870	0,758	13:08:04	12:34:04	12:48:04	13:28:04	-0,030	1,000	2:03:04	1:58:04
C11	79929,240	1,465	23:48:04	4,042	-0,734	0,984	0,969	5:18:04	3:24:50	4:58:04	5:38:04	5,820	1,000	4:33:04	3:32:31
C12	7473,960	0,087	0:28:04	-0,013	0,095	-0,861	0,741	11:08:04	10:38:50	10:48:04	11:28:04	-0,030	1,000	1:43:04	1:34:44
D1	8209,260	0,095	0:28:04	0,014	0,082	0,855	0,731	15:48:04	16:03:47	15:28:04	16:08:04	-0,030	1,000	1:43:04	1:38:04
D2	73845,750	1,117	23:48:04	3,694	-0,377	0,978	0,957	3:18:04	2:11:57	2:58:04	3:38:04	6,210	1,000	3:33:04	2:44:50
D3	8231,280	0,099	21:08:04	0,114	0,072	0,652	0,425	3:18:04	2:54:23	2:58:04	3:38:04	-0,640	1,000	3:43:04	3:49:57
D4	70579,950	1,042	23:48:04	3,339	-0,351	0,979	0,959	3:18:04	2:14:08	2:58:04	3:38:04	5,240	1,000	3:33:04	2:42:38
D5	7741,260	0,091	0:28:04	0,013	0,074	0,861	0,741	19:48:04	22:12:41	19:28:04	20:08:04	-0,040	1,000	2:33:04	2:28:04
D6	72417,450	1,197	23:48:04	3,564	-0,380	0,992	0,984	3:08:04	2:13:42	2:48:04	3:28:04	4,610	1,000	2:53:04	2:23:02
D7	7646,400	0,089	0:28:04	-0,010	0,092	-0,762	0,581	5:08:04	4:12:04	4:48:04	5:28:04	0,060	1,000	4:43:04	4:48:04
D8	66799,530	0,989	23:48:04	3,962	-0,486	0,980	0,960	3:28:04	2:27:27	3:08:04	3:48:04	6,880	1,000	3:33:04	2:56:36
D9	7605,930	0,088	0:28:04	-0,013	0,098	-0,948	0,899	13:08:04	12:20:22	12:48:04	13:28:04	0,030	1,000	4:53:04	5:04:44
D10	66697,320	0,989	23:48:04	5,280	-0,784	0,973	0,946	3:38:04	2:46:56	3:18:04	3:58:04	10,040	1,000	3:43:04	3:13:03
D11	7538,400	0,088	0:28:04	-0,009	0,088	-0,866	0,750	0:38:04	0:18:04	0:18:04	0:58:04	-0,030	1,000	0:43:04	0:38:04
D12	72495,540	1,092	23:48:04	4,024	-0,455	0,991	0,982	4:18:04	2:18:36	3:58:04	4:38:04	6,400	1,000	4:33:04	3:09:13
E1	48991,080	0,755	23:48:04	2,032	-0,148	1,000	0,999	3:28:04	2:05:07	3:08:04	3:48:04	2,250	1,000	3:33:04	2:13:37
E2	7896,000	0,093	0:28:04	-0,019	0,112	-0,878	0,771	17:58:04	16:13:51	17:38:04	18:18:04	-0,060	1,000	1:53:04	1:43:04
E3	48493,800	0,804	23:48:04	2,215	-0,294	1,000	1,000	3:58:04	2:55:10	3:38:04	4:18:04	2,340	1,000	3:43:04	2:57:28
E4	7548,390	0,088	0:28:04	-0,015	0,095	-0,916	0,840	7:58:04	7:26:04	7:38:04	8:18:04	0,030	1,000	4:53:04	5:01:24
E5	50522,550	0,772	23:48:04	2,357	-0,265	0,999	0,999	3:38:04	2:31:54	3:18:04	3:58:04	2,580	1,000	3:43:04	2:38:25
E6	7598,790	0,089	0:28:04	0,013	0,070	0,991	0,983	23:08:04	?????	22:48:04	23:28:04	0,040	1,000	1:23:04	1:30:34
E7	53774,310	0,868	23:48:04	2,228	-0,245	1,000	0,999	3:58:04	2:32:14	3:38:04	4:18:04	2,390	1,000	4:03:04	2:38:34
E8	7657,080	0,089	0:28:04	0,033	0,042	0,995	0,990	23:08:04	23:47:28	22:48:04	23:28:04	-0,040	1,000	1:43:04	1:35:34
E9	54955,920	0,842	23:48:04	2,557	-0,283	1,000	1,000	3:58:04	2:29:45	3:38:04	4:18:04	2,650	1,000	3:53:04	2:32:54
E10	7763,340	0,091	0:28:04	0,008	0,080	0,707	0,500	19:48:04	22:28:04	19:28:04	20:08:04	-0,020	1,000	3:23:04	2:58:04
E11	53983,380	0,816	23:48:04	2,731	-0,294	1,000	1,000	3:38:04	2:23:33	3:18:04	3:58:04	2,800	1,000	3:33:04	2:25:32
E12	7595,730	0,090	0:28:04	-0,025	0,091	-0,994	0,989	0:38:04	?????	0:18:04	0:58:04	-0,040	1,000	3:23:04	2:55:34
F1	7525,320	0,088	0:28:04	0,009	0,080	0,866	0,750	12:18:04	13:38:04	11:58:04	12:38:04	0,030	1,000	1:33:04	1:38:04
F2	62751,090	1,246	23:48:04	2,089	-0,154	1,000	1,000	3:18:04	2:00:26	2:58:04	3:38:04	2,190	1,000	3:33:04	2:05:22
F3	7575,540	0,088	0:28:04	-0,010	0,088	-0,822	0,676	0:38:04	?????	0:18:04	0:58:04	-0,030	1,000	1:13:04	1:11:24
F4	52123,650	0,816	23:48:04	2,248	-0,221	1,000	0,999	3:28:04	2:20:31	3:08:04	3:48:04	2,370	1,000	3:33:04	2:24:39
F5	7683,750	0,090	0:28:04	-0,011	0,090	-0,957	0,917	0:58:04	0:25:20	0:38:04	1:18:04	-0,030	1,000	1:43:04	1:24:44
F6	54366,840	0,903	23:48:04	2,330	-0,326	1,000	1,000	3:58:04	2:58:33	3:38:04	4:18:04	2,470	1,000	4:13:04	3:02:38
F7	7658,970	0,090	0:28:04	-0,018	0,090	-0,965	0,931	0:38:04	?????	0:18:04	0:58:04	0,030	1,000	4:33:04	?????
F8	55825,140	0,906	23:48:04	2,233	-0,214	1,000	1,000	3:28:04	2:17:27	3:08:04	3:48:04	2,300	1,000	3:13:04	2:18:59
F9	7574,700	0,088	0:28:04	-0,011	0,095	-0,904	0,818	11:48:04	10:51:42	11:28:04	12:08:04	0,030	1,000	3:03:04	3:14:44
F10	57718,710	0,899	23:48:04	2,641	-0,311	1,000	0,999	3:48:04	2:39:54	3:28:04	4:08:04	2,900	1,000	3:43:04	2:44:54
F11	7468,290	0,087	0:28:04	-0,013	0,088	-0,969	0,939	0:38:04	?????	0:18:04	0:58:04	0,040	1,000	2:23:04	2:33:04
F12	61246,950	0,971	23:48:04	2,782	-0,263	1,000	0,999	3:28:04	2:09:30	3:08:04	3:48:04	2,980	1,000	3:23:04	2:15:01
G1	7684,860	0,090	0:28:04	-0,016	0,090	-0,812	0,660	0:38:04	0:24:19	0:18:04	0:58:04	-0,060	1,000	0:43:04	0:38:04
G2	7573,200	0,088	0:28:04	-0,011	0,088	-0,904	0,818	0:38:04	0:18:04	0:18:04	0:58:04	-0,020	1,000	5:03:04	4:48:04
G3	8567,250	0,099	23:18:04	0,010	0,096	0,962	0,926	4:48:04	4:40:04	4:28:04	5:08:04	-0,030	1,000	4:23:04	4:31:24
G4	8107,740	0,095	23:48:04	0,009	0,090	0,656	0,431	6:28:04	5:01:24	6:08:04	6:48:04	0,020	1,000	3:13:04	3:03:04
G5	7822,230	0,091	6:28:04	-0,023	0,108	-0,770	0,593	12:18:04	12:11:07	11:58:04	12:38:04	0,070	1,000	4:33:04	4:30:55
G6	7613,760	0,088	23:18:04	0,017	0,079	0,737	0,543	9:08:04	8:18:39	8:48:04	9:28:04	0,060	1,000	2:33:04	2:28:04
G7	7628,730	0,089	0:28:04	-0,008	0,091	-0,555	0,308	6:48:04	6:25:34	6:28:04	7:08:04	0,040	1,000	1:23:04	1:25:34
G8	7621,350	0,089	0:28:04	-0,010	0,098	-0,884	0,781	16:48:04	14:56:04	16:28:04	17:08:04	-0,040	1,000	1:13:04	1:08:04
G9	7543,710	0,088	0:28:04	0,012	0,072	0,832	0,692	21:08:04	22:08:04	20:48:04	21:28:04	-0,030	1,000	3:43:04	3:38:04
G10	7537,560	0,088	0:28:04	-0,014	0,088	-0,962	0,925	0:38:04	0:20:55	0:18:04	0:58:04	-0,040	1,000	2:43:04	2:35:34
G11	7543,440	0,088	0:28:04	-0,010	0,088	-0,962	0,926	0:38:04	0:20:04	0:18:04	0:58:04	-0,030	1,000	1:43:04	1:24:44
G12	7573,050	0,088	16:48:04	0,009	0,076	0,959	0,920	20:58:04	20:15:51	20:38:04	21:18:04	0,020	1,000	4:43:04	4:48:04
H1	7667,940	0,089	23:48:04	-0,024	0,108	-0,887	0,787	13:08:04	13:38:54	12:48:04	13:28:04	-0,060	1,000	4:33:04	4:34:44
H2	7592,220	0,088	10:48:04	0,036	0,066	0,942	0,888	10:28:04	10:16:57	10:08:04	10:48:04	0,030	1,000	3:33:04	3:41:24
H3	7927,410	0,092	23:18:04	0,014	0,086	0,619	0,383	6:58:04	6:12:21	6:38:04	7:18:04	-0,050	1,000	3:23:04	3:28:04
H4	7781,040	0,090	21:58:04	0,019	0,065	0,894	0,799	21:58:04	21:34:55	21:38:04	22:18:04	0,060	1,000	3:03:04	3:01:24
H5	7806,600	0,091	10:58:04	0,010	0,087	0,945	0,893	5:38:04	4:54:04	5:18:04	5:58:04	0,050	1,000	2:53:04	2:52:04
H6	7612,560	0,088	14:48:04	-0,011	0,099	-0,957	0,917	16:48:04	17:37:09	16:28:04	17:08:04	-0,030	1,000	0:43:04	0:38:04
H7	7547,160	0,088	16:38:04	0,013	0,071	0,876	0,768	21:08:04	21:00:22	20:48:04	21:28:04	-0,030	1,000	0:53:04	0:44:44
H8	7596,600	0,088	10:28:04	0,024	0,074	0,878	0,770	9:58:04	9:54:44	9:38:04	10:18:04	-0,030	1,000	3:13:04	3:08:04
H9	7602,510	0,088	16:38:04	0,012	0,076	0,744	0,554	16:08:04	16:08:04	15:48:04	16:28:04	-0,040	1,000	4:23:04	4:20:34
H10	7604,820	0,088	0:28:04	-0,010	0,089	-0,870	0,758	0:38:04	0:22:04	0:18:04	0:58:04	-0,030	1,000	0:43:04	0:38:04
H11	7564,590	0,088	0:28:04	-0,019	0,089	-0,936	0,876	0:38:04	?????	0:18:04	0:58:04	0,060	1,000	2:53:04	2:58:04
H12	7762,950	0,090	0:48:04	0,008	0,080	0,943	0,889	19:48:04	20:18:04	19:28:04	20:08:04	0,040	1,000	1:03:04	1:00:34

