

Software Version	3.11.19



Experiment File Path:	C:\Users\PBE\Desktop\Alphonso\Placa 2 dia 1.xpt
Protocol File Path:	C:\Users\PBE\Desktop\CommonProtocolsPR\protocolosparalosplatereaders\DO_kinetic_37_24h_new_plates_agitation_constante.prt



Plate Number	Plate 1
Date	08/05/2023
Time	18:44:47
Reader Type:	Synergy HTX
Reader Serial Number:	2108057
Reading Type	Reader

Procedure Details

Plate Type	Nunc 96 flat bottom generic (Use plate lid)
Eject plate on completion	
Set Temperature	Setpoint 37°C, Gradient 1 °C
	Preheat before moving to next step
Start Kinetic	Runtime 24:00:00 (HH:MM:SS), Interval 0:10:00, 145 Reads
    Shake	Orbital: 8:00 (MM:SS)
	Frequency: 365 cpm (2 mm)
    Read	Optical Density
	Absorbance Endpoint
	Full Plate
	Wavelengths:  600
	Read Speed: Normal,  Delay: 100 msec,  Measurements/Data Point: 8
End Kinetic	

Optical Density:600

Time	0:08:04	0:18:04	0:28:04	0:38:04	0:48:04	0:58:04	1:08:04	1:18:04	1:28:04	1:38:04	1:48:04	1:58:04	2:08:04	2:18:04	2:28:04	2:38:04	2:48:04	2:58:04	3:08:04	3:18:04	3:28:04	3:38:04	3:48:04	3:58:04	4:08:04	4:18:04	4:28:04	4:38:04	4:48:04	4:58:04	5:08:04	5:18:04	5:28:04	5:38:04	5:48:04	5:58:04	6:08:04	6:18:04	6:28:04	6:38:04	6:48:04	6:58:04	7:08:04	7:18:04	7:28:04	7:38:04	7:48:04	7:58:04	8:08:04	8:18:04	8:28:04	8:38:04	8:48:04	8:58:04	9:08:04	9:18:04	9:28:04	9:38:04	9:48:04	9:58:04	10:08:04	10:18:04	10:28:04	10:38:04	10:48:04	10:58:04	11:08:04	11:18:04	11:28:04	11:38:04	11:48:04	11:58:04	12:08:04	12:18:04	12:28:04	12:38:04	12:48:04	12:58:04	13:08:04	13:18:04	13:28:04	13:38:04	13:48:04	13:58:04	14:08:04	14:18:04	14:28:04	14:38:04	14:48:04	14:58:04	15:08:04	15:18:04	15:28:04	15:38:04	15:48:04	15:58:04	16:08:04	16:18:04	16:28:04	16:38:04	16:48:04	16:58:04	17:08:04	17:18:04	17:28:04	17:38:04	17:48:04	17:58:04	18:08:04	18:18:04	18:28:04	18:38:04	18:48:04	18:58:04	19:08:04	19:18:04	19:28:04	19:38:04	19:48:04	19:58:04	20:08:04	20:18:04	20:28:04	20:38:04	20:48:04	20:58:04	21:08:04	21:18:04	21:28:04	21:38:04	21:48:04	21:58:04	22:08:04	22:18:04	22:28:04	22:38:04	22:48:04	22:58:04	23:08:04	23:18:04	23:28:04	23:38:04	23:48:04	23:58:04	24:08:04	
T° Optical Density:600	36,6	37,0	37,0	37,0	37,0	37,0	37,0	37,0	37,0	37,0	37,0	37,0	37,0	37,0	37,0	37,0	37,0	37,0	37,0	37,0	37,0	37,0	37,0	37,0	37,0	37,0	37,0	37,0	37,0	37,0	37,0	37,0	37,0	37,0	37,0	37,0	37,0	37,0	37,0	37,0	37,0	37,0	37,0	37,0	37,0	37,0	37,0	37,0	37,0	37,0	37,0	37,0	37,0	37,0	37,0	37,0	37,0	37,0	37,0	37,0	37,0	37,0	37,0	37,0	37,0	37,0	37,0	37,0	37,0	37,0	37,0	37,0	37,0	37,0	37,0	37,0	37,0	37,0	37,0	37,0	37,0	37,0	37,0	37,0	37,0	37,0	37,0	37,0	37,0	37,0	37,0	37,0	37,0	37,0	37,0	37,0	37,0	37,0	37,0	37,0	37,0	37,0	37,0	37,0	37,0	37,0	37,0	37,0	37,0	37,0	37,0	37,0	37,0	37,0	37,0	37,0	37,0	37,0	37,0	37,0	37,0	37,0	37,0	37,0	37,0	37,0	37,0	37,0	37,0	37,0	37,0	37,0	37,0	37,0	37,0	37,0	37,0	37,0	37,0	37,0	37,0	37,0	37,0	37,0	37,0	
A1	0,101	0,102	0,103	0,105	0,107	0,111	0,115	0,120	0,127	0,135	0,143	0,153	0,166	0,181	0,200	0,223	0,245	0,266	0,280	0,296	0,312	0,327	0,343	0,358	0,373	0,390	0,408	0,425	0,442	0,462	0,487	0,515	0,543	0,571	0,594	0,618	0,641	0,667	0,698	0,745	0,801	0,864	0,918	0,956	0,988	1,010	1,024	1,033	1,048	1,057	1,060	1,071	1,085	1,089	1,091	1,096	1,114	1,118	1,121	1,131	1,138	1,148	1,155	1,159	1,167	1,173	1,180	1,187	1,191	1,193	1,198	1,204	1,204	1,212	1,216	1,220	1,227	1,233	1,235	1,242	1,240	1,256	1,256	1,255	1,263	1,264	1,274	1,275	1,277	1,286	1,286	1,293	1,300	1,299	1,309	1,310	1,315	1,314	1,321	1,323	1,325	1,330	1,331	1,333	1,337	1,333	1,342	1,344	1,345	1,348	1,347	1,352	1,350	1,353	1,355	1,360	1,360	1,364	1,366	1,370	1,373	1,372	1,374	1,377	1,379	1,380	1,383	1,384	1,391	1,387	1,391	1,393	1,393	1,396	1,398	1,401	1,401	1,401	1,402	1,405	1,407	1,406	1,408	1,410	1,412	
A2	0,087	0,087	0,087	0,087	0,088	0,088	0,087	0,087	0,087	0,088	0,088	0,087	0,088	0,088	0,087	0,088	0,088	0,087	0,087	0,088	0,088	0,088	0,087	0,088	0,088	0,088	0,088	0,088	0,088	0,088	0,087	0,088	0,088	0,088	0,088	0,087	0,088	0,088	0,088	0,088	0,088	0,088	0,088	0,088	0,088	0,088	0,088	0,088	0,088	0,088	0,088	0,088	0,087	0,088	0,088	0,088	0,088	0,088	0,088	0,088	0,088	0,088	0,088	0,088	0,088	0,088	0,088	0,088	0,088	0,088	0,088	0,088	0,088	0,088	0,088	0,088	0,088	0,088	0,088	0,088	0,088	0,088	0,088	0,088	0,088	0,088	0,088	0,088	0,088	0,088	0,088	0,088	0,088	0,088	0,088	0,088	0,088	0,088	0,088	0,088	0,088	0,088	0,088	0,088	0,088	0,088	0,088	0,088	0,088	0,088	0,088	0,088	0,088	0,088	0,088	0,088	0,088	0,088	0,088	0,088	0,088	0,088	0,088	0,088	0,088	0,088	0,088	0,088	0,088	0,088	0,089	0,088	0,088	0,088	0,088	0,089	0,088	0,088	0,088	0,089	0,088	0,088	0,088	0,088	0,089	
A3	0,102	0,103	0,104	0,108	0,110	0,113	0,118	0,123	0,131	0,144	0,155	0,170	0,193	0,231	0,297	0,340	0,380	0,427	0,451	0,497	0,533	0,537	0,538	0,524	0,515	0,503	0,492	0,479	0,468	0,457	0,446	0,438	0,433	0,433	0,439	0,447	0,458	0,474	0,494	0,519	0,555	0,644	0,774	0,884	0,956	0,994	1,014	1,018	1,039	1,052	1,059	1,071	1,096	1,095	1,101	1,107	1,115	1,124	1,130	1,133	1,143	1,152	1,162	1,167	1,174	1,180	1,188	1,196	1,200	1,202	1,204	1,212	1,217	1,223	1,227	1,232	1,239	1,242	1,246	1,254	1,259	1,264	1,267	1,272	1,275	1,280	1,286	1,290	1,296	1,301	1,304	1,309	1,312	1,314	1,319	1,323	1,327	1,329	1,333	1,337	1,339	1,343	1,345	1,346	1,351	1,346	1,353	1,355	1,356	1,360	1,360	1,364	1,363	1,366	1,369	1,373	1,375	1,377	1,379	1,383	1,387	1,386	1,388	1,391	1,392	1,393	1,397	1,395	1,401	1,398	1,401	1,405	1,405	1,409	1,412	1,415	1,416	1,418	1,420	1,423	1,425	1,429	1,429	1,432	1,434	
A4	0,090	0,090	0,089	0,090	0,090	0,090	0,090	0,089	0,089	0,090	0,089	0,089	0,090	0,090	0,089	0,090	0,090	0,090	0,089	0,089	0,089	0,089	0,089	0,089	0,089	0,089	0,089	0,089	0,089	0,089	0,089	0,089	0,089	0,089	0,089	0,089	0,089	0,089	0,089	0,089	0,089	0,089	0,089	0,089	0,089	0,089	0,089	0,089	0,089	0,089	0,089	0,089	0,089	0,089	0,089	0,090	0,089	0,089	0,089	0,089	0,089	0,090	0,089	0,089	0,089	0,089	0,089	0,089	0,089	0,089	0,089	0,089	0,089	0,089	0,089	0,089	0,089	0,089	0,089	0,089	0,089	0,089	0,089	0,089	0,089	0,089	0,089	0,089	0,089	0,089	0,089	0,090	0,089	0,089	0,089	0,089	0,089	0,089	0,089	0,089	0,089	0,089	0,089	0,089	0,089	0,089	0,089	0,089	0,089	0,090	0,089	0,089	0,089	0,089	0,089	0,089	0,089	0,090	0,090	0,089	0,089	0,089	0,089	0,089	0,089	0,089	0,089	0,089	0,089	0,089	0,090	0,089	0,089	0,089	0,089	0,089	0,089	0,089	0,089	0,089	0,089	0,089	0,089	0,089	0,089	
A5	0,107	0,108	0,110	0,113	0,116	0,120	0,125	0,133	0,142	0,153	0,164	0,175	0,187	0,202	0,218	0,238	0,258	0,274	0,284	0,295	0,307	0,318	0,332	0,348	0,368	0,390	0,414	0,437	0,459	0,481	0,499	0,521	0,541	0,564	0,588	0,617	0,654	0,711	0,779	0,847	0,910	0,957	0,988	1,013	1,037	1,056	1,070	1,078	1,091	1,105	1,114	1,123	1,132	1,136	1,144	1,150	1,157	1,164	1,172	1,177	1,183	1,194	1,199	1,208	1,212	1,220	1,228	1,232	1,238	1,242	1,248	1,257	1,259	1,263	1,269	1,273	1,281	1,281	1,287	1,298	1,303	1,305	1,313	1,318	1,321	1,323	1,327	1,331	1,333	1,338	1,337	1,342	1,346	1,345	1,350	1,349	1,353	1,354	1,357	1,359	1,359	1,362	1,363	1,364	1,369	1,365	1,373	1,374	1,375	1,379	1,379	1,382	1,381	1,383	1,387	1,390	1,391	1,394	1,395	1,399	1,401	1,401	1,402	1,407	1,407	1,409	1,412	1,413	1,418	1,417	1,419	1,422	1,422	1,426	1,428	1,431	1,431	1,432	1,433	1,438	1,439	1,440	1,440	1,442	1,444	
A6	0,092	0,091	0,091	0,091	0,091	0,091	0,091	0,091	0,091	0,091	0,091	0,091	0,091	0,091	0,090	0,091	0,091	0,091	0,090	0,091	0,091	0,090	0,090	0,091	0,090	0,090	0,090	0,090	0,090	0,091	0,090	0,091	0,090	0,090	0,091	0,090	0,090	0,090	0,090	0,091	0,090	0,091	0,090	0,090	0,091	0,090	0,090	0,091	0,090	0,090	0,090	0,090	0,090	0,090	0,090	0,090	0,090	0,090	0,090	0,090	0,090	0,090	0,091	0,090	0,091	0,091	0,090	0,090	0,090	0,090	0,091	0,090	0,091	0,091	0,090	0,091	0,090	0,090	0,091	0,091	0,091	0,090	0,090	0,091	0,091	0,091	0,091	0,091	0,091	0,091	0,090	0,091	0,091	0,091	0,091	0,091	0,091	0,091	0,091	0,091	0,090	0,091	0,090	0,091	0,091	0,091	0,091	0,091	0,091	0,091	0,091	0,091	0,091	0,091	0,091	0,091	0,091	0,091	0,091	0,091	0,091	0,091	0,091	0,091	0,091	0,091	0,091	0,091	0,091	0,091	0,091	0,091	0,091	0,091	0,091	0,091	0,091	0,090	0,091	0,091	0,091	0,091	0,091	0,091	0,091	
A7	0,126	0,126	0,128	0,131	0,136	0,142	0,149	0,156	0,179	0,213	0,246	0,280	0,331	0,357	0,390	0,447	0,558	0,618	0,633	0,712	0,736	0,771	0,766	0,790	0,839	0,911	0,944	0,946	0,992	0,999	0,968	0,940	0,935	0,946	0,969	0,998	1,020	1,035	1,046	1,053	1,058	1,063	1,075	1,088	1,105	1,109	1,112	1,115	1,127	1,130	1,137	1,136	1,149	1,143	1,161	1,165	1,167	1,173	1,183	1,184	1,188	1,199	1,205	1,210	1,219	1,224	1,230	1,244	1,230	1,239	1,246	1,249	1,258	1,264	1,268	1,273	1,280	1,283	1,288	1,296	1,299	1,302	1,305	1,309	1,312	1,315	1,319	1,323	1,322	1,328	1,326	1,336	1,337	1,334	1,341	1,341	1,344	1,344	1,349	1,351	1,353	1,356	1,356	1,361	1,367	1,359	1,367	1,371	1,371	1,371	1,373	1,375	1,375	1,376	1,380	1,384	1,384	1,389	1,389	1,393	1,396	1,395	1,396	1,401	1,401	1,402	1,406	1,405	1,413	1,410	1,413	1,417	1,416	1,421	1,424	1,427	1,426	1,426	1,427	1,432	1,432	1,433	1,433	1,436	1,438	
A8	0,087	0,087	0,087	0,087	0,087	0,087	0,087	0,087	0,087	0,087	0,088	0,087	0,087	0,087	0,088	0,088	0,088	0,087	0,088	0,088	0,087	0,088	0,087	0,088	0,087	0,088	0,088	0,087	0,087	0,088	0,087	0,088	0,088	0,087	0,088	0,088	0,088	0,088	0,088	0,088	0,088	0,088	0,088	0,087	0,088	0,088	0,088	0,088	0,088	0,088	0,088	0,088	0,087	0,088	0,088	0,088	0,088	0,088	0,088	0,088	0,088	0,088	0,088	0,088	0,088	0,088	0,088	0,088	0,088	0,088	0,088	0,088	0,088	0,088	0,088	0,088	0,088	0,088	0,088	0,088	0,088	0,088	0,088	0,088	0,088	0,088	0,088	0,088	0,088	0,088	0,088	0,088	0,088	0,088	0,088	0,088	0,088	0,088	0,088	0,088	0,088	0,088	0,088	0,088	0,088	0,088	0,088	0,088	0,088	0,089	0,088	0,088	0,088	0,088	0,088	0,088	0,088	0,088	0,088	0,088	0,088	0,088	0,089	0,088	0,088	0,088	0,088	0,088	0,088	0,088	0,088	0,088	0,088	0,088	0,088	0,088	0,088	0,088	0,088	0,088	0,088	0,088	0,088	0,088	0,088	
A9	0,111	0,112	0,113	0,116	0,120	0,124	0,129	0,135	0,143	0,148	0,154	0,161	0,168	0,175	0,184	0,194	0,205	0,219	0,234	0,250	0,263	0,274	0,285	0,297	0,309	0,320	0,333	0,346	0,357	0,370	0,384	0,398	0,414	0,433	0,457	0,488	0,534	0,607	0,732	0,867	0,953	1,010	1,044	1,067	1,085	1,095	1,107	1,114	1,130	1,140	1,151	1,159	1,170	1,173	1,179	1,187	1,194	1,199	1,211	1,214	1,222	1,234	1,238	1,245	1,250	1,258	1,266	1,273	1,273	1,278	1,284	1,288	1,293	1,297	1,303	1,307	1,314	1,317	1,319	1,330	1,333	1,338	1,342	1,346	1,352	1,353	1,359	1,360	1,364	1,370	1,368	1,378	1,380	1,378	1,384	1,385	1,386	1,387	1,392	1,391	1,394	1,398	1,396	1,399	1,404	1,398	1,403	1,406	1,406	1,408	1,407	1,411	1,410	1,411	1,413	1,416	1,418	1,421	1,422	1,426	1,428	1,425	1,428	1,431	1,431	1,433	1,435	1,434	1,443	1,439	1,442	1,446	1,445	1,449	1,450	1,452	1,454	1,455	1,455	1,459	1,460	1,462	1,462	1,464	1,465	
A10	0,086	0,086	0,086	0,086	0,086	0,086	0,086	0,086	0,086	0,086	0,086	0,086	0,086	0,086	0,086	0,086	0,086	0,086	0,086	0,086	0,086	0,086	0,086	0,086	0,086	0,086	0,086	0,086	0,086	0,086	0,086	0,086	0,086	0,086	0,086	0,086	0,086	0,086	0,086	0,086	0,086	0,086	0,086	0,086	0,086	0,086	0,086	0,086	0,086	0,086	0,086	0,086	0,086	0,086	0,086	0,086	0,086	0,086	0,086	0,086	0,086	0,086	0,086	0,086	0,086	0,086	0,086	0,086	0,086	0,086	0,086	0,086	0,086	0,086	0,086	0,086	0,086	0,086	0,086	0,086	0,087	0,086	0,086	0,086	0,086	0,086	0,087	0,086	0,087	0,087	0,086	0,086	0,087	0,087	0,086	0,086	0,086	0,087	0,087	0,086	0,087	0,086	0,087	0,087	0,087	0,087	0,087	0,087	0,086	0,087	0,087	0,087	0,087	0,087	0,087	0,087	0,087	0,087	0,087	0,087	0,087	0,087	0,087	0,087	0,087	0,087	0,087	0,087	0,087	0,087	0,087	0,087	0,087	0,087	0,087	0,087	0,087	0,087	0,087	0,087	0,087	0,087	0,087	0,087	0,087	
A11	0,101	0,104	0,106	0,109	0,115	0,123	0,127	0,135	0,164	0,195	0,237	0,284	0,331	0,349	0,360	0,375	0,404	0,418	0,436	0,450	0,469	0,489	0,512	0,536	0,561	0,581	0,600	0,614	0,631	0,655	0,671	0,687	0,695	0,706	0,728	0,768	0,813	0,859	0,909	0,954	0,978	1,000	1,013	1,022	1,038	1,043	1,050	1,052	1,065	1,072	1,070	1,079	1,091	1,088	1,094	1,102	1,107	1,118	1,128	1,131	1,139	1,150	1,159	1,165	1,171	1,180	1,191	1,192	1,196	1,207	1,208	1,213	1,221	1,229	1,232	1,234	1,242	1,244	1,249	1,254	1,259	1,261	1,263	1,270	1,273	1,275	1,278	1,284	1,286	1,290	1,291	1,301	1,303	1,300	1,306	1,307	1,309	1,309	1,316	1,318	1,318	1,325	1,324	1,328	1,334	1,327	1,337	1,339	1,340	1,344	1,342	1,342	1,343	1,345	1,349	1,359	1,359	1,361	1,364	1,368	1,373	1,372	1,377	1,380	1,381	1,385	1,388	1,387	1,397	1,395	1,398	1,405	1,402	1,408	1,411	1,415	1,414	1,417	1,418	1,422	1,423	1,424	1,424	1,428	1,428	
A12	0,086	0,086	0,086	0,086	0,086	0,086	0,086	0,086	0,086	0,086	0,086	0,086	0,086	0,086	0,086	0,086	0,086	0,086	0,086	0,086	0,086	0,086	0,086	0,086	0,086	0,086	0,086	0,085	0,085	0,086	0,086	0,086	0,086	0,086	0,086	0,085	0,086	0,086	0,086	0,086	0,086	0,086	0,086	0,086	0,086	0,086	0,086	0,086	0,086	0,086	0,086	0,086	0,086	0,086	0,086	0,086	0,086	0,086	0,086	0,086	0,086	0,086	0,086	0,086	0,086	0,086	0,086	0,086	0,086	0,086	0,086	0,086	0,086	0,086	0,086	0,086	0,086	0,086	0,086	0,086	0,086	0,086	0,086	0,086	0,086	0,086	0,086	0,086	0,086	0,086	0,086	0,086	0,086	0,086	0,086	0,086	0,086	0,086	0,086	0,086	0,086	0,086	0,086	0,086	0,086	0,086	0,086	0,086	0,086	0,086	0,086	0,086	0,086	0,086	0,086	0,086	0,086	0,086	0,086	0,086	0,086	0,086	0,086	0,086	0,086	0,086	0,086	0,086	0,086	0,086	0,086	0,086	0,086	0,086	0,086	0,086	0,086	0,086	0,086	0,086	0,086	0,086	0,086	0,086	0,086	
B1	0,088	0,088	0,088	0,088	0,088	0,088	0,088	0,088	0,088	0,088	0,088	0,088	0,088	0,088	0,088	0,088	0,088	0,088	0,088	0,088	0,088	0,088	0,088	0,088	0,088	0,088	0,088	0,088	0,087	0,088	0,088	0,088	0,088	0,088	0,088	0,087	0,088	0,088	0,088	0,087	0,088	0,088	0,088	0,087	0,088	0,088	0,088	0,087	0,087	0,087	0,087	0,087	0,087	0,087	0,087	0,088	0,087	0,088	0,087	0,087	0,088	0,087	0,088	0,087	0,088	0,087	0,087	0,087	0,088	0,087	0,088	0,087	0,087	0,087	0,088	0,087	0,087	0,087	0,087	0,088	0,087	0,087	0,088	0,087	0,087	0,087	0,087	0,087	0,087	0,087	0,087	0,087	0,088	0,088	0,087	0,087	0,087	0,088	0,087	0,088	0,087	0,087	0,087	0,087	0,088	0,088	0,087	0,088	0,087	0,088	0,088	0,088	0,088	0,088	0,088	0,088	0,088	0,088	0,088	0,088	0,088	0,088	0,088	0,088	0,088	0,087	0,088	0,088	0,088	0,088	0,088	0,088	0,088	0,088	0,088	0,088	0,088	0,088	0,088	0,088	0,088	0,088	0,088	0,088	0,088	
B2	0,098	0,098	0,100	0,102	0,105	0,108	0,112	0,117	0,122	0,129	0,144	0,164	0,188	0,214	0,242	0,269	0,295	0,322	0,349	0,380	0,407	0,435	0,458	0,481	0,505	0,527	0,549	0,574	0,602	0,629	0,657	0,686	0,715	0,745	0,778	0,820	0,876	0,929	1,005	1,057	1,062	1,063	1,065	1,063	1,064	1,063	1,067	1,073	1,081	1,078	1,080	1,089	1,093	1,098	1,102	1,108	1,113	1,118	1,121	1,126	1,132	1,139	1,145	1,149	1,153	1,160	1,166	1,172	1,174	1,177	1,180	1,186	1,191	1,197	1,199	1,202	1,208	1,212	1,215	1,221	1,225	1,229	1,232	1,237	1,240	1,243	1,249	1,253	1,258	1,262	1,265	1,270	1,275	1,278	1,282	1,286	1,290	1,293	1,297	1,299	1,302	1,305	1,308	1,310	1,312	1,314	1,317	1,319	1,321	1,323	1,324	1,326	1,327	1,329	1,331	1,334	1,335	1,339	1,341	1,343	1,346	1,347	1,349	1,351	1,354	1,356	1,359	1,360	1,364	1,366	1,369	1,371	1,373	1,375	1,378	1,381	1,383	1,385	1,388	1,390	1,393	1,396	1,398	1,402	1,404	
B3	0,088	0,088	0,088	0,088	0,088	0,088	0,088	0,088	0,088	0,088	0,088	0,088	0,088	0,088	0,088	0,088	0,088	0,088	0,088	0,088	0,088	0,088	0,088	0,088	0,088	0,088	0,088	0,088	0,088	0,088	0,088	0,088	0,088	0,088	0,088	0,088	0,088	0,088	0,088	0,088	0,088	0,088	0,088	0,088	0,088	0,088	0,088	0,088	0,088	0,088	0,088	0,088	0,088	0,088	0,088	0,088	0,088	0,088	0,088	0,087	0,088	0,088	0,088	0,088	0,088	0,088	0,088	0,088	0,088	0,088	0,088	0,088	0,088	0,088	0,088	0,088	0,088	0,088	0,088	0,088	0,088	0,087	0,088	0,088	0,088	0,088	0,088	0,088	0,088	0,088	0,088	0,088	0,088	0,088	0,088	0,088	0,088	0,088	0,088	0,088	0,088	0,088	0,088	0,088	0,088	0,088	0,088	0,088	0,088	0,088	0,088	0,088	0,088	0,088	0,088	0,088	0,088	0,088	0,088	0,088	0,088	0,088	0,088	0,088	0,088	0,088	0,088	0,088	0,088	0,088	0,088	0,088	0,088	0,088	0,088	0,088	0,088	0,088	0,088	0,088	0,088	0,088	0,088	0,088	0,088	
B4	0,102	0,103	0,105	0,108	0,112	0,116	0,123	0,128	0,135	0,155	0,177	0,201	0,229	0,256	0,284	0,313	0,342	0,370	0,402	0,430	0,453	0,469	0,482	0,492	0,496	0,499	0,497	0,494	0,491	0,492	0,498	0,517	0,534	0,562	0,610	0,680	0,771	0,852	0,910	0,940	0,949	0,953	0,956	0,953	0,953	0,952	0,953	0,956	0,962	0,964	0,961	0,966	0,974	0,977	0,983	0,987	0,990	0,994	0,999	1,001	1,008	1,013	1,017	1,024	1,028	1,034	1,041	1,044	1,047	1,049	1,050	1,058	1,060	1,068	1,070	1,071	1,077	1,081	1,085	1,093	1,099	1,101	1,105	1,111	1,115	1,118	1,125	1,129	1,133	1,138	1,141	1,147	1,152	1,155	1,161	1,166	1,171	1,174	1,180	1,183	1,187	1,191	1,195	1,198	1,201	1,203	1,208	1,209	1,212	1,214	1,217	1,220	1,222	1,224	1,227	1,230	1,234	1,238	1,240	1,244	1,249	1,250	1,253	1,255	1,259	1,262	1,265	1,270	1,274	1,277	1,281	1,285	1,286	1,291	1,297	1,300	1,303	1,307	1,312	1,316	1,319	1,324	1,327	1,331	1,335	
B5	0,088	0,088	0,088	0,088	0,088	0,088	0,088	0,088	0,088	0,088	0,088	0,088	0,088	0,088	0,088	0,088	0,088	0,088	0,088	0,088	0,088	0,088	0,088	0,088	0,088	0,088	0,088	0,088	0,088	0,088	0,088	0,088	0,088	0,088	0,088	0,088	0,088	0,088	0,088	0,088	0,088	0,088	0,088	0,088	0,088	0,088	0,088	0,088	0,088	0,088	0,088	0,088	0,088	0,088	0,088	0,088	0,088	0,088	0,088	0,088	0,088	0,088	0,088	0,088	0,088	0,088	0,088	0,088	0,088	0,088	0,088	0,088	0,088	0,088	0,088	0,088	0,088	0,088	0,088	0,088	0,088	0,088	0,088	0,088	0,088	0,088	0,088	0,088	0,088	0,088	0,088	0,088	0,088	0,088	0,088	0,088	0,088	0,088	0,088	0,089	0,088	0,088	0,088	0,088	0,088	0,088	0,088	0,088	0,088	0,089	0,088	0,088	0,088	0,088	0,088	0,088	0,089	0,088	0,088	0,088	0,088	0,088	0,088	0,088	0,088	0,088	0,088	0,088	0,088	0,088	0,089	0,088	0,088	0,088	0,088	0,088	0,088	0,088	0,089	0,088	0,088	0,088	0,089	0,088	0,088	
B6	0,098	0,099	0,099	0,101	0,104	0,107	0,111	0,116	0,121	0,128	0,146	0,165	0,195	0,241	0,293	0,346	0,409	0,458	0,495	0,521	0,556	0,585	0,601	0,629	0,653	0,681	0,700	0,733	0,745	0,758	0,778	0,801	0,832	0,859	0,894	0,927	0,952	0,971	0,977	0,994	1,006	1,011	1,022	1,022	1,033	1,040	1,048	1,052	1,070	1,070	1,073	1,084	1,095	1,100	1,106	1,116	1,122	1,131	1,139	1,145	1,155	1,163	1,172	1,181	1,189	1,201	1,210	1,220	1,224	1,226	1,228	1,236	1,241	1,247	1,251	1,254	1,260	1,266	1,273	1,278	1,285	1,286	1,293	1,299	1,301	1,304	1,309	1,310	1,317	1,322	1,323	1,329	1,331	1,331	1,335	1,337	1,341	1,342	1,350	1,351	1,351	1,356	1,357	1,362	1,366	1,363	1,370	1,371	1,374	1,377	1,378	1,381	1,381	1,383	1,386	1,388	1,390	1,395	1,396	1,400	1,403	1,402	1,405	1,409	1,410	1,413	1,417	1,418	1,423	1,423	1,427	1,429	1,431	1,435	1,437	1,440	1,441	1,443	1,445	1,448	1,450	1,454	1,455	1,456	1,460	
B7	0,088	0,087	0,087	0,087	0,088	0,088	0,088	0,087	0,087	0,087	0,087	0,087	0,087	0,087	0,087	0,087	0,087	0,088	0,088	0,089	0,088	0,089	0,089	0,090	0,091	0,092	0,095	0,097	0,101	0,106	0,114	0,124	0,136	0,149	0,167	0,186	0,212	0,241	0,269	0,299	0,324	0,353	0,377	0,397	0,416	0,435	0,461	0,488	0,519	0,551	0,588	0,619	0,644	0,663	0,675	0,686	0,696	0,703	0,708	0,715	0,722	0,737	0,749	0,755	0,761	0,769	0,773	0,779	0,783	0,785	0,790	0,792	0,795	0,802	0,807	0,811	0,820	0,821	0,827	0,833	0,835	0,837	0,841	0,845	0,850	0,853	0,856	0,860	0,861	0,865	0,865	0,874	0,879	0,875	0,883	0,883	0,884	0,883	0,891	0,893	0,897	0,901	0,900	0,903	0,907	0,905	0,913	0,916	0,917	0,919	0,925	0,928	0,929	0,933	0,938	0,944	0,945	0,950	0,951	0,955	0,959	0,957	0,959	0,961	0,963	0,965	0,967	0,968	0,975	0,973	0,974	0,979	0,978	0,986	0,989	0,989	0,988	0,990	0,988	0,995	0,997	0,995	0,996	0,998	1,000	
B8	0,106	0,109	0,112	0,117	0,124	0,132	0,141	0,155	0,181	0,217	0,272	0,324	0,378	0,424	0,460	0,513	0,546	0,573	0,612	0,623	0,643	0,646	0,662	0,675	0,684	0,693	0,701	0,708	0,724	0,733	0,744	0,775	0,822	0,854	0,880	0,898	0,917	0,922	0,933	0,934	0,935	0,938	0,945	0,945	0,956	0,954	0,959	0,963	0,970	0,975	0,976	0,983	0,992	0,994	1,000	1,005	1,010	1,016	1,022	1,025	1,033	1,038	1,043	1,050	1,054	1,060	1,067	1,075	1,078	1,082	1,080	1,087	1,092	1,099	1,102	1,104	1,113	1,115	1,120	1,130	1,134	1,137	1,141	1,148	1,153	1,156	1,165	1,171	1,176	1,181	1,185	1,193	1,197	1,196	1,202	1,206	1,210	1,211	1,217	1,221	1,224	1,228	1,230	1,232	1,237	1,236	1,244	1,245	1,247	1,249	1,252	1,255	1,257	1,259	1,263	1,267	1,270	1,274	1,276	1,280	1,284	1,285	1,287	1,289	1,293	1,295	1,298	1,300	1,305	1,306	1,309	1,313	1,314	1,319	1,323	1,324	1,325	1,329	1,331	1,335	1,338	1,339	1,341	1,345	1,347	
B9	0,090	0,090	0,089	0,089	0,090	0,089	0,089	0,089	0,089	0,089	0,090	0,089	0,089	0,089	0,089	0,089	0,089	0,089	0,089	0,089	0,089	0,089	0,089	0,089	0,088	0,088	0,088	0,088	0,088	0,088	0,088	0,088	0,088	0,088	0,088	0,088	0,088	0,088	0,088	0,088	0,088	0,088	0,088	0,088	0,088	0,088	0,088	0,088	0,088	0,088	0,088	0,088	0,088	0,088	0,088	0,088	0,088	0,088	0,088	0,088	0,088	0,088	0,088	0,088	0,088	0,088	0,088	0,087	0,088	0,088	0,088	0,088	0,088	0,088	0,088	0,088	0,088	0,088	0,088	0,088	0,088	0,088	0,088	0,088	0,088	0,088	0,088	0,088	0,088	0,088	0,088	0,088	0,088	0,088	0,088	0,088	0,088	0,088	0,088	0,088	0,088	0,088	0,088	0,088	0,088	0,088	0,088	0,088	0,088	0,088	0,088	0,088	0,088	0,088	0,088	0,088	0,088	0,088	0,088	0,088	0,088	0,088	0,088	0,088	0,088	0,088	0,088	0,088	0,088	0,088	0,088	0,088	0,088	0,088	0,088	0,088	0,088	0,088	0,088	0,088	0,088	0,088	0,088	0,088	0,088	
B10	0,100	0,101	0,103	0,105	0,109	0,112	0,115	0,125	0,138	0,161	0,195	0,246	0,304	0,367	0,426	0,483	0,533	0,578	0,626	0,670	0,713	0,750	0,781	0,794	0,816	0,828	0,822	0,830	0,841	0,849	0,852	0,855	0,866	0,886	0,908	0,913	0,920	0,918	0,924	0,928	0,929	0,927	0,931	0,932	0,935	0,932	0,934	0,936	0,943	0,944	0,947	0,951	0,958	0,960	0,963	0,970	0,973	0,979	0,985	0,987	0,994	1,002	1,006	1,011	1,017	1,024	1,031	1,038	1,044	1,047	1,046	1,052	1,058	1,064	1,067	1,070	1,079	1,081	1,086	1,094	1,100	1,102	1,105	1,111	1,115	1,118	1,126	1,131	1,134	1,141	1,147	1,154	1,160	1,161	1,166	1,171	1,174	1,176	1,184	1,186	1,189	1,195	1,197	1,200	1,204	1,205	1,210	1,212	1,214	1,218	1,219	1,222	1,223	1,226	1,230	1,236	1,239	1,241	1,245	1,250	1,255	1,254	1,258	1,260	1,264	1,268	1,272	1,274	1,280	1,284	1,287	1,292	1,294	1,300	1,306	1,308	1,310	1,315	1,318	1,325	1,328	1,330	1,335	1,341	1,344	
B11	0,088	0,088	0,088	0,088	0,088	0,088	0,088	0,088	0,088	0,088	0,088	0,088	0,088	0,088	0,087	0,088	0,088	0,088	0,088	0,088	0,088	0,088	0,088	0,088	0,088	0,088	0,088	0,088	0,088	0,088	0,088	0,088	0,088	0,087	0,088	0,088	0,088	0,087	0,088	0,088	0,088	0,088	0,088	0,087	0,088	0,088	0,088	0,088	0,088	0,088	0,087	0,088	0,088	0,088	0,088	0,088	0,088	0,088	0,088	0,088	0,088	0,088	0,088	0,088	0,088	0,088	0,088	0,088	0,088	0,088	0,088	0,088	0,088	0,088	0,088	0,088	0,088	0,088	0,088	0,088	0,088	0,088	0,088	0,088	0,088	0,088	0,088	0,088	0,088	0,088	0,088	0,088	0,088	0,088	0,088	0,088	0,088	0,088	0,088	0,088	0,088	0,088	0,088	0,088	0,088	0,088	0,088	0,088	0,088	0,088	0,088	0,088	0,088	0,088	0,088	0,088	0,088	0,088	0,088	0,088	0,088	0,088	0,088	0,088	0,088	0,088	0,088	0,088	0,088	0,088	0,088	0,088	0,088	0,088	0,088	0,088	0,088	0,088	0,088	0,088	0,088	0,088	0,088	0,088	0,088	
B12	0,119	0,107	0,119	0,131	0,143	0,147	0,165	0,171	0,194	0,215	0,237	0,280	0,328	0,377	0,425	0,472	0,517	0,553	0,586	0,607	0,638	0,651	0,672	0,693	0,731	0,787	0,827	0,874	0,900	0,909	0,909	0,917	0,931	0,968	1,009	1,033	1,051	1,069	1,073	1,084	1,097	1,102	1,115	1,129	1,138	1,150	1,161	1,152	1,177	1,181	1,177	1,196	1,204	1,198	1,206	1,212	1,218	1,226	1,237	1,237	1,247	1,266	1,266	1,276	1,277	1,289	1,294	1,296	1,301	1,306	1,306	1,315	1,318	1,325	1,330	1,327	1,340	1,335	1,340	1,349	1,348	1,348	1,355	1,363	1,364	1,361	1,368	1,372	1,378	1,385	1,377	1,397	1,395	1,391	1,398	1,395	1,396	1,395	1,409	1,410	1,404	1,419	1,407	1,414	1,425	1,397	1,420	1,422	1,418	1,422	1,417	1,420	1,410	1,413	1,420	1,432	1,430	1,436	1,433	1,442	1,445	1,436	1,438	1,440	1,438	1,440	1,443	1,436	1,461	1,446	1,445	1,455	1,445	1,457	1,460	1,460	1,453	1,451	1,447	1,455	1,454	1,448	1,448	1,450	1,450	
C1	0,106	0,107	0,109	0,111	0,115	0,120	0,125	0,133	0,145	0,153	0,165	0,181	0,199	0,216	0,236	0,257	0,276	0,295	0,313	0,326	0,335	0,340	0,341	0,340	0,338	0,336	0,334	0,332	0,330	0,329	0,328	0,329	0,332	0,339	0,347	0,357	0,373	0,392	0,419	0,454	0,494	0,546	0,605	0,660	0,725	0,790	0,864	0,936	1,008	1,040	1,065	1,083	1,099	1,106	1,112	1,118	1,121	1,125	1,129	1,129	1,133	1,136	1,136	1,138	1,138	1,139	1,142	1,143	1,143	1,140	1,141	1,141	1,143	1,148	1,149	1,153	1,157	1,156	1,157	1,161	1,165	1,167	1,170	1,176	1,175	1,176	1,181	1,182	1,186	1,190	1,193	1,198	1,202	1,200	1,206	1,207	1,211	1,209	1,219	1,218	1,225	1,236	1,238	1,242	1,247	1,246	1,254	1,253	1,259	1,260	1,261	1,267	1,268	1,270	1,274	1,276	1,279	1,282	1,282	1,288	1,289	1,292	1,292	1,294	1,298	1,299	1,299	1,304	1,310	1,306	1,310	1,315	1,315	1,317	1,323	1,327	1,325	1,329	1,328	1,333	1,334	1,335	1,337	1,338	1,339	
C2	0,088	0,088	0,087	0,088	0,087	0,087	0,087	0,087	0,087	0,087	0,087	0,087	0,087	0,087	0,087	0,088	0,087	0,087	0,087	0,087	0,087	0,087	0,087	0,087	0,087	0,087	0,087	0,087	0,087	0,087	0,087	0,087	0,087	0,087	0,087	0,087	0,088	0,087	0,087	0,087	0,087	0,087	0,088	0,087	0,088	0,088	0,088	0,087	0,087	0,087	0,087	0,087	0,088	0,088	0,087	0,087	0,087	0,087	0,087	0,088	0,087	0,087	0,088	0,087	0,087	0,088	0,087	0,087	0,087	0,087	0,088	0,087	0,087	0,088	0,087	0,087	0,087	0,088	0,087	0,087	0,087	0,087	0,087	0,088	0,088	0,087	0,087	0,087	0,087	0,087	0,088	0,087	0,087	0,088	0,087	0,087	0,087	0,088	0,087	0,087	0,087	0,087	0,087	0,087	0,087	0,087	0,088	0,087	0,087	0,087	0,087	0,087	0,087	0,087	0,087	0,087	0,087	0,087	0,087	0,087	0,087	0,087	0,087	0,087	0,087	0,087	0,087	0,087	0,088	0,087	0,087	0,087	0,087	0,087	0,087	0,087	0,087	0,087	0,088	0,087	0,087	0,087	0,087	0,088	0,087	
C3	0,092	0,092	0,092	0,093	0,093	0,094	0,095	0,096	0,098	0,101	0,107	0,114	0,122	0,132	0,143	0,156	0,170	0,184	0,197	0,211	0,228	0,257	0,330	0,383	0,431	0,470	0,480	0,502	0,524	0,543	0,557	0,574	0,589	0,603	0,617	0,632	0,649	0,667	0,688	0,710	0,738	0,764	0,797	0,829	0,870	0,918	0,957	1,015	1,027	1,057	1,044	1,031	1,029	1,029	1,028	1,032	1,035	1,036	1,040	1,043	1,047	1,051	1,054	1,058	1,059	1,062	1,063	1,065	1,065	1,063	1,062	1,061	1,061	1,062	1,064	1,061	1,066	1,065	1,067	1,070	1,070	1,070	1,072	1,074	1,077	1,077	1,082	1,083	1,085	1,090	1,087	1,093	1,095	1,094	1,099	1,099	1,099	1,102	1,107	1,108	1,109	1,115	1,114	1,118	1,121	1,117	1,129	1,133	1,137	1,137	1,136	1,139	1,137	1,140	1,143	1,150	1,152	1,156	1,156	1,161	1,163	1,163	1,167	1,169	1,168	1,170	1,173	1,170	1,179	1,177	1,176	1,181	1,178	1,185	1,186	1,188	1,185	1,187	1,183	1,190	1,188	1,187	1,185	1,188	1,188	
C4	0,088	0,088	0,088	0,088	0,088	0,088	0,088	0,087	0,087	0,087	0,088	0,087	0,087	0,087	0,087	0,088	0,087	0,088	0,088	0,087	0,088	0,088	0,087	0,088	0,087	0,087	0,087	0,087	0,087	0,087	0,087	0,087	0,088	0,087	0,088	0,087	0,087	0,087	0,087	0,088	0,087	0,087	0,087	0,087	0,087	0,087	0,087	0,088	0,087	0,087	0,087	0,087	0,087	0,088	0,087	0,088	0,087	0,088	0,087	0,087	0,087	0,087	0,088	0,087	0,088	0,087	0,087	0,087	0,087	0,087	0,088	0,088	0,088	0,087	0,088	0,088	0,088	0,088	0,088	0,088	0,087	0,087	0,087	0,087	0,088	0,087	0,087	0,087	0,087	0,087	0,087	0,087	0,087	0,087	0,087	0,087	0,087	0,087	0,087	0,087	0,087	0,087	0,088	0,087	0,088	0,087	0,087	0,087	0,087	0,088	0,087	0,088	0,088	0,088	0,087	0,088	0,088	0,088	0,087	0,087	0,088	0,087	0,087	0,087	0,088	0,087	0,088	0,087	0,088	0,088	0,088	0,087	0,088	0,088	0,088	0,088	0,088	0,087	0,088	0,088	0,087	0,087	0,088	0,088	0,088	
C5	0,100	0,100	0,101	0,101	0,101	0,102	0,104	0,106	0,110	0,116	0,125	0,135	0,148	0,164	0,181	0,203	0,227	0,252	0,277	0,307	0,332	0,354	0,378	0,401	0,423	0,449	0,473	0,502	0,517	0,542	0,572	0,598	0,628	0,648	0,672	0,694	0,720	0,746	0,778	0,814	0,850	0,893	0,927	0,949	0,965	0,969	0,972	0,976	0,984	0,986	0,991	0,996	1,001	1,006	1,009	1,013	1,018	1,022	1,026	1,029	1,035	1,042	1,047	1,053	1,057	1,063	1,069	1,075	1,079	1,081	1,084	1,089	1,095	1,099	1,103	1,106	1,112	1,116	1,119	1,124	1,128	1,132	1,140	1,147	1,152	1,155	1,161	1,165	1,168	1,173	1,173	1,179	1,182	1,183	1,188	1,190	1,192	1,193	1,198	1,199	1,200	1,204	1,205	1,207	1,211	1,210	1,214	1,217	1,218	1,220	1,221	1,225	1,226	1,227	1,230	1,234	1,237	1,239	1,240	1,243	1,245	1,247	1,249	1,252	1,253	1,254	1,258	1,257	1,264	1,264	1,266	1,268	1,269	1,273	1,274	1,276	1,279	1,278	1,278	1,281	1,283	1,284	1,284	1,286	1,288	
C6	0,093	0,093	0,093	0,093	0,093	0,093	0,093	0,092	0,092	0,092	0,092	0,092	0,092	0,092	0,092	0,092	0,092	0,092	0,092	0,092	0,092	0,092	0,092	0,092	0,092	0,092	0,092	0,092	0,092	0,092	0,092	0,092	0,092	0,092	0,092	0,092	0,092	0,092	0,092	0,092	0,092	0,092	0,092	0,092	0,092	0,091	0,092	0,092	0,091	0,091	0,091	0,091	0,091	0,092	0,091	0,092	0,091	0,091	0,091	0,091	0,091	0,091	0,091	0,091	0,091	0,091	0,091	0,091	0,091	0,091	0,092	0,092	0,091	0,091	0,091	0,092	0,092	0,091	0,092	0,091	0,091	0,091	0,091	0,091	0,091	0,091	0,091	0,091	0,091	0,091	0,091	0,091	0,091	0,091	0,091	0,091	0,091	0,091	0,091	0,091	0,091	0,091	0,091	0,091	0,091	0,091	0,091	0,091	0,091	0,091	0,091	0,091	0,091	0,091	0,091	0,091	0,091	0,091	0,091	0,091	0,091	0,091	0,091	0,091	0,091	0,091	0,091	0,091	0,091	0,091	0,091	0,091	0,091	0,091	0,091	0,091	0,091	0,091	0,091	0,091	0,091	0,091	0,091	0,091	0,091	
C7	0,107	0,107	0,107	0,109	0,111	0,113	0,116	0,120	0,127	0,141	0,163	0,192	0,217	0,239	0,265	0,324	0,383	0,418	0,452	0,482	0,519	0,550	0,589	0,628	0,668	0,708	0,746	0,779	0,808	0,840	0,861	0,892	0,915	0,931	0,943	0,954	0,955	0,954	0,962	0,968	0,974	0,979	0,989	0,997	1,006	1,013	1,014	1,018	1,010	1,001	0,997	0,995	1,001	1,004	1,004	1,008	1,010	1,015	1,019	1,021	1,024	1,029	1,030	1,034	1,036	1,038	1,040	1,042	1,041	1,038	1,038	1,038	1,038	1,039	1,040	1,040	1,045	1,045	1,047	1,052	1,052	1,052	1,053	1,054	1,058	1,061	1,065	1,068	1,067	1,072	1,071	1,077	1,080	1,078	1,084	1,084	1,085	1,086	1,090	1,092	1,095	1,100	1,099	1,101	1,104	1,101	1,108	1,110	1,111	1,114	1,115	1,119	1,121	1,125	1,129	1,135	1,138	1,141	1,142	1,146	1,150	1,149	1,150	1,151	1,153	1,154	1,157	1,155	1,162	1,160	1,159	1,164	1,162	1,168	1,169	1,170	1,168	1,169	1,168	1,171	1,171	1,169	1,168	1,170	1,171	
C8	0,087	0,087	0,087	0,087	0,087	0,087	0,087	0,087	0,087	0,087	0,087	0,087	0,087	0,087	0,087	0,087	0,087	0,087	0,087	0,087	0,087	0,087	0,087	0,087	0,087	0,087	0,087	0,087	0,087	0,087	0,087	0,087	0,087	0,087	0,087	0,087	0,087	0,087	0,087	0,087	0,087	0,087	0,087	0,087	0,087	0,087	0,087	0,087	0,087	0,087	0,087	0,087	0,087	0,087	0,087	0,087	0,087	0,087	0,087	0,087	0,087	0,087	0,087	0,087	0,087	0,087	0,087	0,087	0,087	0,087	0,087	0,087	0,087	0,087	0,087	0,087	0,087	0,087	0,087	0,087	0,087	0,087	0,087	0,087	0,087	0,087	0,087	0,087	0,087	0,087	0,087	0,087	0,087	0,087	0,087	0,087	0,087	0,087	0,087	0,087	0,087	0,087	0,087	0,087	0,087	0,087	0,087	0,087	0,087	0,087	0,087	0,087	0,087	0,087	0,087	0,087	0,087	0,087	0,087	0,087	0,087	0,087	0,087	0,087	0,087	0,087	0,087	0,087	0,087	0,087	0,088	0,087	0,087	0,087	0,087	0,087	0,087	0,087	0,087	0,088	0,087	0,087	0,087	0,087	0,087	
C9	0,108	0,109	0,111	0,114	0,119	0,125	0,132	0,144	0,159	0,176	0,198	0,226	0,258	0,294	0,334	0,387	0,451	0,532	0,591	0,640	0,685	0,726	0,772	0,810	0,842	0,872	0,894	0,919	0,939	0,953	0,969	0,983	0,991	1,005	1,016	1,025	1,034	1,042	1,049	1,052	1,051	1,055	1,058	1,056	1,057	1,056	1,061	1,063	1,068	1,069	1,072	1,077	1,083	1,084	1,085	1,088	1,091	1,093	1,096	1,096	1,101	1,105	1,107	1,111	1,111	1,113	1,117	1,120	1,119	1,117	1,116	1,117	1,120	1,123	1,122	1,121	1,127	1,126	1,127	1,131	1,132	1,133	1,135	1,137	1,140	1,139	1,144	1,146	1,148	1,151	1,150	1,154	1,157	1,156	1,160	1,162	1,163	1,163	1,168	1,170	1,171	1,179	1,180	1,185	1,188	1,188	1,194	1,195	1,198	1,200	1,199	1,202	1,201	1,203	1,205	1,210	1,212	1,215	1,214	1,218	1,220	1,219	1,221	1,221	1,223	1,224	1,226	1,226	1,230	1,231	1,230	1,233	1,230	1,237	1,236	1,237	1,236	1,234	1,233	1,236	1,237	1,235	1,232	1,233	1,235	
C10	0,090	0,090	0,090	0,090	0,090	0,090	0,090	0,090	0,090	0,090	0,090	0,090	0,090	0,090	0,090	0,090	0,090	0,090	0,090	0,090	0,090	0,090	0,090	0,090	0,090	0,090	0,090	0,090	0,090	0,090	0,089	0,090	0,090	0,090	0,090	0,090	0,090	0,090	0,090	0,090	0,090	0,090	0,090	0,090	0,090	0,090	0,090	0,090	0,090	0,090	0,090	0,090	0,090	0,090	0,090	0,090	0,090	0,090	0,090	0,090	0,090	0,090	0,090	0,090	0,090	0,090	0,090	0,090	0,090	0,090	0,090	0,090	0,090	0,090	0,090	0,090	0,090	0,090	0,090	0,090	0,090	0,090	0,090	0,090	0,090	0,090	0,090	0,090	0,090	0,090	0,090	0,090	0,090	0,090	0,090	0,090	0,090	0,090	0,090	0,090	0,090	0,090	0,090	0,090	0,090	0,090	0,090	0,090	0,090	0,091	0,090	0,090	0,090	0,090	0,090	0,091	0,090	0,090	0,090	0,090	0,090	0,090	0,090	0,090	0,090	0,090	0,090	0,090	0,091	0,091	0,090	0,090	0,090	0,091	0,090	0,091	0,091	0,090	0,090	0,091	0,090	0,090	0,091	0,091	0,090	
C11	0,097	0,098	0,100	0,101	0,103	0,106	0,110	0,116	0,124	0,132	0,142	0,155	0,168	0,182	0,205	0,236	0,279	0,337	0,403	0,490	0,566	0,628	0,683	0,729	0,768	0,800	0,823	0,841	0,854	0,871	0,875	0,879	0,880	0,882	0,882	0,880	0,883	0,883	0,889	0,897	0,902	0,914	0,933	0,948	0,967	0,974	0,982	0,990	0,998	0,995	0,994	0,999	1,005	1,003	1,002	1,004	1,007	1,008	1,011	1,010	1,015	1,019	1,022	1,026	1,026	1,029	1,034	1,040	1,040	1,037	1,035	1,036	1,041	1,044	1,043	1,042	1,051	1,049	1,050	1,057	1,059	1,060	1,057	1,061	1,065	1,067	1,072	1,074	1,076	1,081	1,078	1,085	1,090	1,089	1,094	1,098	1,102	1,106	1,119	1,121	1,123	1,130	1,129	1,132	1,137	1,136	1,141	1,139	1,144	1,143	1,144	1,148	1,149	1,151	1,153	1,159	1,162	1,165	1,164	1,171	1,169	1,166	1,173	1,173	1,174	1,177	1,178	1,178	1,183	1,185	1,183	1,185	1,182	1,193	1,192	1,191	1,192	1,193	1,192	1,198	1,193	1,194	1,193	1,196	1,198	
C12	0,091	0,091	0,090	0,090	0,091	0,090	0,090	0,090	0,090	0,090	0,090	0,090	0,090	0,090	0,090	0,090	0,090	0,090	0,090	0,091	0,090	0,090	0,090	0,090	0,090	0,090	0,090	0,090	0,090	0,090	0,090	0,090	0,090	0,090	0,090	0,090	0,090	0,090	0,090	0,090	0,090	0,090	0,090	0,090	0,090	0,090	0,090	0,090	0,090	0,090	0,090	0,090	0,090	0,090	0,090	0,090	0,090	0,090	0,090	0,090	0,090	0,090	0,090	0,090	0,090	0,090	0,090	0,090	0,090	0,090	0,090	0,090	0,090	0,090	0,090	0,090	0,090	0,090	0,090	0,090	0,090	0,090	0,090	0,090	0,090	0,090	0,090	0,090	0,090	0,090	0,090	0,090	0,090	0,090	0,090	0,090	0,090	0,090	0,090	0,090	0,090	0,090	0,090	0,090	0,090	0,090	0,090	0,090	0,090	0,090	0,090	0,090	0,090	0,090	0,090	0,090	0,090	0,090	0,090	0,090	0,090	0,090	0,090	0,090	0,090	0,090	0,090	0,090	0,090	0,090	0,090	0,090	0,090	0,090	0,090	0,090	0,090	0,090	0,090	0,090	0,090	0,090	0,090	0,090	0,090	
D1	0,088	0,088	0,088	0,088	0,088	0,088	0,087	0,087	0,087	0,087	0,087	0,087	0,087	0,087	0,087	0,087	0,087	0,087	0,087	0,087	0,087	0,087	0,088	0,089	0,087	0,087	0,087	0,087	0,087	0,087	0,087	0,087	0,087	0,087	0,088	0,087	0,087	0,087	0,087	0,089	0,087	0,088	0,089	0,088	0,087	0,087	0,088	0,087	0,087	0,087	0,087	0,087	0,087	0,087	0,087	0,087	0,087	0,087	0,087	0,087	0,087	0,087	0,087	0,087	0,087	0,087	0,087	0,087	0,087	0,087	0,087	0,087	0,087	0,087	0,087	0,087	0,087	0,087	0,087	0,087	0,087	0,087	0,087	0,087	0,087	0,087	0,087	0,087	0,087	0,087	0,087	0,087	0,088	0,087	0,087	0,087	0,087	0,088	0,088	0,088	0,087	0,088	0,088	0,087	0,088	0,088	0,087	0,088	0,087	0,088	0,088	0,088	0,088	0,088	0,087	0,088	0,088	0,088	0,088	0,088	0,088	0,088	0,088	0,088	0,088	0,088	0,088	0,088	0,088	0,088	0,088	0,088	0,088	0,088	0,088	0,088	0,088	0,088	0,088	0,088	0,088	0,088	0,088	0,088	0,088	
D2	0,114	0,117	0,121	0,127	0,133	0,141	0,150	0,164	0,181	0,203	0,231	0,262	0,296	0,330	0,361	0,398	0,434	0,474	0,514	0,552	0,588	0,623	0,657	0,687	0,718	0,753	0,787	0,882	0,961	0,996	1,027	1,029	1,029	1,063	1,092	1,132	1,129	1,133	1,130	1,119	1,112	1,102	1,098	1,096	1,098	1,094	1,094	1,097	1,100	1,099	1,102	1,105	1,109	1,112	1,114	1,118	1,122	1,125	1,129	1,131	1,137	1,141	1,144	1,149	1,151	1,155	1,159	1,163	1,164	1,166	1,167	1,171	1,173	1,177	1,178	1,180	1,185	1,187	1,190	1,195	1,196	1,200	1,202	1,205	1,208	1,212	1,217	1,220	1,223	1,227	1,230	1,237	1,243	1,246	1,252	1,256	1,258	1,261	1,266	1,268	1,271	1,275	1,276	1,279	1,281	1,283	1,287	1,288	1,291	1,294	1,294	1,296	1,298	1,301	1,303	1,308	1,310	1,310	1,310	1,314	1,315	1,316	1,318	1,320	1,321	1,322	1,325	1,325	1,326	1,327	1,327	1,330	1,329	1,333	1,335	1,336	1,336	1,337	1,338	1,342	1,342	1,342	1,343	1,344	1,347	
D3	0,089	0,088	0,088	0,088	0,088	0,088	0,088	0,088	0,088	0,088	0,088	0,088	0,088	0,088	0,088	0,088	0,088	0,088	0,088	0,088	0,088	0,088	0,088	0,088	0,088	0,088	0,088	0,088	0,088	0,088	0,088	0,088	0,088	0,088	0,088	0,088	0,088	0,088	0,088	0,088	0,088	0,088	0,088	0,088	0,088	0,088	0,089	0,088	0,088	0,088	0,088	0,088	0,088	0,089	0,088	0,089	0,089	0,088	0,088	0,088	0,088	0,088	0,088	0,088	0,088	0,088	0,088	0,088	0,088	0,088	0,089	0,088	0,088	0,088	0,088	0,088	0,088	0,089	0,089	0,088	0,089	0,088	0,088	0,089	0,089	0,089	0,088	0,089	0,088	0,088	0,088	0,088	0,089	0,089	0,088	0,089	0,089	0,089	0,089	0,089	0,089	0,088	0,088	0,089	0,089	0,089	0,088	0,089	0,088	0,089	0,089	0,089	0,089	0,089	0,089	0,089	0,089	0,088	0,089	0,089	0,088	0,089	0,089	0,088	0,089	0,089	0,088	0,089	0,089	0,089	0,089	0,088	0,089	0,089	0,088	0,089	0,088	0,088	0,089	0,089	0,089	0,088	0,089	0,088	0,089	
D4	0,096	0,096	0,097	0,098	0,100	0,101	0,104	0,107	0,114	0,122	0,134	0,154	0,190	0,230	0,273	0,320	0,366	0,409	0,443	0,479	0,513	0,551	0,593	0,639	0,682	0,745	0,813	0,890	0,938	0,958	0,965	0,999	1,020	1,046	1,067	1,082	1,100	1,115	1,124	1,135	1,139	1,141	1,139	1,134	1,135	1,134	1,138	1,142	1,144	1,148	1,153	1,157	1,164	1,168	1,171	1,175	1,179	1,182	1,187	1,190	1,194	1,198	1,202	1,206	1,210	1,213	1,216	1,219	1,221	1,222	1,224	1,225	1,228	1,230	1,232	1,232	1,236	1,238	1,240	1,243	1,244	1,244	1,246	1,248	1,250	1,252	1,255	1,256	1,258	1,261	1,261	1,263	1,266	1,265	1,269	1,271	1,272	1,274	1,277	1,279	1,281	1,287	1,291	1,296	1,299	1,299	1,304	1,308	1,311	1,313	1,314	1,317	1,319	1,322	1,325	1,329	1,331	1,335	1,337	1,340	1,343	1,345	1,347	1,349	1,349	1,351	1,354	1,355	1,359	1,361	1,360	1,364	1,364	1,369	1,371	1,373	1,372	1,373	1,374	1,377	1,378	1,378	1,380	1,383	1,384	
D5	0,088	0,088	0,088	0,088	0,088	0,089	0,089	0,089	0,089	0,089	0,089	0,089	0,089	0,089	0,089	0,089	0,089	0,089	0,089	0,089	0,089	0,089	0,089	0,089	0,089	0,089	0,089	0,089	0,089	0,089	0,089	0,089	0,089	0,089	0,089	0,089	0,089	0,089	0,089	0,089	0,089	0,089	0,089	0,089	0,089	0,089	0,089	0,089	0,089	0,089	0,089	0,089	0,089	0,089	0,089	0,089	0,089	0,089	0,089	0,089	0,089	0,089	0,089	0,089	0,089	0,089	0,089	0,089	0,089	0,089	0,089	0,089	0,089	0,089	0,089	0,089	0,089	0,089	0,089	0,089	0,089	0,089	0,089	0,089	0,089	0,089	0,089	0,089	0,089	0,089	0,089	0,089	0,089	0,089	0,089	0,089	0,089	0,089	0,089	0,089	0,089	0,089	0,089	0,089	0,089	0,089	0,089	0,089	0,089	0,089	0,089	0,089	0,089	0,089	0,089	0,089	0,089	0,089	0,089	0,089	0,089	0,089	0,089	0,089	0,089	0,089	0,089	0,089	0,089	0,089	0,089	0,089	0,089	0,089	0,089	0,090	0,089	0,089	0,089	0,089	0,089	0,089	0,089	0,089	0,089	
D6	0,108	0,108	0,109	0,111	0,112	0,115	0,119	0,125	0,133	0,150	0,163	0,178	0,196	0,218	0,244	0,275	0,308	0,341	0,369	0,397	0,422	0,445	0,467	0,486	0,506	0,525	0,544	0,576	0,620	0,649	0,664	0,731	0,792	0,814	0,886	0,924	0,965	1,000	1,038	1,066	1,097	1,127	1,154	1,169	1,185	1,191	1,202	1,207	1,216	1,223	1,231	1,236	1,243	1,248	1,250	1,255	1,259	1,264	1,268	1,272	1,276	1,282	1,286	1,292	1,295	1,300	1,304	1,309	1,312	1,316	1,318	1,321	1,326	1,330	1,333	1,335	1,340	1,344	1,348	1,352	1,356	1,360	1,363	1,370	1,376	1,382	1,389	1,395	1,399	1,403	1,407	1,413	1,418	1,421	1,425	1,429	1,432	1,436	1,440	1,443	1,446	1,451	1,453	1,458	1,461	1,463	1,467	1,470	1,472	1,476	1,478	1,480	1,481	1,484	1,487	1,491	1,493	1,496	1,498	1,501	1,504	1,505	1,508	1,511	1,512	1,523	1,527	1,529	1,532	1,531	1,531	1,530	1,528	1,528	1,525	1,525	1,524	1,523	1,522	1,522	1,523	1,523	1,522	1,524	1,525	
D7	0,090	0,090	0,089	0,089	0,089	0,089	0,089	0,089	0,089	0,089	0,089	0,089	0,089	0,089	0,089	0,089	0,089	0,089	0,089	0,089	0,089	0,089	0,089	0,089	0,089	0,089	0,089	0,089	0,089	0,089	0,089	0,089	0,089	0,089	0,089	0,089	0,089	0,089	0,089	0,089	0,089	0,089	0,089	0,089	0,089	0,089	0,089	0,089	0,089	0,089	0,089	0,089	0,089	0,089	0,089	0,089	0,089	0,089	0,089	0,089	0,089	0,089	0,089	0,089	0,089	0,089	0,089	0,089	0,089	0,089	0,089	0,089	0,089	0,089	0,089	0,089	0,089	0,089	0,089	0,089	0,089	0,089	0,089	0,089	0,089	0,089	0,089	0,089	0,089	0,089	0,089	0,089	0,089	0,089	0,089	0,089	0,089	0,089	0,089	0,089	0,089	0,089	0,089	0,089	0,089	0,089	0,089	0,089	0,089	0,089	0,089	0,089	0,089	0,089	0,089	0,089	0,089	0,089	0,089	0,089	0,089	0,089	0,089	0,089	0,089	0,089	0,089	0,089	0,089	0,089	0,089	0,089	0,089	0,089	0,089	0,089	0,089	0,089	0,089	0,089	0,089	0,089	0,089	0,089	0,089	
D8	0,100	0,101	0,102	0,104	0,107	0,111	0,116	0,121	0,128	0,146	0,181	0,238	0,304	0,366	0,423	0,484	0,543	0,601	0,658	0,711	0,765	0,807	0,854	0,913	1,006	1,046	1,071	1,097	1,086	1,040	1,031	1,026	1,018	1,006	1,001	0,996	0,993	0,985	1,003	1,023	1,055	1,063	1,072	1,075	1,081	1,083	1,079	1,074	1,076	1,082	1,089	1,093	1,104	1,108	1,113	1,119	1,124	1,130	1,136	1,140	1,146	1,152	1,156	1,163	1,165	1,169	1,173	1,177	1,176	1,175	1,176	1,176	1,179	1,180	1,182	1,181	1,188	1,186	1,189	1,193	1,192	1,192	1,195	1,198	1,199	1,200	1,205	1,206	1,208	1,212	1,210	1,216	1,219	1,218	1,227	1,232	1,234	1,237	1,244	1,246	1,249	1,255	1,254	1,259	1,263	1,259	1,266	1,268	1,270	1,271	1,271	1,273	1,274	1,276	1,279	1,284	1,286	1,289	1,289	1,293	1,295	1,295	1,298	1,299	1,301	1,302	1,305	1,304	1,310	1,310	1,310	1,314	1,313	1,319	1,320	1,322	1,321	1,323	1,323	1,326	1,327	1,326	1,327	1,329	1,330	
D9	0,089	0,089	0,089	0,089	0,089	0,089	0,088	0,089	0,088	0,088	0,089	0,088	0,089	0,089	0,088	0,089	0,088	0,089	0,089	0,088	0,088	0,088	0,088	0,088	0,088	0,088	0,088	0,088	0,088	0,088	0,088	0,088	0,088	0,088	0,088	0,088	0,088	0,088	0,088	0,088	0,088	0,088	0,088	0,088	0,088	0,088	0,088	0,088	0,088	0,088	0,088	0,088	0,088	0,088	0,088	0,088	0,088	0,088	0,088	0,088	0,088	0,088	0,088	0,088	0,088	0,088	0,088	0,088	0,088	0,088	0,088	0,088	0,088	0,088	0,088	0,088	0,088	0,088	0,088	0,088	0,088	0,088	0,088	0,088	0,088	0,088	0,088	0,088	0,088	0,088	0,088	0,088	0,088	0,088	0,088	0,088	0,088	0,088	0,088	0,088	0,088	0,088	0,088	0,088	0,088	0,088	0,088	0,088	0,088	0,089	0,088	0,088	0,088	0,088	0,088	0,089	0,088	0,088	0,088	0,088	0,088	0,088	0,088	0,088	0,088	0,088	0,088	0,088	0,088	0,088	0,089	0,089	0,088	0,088	0,089	0,088	0,088	0,088	0,088	0,089	0,088	0,088	0,089	0,088	0,088	
D10	0,103	0,104	0,106	0,109	0,114	0,119	0,125	0,132	0,153	0,192	0,249	0,323	0,388	0,435	0,487	0,545	0,601	0,651	0,710	0,762	0,834	0,899	0,940	0,985	0,989	0,960	1,007	0,980	0,987	1,004	0,984	0,965	0,949	0,937	0,937	0,938	0,935	0,956	0,974	0,988	1,008	1,014	1,029	1,024	1,028	1,028	1,032	1,035	1,040	1,043	1,048	1,052	1,061	1,064	1,067	1,074	1,079	1,084	1,091	1,093	1,100	1,107	1,111	1,118	1,122	1,127	1,131	1,137	1,139	1,139	1,141	1,144	1,149	1,154	1,157	1,157	1,166	1,166	1,170	1,176	1,177	1,180	1,183	1,189	1,196	1,203	1,212	1,215	1,220	1,226	1,226	1,233	1,237	1,236	1,243	1,245	1,246	1,249	1,256	1,258	1,261	1,267	1,266	1,270	1,274	1,272	1,278	1,281	1,285	1,287	1,287	1,290	1,292	1,295	1,298	1,305	1,307	1,310	1,311	1,316	1,317	1,318	1,321	1,323	1,325	1,327	1,330	1,331	1,336	1,337	1,336	1,341	1,340	1,346	1,346	1,349	1,349	1,351	1,352	1,355	1,357	1,357	1,359	1,360	1,362	
D11	0,088	0,087	0,087	0,087	0,087	0,087	0,087	0,087	0,087	0,087	0,087	0,087	0,087	0,087	0,087	0,087	0,087	0,087	0,087	0,087	0,087	0,087	0,087	0,087	0,087	0,087	0,087	0,087	0,087	0,087	0,087	0,087	0,087	0,087	0,087	0,087	0,087	0,087	0,087	0,087	0,087	0,087	0,087	0,087	0,087	0,087	0,087	0,087	0,087	0,087	0,087	0,087	0,087	0,087	0,087	0,087	0,087	0,087	0,087	0,087	0,087	0,087	0,088	0,087	0,087	0,087	0,087	0,087	0,087	0,087	0,088	0,087	0,087	0,087	0,087	0,087	0,087	0,087	0,088	0,087	0,088	0,087	0,087	0,087	0,088	0,087	0,087	0,087	0,087	0,087	0,087	0,087	0,087	0,087	0,087	0,087	0,087	0,087	0,088	0,088	0,087	0,087	0,087	0,088	0,087	0,088	0,087	0,088	0,087	0,088	0,087	0,088	0,088	0,087	0,087	0,088	0,088	0,088	0,088	0,088	0,088	0,088	0,088	0,088	0,088	0,087	0,087	0,087	0,088	0,087	0,088	0,088	0,088	0,088	0,088	0,088	0,088	0,088	0,088	0,088	0,088	0,088	0,088	0,088	0,088	
D12	0,095	0,096	0,099	0,101	0,105	0,110	0,115	0,122	0,136	0,157	0,185	0,236	0,308	0,385	0,460	0,515	0,559	0,597	0,642	0,679	0,724	0,766	0,811	0,852	0,889	0,917	0,948	0,947	0,950	0,996	0,966	1,003	1,002	1,000	1,039	1,059	1,027	1,041	1,028	1,047	1,088	1,091	1,087	1,104	1,112	1,116	1,103	1,105	1,112	1,106	1,108	1,116	1,123	1,126	1,130	1,135	1,141	1,145	1,151	1,153	1,159	1,166	1,171	1,177	1,181	1,187	1,195	1,201	1,203	1,205	1,207	1,214	1,218	1,225	1,228	1,230	1,238	1,238	1,244	1,252	1,255	1,262	1,270	1,280	1,285	1,290	1,297	1,303	1,308	1,314	1,316	1,324	1,328	1,329	1,333	1,337	1,341	1,343	1,351	1,353	1,354	1,361	1,361	1,365	1,371	1,367	1,377	1,380	1,382	1,384	1,384	1,387	1,387	1,391	1,394	1,399	1,401	1,404	1,406	1,411	1,415	1,415	1,417	1,421	1,423	1,426	1,429	1,431	1,437	1,436	1,438	1,444	1,443	1,449	1,450	1,452	1,452	1,455	1,455	1,459	1,460	1,459	1,462	1,464	1,467	
E1	0,099	0,099	0,098	0,098	0,099	0,099	0,100	0,101	0,102	0,103	0,106	0,109	0,113	0,119	0,127	0,139	0,152	0,170	0,192	0,220	0,247	0,277	0,306	0,334	0,359	0,393	0,422	0,439	0,464	0,484	0,507	0,525	0,543	0,558	0,571	0,583	0,601	0,617	0,638	0,656	0,671	0,689	0,702	0,713	0,727	0,735	0,745	0,755	0,762	0,769	0,775	0,780	0,788	0,794	0,801	0,809	0,816	0,823	0,831	0,836	0,844	0,851	0,858	0,863	0,868	0,873	0,880	0,883	0,889	0,894	0,896	0,902	0,906	0,914	0,917	0,919	0,924	0,928	0,931	0,936	0,943	0,943	0,946	0,954	0,953	0,959	0,964	0,969	0,970	0,976	0,981	0,987	0,991	0,994	0,999	1,003	1,005	1,012	1,013	1,019	1,025	1,027	1,032	1,035	1,040	1,044	1,050	1,053	1,056	1,062	1,066	1,070	1,074	1,077	1,082	1,087	1,091	1,096	1,099	1,104	1,108	1,113	1,117	1,121	1,126	1,130	1,134	1,138	1,142	1,145	1,150	1,154	1,158	1,162	1,166	1,171	1,174	1,178	1,182	1,186	1,190	1,194	1,198	1,202	1,205	
E2	0,089	0,089	0,088	0,088	0,088	0,088	0,088	0,088	0,088	0,088	0,088	0,088	0,088	0,088	0,088	0,088	0,088	0,088	0,088	0,088	0,088	0,088	0,088	0,088	0,088	0,088	0,088	0,088	0,088	0,088	0,088	0,088	0,088	0,088	0,088	0,088	0,088	0,088	0,088	0,088	0,088	0,088	0,088	0,088	0,088	0,088	0,088	0,088	0,088	0,088	0,088	0,088	0,088	0,088	0,088	0,088	0,088	0,088	0,088	0,088	0,088	0,088	0,088	0,088	0,088	0,088	0,088	0,088	0,088	0,088	0,088	0,088	0,088	0,088	0,088	0,088	0,088	0,088	0,088	0,088	0,088	0,088	0,088	0,088	0,088	0,088	0,088	0,088	0,088	0,088	0,088	0,088	0,088	0,088	0,088	0,088	0,088	0,088	0,088	0,088	0,088	0,088	0,088	0,088	0,088	0,088	0,088	0,088	0,088	0,088	0,088	0,088	0,088	0,088	0,088	0,088	0,088	0,088	0,088	0,088	0,088	0,088	0,088	0,088	0,088	0,088	0,088	0,088	0,088	0,088	0,088	0,088	0,088	0,088	0,088	0,088	0,088	0,088	0,088	0,088	0,088	0,088	0,088	0,088	0,088	
E3	0,092	0,092	0,091	0,091	0,091	0,091	0,091	0,092	0,092	0,092	0,093	0,094	0,095	0,098	0,101	0,106	0,113	0,122	0,135	0,153	0,175	0,202	0,229	0,255	0,283	0,306	0,334	0,363	0,385	0,408	0,429	0,444	0,456	0,466	0,472	0,481	0,487	0,495	0,504	0,512	0,520	0,528	0,538	0,548	0,560	0,570	0,581	0,593	0,604	0,613	0,623	0,634	0,645	0,656	0,662	0,671	0,679	0,688	0,696	0,706	0,711	0,721	0,728	0,736	0,741	0,749	0,756	0,761	0,765	0,768	0,773	0,782	0,786	0,790	0,790	0,790	0,798	0,799	0,803	0,811	0,812	0,816	0,819	0,822	0,824	0,826	0,831	0,833	0,839	0,842	0,842	0,846	0,851	0,854	0,857	0,861	0,863	0,865	0,871	0,874	0,877	0,880	0,882	0,884	0,888	0,892	0,895	0,896	0,900	0,903	0,905	0,908	0,911	0,915	0,917	0,922	0,925	0,929	0,932	0,936	0,939	0,944	0,946	0,950	0,954	0,957	0,961	0,965	0,969	0,972	0,977	0,981	0,984	0,989	0,993	0,997	1,002	1,006	1,010	1,014	1,019	1,023	1,026	1,031	1,035	
E4	0,090	0,089	0,089	0,089	0,089	0,089	0,089	0,089	0,089	0,089	0,089	0,089	0,089	0,089	0,089	0,089	0,089	0,089	0,089	0,089	0,089	0,089	0,089	0,089	0,089	0,089	0,089	0,089	0,089	0,089	0,088	0,089	0,089	0,089	0,089	0,088	0,089	0,088	0,089	0,089	0,089	0,089	0,089	0,088	0,089	0,089	0,089	0,089	0,089	0,089	0,089	0,088	0,088	0,089	0,088	0,088	0,089	0,088	0,088	0,088	0,088	0,088	0,089	0,088	0,089	0,089	0,088	0,088	0,088	0,088	0,089	0,089	0,089	0,088	0,089	0,089	0,089	0,089	0,088	0,089	0,089	0,089	0,089	0,089	0,089	0,088	0,089	0,089	0,089	0,089	0,089	0,089	0,089	0,088	0,088	0,089	0,089	0,089	0,089	0,089	0,089	0,089	0,089	0,089	0,088	0,088	0,089	0,089	0,088	0,089	0,089	0,089	0,089	0,089	0,089	0,089	0,089	0,089	0,089	0,089	0,089	0,089	0,089	0,089	0,089	0,089	0,089	0,089	0,089	0,089	0,089	0,089	0,089	0,088	0,089	0,089	0,089	0,089	0,089	0,089	0,089	0,089	0,089	0,089	0,089	
E5	0,094	0,094	0,093	0,094	0,094	0,094	0,095	0,095	0,096	0,097	0,098	0,100	0,103	0,107	0,112	0,120	0,129	0,142	0,158	0,177	0,201	0,227	0,250	0,274	0,296	0,327	0,358	0,377	0,399	0,413	0,432	0,444	0,457	0,465	0,468	0,477	0,487	0,495	0,505	0,516	0,528	0,541	0,553	0,564	0,576	0,588	0,598	0,609	0,618	0,628	0,639	0,646	0,653	0,660	0,666	0,671	0,676	0,681	0,687	0,693	0,698	0,704	0,710	0,716	0,721	0,727	0,732	0,739	0,745	0,749	0,754	0,758	0,763	0,769	0,773	0,777	0,782	0,786	0,791	0,795	0,800	0,802	0,807	0,809	0,814	0,818	0,822	0,824	0,829	0,833	0,836	0,839	0,842	0,845	0,850	0,852	0,856	0,858	0,863	0,866	0,869	0,872	0,874	0,877	0,880	0,880	0,885	0,888	0,889	0,893	0,896	0,899	0,901	0,905	0,908	0,910	0,913	0,917	0,921	0,922	0,926	0,930	0,933	0,936	0,940	0,943	0,947	0,951	0,955	0,958	0,963	0,967	0,970	0,974	0,978	0,983	0,987	0,991	0,995	1,000	1,004	1,009	1,011	1,017	1,021	
E6	0,088	0,088	0,088	0,088	0,088	0,087	0,087	0,088	0,087	0,087	0,087	0,087	0,087	0,087	0,087	0,087	0,087	0,087	0,087	0,087	0,087	0,087	0,087	0,087	0,087	0,087	0,087	0,087	0,087	0,087	0,087	0,087	0,087	0,087	0,087	0,087	0,087	0,087	0,087	0,087	0,087	0,087	0,087	0,087	0,087	0,087	0,087	0,087	0,087	0,087	0,087	0,087	0,087	0,087	0,087	0,087	0,087	0,087	0,087	0,087	0,087	0,087	0,087	0,087	0,087	0,087	0,087	0,087	0,087	0,087	0,087	0,087	0,087	0,087	0,087	0,087	0,087	0,087	0,087	0,087	0,087	0,087	0,087	0,087	0,087	0,087	0,087	0,087	0,087	0,087	0,087	0,087	0,087	0,087	0,087	0,087	0,087	0,087	0,087	0,087	0,087	0,087	0,087	0,087	0,087	0,087	0,087	0,087	0,087	0,087	0,087	0,087	0,087	0,087	0,087	0,087	0,087	0,087	0,087	0,087	0,087	0,087	0,087	0,087	0,087	0,087	0,087	0,087	0,087	0,087	0,087	0,087	0,087	0,087	0,087	0,087	0,087	0,087	0,087	0,087	0,087	0,087	0,087	0,087	0,087	
E7	0,090	0,089	0,089	0,089	0,089	0,089	0,090	0,090	0,090	0,091	0,092	0,094	0,097	0,101	0,106	0,114	0,123	0,137	0,153	0,172	0,192	0,217	0,247	0,275	0,302	0,328	0,358	0,389	0,416	0,440	0,464	0,474	0,490	0,500	0,508	0,518	0,527	0,536	0,544	0,553	0,564	0,574	0,584	0,593	0,605	0,614	0,624	0,632	0,640	0,650	0,659	0,667	0,677	0,684	0,687	0,693	0,697	0,701	0,707	0,711	0,717	0,723	0,730	0,736	0,741	0,746	0,751	0,757	0,761	0,766	0,769	0,773	0,777	0,781	0,784	0,789	0,793	0,796	0,800	0,803	0,807	0,810	0,813	0,818	0,820	0,823	0,827	0,830	0,833	0,836	0,839	0,843	0,846	0,848	0,850	0,854	0,856	0,860	0,863	0,865	0,868	0,872	0,874	0,877	0,880	0,882	0,885	0,888	0,891	0,893	0,896	0,899	0,901	0,904	0,907	0,910	0,913	0,917	0,920	0,922	0,926	0,929	0,931	0,934	0,938	0,941	0,944	0,948	0,951	0,954	0,958	0,962	0,965	0,969	0,974	0,977	0,979	0,983	0,987	0,991	0,995	0,999	1,002	1,005	1,009	
E8	0,088	0,088	0,088	0,088	0,088	0,088	0,088	0,087	0,087	0,087	0,088	0,087	0,087	0,087	0,087	0,088	0,087	0,087	0,087	0,087	0,087	0,087	0,087	0,087	0,087	0,087	0,087	0,087	0,087	0,087	0,087	0,087	0,087	0,087	0,087	0,087	0,087	0,087	0,087	0,087	0,087	0,087	0,087	0,087	0,087	0,087	0,087	0,087	0,087	0,087	0,087	0,087	0,087	0,087	0,087	0,087	0,087	0,087	0,087	0,087	0,087	0,087	0,087	0,087	0,087	0,087	0,087	0,087	0,087	0,087	0,087	0,087	0,087	0,087	0,087	0,087	0,087	0,087	0,087	0,087	0,088	0,087	0,087	0,087	0,087	0,087	0,087	0,087	0,087	0,087	0,087	0,087	0,087	0,087	0,087	0,087	0,087	0,087	0,087	0,087	0,087	0,087	0,087	0,087	0,087	0,088	0,087	0,088	0,087	0,088	0,087	0,088	0,087	0,087	0,088	0,087	0,088	0,087	0,087	0,087	0,087	0,088	0,087	0,088	0,087	0,087	0,087	0,087	0,088	0,088	0,088	0,087	0,087	0,087	0,087	0,087	0,087	0,087	0,088	0,088	0,088	0,087	0,088	0,088	0,088	
E9	0,096	0,095	0,095	0,095	0,095	0,095	0,095	0,096	0,097	0,099	0,101	0,105	0,109	0,117	0,125	0,138	0,153	0,173	0,190	0,220	0,244	0,273	0,300	0,330	0,353	0,387	0,405	0,424	0,435	0,454	0,470	0,480	0,488	0,496	0,503	0,511	0,519	0,527	0,539	0,552	0,567	0,582	0,596	0,608	0,622	0,632	0,643	0,654	0,667	0,678	0,688	0,694	0,704	0,712	0,720	0,728	0,736	0,745	0,751	0,751	0,760	0,769	0,774	0,778	0,780	0,786	0,790	0,795	0,798	0,802	0,808	0,813	0,818	0,821	0,825	0,829	0,835	0,839	0,841	0,848	0,851	0,854	0,855	0,861	0,864	0,867	0,871	0,874	0,878	0,881	0,884	0,888	0,889	0,893	0,898	0,900	0,904	0,907	0,911	0,914	0,917	0,921	0,924	0,927	0,931	0,932	0,938	0,941	0,944	0,948	0,951	0,954	0,957	0,961	0,965	0,968	0,971	0,975	0,980	0,984	0,988	0,993	0,996	1,000	1,004	1,008	1,012	1,016	1,020	1,023	1,029	1,032	1,037	1,040	1,044	1,049	1,053	1,057	1,061	1,065	1,070	1,073	1,076	1,080	1,084	
E10	0,092	0,091	0,091	0,091	0,091	0,091	0,091	0,091	0,091	0,091	0,091	0,091	0,091	0,091	0,091	0,091	0,091	0,091	0,091	0,091	0,091	0,091	0,091	0,091	0,091	0,091	0,091	0,091	0,091	0,091	0,091	0,091	0,091	0,091	0,091	0,091	0,091	0,091	0,091	0,091	0,091	0,091	0,091	0,091	0,091	0,091	0,091	0,091	0,091	0,091	0,091	0,091	0,091	0,091	0,091	0,091	0,091	0,091	0,091	0,091	0,091	0,091	0,091	0,091	0,091	0,091	0,091	0,091	0,091	0,091	0,091	0,091	0,091	0,091	0,091	0,091	0,091	0,091	0,091	0,091	0,091	0,091	0,091	0,091	0,091	0,091	0,092	0,091	0,092	0,091	0,091	0,091	0,091	0,091	0,091	0,091	0,091	0,091	0,091	0,091	0,091	0,091	0,092	0,091	0,091	0,091	0,091	0,091	0,092	0,091	0,091	0,092	0,091	0,091	0,092	0,092	0,091	0,091	0,092	0,092	0,091	0,091	0,092	0,091	0,091	0,091	0,091	0,092	0,092	0,092	0,092	0,091	0,092	0,091	0,092	0,092	0,092	0,091	0,092	0,092	0,091	0,091	0,092	0,092	0,092	
E11	0,093	0,093	0,093	0,093	0,093	0,094	0,095	0,096	0,097	0,100	0,104	0,109	0,117	0,127	0,140	0,157	0,175	0,197	0,224	0,246	0,272	0,296	0,321	0,357	0,376	0,393	0,406	0,427	0,442	0,458	0,463	0,473	0,486	0,498	0,511	0,524	0,538	0,550	0,566	0,580	0,593	0,606	0,619	0,633	0,646	0,658	0,671	0,680	0,689	0,703	0,707	0,715	0,723	0,727	0,737	0,743	0,747	0,752	0,758	0,762	0,770	0,775	0,781	0,785	0,790	0,794	0,799	0,804	0,809	0,815	0,819	0,822	0,827	0,831	0,837	0,841	0,846	0,849	0,854	0,857	0,860	0,866	0,869	0,873	0,876	0,881	0,885	0,888	0,891	0,893	0,900	0,902	0,907	0,910	0,915	0,919	0,923	0,927	0,931	0,935	0,939	0,943	0,947	0,950	0,955	0,957	0,964	0,968	0,971	0,976	0,979	0,982	0,986	0,989	0,993	0,999	1,002	1,006	1,012	1,016	1,022	1,026	1,029	1,034	1,038	1,041	1,047	1,051	1,056	1,060	1,064	1,069	1,072	1,076	1,081	1,086	1,090	1,093	1,097	1,100	1,105	1,109	1,111	1,116	1,120	
E12	0,086	0,086	0,085	0,085	0,086	0,085	0,085	0,085	0,085	0,085	0,085	0,085	0,085	0,085	0,085	0,085	0,085	0,085	0,085	0,085	0,085	0,085	0,085	0,085	0,085	0,085	0,085	0,085	0,085	0,085	0,085	0,085	0,086	0,085	0,085	0,085	0,085	0,085	0,085	0,085	0,085	0,086	0,086	0,085	0,086	0,086	0,086	0,085	0,085	0,086	0,085	0,085	0,085	0,086	0,085	0,086	0,086	0,086	0,085	0,085	0,086	0,086	0,086	0,085	0,086	0,086	0,085	0,086	0,086	0,086	0,086	0,086	0,086	0,086	0,086	0,086	0,086	0,086	0,086	0,086	0,086	0,086	0,086	0,086	0,086	0,086	0,086	0,086	0,086	0,086	0,086	0,086	0,086	0,086	0,086	0,086	0,086	0,086	0,086	0,086	0,086	0,086	0,086	0,086	0,086	0,086	0,086	0,086	0,086	0,086	0,086	0,086	0,086	0,086	0,086	0,086	0,086	0,086	0,086	0,086	0,086	0,086	0,086	0,086	0,086	0,086	0,086	0,086	0,086	0,086	0,086	0,086	0,086	0,086	0,086	0,086	0,086	0,086	0,086	0,086	0,086	0,086	0,086	0,086	0,086	
F1	0,088	0,088	0,087	0,087	0,087	0,087	0,087	0,087	0,087	0,087	0,087	0,087	0,087	0,087	0,087	0,087	0,087	0,087	0,087	0,087	0,087	0,087	0,087	0,087	0,087	0,087	0,087	0,087	0,087	0,087	0,087	0,087	0,087	0,087	0,087	0,087	0,087	0,087	0,087	0,087	0,087	0,087	0,087	0,087	0,087	0,087	0,087	0,087	0,087	0,087	0,087	0,087	0,087	0,087	0,087	0,087	0,087	0,087	0,087	0,087	0,087	0,087	0,087	0,087	0,087	0,087	0,087	0,087	0,087	0,087	0,087	0,087	0,087	0,087	0,087	0,087	0,087	0,087	0,087	0,087	0,087	0,087	0,087	0,087	0,087	0,087	0,087	0,087	0,087	0,087	0,087	0,087	0,087	0,087	0,087	0,087	0,087	0,087	0,087	0,087	0,087	0,087	0,087	0,087	0,087	0,087	0,087	0,087	0,087	0,087	0,087	0,087	0,087	0,087	0,087	0,087	0,087	0,087	0,087	0,087	0,087	0,087	0,087	0,087	0,087	0,087	0,087	0,087	0,087	0,087	0,087	0,087	0,087	0,087	0,087	0,087	0,087	0,087	0,087	0,087	0,087	0,087	0,087	0,087	0,087	
F2	0,117	0,118	0,119	0,121	0,123	0,127	0,131	0,137	0,146	0,157	0,174	0,194	0,216	0,241	0,268	0,299	0,333	0,370	0,411	0,451	0,491	0,526	0,558	0,589	0,618	0,648	0,677	0,703	0,728	0,752	0,775	0,799	0,830	0,860	0,899	0,947	1,001	1,048	1,081	1,101	1,110	1,117	1,123	1,128	1,133	1,139	1,146	1,153	1,159	1,164	1,170	1,176	1,183	1,190	1,194	1,201	1,207	1,214	1,219	1,224	1,231	1,236	1,242	1,249	1,255	1,262	1,266	1,272	1,278	1,284	1,292	1,299	1,304	1,310	1,315	1,321	1,325	1,332	1,337	1,341	1,345	1,349	1,353	1,357	1,361	1,365	1,369	1,374	1,377	1,381	1,385	1,388	1,391	1,394	1,398	1,401	1,404	1,407	1,411	1,413	1,416	1,419	1,422	1,425	1,428	1,431	1,435	1,437	1,440	1,444	1,445	1,449	1,451	1,455	1,457	1,461	1,464	1,467	1,469	1,472	1,475	1,477	1,480	1,482	1,484	1,485	1,488	1,490	1,492	1,494	1,496	1,498	1,499	1,502	1,504	1,507	1,508	1,509	1,511	1,514	1,516	1,518	1,519	1,521	1,524	
F3	0,088	0,087	0,087	0,087	0,088	0,087	0,087	0,087	0,087	0,087	0,087	0,087	0,087	0,087	0,087	0,087	0,087	0,087	0,087	0,087	0,087	0,087	0,087	0,087	0,087	0,087	0,087	0,087	0,087	0,087	0,087	0,087	0,087	0,087	0,087	0,087	0,087	0,087	0,087	0,087	0,087	0,087	0,087	0,087	0,087	0,087	0,087	0,087	0,087	0,087	0,087	0,087	0,087	0,087	0,087	0,087	0,087	0,087	0,087	0,087	0,087	0,087	0,087	0,087	0,087	0,087	0,087	0,087	0,087	0,087	0,087	0,087	0,087	0,087	0,087	0,087	0,087	0,087	0,087	0,087	0,087	0,087	0,087	0,087	0,087	0,087	0,087	0,087	0,087	0,087	0,087	0,087	0,088	0,087	0,087	0,087	0,087	0,088	0,087	0,087	0,087	0,087	0,087	0,087	0,087	0,088	0,087	0,088	0,087	0,088	0,087	0,087	0,087	0,087	0,087	0,088	0,087	0,088	0,088	0,087	0,088	0,088	0,087	0,088	0,087	0,087	0,087	0,087	0,088	0,087	0,088	0,087	0,088	0,088	0,088	0,088	0,088	0,088	0,088	0,088	0,088	0,087	0,088	0,088	0,087	
F4	0,131	0,129	0,121	0,120	0,122	0,131	0,125	0,143	0,143	0,145	0,156	0,173	0,183	0,208	0,233	0,256	0,291	0,323	0,355	0,383	0,410	0,434	0,463	0,503	0,542	0,584	0,601	0,635	0,660	0,691	0,736	0,740	0,761	0,798	0,839	0,864	0,925	0,959	1,019	1,078	1,152	1,144	1,172	1,184	1,191	1,199	1,210	1,221	1,232	1,237	1,244	1,256	1,266	1,277	1,285	1,294	1,304	1,314	1,323	1,331	1,339	1,347	1,357	1,365	1,376	1,384	1,393	1,400	1,408	1,415	1,421	1,428	1,435	1,441	1,446	1,451	1,457	1,462	1,468	1,473	1,478	1,481	1,485	1,490	1,493	1,498	1,501	1,506	1,508	1,512	1,517	1,520	1,524	1,528	1,530	1,534	1,538	1,540	1,543	1,546	1,548	1,550	1,554	1,555	1,558	1,560	1,563	1,566	1,568	1,570	1,571	1,574	1,576	1,578	1,579	1,581	1,583	1,585	1,587	1,589	1,591	1,592	1,595	1,596	1,598	1,600	1,601	1,603	1,604	1,606	1,608	1,609	1,610	1,612	1,613	1,615	1,616	1,617	1,618	1,620	1,621	1,622	1,623	1,624	1,624	
F5	0,089	0,089	0,089	0,089	0,089	0,089	0,089	0,089	0,089	0,089	0,089	0,088	0,089	0,089	0,089	0,089	0,089	0,089	0,089	0,089	0,088	0,088	0,088	0,089	0,088	0,089	0,088	0,088	0,088	0,088	0,088	0,088	0,088	0,088	0,089	0,088	0,088	0,088	0,088	0,088	0,088	0,088	0,088	0,088	0,088	0,088	0,088	0,089	0,088	0,088	0,088	0,088	0,088	0,089	0,088	0,089	0,088	0,088	0,088	0,088	0,088	0,088	0,089	0,088	0,088	0,088	0,088	0,088	0,089	0,088	0,089	0,088	0,089	0,088	0,088	0,089	0,088	0,089	0,088	0,089	0,089	0,088	0,088	0,089	0,089	0,088	0,089	0,089	0,089	0,089	0,089	0,089	0,089	0,089	0,088	0,088	0,088	0,089	0,089	0,089	0,089	0,089	0,089	0,089	0,089	0,089	0,089	0,089	0,088	0,089	0,089	0,089	0,089	0,089	0,089	0,089	0,089	0,089	0,089	0,089	0,089	0,089	0,089	0,089	0,089	0,089	0,089	0,089	0,089	0,089	0,089	0,089	0,089	0,089	0,089	0,089	0,089	0,089	0,089	0,089	0,089	0,089	0,089	0,089	0,089	
F6	0,102	0,102	0,103	0,104	0,106	0,109	0,112	0,117	0,124	0,134	0,150	0,168	0,195	0,222	0,252	0,291	0,330	0,375	0,405	0,431	0,464	0,492	0,516	0,544	0,571	0,598	0,622	0,647	0,671	0,693	0,717	0,741	0,769	0,801	0,841	0,880	0,940	0,999	1,045	1,072	1,089	1,100	1,109	1,113	1,121	1,125	1,132	1,138	1,141	1,145	1,149	1,154	1,160	1,165	1,168	1,173	1,178	1,183	1,188	1,192	1,198	1,203	1,209	1,213	1,218	1,223	1,228	1,234	1,238	1,241	1,246	1,251	1,255	1,260	1,265	1,269	1,275	1,283	1,287	1,293	1,299	1,304	1,308	1,313	1,318	1,323	1,327	1,331	1,334	1,339	1,341	1,346	1,349	1,353	1,357	1,361	1,365	1,368	1,371	1,376	1,379	1,383	1,386	1,389	1,393	1,395	1,398	1,401	1,404	1,408	1,409	1,413	1,415	1,418	1,421	1,424	1,427	1,429	1,432	1,435	1,438	1,441	1,444	1,446	1,449	1,452	1,455	1,458	1,460	1,463	1,466	1,467	1,470	1,473	1,475	1,478	1,480	1,481	1,484	1,486	1,488	1,491	1,492	1,495	1,497	
F7	0,088	0,088	0,087	0,087	0,087	0,087	0,087	0,087	0,087	0,087	0,087	0,087	0,087	0,087	0,087	0,087	0,087	0,087	0,087	0,087	0,087	0,087	0,087	0,087	0,087	0,087	0,087	0,087	0,087	0,087	0,087	0,087	0,087	0,087	0,087	0,087	0,087	0,087	0,087	0,087	0,087	0,087	0,087	0,087	0,087	0,087	0,087	0,087	0,087	0,087	0,087	0,087	0,087	0,087	0,087	0,087	0,087	0,087	0,087	0,087	0,087	0,087	0,087	0,087	0,087	0,087	0,087	0,087	0,087	0,087	0,087	0,087	0,087	0,087	0,087	0,087	0,087	0,087	0,087	0,088	0,087	0,087	0,087	0,087	0,087	0,087	0,087	0,087	0,087	0,087	0,087	0,087	0,088	0,087	0,087	0,087	0,087	0,087	0,087	0,087	0,088	0,088	0,087	0,087	0,087	0,088	0,087	0,087	0,087	0,088	0,087	0,087	0,087	0,087	0,088	0,088	0,087	0,088	0,088	0,087	0,088	0,088	0,088	0,088	0,088	0,087	0,087	0,087	0,088	0,088	0,088	0,087	0,088	0,088	0,088	0,088	0,088	0,088	0,088	0,088	0,087	0,088	0,088	0,088	0,088	
F8	0,100	0,100	0,101	0,102	0,104	0,106	0,109	0,113	0,119	0,128	0,140	0,158	0,180	0,207	0,239	0,275	0,315	0,357	0,404	0,451	0,501	0,542	0,573	0,604	0,620	0,652	0,676	0,715	0,754	0,799	0,830	0,864	0,887	0,911	0,943	0,971	0,984	1,000	1,014	1,023	1,030	1,032	1,035	1,035	1,039	1,040	1,044	1,049	1,050	1,051	1,056	1,058	1,065	1,069	1,071	1,075	1,080	1,085	1,091	1,095	1,100	1,107	1,111	1,118	1,123	1,128	1,133	1,139	1,143	1,145	1,148	1,152	1,155	1,160	1,165	1,169	1,175	1,181	1,187	1,196	1,200	1,204	1,208	1,213	1,219	1,223	1,228	1,232	1,235	1,240	1,242	1,248	1,252	1,254	1,259	1,262	1,265	1,269	1,274	1,278	1,281	1,286	1,289	1,293	1,297	1,299	1,304	1,307	1,310	1,314	1,316	1,320	1,322	1,326	1,328	1,332	1,335	1,339	1,341	1,345	1,348	1,351	1,354	1,358	1,360	1,363	1,366	1,370	1,373	1,377	1,378	1,381	1,384	1,388	1,391	1,395	1,396	1,399	1,401	1,405	1,407	1,409	1,411	1,413	1,416	
F9	0,088	0,088	0,087	0,088	0,088	0,088	0,088	0,088	0,087	0,088	0,088	0,088	0,088	0,088	0,088	0,088	0,088	0,088	0,088	0,088	0,088	0,088	0,088	0,088	0,088	0,088	0,088	0,088	0,088	0,088	0,088	0,088	0,088	0,088	0,088	0,088	0,088	0,088	0,088	0,088	0,088	0,088	0,088	0,088	0,088	0,088	0,088	0,088	0,088	0,088	0,088	0,088	0,088	0,088	0,088	0,088	0,088	0,088	0,088	0,088	0,088	0,088	0,088	0,088	0,088	0,088	0,088	0,088	0,088	0,088	0,088	0,088	0,088	0,088	0,088	0,088	0,088	0,088	0,088	0,088	0,088	0,088	0,088	0,088	0,088	0,088	0,088	0,088	0,088	0,088	0,088	0,088	0,088	0,088	0,088	0,088	0,088	0,088	0,088	0,088	0,088	0,088	0,088	0,088	0,088	0,088	0,088	0,088	0,088	0,088	0,088	0,088	0,088	0,088	0,088	0,088	0,088	0,088	0,088	0,088	0,088	0,088	0,088	0,088	0,088	0,088	0,088	0,088	0,088	0,088	0,088	0,088	0,088	0,088	0,088	0,088	0,088	0,088	0,088	0,088	0,088	0,088	0,088	0,088	0,088	
F10	0,106	0,106	0,108	0,109	0,112	0,114	0,118	0,122	0,130	0,143	0,158	0,176	0,202	0,234	0,271	0,315	0,362	0,419	0,474	0,535	0,589	0,641	0,681	0,721	0,749	0,771	0,787	0,811	0,842	0,858	0,878	0,898	0,914	0,934	0,968	0,995	1,014	1,032	1,047	1,056	1,063	1,064	1,067	1,068	1,073	1,074	1,079	1,083	1,084	1,088	1,092	1,095	1,101	1,104	1,108	1,112	1,117	1,121	1,127	1,131	1,137	1,144	1,149	1,155	1,161	1,165	1,170	1,176	1,181	1,183	1,187	1,191	1,195	1,200	1,205	1,210	1,219	1,225	1,230	1,236	1,241	1,245	1,250	1,254	1,259	1,263	1,267	1,271	1,274	1,280	1,282	1,287	1,290	1,294	1,298	1,302	1,306	1,308	1,313	1,316	1,320	1,325	1,327	1,332	1,335	1,337	1,341	1,344	1,347	1,351	1,353	1,356	1,359	1,362	1,365	1,369	1,372	1,375	1,377	1,380	1,383	1,386	1,389	1,392	1,395	1,397	1,400	1,403	1,406	1,409	1,411	1,414	1,416	1,419	1,421	1,425	1,426	1,428	1,430	1,433	1,435	1,438	1,439	1,442	1,444	
F11	0,087	0,087	0,087	0,087	0,087	0,087	0,087	0,087	0,087	0,087	0,087	0,087	0,087	0,087	0,087	0,087	0,086	0,087	0,087	0,087	0,086	0,087	0,087	0,087	0,087	0,087	0,086	0,086	0,086	0,086	0,087	0,087	0,087	0,087	0,087	0,086	0,087	0,086	0,087	0,087	0,087	0,087	0,087	0,087	0,087	0,087	0,087	0,087	0,087	0,087	0,087	0,087	0,086	0,087	0,087	0,087	0,087	0,087	0,087	0,087	0,087	0,087	0,087	0,087	0,087	0,087	0,087	0,087	0,087	0,087	0,087	0,087	0,087	0,087	0,087	0,087	0,087	0,087	0,087	0,087	0,087	0,087	0,087	0,087	0,087	0,087	0,087	0,087	0,087	0,087	0,087	0,087	0,087	0,087	0,087	0,087	0,087	0,087	0,087	0,087	0,087	0,087	0,087	0,087	0,087	0,087	0,087	0,087	0,087	0,087	0,087	0,087	0,087	0,087	0,087	0,087	0,087	0,087	0,087	0,087	0,087	0,087	0,087	0,087	0,087	0,087	0,087	0,087	0,087	0,087	0,087	0,087	0,087	0,087	0,087	0,087	0,087	0,087	0,087	0,087	0,087	0,087	0,087	0,087	0,087	
F12	0,103	0,103	0,104	0,106	0,108	0,111	0,114	0,120	0,127	0,138	0,154	0,174	0,199	0,233	0,264	0,302	0,338	0,374	0,437	0,490	0,537	0,583	0,622	0,659	0,675	0,690	0,697	0,706	0,715	0,730	0,742	0,763	0,785	0,813	0,849	0,898	0,971	1,030	1,075	1,103	1,120	1,131	1,140	1,145	1,156	1,160	1,165	1,169	1,181	1,184	1,189	1,196	1,205	1,210	1,215	1,221	1,226	1,234	1,243	1,249	1,254	1,263	1,270	1,278	1,282	1,290	1,297	1,309	1,315	1,319	1,325	1,329	1,335	1,339	1,343	1,347	1,351	1,357	1,360	1,365	1,368	1,372	1,375	1,377	1,383	1,384	1,390	1,395	1,395	1,400	1,402	1,410	1,411	1,412	1,417	1,420	1,420	1,424	1,427	1,430	1,434	1,435	1,436	1,443	1,445	1,442	1,452	1,453	1,455	1,456	1,459	1,462	1,463	1,466	1,469	1,473	1,476	1,477	1,482	1,484	1,488	1,487	1,489	1,490	1,493	1,495	1,497	1,496	1,503	1,499	1,501	1,505	1,507	1,510	1,512	1,512	1,512	1,513	1,515	1,515	1,517	1,517	1,519	1,521	1,522	
G1	0,107	0,107	0,107	0,107	0,108	0,110	0,116	0,116	0,120	0,128	0,138	0,150	0,166	0,186	0,210	0,238	0,270	0,303	0,329	0,350	0,370	0,386	0,402	0,418	0,433	0,447	0,459	0,471	0,482	0,494	0,505	0,519	0,531	0,544	0,559	0,572	0,587	0,600	0,617	0,633	0,656	0,690	0,754	0,832	0,910	0,958	0,989	1,018	1,042	1,062	1,074	1,087	1,101	1,114	1,125	1,135	1,145	1,159	1,170	1,180	1,191	1,200	1,209	1,218	1,224	1,233	1,241	1,248	1,254	1,260	1,263	1,267	1,273	1,279	1,283	1,286	1,293	1,295	1,302	1,310	1,315	1,318	1,320	1,323	1,326	1,330	1,335	1,337	1,340	1,343	1,345	1,349	1,352	1,351	1,357	1,359	1,362	1,363	1,366	1,369	1,371	1,373	1,376	1,378	1,381	1,381	1,387	1,389	1,389	1,391	1,394	1,396	1,397	1,399	1,402	1,403	1,405	1,409	1,409	1,410	1,413	1,414	1,416	1,417	1,419	1,420	1,420	1,423	1,425	1,426	1,426	1,429	1,429	1,430	1,432	1,435	1,433	1,436	1,436	1,438	1,438	1,440	1,442	1,445	1,445	
G2	0,088	0,088	0,088	0,088	0,088	0,088	0,088	0,088	0,088	0,088	0,088	0,088	0,088	0,088	0,087	0,088	0,088	0,088	0,088	0,088	0,088	0,087	0,087	0,088	0,088	0,088	0,087	0,087	0,087	0,087	0,087	0,088	0,088	0,087	0,088	0,087	0,087	0,087	0,088	0,087	0,087	0,088	0,087	0,087	0,087	0,087	0,087	0,087	0,087	0,087	0,087	0,087	0,087	0,087	0,087	0,087	0,087	0,087	0,087	0,087	0,087	0,087	0,087	0,087	0,087	0,087	0,087	0,087	0,087	0,087	0,087	0,087	0,087	0,087	0,087	0,087	0,087	0,087	0,087	0,087	0,087	0,087	0,087	0,087	0,088	0,087	0,087	0,087	0,087	0,088	0,087	0,087	0,087	0,087	0,087	0,087	0,087	0,087	0,087	0,087	0,087	0,087	0,087	0,087	0,087	0,087	0,087	0,087	0,087	0,087	0,087	0,087	0,087	0,087	0,087	0,087	0,087	0,087	0,087	0,087	0,087	0,087	0,087	0,087	0,087	0,087	0,087	0,087	0,088	0,087	0,087	0,087	0,087	0,087	0,087	0,087	0,087	0,087	0,087	0,087	0,087	0,087	0,087	0,087	0,087	
G3	0,101	0,101	0,101	0,102	0,102	0,103	0,105	0,108	0,112	0,120	0,126	0,136	0,148	0,164	0,182	0,205	0,230	0,259	0,292	0,327	0,357	0,390	0,415	0,432	0,448	0,462	0,475	0,490	0,500	0,513	0,523	0,534	0,546	0,558	0,571	0,590	0,606	0,623	0,646	0,666	0,691	0,727	0,782	0,843	0,909	0,949	0,983	1,011	1,032	1,042	1,062	1,076	1,086	1,099	1,111	1,120	1,131	1,140	1,151	1,162	1,171	1,182	1,190	1,200	1,208	1,216	1,224	1,235	1,241	1,245	1,251	1,258	1,266	1,271	1,273	1,279	1,286	1,291	1,294	1,302	1,306	1,312	1,318	1,325	1,327	1,332	1,337	1,342	1,346	1,350	1,352	1,356	1,361	1,361	1,366	1,369	1,371	1,375	1,379	1,382	1,384	1,387	1,390	1,394	1,396	1,399	1,401	1,403	1,406	1,409	1,410	1,412	1,414	1,417	1,417	1,421	1,423	1,424	1,425	1,428	1,429	1,430	1,432	1,433	1,435	1,436	1,439	1,440	1,441	1,443	1,445	1,446	1,447	1,449	1,451	1,452	1,454	1,454	1,456	1,458	1,459	1,460	1,462	1,463	1,465	
G4	0,089	0,089	0,088	0,088	0,088	0,088	0,088	0,088	0,088	0,088	0,088	0,088	0,088	0,088	0,088	0,089	0,088	0,088	0,088	0,088	0,088	0,088	0,088	0,088	0,088	0,088	0,087	0,087	0,088	0,088	0,087	0,087	0,088	0,088	0,088	0,087	0,087	0,087	0,088	0,087	0,088	0,087	0,087	0,088	0,088	0,088	0,088	0,087	0,087	0,087	0,088	0,087	0,087	0,087	0,087	0,087	0,087	0,087	0,087	0,087	0,087	0,087	0,088	0,087	0,087	0,087	0,088	0,087	0,087	0,087	0,087	0,087	0,088	0,087	0,088	0,088	0,087	0,087	0,087	0,087	0,087	0,087	0,088	0,087	0,087	0,087	0,087	0,087	0,087	0,087	0,087	0,088	0,088	0,087	0,087	0,087	0,088	0,087	0,088	0,087	0,087	0,088	0,088	0,087	0,088	0,088	0,087	0,087	0,087	0,088	0,087	0,088	0,087	0,088	0,088	0,088	0,088	0,088	0,088	0,088	0,088	0,088	0,087	0,087	0,088	0,087	0,087	0,087	0,088	0,087	0,088	0,087	0,087	0,087	0,087	0,087	0,087	0,088	0,087	0,088	0,087	0,087	0,087	0,087	0,087	
G5	0,097	0,098	0,098	0,099	0,100	0,101	0,103	0,106	0,111	0,117	0,126	0,138	0,154	0,174	0,197	0,225	0,255	0,288	0,319	0,344	0,366	0,391	0,414	0,436	0,455	0,473	0,488	0,503	0,517	0,527	0,539	0,552	0,565	0,579	0,594	0,610	0,627	0,648	0,670	0,704	0,756	0,838	0,927	0,986	1,028	1,044	1,062	1,071	1,084	1,086	1,091	1,100	1,108	1,115	1,121	1,131	1,139	1,144	1,152	1,158	1,165	1,174	1,179	1,184	1,189	1,195	1,202	1,208	1,212	1,216	1,218	1,223	1,228	1,234	1,236	1,240	1,245	1,248	1,251	1,257	1,263	1,266	1,268	1,272	1,276	1,280	1,285	1,289	1,293	1,297	1,299	1,304	1,309	1,311	1,316	1,321	1,324	1,325	1,331	1,333	1,336	1,339	1,342	1,344	1,348	1,349	1,353	1,355	1,358	1,361	1,363	1,366	1,368	1,371	1,373	1,376	1,379	1,381	1,383	1,386	1,389	1,390	1,391	1,393	1,396	1,397	1,399	1,401	1,404	1,406	1,409	1,411	1,411	1,413	1,416	1,417	1,417	1,420	1,421	1,423	1,424	1,425	1,426	1,429	1,431	
G6	0,088	0,088	0,088	0,088	0,088	0,088	0,088	0,087	0,087	0,087	0,088	0,087	0,088	0,088	0,087	0,088	0,087	0,087	0,087	0,087	0,087	0,087	0,087	0,087	0,087	0,087	0,087	0,087	0,087	0,087	0,087	0,087	0,087	0,087	0,087	0,087	0,087	0,087	0,087	0,087	0,087	0,087	0,087	0,087	0,087	0,087	0,087	0,087	0,087	0,087	0,087	0,087	0,087	0,087	0,087	0,087	0,087	0,087	0,087	0,087	0,087	0,087	0,088	0,087	0,087	0,087	0,087	0,087	0,087	0,087	0,088	0,087	0,087	0,087	0,087	0,087	0,087	0,087	0,087	0,087	0,088	0,087	0,087	0,087	0,087	0,088	0,087	0,087	0,087	0,087	0,087	0,087	0,088	0,087	0,087	0,087	0,087	0,087	0,087	0,087	0,088	0,087	0,087	0,087	0,087	0,088	0,088	0,088	0,087	0,088	0,088	0,088	0,087	0,087	0,087	0,088	0,088	0,088	0,088	0,087	0,088	0,088	0,088	0,088	0,087	0,087	0,087	0,087	0,088	0,088	0,088	0,088	0,088	0,088	0,087	0,088	0,087	0,088	0,087	0,088	0,087	0,087	0,087	0,088	0,088	
G7	0,101	0,102	0,103	0,105	0,107	0,110	0,114	0,119	0,128	0,139	0,154	0,169	0,190	0,213	0,241	0,273	0,305	0,340	0,371	0,397	0,421	0,442	0,461	0,475	0,488	0,500	0,511	0,524	0,533	0,542	0,551	0,561	0,575	0,588	0,602	0,620	0,645	0,684	0,744	0,824	0,893	0,940	0,970	0,984	0,997	0,997	1,000	1,004	1,011	1,010	1,012	1,017	1,022	1,027	1,031	1,038	1,046	1,049	1,056	1,059	1,066	1,072	1,077	1,083	1,087	1,092	1,099	1,105	1,107	1,108	1,110	1,114	1,118	1,122	1,125	1,125	1,131	1,133	1,135	1,140	1,145	1,147	1,150	1,152	1,156	1,157	1,162	1,165	1,168	1,171	1,174	1,177	1,180	1,181	1,184	1,188	1,190	1,192	1,196	1,198	1,201	1,204	1,207	1,209	1,212	1,216	1,221	1,222	1,224	1,227	1,226	1,228	1,229	1,231	1,233	1,236	1,238	1,240	1,240	1,242	1,245	1,246	1,245	1,246	1,250	1,250	1,254	1,255	1,258	1,258	1,260	1,262	1,261	1,264	1,268	1,269	1,270	1,271	1,272	1,275	1,276	1,278	1,278	1,280	1,282	
G8	0,088	0,088	0,088	0,088	0,088	0,088	0,088	0,088	0,088	0,088	0,088	0,088	0,088	0,088	0,087	0,088	0,087	0,087	0,088	0,088	0,087	0,088	0,088	0,088	0,088	0,087	0,087	0,088	0,087	0,087	0,087	0,087	0,088	0,087	0,088	0,087	0,087	0,087	0,087	0,088	0,087	0,087	0,087	0,087	0,087	0,087	0,088	0,087	0,087	0,087	0,087	0,087	0,087	0,088	0,088	0,088	0,087	0,087	0,087	0,087	0,087	0,087	0,088	0,087	0,087	0,088	0,087	0,087	0,087	0,088	0,088	0,088	0,087	0,088	0,088	0,087	0,088	0,088	0,088	0,088	0,088	0,087	0,087	0,088	0,088	0,088	0,088	0,088	0,088	0,088	0,088	0,088	0,088	0,088	0,087	0,088	0,088	0,088	0,088	0,088	0,088	0,087	0,088	0,088	0,088	0,088	0,088	0,088	0,087	0,088	0,087	0,088	0,088	0,088	0,088	0,088	0,088	0,088	0,088	0,088	0,088	0,088	0,088	0,088	0,088	0,088	0,088	0,087	0,088	0,088	0,088	0,088	0,088	0,088	0,088	0,088	0,088	0,088	0,088	0,088	0,088	0,088	0,088	0,088	0,088	
G9	0,103	0,103	0,104	0,106	0,108	0,111	0,115	0,120	0,127	0,138	0,150	0,166	0,185	0,206	0,226	0,242	0,260	0,278	0,296	0,315	0,333	0,351	0,369	0,385	0,397	0,408	0,416	0,425	0,432	0,440	0,448	0,457	0,465	0,478	0,492	0,510	0,538	0,582	0,651	0,742	0,836	0,905	0,952	0,977	0,998	1,006	1,017	1,025	1,037	1,038	1,043	1,054	1,062	1,067	1,073	1,081	1,088	1,094	1,102	1,110	1,116	1,125	1,132	1,137	1,142	1,149	1,154	1,161	1,165	1,168	1,175	1,176	1,180	1,185	1,189	1,194	1,199	1,200	1,205	1,208	1,212	1,215	1,220	1,223	1,225	1,229	1,230	1,234	1,237	1,244	1,247	1,254	1,257	1,258	1,263	1,263	1,266	1,267	1,271	1,273	1,276	1,278	1,280	1,283	1,286	1,286	1,291	1,294	1,294	1,296	1,298	1,301	1,302	1,303	1,306	1,309	1,311	1,313	1,315	1,318	1,321	1,323	1,323	1,325	1,329	1,330	1,332	1,335	1,339	1,339	1,341	1,345	1,345	1,349	1,352	1,352	1,353	1,353	1,356	1,359	1,360	1,361	1,361	1,363	1,366	
G10	0,089	0,089	0,089	0,089	0,089	0,089	0,089	0,089	0,088	0,088	0,088	0,089	0,088	0,088	0,088	0,089	0,088	0,088	0,088	0,088	0,088	0,088	0,088	0,088	0,088	0,088	0,088	0,088	0,088	0,088	0,088	0,088	0,088	0,088	0,088	0,088	0,088	0,087	0,087	0,088	0,088	0,087	0,088	0,087	0,088	0,087	0,087	0,087	0,087	0,088	0,087	0,087	0,087	0,088	0,087	0,088	0,087	0,088	0,087	0,087	0,087	0,087	0,088	0,087	0,088	0,087	0,087	0,087	0,087	0,088	0,088	0,088	0,088	0,087	0,087	0,087	0,087	0,088	0,087	0,087	0,087	0,087	0,087	0,087	0,088	0,087	0,088	0,087	0,087	0,088	0,088	0,088	0,087	0,088	0,087	0,087	0,087	0,088	0,087	0,088	0,087	0,088	0,087	0,087	0,087	0,088	0,087	0,087	0,087	0,088	0,087	0,088	0,088	0,087	0,088	0,088	0,088	0,088	0,087	0,087	0,087	0,088	0,087	0,088	0,087	0,087	0,087	0,087	0,088	0,088	0,087	0,087	0,087	0,087	0,088	0,087	0,087	0,087	0,087	0,087	0,087	0,087	0,088	0,087	0,087	
G11	0,103	0,104	0,105	0,108	0,110	0,114	0,119	0,126	0,136	0,147	0,160	0,176	0,195	0,220	0,248	0,275	0,312	0,351	0,387	0,420	0,451	0,482	0,511	0,539	0,560	0,590	0,611	0,640	0,657	0,674	0,700	0,723	0,761	0,788	0,820	0,858	0,905	0,936	0,961	0,975	0,984	0,992	1,001	1,004	1,008	1,008	1,010	1,014	1,020	1,023	1,026	1,035	1,044	1,048	1,053	1,058	1,065	1,073	1,079	1,083	1,089	1,099	1,103	1,112	1,116	1,124	1,130	1,139	1,142	1,143	1,145	1,151	1,157	1,164	1,164	1,169	1,176	1,181	1,185	1,196	1,198	1,203	1,208	1,213	1,218	1,220	1,224	1,228	1,233	1,237	1,236	1,243	1,246	1,247	1,254	1,256	1,260	1,262	1,268	1,270	1,273	1,277	1,277	1,280	1,283	1,282	1,289	1,291	1,293	1,294	1,297	1,298	1,300	1,305	1,305	1,311	1,314	1,319	1,318	1,323	1,324	1,326	1,325	1,329	1,329	1,333	1,335	1,334	1,343	1,340	1,342	1,347	1,346	1,351	1,352	1,354	1,355	1,355	1,353	1,359	1,360	1,356	1,359	1,358	1,362	
G12	0,086	0,086	0,085	0,085	0,085	0,085	0,085	0,085	0,085	0,085	0,085	0,085	0,085	0,085	0,085	0,085	0,085	0,085	0,085	0,085	0,085	0,085	0,085	0,085	0,085	0,085	0,085	0,085	0,085	0,085	0,085	0,085	0,085	0,085	0,085	0,085	0,085	0,085	0,085	0,085	0,085	0,085	0,085	0,085	0,086	0,085	0,085	0,085	0,085	0,085	0,085	0,085	0,085	0,086	0,085	0,085	0,085	0,085	0,085	0,085	0,085	0,085	0,086	0,085	0,085	0,086	0,085	0,085	0,086	0,085	0,086	0,086	0,086	0,086	0,086	0,086	0,085	0,086	0,086	0,086	0,086	0,086	0,086	0,086	0,086	0,086	0,086	0,086	0,086	0,086	0,086	0,086	0,086	0,086	0,086	0,086	0,086	0,086	0,086	0,086	0,086	0,086	0,086	0,086	0,086	0,086	0,086	0,086	0,086	0,086	0,086	0,086	0,086	0,086	0,086	0,086	0,086	0,086	0,086	0,086	0,086	0,086	0,086	0,086	0,086	0,086	0,086	0,085	0,086	0,086	0,086	0,086	0,086	0,086	0,086	0,086	0,086	0,086	0,086	0,086	0,086	0,086	0,086	0,086	0,086	
H1	0,091	0,090	0,089	0,089	0,089	0,089	0,089	0,089	0,089	0,089	0,089	0,089	0,089	0,089	0,089	0,089	0,089	0,089	0,089	0,089	0,089	0,089	0,089	0,089	0,089	0,089	0,089	0,089	0,089	0,089	0,089	0,089	0,089	0,089	0,089	0,089	0,089	0,088	0,089	0,089	0,089	0,089	0,089	0,088	0,089	0,088	0,089	0,088	0,088	0,088	0,089	0,088	0,088	0,089	0,089	0,089	0,088	0,089	0,088	0,088	0,088	0,088	0,089	0,088	0,088	0,088	0,088	0,088	0,088	0,088	0,089	0,088	0,088	0,088	0,088	0,089	0,088	0,089	0,088	0,089	0,088	0,088	0,088	0,088	0,088	0,088	0,088	0,088	0,088	0,088	0,088	0,088	0,088	0,088	0,088	0,088	0,089	0,088	0,088	0,088	0,088	0,088	0,088	0,088	0,089	0,088	0,088	0,089	0,088	0,088	0,088	0,088	0,088	0,088	0,088	0,088	0,088	0,088	0,089	0,088	0,088	0,088	0,088	0,088	0,088	0,088	0,088	0,088	0,088	0,088	0,088	0,088	0,088	0,088	0,088	0,088	0,088	0,088	0,088	0,089	0,088	0,088	0,088	0,088	0,088	
H2	0,098	0,098	0,099	0,100	0,102	0,106	0,109	0,116	0,126	0,141	0,160	0,182	0,208	0,236	0,268	0,299	0,332	0,367	0,405	0,440	0,473	0,504	0,533	0,562	0,590	0,620	0,649	0,680	0,712	0,744	0,779	0,821	0,864	0,912	0,972	1,044	1,125	1,195	1,240	1,261	1,270	1,275	1,285	1,291	1,299	1,306	1,315	1,324	1,337	1,349	1,358	1,367	1,378	1,387	1,396	1,406	1,417	1,427	1,435	1,444	1,452	1,460	1,466	1,473	1,478	1,484	1,490	1,496	1,500	1,504	1,509	1,513	1,515	1,519	1,522	1,524	1,526	1,528	1,531	1,533	1,534	1,537	1,540	1,540	1,541	1,543	1,546	1,546	1,548	1,549	1,551	1,553	1,553	1,554	1,555	1,555	1,557	1,558	1,559	1,560	1,561	1,562	1,561	1,563	1,565	1,564	1,564	1,567	1,567	1,569	1,570	1,569	1,572	1,572	1,572	1,572	1,573	1,574	1,573	1,575	1,576	1,575	1,575	1,576	1,576	1,577	1,577	1,580	1,581	1,580	1,580	1,581	1,582	1,582	1,583	1,583	1,582	1,584	1,585	1,584	1,586	1,585	1,585	1,586	1,586	
H3	0,088	0,088	0,088	0,088	0,088	0,088	0,088	0,088	0,088	0,088	0,088	0,088	0,088	0,088	0,088	0,088	0,088	0,088	0,088	0,088	0,088	0,088	0,088	0,088	0,088	0,088	0,088	0,088	0,088	0,088	0,088	0,088	0,088	0,088	0,088	0,088	0,088	0,088	0,088	0,088	0,088	0,088	0,088	0,088	0,088	0,088	0,088	0,088	0,088	0,088	0,088	0,088	0,088	0,088	0,088	0,088	0,088	0,088	0,088	0,088	0,088	0,088	0,088	0,088	0,089	0,089	0,088	0,088	0,088	0,088	0,089	0,088	0,089	0,088	0,088	0,089	0,088	0,088	0,089	0,089	0,089	0,089	0,088	0,089	0,089	0,089	0,089	0,089	0,089	0,089	0,089	0,089	0,089	0,089	0,089	0,089	0,089	0,089	0,089	0,089	0,089	0,089	0,089	0,089	0,089	0,089	0,089	0,089	0,088	0,089	0,089	0,089	0,089	0,089	0,089	0,089	0,089	0,089	0,089	0,089	0,089	0,089	0,089	0,089	0,089	0,089	0,089	0,089	0,089	0,089	0,089	0,089	0,089	0,089	0,089	0,089	0,089	0,089	0,089	0,089	0,089	0,089	0,089	0,089	0,089	
H4	0,098	0,099	0,100	0,102	0,104	0,107	0,112	0,118	0,124	0,139	0,155	0,193	0,237	0,280	0,341	0,416	0,467	0,501	0,535	0,558	0,583	0,604	0,624	0,642	0,650	0,660	0,667	0,678	0,693	0,707	0,722	0,740	0,761	0,796	0,856	0,943	1,046	1,117	1,166	1,187	1,200	1,210	1,218	1,225	1,235	1,238	1,244	1,247	1,261	1,266	1,273	1,283	1,292	1,299	1,308	1,316	1,323	1,333	1,342	1,349	1,358	1,369	1,376	1,386	1,392	1,400	1,412	1,421	1,426	1,429	1,435	1,440	1,445	1,451	1,455	1,460	1,463	1,467	1,472	1,478	1,481	1,484	1,486	1,491	1,492	1,496	1,499	1,502	1,504	1,507	1,507	1,513	1,514	1,514	1,517	1,519	1,520	1,521	1,524	1,524	1,526	1,528	1,528	1,530	1,532	1,528	1,534	1,534	1,534	1,536	1,536	1,537	1,537	1,538	1,539	1,541	1,541	1,543	1,543	1,545	1,547	1,547	1,548	1,549	1,550	1,550	1,551	1,551	1,553	1,552	1,554	1,555	1,555	1,556	1,557	1,558	1,557	1,556	1,558	1,558	1,558	1,559	1,558	1,560	1,560	
H5	0,088	0,087	0,087	0,087	0,087	0,087	0,087	0,087	0,087	0,087	0,087	0,087	0,087	0,087	0,087	0,087	0,087	0,087	0,087	0,087	0,087	0,087	0,087	0,087	0,088	0,087	0,087	0,087	0,087	0,087	0,087	0,088	0,088	0,087	0,087	0,087	0,087	0,087	0,087	0,087	0,087	0,088	0,088	0,087	0,088	0,087	0,087	0,088	0,087	0,088	0,087	0,087	0,087	0,088	0,088	0,088	0,088	0,088	0,087	0,087	0,088	0,088	0,088	0,088	0,088	0,088	0,088	0,088	0,088	0,088	0,088	0,088	0,088	0,088	0,088	0,088	0,088	0,088	0,088	0,088	0,088	0,088	0,087	0,088	0,088	0,088	0,088	0,088	0,088	0,088	0,088	0,088	0,088	0,088	0,088	0,088	0,088	0,088	0,088	0,088	0,088	0,088	0,088	0,088	0,088	0,088	0,088	0,088	0,087	0,088	0,088	0,088	0,088	0,088	0,088	0,088	0,088	0,088	0,088	0,088	0,088	0,088	0,088	0,088	0,088	0,088	0,088	0,088	0,088	0,088	0,088	0,088	0,088	0,088	0,088	0,088	0,088	0,088	0,088	0,088	0,088	0,088	0,088	0,088	0,088	
H6	0,098	0,102	0,107	0,111	0,115	0,119	0,121	0,123	0,123	0,130	0,145	0,176	0,221	0,261	0,328	0,388	0,441	0,508	0,569	0,624	0,680	0,712	0,745	0,771	0,792	0,810	0,834	0,857	0,873	0,888	0,904	0,923	0,947	0,977	1,013	1,059	1,136	1,179	1,229	1,264	1,283	1,295	1,312	1,325	1,338	1,343	1,353	1,353	1,371	1,377	1,384	1,397	1,404	1,410	1,416	1,425	1,432	1,439	1,448	1,454	1,462	1,469	1,476	1,482	1,487	1,492	1,497	1,502	1,504	1,506	1,509	1,515	1,517	1,521	1,522	1,523	1,525	1,526	1,528	1,530	1,532	1,533	1,533	1,537	1,537	1,538	1,541	1,542	1,542	1,544	1,545	1,547	1,548	1,548	1,549	1,550	1,550	1,552	1,552	1,553	1,553	1,556	1,555	1,557	1,559	1,558	1,559	1,559	1,560	1,563	1,561	1,562	1,562	1,563	1,564	1,565	1,565	1,567	1,566	1,570	1,571	1,570	1,571	1,572	1,571	1,573	1,573	1,574	1,575	1,573	1,576	1,577	1,575	1,576	1,576	1,579	1,578	1,577	1,579	1,578	1,579	1,579	1,576	1,577	1,577	
H7	0,086	0,086	0,086	0,086	0,086	0,086	0,086	0,086	0,086	0,086	0,086	0,086	0,086	0,086	0,086	0,086	0,086	0,086	0,086	0,086	0,086	0,086	0,086	0,086	0,086	0,086	0,086	0,086	0,086	0,086	0,086	0,086	0,086	0,086	0,086	0,086	0,086	0,086	0,086	0,086	0,086	0,086	0,086	0,086	0,086	0,086	0,086	0,086	0,086	0,086	0,086	0,086	0,086	0,086	0,086	0,086	0,086	0,086	0,086	0,086	0,086	0,086	0,086	0,086	0,086	0,086	0,086	0,086	0,086	0,086	0,086	0,086	0,086	0,086	0,086	0,086	0,086	0,086	0,086	0,086	0,086	0,086	0,086	0,086	0,086	0,086	0,086	0,086	0,086	0,086	0,086	0,086	0,086	0,086	0,086	0,086	0,086	0,086	0,086	0,086	0,086	0,086	0,086	0,086	0,086	0,086	0,086	0,086	0,086	0,086	0,086	0,087	0,086	0,086	0,086	0,087	0,086	0,086	0,086	0,086	0,086	0,087	0,086	0,087	0,086	0,086	0,086	0,086	0,087	0,086	0,086	0,086	0,086	0,086	0,086	0,086	0,086	0,087	0,087	0,087	0,086	0,086	0,086	0,086	0,086	
H8	0,104	0,106	0,109	0,112	0,117	0,122	0,129	0,143	0,164	0,190	0,229	0,276	0,337	0,414	0,505	0,571	0,630	0,693	0,744	0,794	0,844	0,869	0,899	0,918	0,929	0,952	0,969	0,981	1,007	1,014	1,042	1,057	1,071	1,102	1,120	1,127	1,139	1,140	1,151	1,159	1,159	1,163	1,167	1,170	1,179	1,184	1,190	1,198	1,214	1,218	1,221	1,234	1,247	1,252	1,260	1,270	1,277	1,287	1,295	1,301	1,311	1,320	1,330	1,339	1,347	1,355	1,361	1,367	1,371	1,374	1,378	1,385	1,389	1,396	1,400	1,404	1,409	1,412	1,417	1,423	1,427	1,430	1,435	1,440	1,442	1,446	1,451	1,456	1,459	1,462	1,463	1,474	1,472	1,471	1,474	1,476	1,477	1,476	1,484	1,485	1,487	1,491	1,490	1,493	1,496	1,492	1,501	1,500	1,502	1,504	1,504	1,509	1,506	1,509	1,510	1,514	1,513	1,517	1,516	1,518	1,520	1,520	1,522	1,522	1,524	1,524	1,526	1,528	1,529	1,531	1,530	1,532	1,532	1,534	1,534	1,537	1,537	1,538	1,539	1,538	1,539	1,540	1,539	1,540	1,540	
H9	0,095	0,094	0,093	0,094	0,093	0,093	0,093	0,093	0,093	0,093	0,093	0,093	0,093	0,093	0,093	0,094	0,093	0,093	0,093	0,093	0,094	0,093	0,093	0,093	0,093	0,093	0,093	0,094	0,093	0,093	0,093	0,094	0,094	0,093	0,094	0,093	0,093	0,094	0,094	0,093	0,093	0,093	0,094	0,093	0,094	0,094	0,094	0,094	0,094	0,094	0,094	0,094	0,094	0,094	0,094	0,094	0,094	0,094	0,094	0,094	0,094	0,094	0,094	0,094	0,094	0,094	0,094	0,094	0,094	0,094	0,094	0,094	0,094	0,094	0,094	0,094	0,094	0,094	0,094	0,094	0,094	0,094	0,094	0,094	0,094	0,094	0,094	0,094	0,094	0,094	0,094	0,094	0,094	0,094	0,094	0,094	0,094	0,094	0,094	0,094	0,094	0,094	0,094	0,094	0,094	0,094	0,094	0,095	0,094	0,094	0,094	0,094	0,094	0,095	0,094	0,094	0,094	0,094	0,094	0,094	0,094	0,095	0,094	0,095	0,094	0,094	0,094	0,094	0,094	0,094	0,095	0,094	0,094	0,094	0,094	0,095	0,094	0,094	0,094	0,094	0,094	0,094	0,094	0,094	0,094	
H10	0,098	0,101	0,104	0,107	0,111	0,114	0,124	0,129	0,140	0,157	0,176	0,203	0,230	0,264	0,304	0,347	0,406	0,447	0,494	0,530	0,571	0,611	0,651	0,691	0,731	0,788	0,811	0,851	0,910	0,941	0,987	1,034	1,085	1,094	1,121	1,150	1,177	1,176	1,184	1,188	1,195	1,199	1,208	1,214	1,224	1,230	1,239	1,248	1,263	1,271	1,279	1,291	1,301	1,306	1,314	1,323	1,330	1,343	1,352	1,358	1,367	1,376	1,382	1,389	1,394	1,400	1,407	1,413	1,416	1,419	1,422	1,428	1,433	1,438	1,442	1,445	1,451	1,452	1,456	1,460	1,461	1,464	1,467	1,470	1,472	1,474	1,478	1,480	1,482	1,484	1,487	1,492	1,493	1,492	1,497	1,499	1,499	1,501	1,505	1,505	1,508	1,511	1,512	1,514	1,517	1,513	1,520	1,521	1,520	1,524	1,523	1,523	1,523	1,523	1,526	1,529	1,531	1,530	1,531	1,536	1,536	1,536	1,537	1,537	1,539	1,539	1,542	1,542	1,545	1,546	1,547	1,550	1,546	1,551	1,552	1,552	1,552	1,551	1,550	1,552	1,553	1,551	1,553	1,552	1,550	
H11	0,087	0,086	0,086	0,086	0,086	0,086	0,086	0,086	0,086	0,086	0,086	0,086	0,086	0,086	0,086	0,086	0,086	0,086	0,086	0,086	0,086	0,086	0,086	0,086	0,086	0,086	0,086	0,086	0,086	0,086	0,086	0,086	0,086	0,086	0,086	0,086	0,086	0,086	0,086	0,086	0,086	0,086	0,086	0,086	0,086	0,086	0,086	0,086	0,086	0,086	0,086	0,086	0,086	0,086	0,086	0,086	0,086	0,086	0,086	0,086	0,086	0,086	0,086	0,086	0,086	0,086	0,086	0,086	0,086	0,086	0,086	0,086	0,086	0,086	0,086	0,086	0,086	0,086	0,086	0,086	0,086	0,086	0,086	0,086	0,086	0,086	0,086	0,086	0,086	0,086	0,086	0,086	0,086	0,087	0,086	0,086	0,086	0,086	0,086	0,086	0,086	0,086	0,086	0,086	0,086	0,086	0,086	0,086	0,086	0,087	0,086	0,086	0,086	0,086	0,086	0,087	0,086	0,086	0,086	0,086	0,087	0,086	0,087	0,086	0,086	0,086	0,087	0,086	0,086	0,086	0,087	0,086	0,086	0,086	0,086	0,087	0,086	0,086	0,086	0,086	0,086	0,086	0,086	0,086	0,086	
H12	0,100	0,101	0,103	0,105	0,108	0,113	0,120	0,126	0,134	0,157	0,185	0,217	0,251	0,293	0,335	0,376	0,420	0,468	0,515	0,558	0,599	0,637	0,676	0,711	0,743	0,775	0,800	0,829	0,852	0,880	0,912	0,950	0,995	1,045	1,106	1,187	1,228	1,264	1,294	1,315	1,329	1,341	1,355	1,365	1,376	1,382	1,390	1,393	1,408	1,414	1,414	1,425	1,436	1,442	1,448	1,458	1,464	1,474	1,480	1,485	1,493	1,501	1,506	1,510	1,513	1,517	1,524	1,528	1,528	1,533	1,534	1,538	1,539	1,541	1,542	1,545	1,545	1,549	1,550	1,550	1,554	1,554	1,553	1,554	1,558	1,559	1,558	1,562	1,560	1,560	1,562	1,564	1,568	1,564	1,564	1,567	1,567	1,566	1,571	1,570	1,571	1,574	1,572	1,574	1,575	1,574	1,575	1,575	1,574	1,577	1,577	1,578	1,576	1,577	1,577	1,578	1,577	1,579	1,580	1,581	1,580	1,579	1,581	1,581	1,582	1,582	1,583	1,582	1,585	1,583	1,582	1,584	1,583	1,583	1,584	1,584	1,584	1,584	1,583	1,585	1,585	1,583	1,582	1,582	1,584	

Results

Well	Integral: Integral [Optical Density:600]	maxOD: Mean Max OD [Optical Density:600]	maxOD: t at Mean Max OD [Optical Density:600]	CustomStatistics: Max V [Optical Density:600]	CustomStatistics: Y Intercept [Optical Density:600]	CustomStatistics: R [Optical Density:600]	CustomStatistics: R-Squared [Optical Density:600]	CustomStatistics: t at Max V [Optical Density:600]	CustomStatistics: Lagtime [Optical Density:600]	CustomStatistics: Max V Calc - t min [Optical Density:600]	CustomStatistics: Max V Calc - t max [Optical Density:600]	Early_MaxV: Max V [Optical Density:600]	Early_MaxV: R-Squared [Optical Density:600]	Early_MaxV: t at Max V [Optical Density:600]	Early_MaxV: Lagtime [Optical Density:600]
A1	86687,970	1,408	23:48:04	5,589	-1,476	0,999	0,998	6:48:04	4:42:14	6:28:04	7:08:04	2,440	1,000	5:03:04	2:31:35
A2	7603,500	0,089	22:58:04	0,016	0,077	0,936	0,877	11:38:04	11:04:19	11:18:04	11:58:04	0,050	1,000	3:53:04	3:48:04
A3	87343,260	1,430	23:48:04	10,415	-3,696	0,996	0,992	7:08:04	6:04:45	6:48:04	7:28:04	6,590	1,000	2:23:04	1:59:23
A4	7708,290	0,090	2:38:04	0,017	0,067	0,803	0,645	21:28:04	22:02:11	21:08:04	21:48:04	-0,070	1,000	3:03:04	3:03:47
A5	89645,820	1,441	23:48:04	6,468	-1,730	1,000	0,999	6:28:04	4:44:08	6:08:04	6:48:04	2,370	1,000	4:23:04	2:21:06
A6	7833,690	0,091	0:28:04	-0,011	0,092	-0,839	0,703	1:08:04	0:26:15	0:48:04	1:28:04	-0,030	1,000	0:53:04	0:51:24
A7	96454,680	1,434	23:48:04	6,895	-0,616	0,983	0,967	2:38:04	1:47:36	2:18:04	2:58:04	11,120	1,000	2:43:04	2:09:40
A8	7595,370	0,088	21:48:04	0,012	0,086	0,795	0,632	1:28:04	1:04:44	1:08:04	1:48:04	0,050	1,000	1:43:04	1:32:04
A9	90425,100	1,463	23:48:04	10,990	-3,526	0,995	0,991	6:28:04	5:31:00	6:08:04	6:48:04	1,610	1,000	3:13:04	1:54:35
A10	7456,890	0,087	21:48:04	0,014	0,078	0,990	0,980	10:08:04	10:22:21	9:48:04	10:28:04	-0,040	1,000	5:03:04	4:58:04
A11	90440,340	1,426	23:48:04	4,678	-0,908	1,000	1,000	6:18:04	3:36:14	5:58:04	6:38:04	4,730	1,000	1:53:04	1:21:05
A12	7412,220	0,086	19:48:04	0,013	0,077	0,766	0,587	11:28:04	11:49:36	11:08:04	11:48:04	-0,040	1,000	2:43:04	2:38:04
B1	7573,080	0,088	0:28:04	0,011	0,074	0,839	0,703	21:28:04	22:35:20	21:08:04	21:48:04	-0,040	1,000	2:43:04	2:33:04
B2	88624,680	1,399	23:48:04	6,021	-1,339	0,998	0,996	6:18:04	3:58:40	5:58:04	6:38:04	3,050	1,000	3:13:04	1:46:57
B3	7596,240	0,088	0:28:04	-0,011	0,089	-0,930	0,864	2:08:04	1:31:42	1:48:04	2:28:04	0,040	1,000	2:33:04	2:40:34
B4	80974,110	1,327	23:48:04	7,726	-2,079	0,998	0,995	6:08:04	4:42:25	5:48:04	6:28:04	3,120	1,000	3:03:04	1:33:58
B5	7619,040	0,088	23:28:04	0,015	0,069	0,878	0,771	21:28:04	20:57:24	21:08:04	21:48:04	0,020	1,000	1:43:04	1:43:04
B6	92915,730	1,455	23:48:04	5,523	-0,524	0,999	0,999	2:38:04	1:52:38	2:18:04	2:58:04	6,360	1,000	2:43:04	1:59:36
B7	54630,420	0,997	23:48:04	3,287	-1,084	0,999	0,999	8:18:04	5:56:25	7:58:04	8:38:04	0,740	1,000	5:03:04	4:32:32
B8	86175,840	1,342	23:48:04	5,196	-0,290	1,000	0,999	1:58:04	1:16:54	1:38:04	2:18:04	5,500	1,000	1:43:04	1:19:54
B9	7615,380	0,090	0:28:04	-0,021	0,092	-0,947	0,896	2:08:04	1:56:38	1:48:04	2:28:04	0,050	1,000	1:43:04	1:42:04
B10	84858,180	1,335	23:48:04	5,967	-0,459	1,000	1,000	2:18:04	1:33:50	1:58:04	2:38:04	6,320	1,000	2:13:04	1:36:37
B11	7594,350	0,088	23:38:04	0,013	0,081	0,948	0,899	8:48:04	8:49:36	8:28:04	9:08:04	0,050	1,000	2:33:04	2:32:04
B12	98794,980	1,456	22:38:04	4,825	-0,290	1,000	1,000	2:18:04	1:22:14	1:58:04	2:38:04	5,530	1,000	4:13:04	2:19:29
C1	80137,260	1,336	23:48:04	7,108	-2,462	1,000	1,000	7:48:04	6:01:29	7:28:04	8:08:04	2,120	1,000	2:33:04	1:28:49
C2	7553,790	0,088	7:28:04	-0,016	0,095	-0,977	0,955	7:58:04	7:38:04	7:38:04	8:18:04	0,030	1,000	2:33:04	2:38:04
C3	76055,850	1,188	23:38:04	5,322	-0,888	0,994	0,988	3:48:04	3:04:07	3:28:04	4:08:04	7,330	1,000	3:43:04	3:15:37
C4	7562,520	0,088	0:28:04	0,010	0,081	0,945	0,893	10:08:04	10:54:04	9:48:04	10:28:04	0,040	1,000	2:33:04	2:33:04
C5	80624,040	1,285	23:48:04	3,775	-0,688	0,999	0,999	6:48:04	3:28:38	6:28:04	7:08:04	3,010	1,000	5:03:04	2:31:19
C6	7906,020	0,093	0:28:04	-0,015	0,093	-0,945	0,893	1:08:04	0:32:04	0:48:04	1:28:04	-0,030	1,000	1:13:04	1:01:24
C7	80109,960	1,170	23:38:04	4,759	-0,427	0,993	0,985	2:38:04	1:52:05	2:18:04	2:58:04	5,920	1,000	2:43:04	2:01:46
C8	7525,260	0,087	21:48:04	-0,011	0,089	-0,972	0,945	3:28:04	2:53:31	3:08:04	3:48:04	0,030	1,000	2:33:04	2:38:04
C9	86786,700	1,236	22:38:04	6,586	-0,648	0,998	0,995	2:48:04	1:54:53	2:28:04	3:08:04	8,170	1,000	2:53:04	2:06:54
C10	7782,600	0,091	21:48:04	-0,014	0,091	-0,962	0,925	1:08:04	0:42:21	0:48:04	1:28:04	-0,040	1,000	2:43:04	2:38:04
C11	80410,230	1,195	23:48:04	7,464	-0,993	0,999	0,997	3:18:04	2:26:16	2:58:04	3:38:04	8,680	1,000	3:13:04	2:33:14
C12	7780,830	0,091	0:28:04	-0,018	0,094	-0,914	0,835	3:28:04	2:53:37	3:08:04	3:48:04	0,040	1,000	3:03:04	3:08:04
D1	7560,000	0,088	6:58:04	0,038	0,073	0,700	0,490	6:18:04	6:29:07	5:58:04	6:38:04	-0,150	1,000	4:03:04	4:04:04
D2	91420,230	1,343	23:48:04	6,591	-0,957	0,987	0,975	4:38:04	2:42:52	4:18:04	4:58:04	9,450	1,000	4:33:04	3:18:09
D3	7643,220	0,089	20:38:04	0,014	0,071	0,990	0,980	21:28:04	21:13:47	21:08:04	21:48:04	-0,040	1,000	4:23:04	4:18:04
D4	92637,630	1,381	23:48:04	6,564	-0,946	0,998	0,996	4:28:04	2:38:45	4:08:04	4:48:04	7,770	1,000	4:33:04	2:56:04
D5	7691,310	0,089	22:18:04	0,036	0,086	0,972	0,945	0:48:04	0:32:31	0:28:04	1:08:04	0,050	1,000	0:43:04	0:38:04
D6	98051,130	1,531	21:38:04	5,275	-0,953	0,990	0,979	5:28:04	3:21:15	5:08:04	5:48:04	4,350	1,000	4:43:04	2:51:02
D7	7699,950	0,090	0:28:04	0,010	0,080	0,962	0,926	14:18:04	15:20:04	13:58:04	14:38:04	-0,030	1,000	2:43:04	2:34:44
D8	91585,800	1,328	23:48:04	6,288	-0,572	0,992	0,984	3:58:04	1:46:58	3:38:04	4:18:04	9,320	1,000	4:03:04	2:31:16
D9	7632,570	0,089	0:28:04	-0,010	0,090	-0,845	0,714	3:18:04	2:28:04	2:58:04	3:38:04	-0,030	1,000	1:23:04	1:21:24
D10	91404,990	1,359	23:48:04	6,247	-0,420	0,998	0,995	1:58:04	1:23:55	1:38:04	2:18:04	7,440	1,000	1:53:04	1:29:17
D11	7552,620	0,088	23:28:04	0,010	0,081	0,845	0,714	10:08:04	10:18:04	9:48:04	10:28:04	0,030	1,000	1:43:04	1:48:04
D12	96219,570	1,462	23:48:04	7,106	-0,600	0,998	0,997	2:18:04	1:38:04	1:58:04	2:38:04	7,700	1,000	2:13:04	1:41:13
E1	68582,940	1,198	23:48:04	2,906	-0,358	0,999	0,997	4:08:04	2:37:09	3:48:04	4:28:04	3,450	1,000	4:13:04	2:52:35
E2	7607,280	0,089	0:28:04	0,011	0,080	0,972	0,945	11:38:04	12:39:53	11:18:04	11:58:04	-0,030	1,000	1:23:04	1:18:04
E3	57844,020	1,027	23:48:04	2,689	-0,384	1,000	1,000	3:48:04	2:57:02	3:28:04	4:08:04	2,860	1,000	4:33:04	3:03:00
E4	7666,260	0,089	0:28:04	-0,013	0,092	-0,761	0,579	4:18:04	3:34:59	3:58:04	4:38:04	0,070	1,000	1:43:04	1:42:21
E5	57490,560	1,012	23:48:04	2,699	-0,369	0,997	0,994	4:08:04	2:51:15	3:48:04	4:28:04	3,160	1,000	4:23:04	3:04:20
E6	7534,020	0,088	0:28:04	-0,013	0,088	-0,806	0,650	1:08:04	0:44:59	0:48:04	1:28:04	-0,050	1,000	1:23:04	1:18:04
E7	58116,480	1,002	23:48:04	2,892	-0,417	1,000	0,999	4:28:04	2:54:59	4:08:04	4:48:04	3,060	1,000	4:33:04	3:00:13
E8	7552,620	0,088	0:28:04	-0,013	0,089	-0,901	0,813	1:08:04	0:31:09	0:48:04	1:28:04	-0,040	1,000	0:53:04	0:50:34
E9	61569,780	1,076	23:48:04	2,787	-0,335	0,999	0,997	3:58:04	2:34:09	3:38:04	4:18:04	3,350	1,000	4:13:04	2:50:54
E10	7888,890	0,092	21:28:04	0,013	0,075	0,853	0,728	21:08:04	20:55:46	20:48:04	21:28:04	-0,070	1,000	2:23:04	2:25:13
E11	63195,120	1,112	23:48:04	2,723	-0,295	0,997	0,993	3:38:04	2:22:31	3:18:04	3:58:04	3,620	1,000	3:53:04	2:45:00
E12	7401,660	0,086	21:48:04	-0,012	0,097	-0,832	0,692	15:48:04	16:14:44	15:28:04	16:08:04	0,030	1,000	4:43:04	4:44:44
F1	7527,090	0,088	0:28:04	-0,012	0,088	-0,986	0,973	1:08:04	0:41:24	0:48:04	1:28:04	0,040	1,000	2:33:04	2:43:04
F2	97299,870	1,520	23:48:04	4,788	-0,763	0,999	0,997	5:58:04	3:04:02	5:38:04	6:18:04	4,090	1,000	3:03:04	1:57:02
F3	7539,690	0,088	22:58:04	-0,011	0,089	-0,778	0,605	2:08:04	1:31:42	1:48:04	2:28:04	-0,040	1,000	0:53:04	0:55:34
F4	103347,120	1,623	23:48:04	5,718	-1,192	0,993	0,985	6:28:04	3:51:10	6:08:04	6:48:04	4,520	1,000	5:03:04	2:51:43
F5	7655,430	0,089	20:38:04	0,014	0,087	0,855	0,731	2:18:04	2:33:47	1:58:04	2:38:04	-0,060	1,000	1:53:04	1:53:04
F6	94344,840	1,493	23:48:04	5,276	-1,001	0,997	0,995	6:08:04	3:29:02	5:48:04	6:28:04	4,540	1,000	2:53:04	1:58:23
F7	7544,280	0,088	22:38:04	0,015	0,073	0,878	0,771	16:28:04	16:38:44	16:08:04	16:48:04	-0,040	1,000	2:43:04	2:33:04
F8	89208,690	1,411	23:48:04	4,670	-0,473	1,000	0,999	3:08:04	2:02:39	2:48:04	3:28:04	4,960	1,000	3:23:04	2:07:36
F9	7599,270	0,088	21:38:04	0,012	0,073	0,915	0,837	21:18:04	20:39:44	20:58:04	21:38:04	-0,030	1,000	1:23:04	1:18:04
F10	92581,290	1,440	23:48:04	5,689	-0,594	1,000	1,000	3:08:04	2:03:02	2:48:04	3:28:04	6,040	1,000	3:13:04	2:07:35
F11	7509,090	0,087	18:58:04	-0,009	0,097	-0,761	0,579	17:48:04	18:10:17	17:28:04	18:08:04	-0,030	1,000	2:43:04	2:38:04
F12	98286,390	1,519	23:48:04	5,833	-1,182	0,997	0,994	6:08:04	3:40:24	5:48:04	6:28:04	6,250	1,000	3:03:04	2:15:05
G1	89084,100	1,442	23:48:04	6,906	-2,197	0,997	0,994	7:18:04	5:33:31	6:58:04	7:38:04	3,280	1,000	2:53:04	1:58:31
G2	7554,000	0,088	0:28:04	-0,013	0,089	-0,948	0,899	1:08:04	0:43:27	0:48:04	1:28:04	0,040	1,000	2:33:04	2:43:04
G3	89389,530	1,462	23:48:04	5,693	-1,652	0,998	0,995	7:18:04	5:07:56	6:58:04	7:38:04	3,540	1,000	3:13:04	2:14:24
G4	7567,410	0,089	0:28:04	0,021	0,075	0,866	0,750	10:08:04	11:06:10	9:48:04	10:28:04	0,090	1,000	2:33:04	2:35:51
G5	88223,700	1,427	23:48:04	7,340	-2,226	0,997	0,993	6:58:04	5:16:42	6:38:04	7:18:04	3,260	1,000	2:53:04	2:00:07
G6	7556,250	0,088	0:28:04	-0,017	0,089	-0,969	0,938	1:08:04	0:43:22	0:48:04	1:28:04	0,030	1,000	0:43:04	0:38:04
G7	81712,830	1,279	23:48:04	6,608	-1,813	0,997	0,993	6:38:04	4:49:52	6:18:04	6:58:04	3,470	1,000	2:53:04	1:50:15
G8	7571,640	0,088	0:28:04	-0,008	0,092	-0,970	0,941	9:18:04	8:13:04	8:58:04	9:38:04	0,060	1,000	2:33:04	2:39:44
G9	84244,830	1,362	23:48:04	8,323	-2,570	0,998	0,997	6:38:04	5:21:13	6:18:04	6:58:04	2,110	1,000	2:13:04	1:30:35
G10	7575,930	0,089	0:28:04	-0,013	0,090	-0,948	0,899	1:08:04	?????	0:48:04	1:28:04	-0,050	1,000	2:43:04	2:34:04
G11	87071,970	1,359	23:48:04	3,813	-0,504	0,998	0,995	5:58:04	2:39:28	5:38:04	6:18:04	3,850	1,000	2:53:04	1:54:57
G12	7388,250	0,086	19:48:04	0,011	0,072	0,728	0,531	21:38:04	21:08:59	21:18:04	21:58:04	0,030	1,000	2:53:04	2:58:04
H1	7652,400	0,090	0:28:04	-0,015	0,090	-0,916	0,840	0:38:04	?????	0:18:04	0:58:04	0,040	1,000	2:33:04	2:48:04
H2	107032,800	1,586	23:48:04	7,186	-1,524	0,999	0,997	5:58:04	3:45:39	5:38:04	6:18:04	3,750	1,000	3:03:04	1:46:46
H3	7644,270	0,089	19:18:04	-0,009	0,100	-0,686	0,471	19:38:04	21:00:17	19:18:04	19:58:04	-0,040	1,000	2:23:04	2:20:34
H4	104086,320	1,559	23:48:04	8,340	-2,035	0,997	0,993	5:58:04	4:15:48	5:38:04	6:18:04	7,480	1,000	2:33:04	1:56:02
H5	7572,510	0,088	13:08:04	-0,012	0,097	-0,915	0,837	13:28:04	13:49:44	13:08:04	13:48:04	-0,040	1,000	5:03:04	5:00:34
H6	109018,890	1,578	23:18:04	6,087	-0,577	0,999	0,999	2:38:04	1:51:32	2:18:04	2:58:04	6,710	1,000	2:23:04	1:55:44
H7	7445,430	0,087	22:58:04	0,013	0,078	0,893	0,797	10:08:04	10:12:41	9:48:04	10:28:04	-0,060	1,000	1:53:04	1:51:24
H8	105419,160	1,540	23:48:04	7,573	-0,625	0,998	0,996	2:18:04	1:36:33	1:58:04	2:38:04	9,090	1,000	2:23:04	1:44:50
H9	8114,970	0,094	20:28:04	-0,011	0,094	-0,682	0,465	0:38:04	?????	0:18:04	0:58:04	0,030	1,000	2:33:04	2:38:04
H10	105116,130	1,552	23:38:04	4,788	-0,405	0,999	0,997	2:48:04	1:45:47	2:28:04	3:08:04	5,940	1,000	4:43:04	2:32:49
H11	7449,570	0,087	20:48:04	0,014	0,083	0,962	0,925	3:08:04	3:40:55	2:48:04	3:28:04	-0,060	1,000	3:33:04	3:28:04
H12	110354,550	1,584	23:08:04	6,090	-1,007	0,996	0,991	5:48:04	3:02:02	5:28:04	6:08:04	4,730	1,000	3:03:04	1:41:24

